month,day_of_month,hour,lozaradiante_zonanorth_heating_rate,lozaradiante_zonasouth_heating_rate,lozaradiante_zonaeast_heating_rate,lozaradiante_zonawest_heating_rate,outdoor_temperature,outdoor_humidity,north_perimeter_air_temperature,south_perimeter_air_temperature,east_perimeter_air_temperature,west_perimeter_air_temperature,north_perimeter_air_humidity,south_perimeter_air_humidity,east_perimeter_air_humidity,west_perimeter_air_humidity,heat_pump_power,total_electricity_HVAC
-1.4740224305825376,0.6691914832879408,-1.6613247698494156,0.30379844729483035,93.58952936689464,0.08518293806346564,0.08367998042531868,1.283768709685089,-0.712694802088011,0.8339973906933822,1.9319058767278423,1.3031146954825321,1.2779866827603839,0.41369818995709984,0.21124773766730592,0.5360522296373826,0.5435656755729649,0.8438481435907212,0.8327969270451491
-1.4740224305825376,0.6691914832879408,-1.516861746266454,-0.7054689621240783,-0.010684955964216718,-0.6991224441542135,0.02709296617982854,1.2273529712810722,-0.6177032155716744,0.8003919783582479,1.8949622109718114,1.2499479524457138,1.2442091000358948,0.41369818995709984,0.23598117544529765,0.56009726350239,0.5591062036354036,-0.9118207611651754,-0.9236734219499294
-1.4740224305825376,0.6691914832879408,-1.3723987226834924,-0.7054689621240783,-0.010684955964216718,-0.6991224441542135,-0.6983308925851475,1.1850412397929497,-0.5448586259308797,0.7387024537678831,1.8076739257025278,1.1223383923067263,1.187115728342588,0.41369818995709984,0.29526903556288364,0.6189288246593191,0.5857249734536661,-1.2740310493992413,-1.2860490588430924
-1.4740224305825376,0.6691914832879408,-1.2279356991005308,-0.7054689621240783,-0.010684955964216718,-0.6991224441542135,-0.6983308925851475,1.1427295083048272,-0.47061484625463473,0.6447159325143361,1.6866835262153912,0.9038867557655484,1.0443148009609413,0.41369818995709984,0.3790808834683023,0.7224622867498023,0.6536689223631509,-1.2740310493992413,-1.2860490588430924
-1.4740224305825376,0.6691914832879408,-1.0834726755175694,-0.7054689621240783,-0.010684955964216718,-0.6991224441542135,-0.6983308925851475,1.1145214944730386,-0.4203229547097068,0.5488657885296754,1.572984323972085,0.701346782291955,0.8418958195906984,0.41369818995709984,0.4595468401714807,0.8215491160689323,0.7526640213458251,-1.2740310493992413,-1.2860490588430924
-1.4740224305825376,0.6691914832879408,-0.9390096519346078,-0.7054689621240783,-0.010684955964216718,-0.6991224441542135,-0.6983308925851475,1.1427295083048272,-0.47061484625463473,0.456078648308751,1.465257255218015,0.513415942090207,0.6463348177930797,0.41369818995709984,0.5373579941192106,0.9162637494515288,0.8512967803399285,-1.2740310493992413,-1.2860490588430924
-1.4740224305825376,0.6691914832879408,-0.7945466283516462,-0.7054689621240783,-0.010684955964216718,-0.6991224441542135,-0.6983308925851475,1.2414569781969664,-0.6416770088307481,0.37328055268356203,1.3728917389960533,0.37076250378681724,0.47037091815603965,0.41369818995709984,0.605323550718476,0.9900052667852751,0.9426649693000193,-1.2740310493992413,-1.2860490588430924
-1.4740224305825376,0.6691914832879408,-0.6500836047686848,-0.7054689621240783,-0.010684955964216718,-0.6991224441542135,-0.6983308925851475,1.481223938728928,-1.0269037800554672,0.31721066002574755,1.3155664562421923,0.27294490296150226,0.36638519928104674,0.41369818995709984,0.648120361034857,1.0415779457351197,0.997900579926151,-1.2740310493992413,-1.2860490588430924
-1.4740224305825376,0.6691914832879408,-0.5056205811857232,-0.7054689621240783,-0.010684955964216718,-0.6991224441542135,-0.6983308925851475,1.7491989130926784,-1.411580413123717,0.27263288456841084,1.2712878361782405,0.19181639136457962,0.2866635973974464,0.41369818995709984,0.6815228084285768,1.0850417426675545,1.040956192515422,-1.2740310493992413,-1.2860490588430924
-1.4740224305825376,0.6691914832879408,-0.3611575576027617,-0.7054689621240783,-0.010684955964216718,-0.6991224441542135,-0.6983308925851475,1.9889661628842006,-1.7194252669426493,0.24238881617579128,1.2442883161162925,0.14212505014531962,0.21689734353509163,0.41369818995709984,0.7020942722085705,1.1120864088675066,1.0792025652563904,-1.2740310493992413,-1.2860490588430924
-1.4740224305825376,0.6691914832879408,-0.21669453401980013,-0.7054689621240783,-0.010684955964216718,-0.6991224441542135,-0.6983308925851475,2.2005251095843734,-1.9656754114726813,0.22325892282891902,1.2293600996704979,0.10473443206252406,0.1690566683308309,0.41369818995709984,0.713602921783044,1.132716168880599,1.1058276196797177,-1.2740310493992413,-1.2860490588430924
-1.4740224305825376,0.6691914832879408,-0.0722315104368386,-0.7054689621240783,-0.010684955964216718,-0.6991224441542135,-0.6983308925851475,2.3415646002241957,-2.1178231807662447,0.2111694563467167,1.220797124531654,0.0772031461901476,0.13338326804750797,0.41369818995709984,0.7203130431267551,1.1481116855666302,1.1259374890453948,-1.2740310493992413,-1.2860490588430924
-1.4740224305825376,0.6691914832879408,0.07223151314612293,-0.7054689621240783,-0.010684955964216718,-0.6991224441542135,-0.6983308925851475,2.4543960770322295,-2.2331105526842796,0.2045230258168012,1.2165011689007184,0.05838210210629463,0.10618696441160297,0.41369818995709984,0.7237921329402487,1.1588043432666544,1.141446594082509,-1.2740310493992413,-1.2860490588430924
-1.4740224305825376,0.6691914832879408,0.21669453672908448,-0.7054689621240783,-0.010684955964216718,-0.6991224441542135,-0.6983308925851475,2.5249158223521406,-2.3024081088774095,0.20089277435888542,1.2141580486945893,0.04460239389417074,0.08492546691520575,0.41369818995709984,0.7257905947127103,1.1667462802441217,1.1536924721172916,-1.2740310493992413,-1.2860490588430924
-1.4740224305825376,0.6691914832879408,0.361157560312046,-0.7054689621240783,-0.010684955964216718,-0.6991224441542135,-0.6983308925851475,2.5249158223521406,-2.3024081088774095,0.1966524640600595,1.2094739255596263,0.030468922681240705,0.06443873077412152,0.41369818995709984,0.7295785508711388,1.1748654887588479,1.1655092633235036,-1.2740310493992413,-1.2860490588430924
-1.4740224305825376,0.6691914832879408,0.5056205838950075,-0.7054689621240783,-0.010684955964216718,-0.6991224441542135,-0.6983308925851475,2.4402923593758956,-2.219000912268083,0.18760593361656347,1.1974259119937147,0.010088764070943276,0.03874834856044821,0.41369818995709984,0.738998009184326,1.1863881386806476,1.1802278083855542,-1.2740310493992413,-1.2860490588430924
-1.4740224305825376,0.6691914832879408,0.6500836074779691,-0.7054689621240783,-0.010684955964216718,-0.6991224441542135,-0.6983308925851475,2.3274605933083015,-2.1030187370790197,0.1734060113853793,1.1784226425147308,-0.017106660060908777,0.007177661817759891,0.41369818995709984,0.7537598900575594,1.2016451081943553,1.198248588343443,-1.2740310493992413,-1.2860490588430924
-1.4740224305825376,0.6691914832879408,0.7945466310609306,-0.7054689621240783,-0.010684955964216718,-0.6991224441542135,-0.6983308925851475,2.1864213919280395,-1.9499486706355396,0.15376037750523766,1.1527323055800027,-0.05945933700561421,-0.038856913863401114,0.41369818995709984,0.7737054168853958,1.2253392562859786,1.224509135673005,-1.2740310493992413,-1.2860490588430924
-1.4740224305825376,0.6691914832879408,0.9390096546438922,-0.7054689621240783,-0.010684955964216718,-0.6991224441542135,-0.6983308925851475,1.9748621559683062,-1.7021932331074863,0.12592109149537228,1.116904444958276,-0.11418519456887691,-0.09641816092063075,0.41369818995709984,0.8015873609670678,1.2560502593038418,1.257479907527749,-1.2740310493992413,-1.2860490588430924
-1.4740224305825376,0.6691914832879408,1.0834726782268538,-0.7054689621240783,-0.010684955964216718,-0.6991224441542135,-0.6983308925851475,1.8197186584125895,-1.5054927157412146,0.09382744777916008,1.0768603794837135,-0.17255182749706266,-0.15691746402657972,0.41369818995709984,0.8329150952094202,1.2889991003442325,1.292362933006386,-1.2740310493992413,-1.2860490588430924
-1.4740224305825376,0.6691914832879408,1.2279357018098151,-0.7054689621240783,-0.010684955964216718,-0.6991224441542135,-0.6983308925851475,1.6927831746886617,-1.3343312955549542,0.059707632759091786,1.0357555580845093,-0.2314640226433591,-0.21744359869461743,0.41369818995709984,0.8652751186889847,1.322493094388765,1.32752638189723,-1.2740310493992413,-1.2860490588430924
-1.4740224305825376,0.6691914832879408,1.3723987253927767,0.4116155879492293,-0.010684955964216718,-0.6991224441542135,-0.6983308925851475,1.5658476909647336,-1.1533369829685525,0.03197738138855576,0.9934841168959279,-0.29120479040841113,-0.2783730452803018,0.41369818995709984,0.8987793954558001,1.3567237119085072,1.3632151370872938,-0.5475633064418616,-0.5592497069542417
-1.4740224305825376,0.6691914832879408,1.5168617489757383,-0.7054689621240783,-0.010684955964216718,-0.6991224441542135,0.5617066202998808,1.4671202210725944,-1.005366475902483,0.024474058999861936,0.9479527744326149,-0.3548463280329546,-0.3177869330160611,0.41369818995709984,0.9351440641389114,1.3935217548234466,1.3863728231989394,-0.49763697049982764,-0.5093005956445591
-1.4740224305825376,0.6691914832879408,1.6613247725587,-0.7054689621240783,-0.010684955964216718,-0.6991224441542135,-0.6983308925851475,1.3683924619208945,-0.8507550642715487,0.01285484620752782,0.9033085711557791,-0.4166661993135879,-0.2897102187491186,0.41369818995709984,0.9710763199391138,1.4295857558875054,1.369405256365724,-1.2740310493992413,-1.2860490588430924
0.4723804190932358,0.6691914832879408,-1.6613247698494156,0.2871403903452997,-0.010684955964216718,0.2602764244889456,0.25825984379387973,-2.0095780293371446,1.090428527334463,-0.3858460322181072,0.9901698721706323,-0.6972727164349576,-0.6896899917789082,-9.71699197597722,-2.27693972232614,-1.3523216339695776,-1.3586271624527397,0.6776682675113546,-1.2860490588430924
0.4723804190932358,0.6691914832879408,-1.516861746266454,2.371593747079353,-0.010684955964216718,-0.6991224441542135,-0.6983308925851475,-2.0095780293371446,1.090428527334463,-0.6441497617134574,0.605484583533931,-0.9552656796156394,-0.9434360744523203,-8.302562953310566,-2.16811790474328,-1.2968194000879436,-1.3027235416503105,0.9750223277526016,-1.2860490588430924
0.4723804190932358,0.6691914832879408,-1.3723987226834924,-0.7054689621240783,-0.010684955964216718,1.2947133915724118,1.2896683580751502,-2.0095780293371446,1.090428527334463,-0.6580292692683303,0.25195573604776156,-1.306029793104112,-1.2884472001117067,-7.2495921186401375,-2.0609506938223094,-1.217697347381826,-1.223024455677406,1.0143646464357485,-1.2860490588430924
0.4723804190932358,0.6691914832879408,-1.2279356991005308,2.3831595422565854,-0.010684955964216718,-0.6991224441542135,-0.6983308925851475,-2.0095780293371446,1.090428527334463,-0.7787466691859224,-0.0432068340146552,-1.2952225465397256,-1.2778160321203504,-6.4419001808367495,-1.9658350615977687,-1.2202003397364782,-1.225545990926817,1.0446522698825214,-1.2860490588430924
0.4723804190932358,0.6691914832879408,-1.0834726755175694,-0.7054689621240783,-0.010684955964216718,1.3082908031421043,1.3032058089614174,-2.0095780293371446,1.090428527334463,-0.783294684601874,-0.30276950364407396,-1.40355671156009,-1.384375903983234,-5.477681559342758,-1.877673265567239,-1.1949174170057122,-1.2000783873880327,1.0138188553787777,-1.2860490588430924
0.4723804190932358,0.6691914832879408,-0.9390096519346078,1.3889227686962031,-0.010684955964216718,0.707403357704013,-0.6983308925851475,-2.0095780293371446,1.090428527334463,-0.9109842811190344,-0.4954078610245837,-1.3026797001085262,-1.3564551481709324,-4.324001648608161,-1.8093628886500737,-1.2184735557634139,-1.2067931628341242,1.0421409469815321,-1.2860490588430924
0.4723804190932358,0.6691914832879408,-0.7945466283516462,-0.7054689621240783,-0.010684955964216718,1.0706147269173496,1.5605358091062242,-2.0095780293371446,1.090428527334463,-0.9471750853621923,-0.6722689737641261,-1.2027966348230827,-1.4117516436906075,-3.668868517735714,-1.7443889921637015,-1.2414346301132797,-1.1934654658860968,0.9414552776976844,-1.2860490588430924
0.4723804190932358,0.6691914832879408,-0.6500836047686848,0.9705370443854905,-0.010684955964216718,0.24994930435156856,0.3512152108318183,-2.0095780293371446,1.090428527334463,-1.0934888685554705,-0.8209491257112811,-1.0917960344617024,-1.3148829966596585,-2.506134968698113,-1.6880336732101733,-1.2665351180581292,-1.2167360581783915,1.0346053581863772,-1.2860490588430924
0.4723804190932358,0.6691914832879408,-0.5056205811857232,-0.7054689621240783,-0.010684955964216718,1.2715300606517694,1.3548446168085113,-2.0095780293371446,1.090428527334463,-1.1461365451715129,-0.9506979956074718,-1.0617585721498801,-1.232432121819842,-1.5792207064611399,-1.6375168933832431,-1.2732531499682866,-1.2362625428256282,0.8801581897294511,-1.2860490588430924
0.4723804190932358,0.6691914832879408,-0.3611575576027617,1.1179940256399947,-0.010684955964216718,0.193794557153959,0.2309888458133602,-2.0095780293371446,1.090428527334463,-1.2866280124094382,-1.0623702577206566,-0.993499361813609,-1.1129427909754368,-0.46370389640817744,-1.5930126313037687,-1.288403304775382,-1.2641110364866806,1.0202158793865514,-1.2860490588430924
0.4723804190932358,0.6691914832879408,-0.21669453401980013,-0.7054689621240783,-0.010684955964216718,1.2968089838881405,1.3283015120211812,-2.0095780293371446,1.090428527334463,-1.3211364723709196,-1.1603934917535916,-0.9940517435594461,-1.0741124897151082,0.34651746777126485,-1.5531466730386219,-1.2882814305935169,-1.273048069954781,0.8549878974725084,-1.2860490588430924
0.4723804190932358,0.6691914832879408,-0.0722315104368386,1.2379493666078678,-0.010684955964216718,0.19964489252335038,0.2151837639511611,-2.0095780293371446,1.090428527334463,-1.38055299263956,-1.2346492295149305,-0.9599694488649124,-1.0222303104712278,0.41369818995709984,-1.5224383605989633,-1.2957866427886606,-1.2849035439887202,1.0068126767084746,-1.2860490588430924
0.4723804190932358,0.6691914832879408,0.07223151314612293,-0.7054689621240783,-0.010684955964216718,1.2501065815845545,1.262054741973891,-2.0095780293371446,1.090428527334463,-1.4196288668178554,-1.3041612074975057,-0.9549093592919358,-0.9996649667545798,0.41369818995709984,-1.4932874101829061,-1.2968974942238962,-1.290029506261243,0.8482958366763524,-1.2860490588430924
0.4723804190932358,0.6691914832879408,0.21669453672908448,1.2792884816940768,-0.010684955964216718,0.1806342458204628,0.18715699378689943,-2.0095780293371446,1.090428527334463,-1.4725213696792632,-1.3659313610520294,-0.9325421607903633,-0.9628856030214108,0.41369818995709984,-1.4670501793880126,-1.3017975247680311,-1.2983453390252537,1.0040320584838613,-1.2860490588430924
0.4723804190932358,0.6691914832879408,0.361157560312046,-0.7054689621240783,-0.010684955964216718,1.2524466736859163,1.2557710690430801,-2.0095780293371446,1.090428527334463,-1.5009707145300386,-1.4211972387572507,-0.9410265057229503,-0.9598553134780113,0.41369818995709984,-1.4433063204229726,-1.2999409066047538,-1.2990285189379147,0.8421830488423772,-1.2860490588430924
0.4723804190932358,0.6691914832879408,0.5056205838950075,1.3049217542988958,-0.010684955964216718,0.1692430365472451,0.17162708594611414,-2.0095780293371446,1.090428527334463,-1.5437490839763575,-1.4704002929291136,-0.9293429498457236,-0.939891792797658,0.41369818995709984,-1.4219511082927065,-1.3024970373935116,-1.3035198444541403,1.003084124543885,-1.2860490588430924
0.4723804190932358,0.6691914832879408,0.6500836074779691,-0.7054689621240783,-0.010684955964216718,1.2533899845527576,1.2526073276565262,-2.0095780293371446,1.090428527334463,-1.5631244724927627,-1.51395868583332,-0.9462681652216419,-0.9503896414648857,0.41369818995709984,-1.4028737854563356,-1.2987926216167478,-1.3011598668970017,0.8392798436422372,-1.2860490588430924
0.4723804190932358,0.6691914832879408,0.7945466310609306,1.3202842075213084,-0.010684955964216718,0.16218560174177482,0.16254760093828008,-2.0095780293371446,1.090428527334463,-1.598185463816735,-1.5527475587516777,-0.94063097311482,-0.9403705684836793,0.41369818995709984,-1.385748111837022,-1.300027498587456,-1.3034122476812184,1.0033626003899054,-1.2860490588430924
0.4723804190932358,0.6691914832879408,0.9390096546438922,-0.7054689621240783,-0.010684955964216718,1.2537320319742755,1.2509085957810453,-2.0095780293371446,1.090428527334463,-1.6110676054376198,-1.5872097755183263,-0.9620400279708357,-0.9582219421358581,0.41369818995709984,-1.3704232737897786,-1.2953317390683536,-1.299396493399992,0.8382667459942716,-1.2860490588430924
0.4723804190932358,0.6691914832879408,1.0834726782268538,1.3295020741550538,-0.010684955964216718,0.15783684824588776,0.1571849827780594,-2.0095780293371446,1.090428527334463,-1.6405731815491378,-1.6179487601622542,-0.9593616584562985,-0.9532706804441664,0.41369818995709984,-1.3566666563485754,-1.295920026712326,-1.3005113606674574,1.004319714852278,-1.2860490588430924
0.4723804190932358,0.6691914832879408,1.2279357018098151,-0.7054689621240783,-0.010684955964216718,1.2538215907951522,1.2499667889798933,-2.0095780293371446,1.090428527334463,-1.6487527862713405,-1.6452873974709024,-0.9827458190300679,-0.9746193805173521,0.41369818995709984,-1.3443621933322305,-1.290775494830698,-1.2956975698982456,0.8383205690569479,-1.2860490588430924
0.4723804190932358,0.6691914832879408,1.3723987253927767,1.335019087270418,-0.010684955964216718,0.15517073891101715,0.15400541534799617,-2.0095780293371446,1.090428527334463,-1.6742153847134935,-1.6697310109586043,-0.9811116896986332,-0.9718230286559141,0.41369818995709984,-1.3333047781835603,-1.291135523856914,-1.2963291727072703,1.0056046279672706,-1.2860490588430924
0.4723804190932358,0.6691914832879408,1.5168617489757383,-0.7054689621240783,-0.010684955964216718,1.2538085564127712,1.24942912273352,-2.0095780293371446,1.090428527334463,-1.6789466853513852,-1.6914475712907395,-1.0049391195746176,-0.9944135269620201,0.41369818995709984,-1.3234362571610576,-1.2858754642865629,-1.2912198971447475,0.8389426844569778,-1.2860490588430924
0.4723804190932358,0.6691914832879408,1.6613247725587,1.3383064025223714,-0.010684955964216718,0.15354343831712702,0.15211719018334513,-2.0095780293371446,1.090428527334463,-1.7013616652856585,-1.7109212292086948,-1.003206959532116,-0.9921001432181799,0.41369818995709984,-1.314551282405707,-1.286258405228699,-1.2917439031808504,1.0070018674739352,-1.2860490588430924
0.4723804190932358,0.6691914832879408,-1.6613247698494156,-0.7054689621240783,-0.010684955964216718,1.2537585212029856,1.2491115537809838,-2.0095780293371446,1.090428527334463,-1.7034828238213229,-1.7283030171594915,-1.0266337421541754,-1.0147107651958525,0.41369818995709984,-1.3065919414778333,-1.281069232759715,-1.2866137150531975,0.8398335551499028,-1.2860490588430924
0.4723804190932358,0.6691914832879408,-1.516861746266454,1.3402513779437777,-0.010684955964216718,0.15255492757589956,0.1509959516835984,-2.0095780293371446,1.090428527334463,-1.7235572380929376,-1.7439348754262232,-1.024222186661933,-1.0120267705006611,0.41369818995709984,-1.2994107989580965,-1.2816041668342215,-1.2872235384550146,1.0083870462943143,-1.2860490588430924
0.4723804190932358,0.6691914832879408,-1.3723987226834924,-0.7054689621240783,-0.010684955964216718,1.2536998664822703,1.248916400847115,-2.0095780293371446,1.090428527334463,-1.7236455360830691,-1.7578979663051861,-1.0468118722555788,-1.034025297468184,0.41369818995709984,-1.292977692117499,-1.2765843058941484,-1.2822168753234653,0.8408191112306794,-1.2860490588430924
0.4723804190932358,0.6691914832879408,-1.2279356991005308,1.3413888324379863,-0.010684955964216718,0.1519575534220931,0.1503309958356228,-2.0095780293371446,1.090428527334463,-1.7418676993344206,-1.7704872970994412,-1.0434302389442582,-1.0305388713692756,0.41369818995709984,-1.287162076664939,-1.277336956953734,-1.283011444443139,1.0096910404950716,-1.2860490588430924
0.4723804190932358,0.6691914832879408,-1.0834726755175694,-0.7054689621240783,-0.010684955964216718,1.253643524313268,1.2487902117319818,-2.0095780293371446,1.090428527334463,-1.7403338562179658,-1.781740625920744,-1.0649884709692885,-1.0516318331163028,0.41369818995709984,-1.2819516462069862,-1.2725322313744116,-1.2781968951871092,0.8417990869939211,-1.2860490588430924
0.4723804190932358,0.6691914832879408,-0.9390096519346078,1.3420427790675433,-0.010684955964216718,0.1515984246526967,0.1499374933167128,-2.0095780293371446,1.090428527334463,-1.7570616428787544,-1.7919137904422033,-1.0605336144820283,-1.0471677319737853,0.41369818995709984,-1.2772312997697854,-1.2735264794441203,-1.2792171683128215,1.0108789280890527,-1.2860490588430924
0.4723804190932358,0.6691914832879408,-0.7945466283516462,-0.7054689621240783,-0.010684955964216718,1.2535930686395347,1.24870426897915,-2.0095780293371446,1.090428527334463,-1.7541953028203114,-1.800994087000051,-1.0810041318347003,-1.067246125279331,0.41369818995709984,-1.273010206822952,-1.2689523789715225,-1.2746226885893235,0.8427196593769516,-1.2860490588430924
0.4723804190932358,0.6691914832879408,-0.6500836047686848,1.3424084150705713,-0.010684955964216718,0.1513836726913688,0.14970529067171479,-2.0095780293371446,1.090428527334463,-1.7696895933159267,-1.8092225323263331,-1.0754607082341163,-1.0617515244553422,0.41369818995709984,-1.2691785750329352,-1.2701924191908887,-1.2758814516417238,1.0119357682260828,-1.2860490588430924
0.4723804190932358,0.6691914832879408,-0.5056205811857232,-0.7054689621240783,-0.010684955964216718,1.2535497608529134,1.248642641736876,-2.0095780293371446,1.090428527334463,-1.7657429407267056,-1.8165832468413394,-1.094893804931412,-1.0808371499636038,0.41369818995709984,-1.265745815171182,-1.2658403384105852,-1.2715042242140047,0.8435538268433113,-1.2860490588430924
0.4723804190932358,0.6691914832879408,-0.3611575576027617,1.3426050475825038,-0.010684955964216718,0.15125669257913965,0.1495694591989468,-2.0095780293371446,1.090428527334463,-1.7802298314258178,-1.823277019008517,-1.0883564351647077,-1.0743849977675721,0.41369818995709984,-1.2626195086360439,-1.2673059480556983,-1.272985548969911,1.0128628209778636,-1.2860490588430924
0.4723804190932358,0.6691914832879408,-0.21669453401980013,-0.7054689621240783,-0.010684955964216718,1.253512760025509,1.2485967357298755,-2.0095780293371446,1.090428527334463,-1.7753901650727644,-1.829261856161521,-1.1068399126261046,-1.0925516422742938,0.41369818995709984,-1.2598211312905672,-1.2631585685711493,-1.2688110542331654,0.8442940289627914,-1.2860490588430924
0.4723804190932358,0.6691914832879408,-0.0722315104368386,1.3427030050200177,-0.010684955964216718,0.15118242813436328,0.14949064340610613,-2.0095780293371446,1.090428527334463,-1.7890395627139606,-1.8347212556658914,-1.0994015127585517,-1.085223271878801,0.41369818995709984,-1.2572652622862306,-1.2648290946473773,-1.270496520298422,1.0136669267336316,-1.2860490588430924
0.4723804190932358,0.6691914832879408,0.07223151314612293,-0.7054689621240783,-0.010684955964216718,1.2534816456933733,1.2485606816969803,-2.0095780293371446,1.090428527334463,-1.783432640340596,-1.8395800541776668,-1.1170223199625613,-1.102548914611303,0.41369818995709984,-1.2549885795014954,-1.2608686677913203,-1.2665087216742086,0.8449404457456351,-1.2860490588430924
0.4723804190932358,0.6691914832879408,0.21669453672908448,1.3427440897328211,-0.010684955964216718,0.15113912034774207,0.14944505182381132,-2.0095780293371446,1.090428527334463,-1.7963743162124028,-1.8440221019419365,-1.1087519377123896,-1.0944072124899946,0.41369818995709984,-1.2529049381823447,-1.2627289432557303,-1.2683839177992702,1.0143561859543244,-1.2860490588430924
0.4723804190932358,0.6691914832879408,0.361157560312046,-0.7054689621240783,-0.010684955964216718,1.2534551564646632,1.2485319642405464,-2.0095780293371446,1.090428527334463,-1.7901479700597809,-1.8479510628417917,-1.1256225968664968,-1.1109983412103168,0.41369818995709984,-1.2510606682805183,-1.2589319117061635,-1.2645599523277837,0.8454968574069466,-1.2860490588430924
0.4723804190932358,0.6691914832879408,0.5056205838950075,1.3427553925140727,-0.010684955964216718,0.15111447064880354,0.14941926899796185,-2.0095780293371446,1.090428527334463,-1.8024822627873485,-1.8515814876430952,-1.1166319020002258,-1.1021514720978633,0.41369818995709984,-1.249355146932081,-1.2609565505861868,-1.2666001735134294,1.0149446394389015,-1.2860490588430924
0.4723804190932358,0.6691914832879408,0.6500836074779691,-0.7054689621240783,-0.010684955964216718,1.253432871875431,1.2485084871958705,-2.0095780293371446,1.090428527334463,-1.795706060968906,-1.854829743892706,-1.1328206083816947,-1.118073488738597,0.41369818995709984,-1.2478281889393088,-1.2573088229769809,-1.2629260633661634,0.8459729844998515,-1.2860490588430924
0.4723804190932358,0.6691914832879408,0.7945466310609306,1.3427496514188337,-0.010684955964216718,0.15110096324448116,0.1494051198862152,-2.0095780293371446,1.090428527334463,-1.8075413362673958,-1.8578327488556814,-1.1232221231068098,-1.1086304558559839,0.41369818995709984,-1.2464156080148956,-1.2594727620030903,-1.2651063879026527,1.0154438078429184,-1.2860490588430924
0.4723804190932358,0.6691914832879408,0.9390096546438922,-0.7054689621240783,-0.010684955964216718,1.2534139509977809,1.2484889928641305,-2.0095780293371446,1.090428527334463,-1.8003223066499594,-1.8604962836924075,-1.1388490708918177,-1.1240007485012675,0.41369818995709984,-1.2451620449977574,-1.2559479842525532,-1.2615559111067502,0.8463772875057738,-1.2860490588430924
0.4723804190932358,0.6691914832879408,1.0834726782268538,1.3427352986807366,-0.010684955964216718,0.1510940781473363,0.14939799292622427,-2.0095780293371446,1.090428527334463,-1.811734821874485,-1.862960794463432,-1.1287297441868303,-1.114046238966337,0.41369818995709984,-1.2440016244877636,-1.25823153853924,-1.2638564016262914,1.0158648518014457,-1.2860490588430924
0.4723804190932358,0.6691914832879408,1.2279357018098151,-0.7054689621240783,-0.010684955964216718,1.2533979733677654,1.2484726427794455,-2.0095780293371446,1.090428527334463,-1.804148552889001,-1.8651419429565168,-1.1438827347948546,-1.1289511717066438,0.41369818995709984,-1.242974161287191,-1.254810886303306,-1.2604107043665576,0.8467185869266236,-1.2860490588430924
0.4723804190932358,0.6691914832879408,1.3723987253927767,1.3427175371673412,-0.010684955964216718,0.15109118745769531,0.14939490108328704,-2.0095780293371446,1.090428527334463,-1.815221254636353,-1.867174882038973,-1.133333777843105,-1.1185732265825001,0.41369818995709984,-1.2420159517123968,-1.257193080152897,-1.2628105566592804,1.016218391918824,-1.2860490588430924
0.4723804190932358,0.6691914832879408,1.5168617489757383,-0.7054689621240783,-0.010684955964216718,1.2533847287534103,1.248459227325345,-2.0095780293371446,1.090428527334463,-1.8073359765479227,-1.8689675101484813,-1.1480937931658965,-1.133092455617781,0.41369818995709984,-1.2411709126968014,-1.2538588047643044,-1.2594518686731178,0.847005523254068,-1.2860490588430924
0.4723804190932358,0.6691914832879408,1.6613247725587,1.3426990580170408,-0.010684955964216718,0.15109055676177363,0.1493941674256409,-2.0095780293371446,1.090428527334463,-1.8181283990690233,-1.8706500398386654,-1.13718510612658,-1.1223615077549072,0.41369818995709984,-1.2403772709714178,-1.2563237181601041,-1.261934937805321,1.0165146887789076,-1.2860490588430924
0.4723804190932358,0.6691914832879408,-1.6613247698494156,-0.7054689621240783,-0.010684955964216718,1.253374006922742,1.2484485368853586,-2.0095780293371446,1.090428527334463,-1.809962172830174,-1.8721166072447906,-1.1516211938823684,-1.1365612735040687,0.41369818995709984,-1.23968545861913,-1.2530608677112807,-1.2586481977116257,0.8472469169900171,-1.2860490588430924
0.4723804190932358,0.6691914832879408,-1.516861746266454,1.3426742995438232,-0.010684955964216718,0.15109497163322533,0.14939856937151766,-2.0095780293371446,1.090428527334463,-1.8205378639209513,-1.8735006008364228,-1.1404098903001938,-1.1255335014855878,0.41369818995709984,-1.239032254559959,-1.2555955925316438,-1.2612014810521406,1.016762202863121,-1.2860490588430924
0.4723804190932358,0.6691914832879408,-1.3723987226834924,-0.7054689621240783,-0.010684955964216718,1.2533651771798386,1.2484397329936052,-2.0095780293371446,1.090428527334463,-1.8121642711901258,-1.874711683448988,-1.1545655249782345,-1.1394582437233396,0.41369818995709984,-1.2384606105199976,-1.2523943783636755,-1.2579768285222763,0.8474487084724921,-1.2860490588430924
0.4723804190932358,0.6691914832879408,-1.2279356991005308,1.3426538468920346,-0.010684955964216718,0.15109849301878797,0.14940202804327796,-2.0095780293371446,1.090428527334463,-1.822544636423945,-1.8758634822973022,-1.1430984891063205,-1.1281780873239613,0.41369818995709984,-1.2379169574925457,-1.2549880502728843,-1.2605894905451287,1.0169692146426448,-1.2860490588430924
0.4723804190932358,0.6691914832879408,-1.0834726755175694,-0.7054689621240783,-0.010684955964216718,1.2533578190607524,1.248432396417144,-2.0095780293371446,1.090428527334463,-1.8140018058787004,-1.8768628371803981,-1.1570222598416644,-1.1418747612839586,0.41369818995709984,-1.237444971109192,-1.2518381458884549,-1.2574165234741606,0.8476175580804863,-1.2860490588430924
0.4723804190932358,0.6691914832879408,-0.9390096519346078,1.3426371618339965,-0.010684955964216718,0.15110117347645505,0.14940470065327455,-2.0095780293371446,1.090428527334463,-1.8242209603881125,-1.8778216109153456,-1.1453429661692667,-1.1303858217920772,0.41369818995709984,-1.2369920475705647,-1.2544807610922344,-1.2600785954954543,1.0171422044862295,-1.2860490588430924
0.4723804190932358,0.6691914832879408,-0.7945466283516462,-0.7054689621240783,-0.010684955964216718,1.2533515121015357,1.2484261079230343,-2.0095780293371446,1.090428527334463,-1.8155363179193231,-1.8786462904216292,-1.159073232805374,-1.143891320872192,0.41369818995709984,-1.2366025864137484,-1.2513736686445944,-1.2569486454626029,0.8477585061008056,-1.2860490588430924
0.4723804190932358,0.6691914832879408,-0.6500836047686848,1.342623526732804,-0.010684955964216718,0.15110327579619395,0.14940679681797775,-2.0095780293371446,1.090428527334463,-1.8256216875952023,-1.8794459154799257,-1.1472166314120904,-1.1322279762267338,0.41369818995709984,-1.2362247077448671,-1.2540571595669165,-1.2596520008378578,1.0172867527114102,-1.2860490588430924
0.4723804190932358,0.6691914832879408,-0.5056205811857232,-0.7054689621240783,-0.010684955964216718,1.2533464665341625,1.2484208675112762,-2.0095780293371446,1.090428527334463,-1.816818645548736,-1.8801259143710718,-1.1607849342646965,-1.1455750013932617,0.41369818995709984,-1.235903535006501,-1.2509857795891612,-1.2565579163959804,0.8478764128100127,-1.2860490588430924
0.4723804190932358,0.6691914832879408,-0.3611575576027617,1.3426197591390534,-0.010684955964216718,0.1510999646426052,0.1494034953585702,-2.0095780293371446,1.090428527334463,-1.826807021220304,-1.8807843876097219,-1.1487407958589373,-1.1337271897584433,0.41369818995709984,-1.2355920143414145,-1.253712512718994,-1.2593048305856505,1.017406639533291,-1.2860490588430924
0.4723804190932358,0.6691914832879408,-0.21669453401980013,-0.7054689621240783,-0.010684955964216718,1.2533412107348152,1.2484158367159885,-2.0095780293371446,1.090428527334463,-1.8179043094728558,-1.8813437016950705,-1.1621727081570155,-1.1469408956008427,0.41369818995709984,-1.235327788835396,-1.250671251691744,-1.2562410856165003,0.847972358269566,-1.2860490588430924
0.4723804190932358,0.6691914832879408,-0.0722315104368386,1.34261850327447,-0.010684955964216718,0.15109696883697726,0.14940050832386811,-2.0095780293371446,1.090428527334463,-1.8277943532917769,-1.8818956053098876,-1.1500143426618394,-1.1349798883134623,0.41369818995709984,-1.235066941555025,-1.2534244464709492,-1.2590145468448068,1.0175063652079486,-1.2860490588430924
0.4723804190932358,0.6691914832879408,0.07223151314612293,-0.7054689621240783,-0.010684955964216718,1.2533372163273113,1.2484116443865823,-2.0095780293371446,1.090428527334463,-1.8188060192508677,-1.8823575246396802,-1.1633414047211246,-1.1480896218527679,0.41369818995709984,-1.2348485633970827,-1.25040642006266,-1.2559743149670204,0.8480528228482157,-1.2860490588430924
0.4723804190932358,0.6691914832879408,0.21669453672908448,1.3426159915453029,-0.010684955964216718,0.15109523442319267,0.14939877898798798,-2.0095780293371446,1.090428527334463,-1.828615792169669,-1.882820855487669,-1.1510850085148816,-1.1360338656117615,0.41369818995709984,-1.2346294613336446,-1.253182204054744,-1.2587705307998722,1.0175898899607303,-1.2860490588430924
0.4723804190932358,0.6691914832879408,0.361157560312046,-0.7054689621240783,-0.010684955964216718,1.2533338526157292,1.248408290523057,-2.0095780293371446,1.090428527334463,-1.8195565521669874,-1.883201259641616,-1.1643217118317921,-1.1490538811153326,0.41369818995709984,-1.2344494501669872,-1.2501840776673243,-1.2557504530003973,0.8481203266893648,-1.2860490588430924
0.4723804190932358,0.6691914832879408,0.5056205838950075,1.3426131209976835,-0.010684955964216718,0.1510942883793102,0.14939783571387152,-2.0095780293371446,1.090428527334463,-1.82930010159319,-1.883591191543389,-1.1519826288518669,-1.1369167917017446,0.41369818995709984,-1.234265336869186,-1.2529790087065151,-1.2585658477142234,1.0176597339350393,-1.2860490588430924
0.4723804190932358,0.6691914832879408,0.6500836074779691,-0.7054689621240783,-0.010684955964216718,1.2533311196000685,1.2484057751254132,-2.0095780293371446,1.090428527334463,-1.8201826651879214,-1.8839041957034546,-1.1651434649228214,-1.1498621819232566,0.41369818995709984,-1.2341171775443502,-1.2499977704449143,-1.2555627816905275,0.848176849905687,-1.2860490588430924
0.4723804190932358,0.6691914832879408,0.7945466310609306,1.3426098916316116,-0.010684955964216718,0.15109392047335587,0.14939746888504848,-2.0095780293371446,1.090428527334463,-1.829870693908208,-1.8842323736841324,-1.1527344817837006,-1.1376563366318162,0.41369818995709984,-1.2339620204663868,-1.2528088366361614,-1.2583945380485744,1.017718057253792,-1.2860490588430924
0.4723804190932358,0.6691914832879408,0.9390096546438922,-0.7054689621240783,-0.010684955964216718,1.2533288070483557,1.2484034693442396,-2.0095780293371446,1.090428527334463,-1.8207044260386998,-1.8844892699958886,-1.1658313847822204,-1.1505388403796826,0.41369818995709984,-1.2338404043430686,-1.2498419048760505,-1.2554055582086447,0.8482241925996128,-1.2860490588430924
0.4723804190932358,0.6691914832879408,1.0834726782268538,1.3426068416747658,-0.010684955964216718,0.15109381535736893,0.1493973640768133,-2.0095780293371446,1.090428527334463,-1.830346967915585,-1.8847669862010428,-1.1533635832164595,-1.1382751395324882,0.41369818995709984,-1.2337091361464714,-1.252666524595025,-1.2582510756846785,1.0177670200399056,-1.2860490588430924
0.4723804190932358,0.6691914832879408,1.2279357018098151,-0.7054689621240783,-0.010684955964216718,1.2533271251925646,1.2484015827960067,-2.0095780293371446,1.090428527334463,-1.8211398956718494,-1.8849773024123158,-1.166406782434134,-1.1511048186424924,0.41369818995709984,-1.2336097197916953,-1.2497114252797554,-1.25527412327858,0.848263794853087,-1.2860490588430924
0.4723804190932358,0.6691914832879408,1.3723987253927767,1.3426039711271465,-0.010684955964216718,0.1510938679153624,0.1493973640768133,-2.0095780293371446,1.090428527334463,-1.83074363994701,-1.885212320192027,-1.153889539292357,-1.1387924855890121,0.41369818995709984,-1.2334984796471524,-1.2525474471728495,-1.2581310180568865,1.0178078823650811,-1.2860490588430924
0.4723804190932358,0.6691914832879408,1.5168617489757383,-0.7054689621240783,-0.010684955964216718,1.2533254433367735,1.2484001154807145,-2.0095780293371446,1.090428527334463,-1.8215031214948914,-1.8853838196528971,-1.166887559138844,-1.1515777249243067,0.41369818995709984,-1.233417402231607,-1.2496023516518548,-1.2551643594004633,0.8482969167378108,-1.2860490588430924
0.4723804190932358,0.6691914832879408,1.6613247725587,1.3426014593979796,-0.010684955964216718,0.15109397303134933,0.14939752128916606,-2.0095780293371446,1.090428527334463,-1.8310754263341718,-1.8855839023572458,-1.1543293988307086,-1.1392251445276935,0.41369818995709984,-1.2333225706116386,-1.252447839500822,-1.2580308977968866,1.0178419043010203,-1.2860490588430924
0.4723804190932358,0.6691914832879408,-1.6613247698494156,-0.7054689621240783,-0.010684955964216718,1.2533241819449301,1.2483988577818925,-2.0095780293371446,1.090428527334463,-1.821806813067011,-1.8857229368995976,-1.1672899112747006,-1.151973490465116,0.41369818995709984,-1.2332569365133401,-1.2495110266912162,-1.2550724741402037,0.8483246383152426,-1.2860490588430924
0.4723804190932358,0.6691914832879408,-1.516861746266454,1.3425991270780386,-0.010684955964216718,0.15109413070532976,0.1493976785015188,-2.0095780293371446,1.090428527334463,-1.831352360939585,-1.8858933777218203,-1.1546968008869676,-1.1395865321295764,0.41369818995709984,-1.2331763417014585,-1.252364689683892,-1.2579470308258478,1.0178705259296674,-1.2860490588430924
0.4723804190932358,0.6691914832879408,-1.3723987226834924,-0.7054689621240783,-0.010684955964216718,1.2533231307850607,1.248397809699541,-2.0095780293371446,1.090428527334463,-1.8220596664023883,-1.8860055934184392,-1.167625773015225,-1.152303854073334,0.41369818995709984,-1.2331232552984228,-1.2494348687735104,-1.2549957586163079,0.848347859636598,-1.2860490588430924
0.4723804190932358,0.6691914832879408,-1.2279356991005308,1.3425973329857765,-0.010684955964216718,0.1510942883793102,0.14939783571387152,-2.0095780293371446,1.090428527334463,-1.8315831397774291,-1.8861516855517733,-1.1550045320756206,-1.139888387203075,0.41369818995709984,-1.2330540016726446,-1.252295093394689,-1.2578770333280558,1.017894287281752,-1.2860490588430924
0.4723804190932358,0.6691914832879408,-1.0834726755175694,-0.7054689621240783,-0.010684955964216718,1.2533222898571652,1.2483969712336598,-2.0095780293371446,1.090428527334463,-1.822271715363538,-1.8862413169572485,-1.1679062260929725,-1.152579716071059,0.41369818995709984,-1.233011532550216,-1.2493712962744088,-1.254931503947282,0.8483673007428489,-1.2860490588430924
0.4723804190932358,0.6691914832879408,-0.9390096519346078,1.3425957183027406,-0.010684955964216718,0.1510944460532906,0.1493979405221067,-2.0095780293371446,1.090428527334463,-1.8317764588618843,-1.8863669420767337,-1.1552611168063258,-1.1401407715839724,0.41369818995709984,-1.2329521722995487,-1.2522370068472866,-1.2578185214877962,1.017914088408489,-1.2860490588430924
0.4723804190932358,0.6691914832879408,-0.7945466283516462,-0.7054689621240783,-0.010684955964216718,1.2533216591612435,1.2483961327677784,-2.0095780293371446,1.090428527334463,-1.8224476424196339,-1.886437870866106,-1.168140647358567,-1.1528102998077592,0.41369818995709984,-1.2329186313449034,-1.2493180502726229,-1.2548779764489704,0.8483835016647246,-1.2860490588430924
0.4723804190932358,0.6691914832879408,-0.6500836047686848,1.3425942830289308,-0.010684955964216718,0.15109455116927753,0.14939809773445945,-2.0095780293371446,1.090428527334463,-1.8319370006621238,-1.8865465577672338,-1.155475079488741,-1.1403520701354213,0.41369818995709984,-1.2328672340546916,-1.2521884938234373,-1.2577695449103936,1.017930829361094,-1.2860490588430924
0.4723804190932358,0.6691914832879408,-0.5056205811857232,-0.7054689621240783,-0.010684955964216718,1.2533210284653218,1.2483955039183674,-2.0095780293371446,1.090428527334463,-1.8225954746606876,-1.886601959856445,-1.1683367087807006,-1.1530031516602721,0.41369818995709984,-1.2328409321550058,-1.249273624820628,-1.2548332257266979,0.8483970024329545,-1.2860490588430924
0.4723804190932358,0.6691914832879408,-0.3611575576027617,1.3425932065735735,-0.010684955964216718,0.15109465628526447,0.1493982025426946,-2.0095780293371446,1.090428527334463,-1.8320714544198244,-1.886696531575608,-1.1556540920915586,-1.1405281522616288,0.41369818995709984,-1.2327960500142574,-1.2521480483756162,-1.2577288033327314,1.01794469014981,-1.2860490588430924
0.4723804190932358,0.6691914832879408,-0.21669453401980013,-0.7054689621240783,-0.010684955964216718,1.2533203977694003,1.2483950846854268,-2.0095780293371446,1.090428527334463,-1.822718556707538,-1.886739230001051,-1.1685003774461338,-1.1531641410328046,0.41369818995709984,-1.232776021962203,-1.2492365139708985,-1.2547958431620874,0.8484081630680245,-1.2860490588430924
0.4723804190932358,0.6691914832879408,-0.0722315104368386,1.3425921301182162,-0.010684955964216718,0.15109476140125144,0.14939830735092977,-2.0095780293371446,1.090428527334463,-1.832183833679992,-1.886821803815544,-1.1558032692605733,-1.1406748873668018,0.41369818995709984,-1.2327369310654221,-1.2521141645562979,-1.257694779781173,1.0179562108053661,-1.2860490588430924
0.4723804190932358,0.6691914832879408,0.07223151314612293,-0.7054689621240783,-0.010684955964216718,1.2533199773054524,1.2483946654524862,-2.0095780293371446,1.090428527334463,-1.8228215710293583,-1.8868532100954154,-1.1686367680006613,-1.1532982988432485,0.41369818995709984,-1.2327219703518395,-1.2492055344789503,-1.2547646368472822,0.8484177036109068,-1.2860490588430924
0.4723804190932358,0.6691914832879408,0.21669453672908448,1.3425914124813114,-0.010684955964216718,0.15109486651723839,0.1493984121591649,-2.0095780293371446,1.090428527334463,-1.8322781519876328,-1.8869262561620823,-1.1559285780825455,-1.1407973063688317,0.41369818995709984,-1.2326874641898662,-1.2520858742563592,-1.2576662823478613,1.0179659313584914,-1.2860490588430924
0.4723804190932358,0.6691914832879408,0.361157560312046,-0.7054689621240783,-0.010684955964216718,1.2533195568415045,1.2483942462195454,-2.0095780293371446,1.090428527334463,-1.8229071933228194,-1.8869488404532258,-1.1687509950900783,-1.1534106560094952,0.41369818995709984,-1.232676846909259,-1.24917961066798,-1.2547386315849447,0.8484256240616017,-1.2860490588430924
0.4723804190932358,0.6691914832879408,0.5056205838950075,1.3425906948444066,-0.010684955964216718,0.15109491907523184,0.14939846456328248,-2.0095780293371446,1.090428527334463,-1.8323564161152495,-1.887013417410714,-1.156032575880373,-1.1409004401856104,0.41369818995709984,-1.2326462015765975,-1.2520622093666767,-1.2576424441907186,1.0179740318194295,-1.2860490588430924
0.4723804190932358,0.6691914832879408,0.6500836074779691,-0.7054689621240783,-0.010684955964216718,1.2533193466095307,1.2483940366030752,-2.0095780293371446,1.090428527334463,-1.8229787682087595,-1.887028238351777,-1.168845616037282,-1.1535045664768058,0.41369818995709984,-1.2326392038234701,-1.249158097131905,-1.254716743822477,0.848432104430352,-1.2860490588430924
0.4723804190932358,0.6691914832879408,0.7945466310609306,1.342590156616728,-0.010684955964216718,0.15109497163322533,0.14939851696740009,-2.0095780293371446,1.090428527334463,-1.8324219706836806,-1.8870861105978318,-1.1561195248588843,-1.1409859657897683,0.41369818995709984,-1.2326116954146245,-1.252042524481168,-1.2576226151781862,1.0179808722086658,-1.2860490588430924
0.4723804190932358,0.6691914832879408,0.9390096546438922,-0.7054689621240783,-0.010684955964216718,1.2533191363775569,1.2483936173701344,-2.0095780293371446,1.090428527334463,-1.8230389713838493,-1.8870949325865598,-1.1689257454880668,-1.1535825457041264,0.41369818995709984,-1.2326078345853126,-1.2491399181939216,-1.2546985401388409,0.848437684747887,-1.2860490588430924
0.4723804190932358,0.6691914832879408,1.0834726782268538,1.3425896183890493,-0.010684955964216718,0.15109502419121879,0.14939856937151766,-2.0095780293371446,1.090428527334463,-1.8324761535412615,-1.8871468058802796,-1.1561928347819428,-1.1410572371265666,0.41369818995709984,-1.2325829804966186,-1.2520260666260705,-1.2576059284681862,1.0179864525262008,-1.2860490588430924
0.4723804190932358,0.6691914832879408,1.2279357018098151,-0.7054689621240783,-0.010684955964216718,1.253318926145583,1.2483934077536643,-2.0095780293371446,1.090428527334463,-1.8230884717722564,-1.887150334675771,-1.168992235883399,-1.1536479476367176,0.41369818995709984,-1.2325815326856269,-1.249124858718669,-1.254683478757737,0.8484421850039636,-1.2860490588430924
0.4723804190932358,0.6691914832879408,1.3723987253927767,1.3425892595705968,-0.010684955964216718,0.15109507674921227,0.14939862177563523,-2.0095780293371446,1.090428527334463,-1.8325216403846627,-1.8871976205353524,-1.1562533580905145,-1.1411167696549511,0.41369818995709984,-1.2325590916152527,-1.252012405530663,-1.257592167350199,1.0179911327925204,-1.2860490588430924
0.4723804190932358,0.6691914832879408,1.5168617489757383,-0.7054689621240783,-0.010684955964216718,1.253318715913609,1.2483934077536643,-2.0095780293371446,1.090428527334463,-1.8231306139948193,-1.887196561896705,-1.169047644546176,-1.1537024492472105,0.41369818995709984,-1.2325595742189166,-1.249112273300065,-1.2546706928370877,0.848445965219068,-1.2860490588430924
0.4723804190932358,0.6691914832879408,1.6613247725587,1.3425889007521443,-0.010684955964216718,0.15109512930720573,0.1493986741797528,-2.0095780293371446,1.090428527334463,-1.8325597690622195,-1.8872399660812462,-1.1563036521074965,-1.1411670788338675,0.41369818995709984,-1.2325390635631983,-1.2520008957888626,-1.257580573337407,1.0179950930178678,-1.2860490588430924
0.4723804190932358,0.6691914832879408,-1.6613247698494156,-0.7054689621240783,-0.010684955964216718,1.2533185056816352,1.2483931981371938,-2.0095780293371446,1.090428527334463,-1.8231653980515379,-1.8872350257675587,-1.169093676358329,-1.1537477275082353,0.41369818995709984,-1.232541235279686,-1.2491017316673882,-1.2546601823768928,0.8484492054034432,-1.2860490588430924
0.4723804190932358,0.6691914832879408,-1.516861746266454,1.342588541933692,-0.010684955964216718,0.1510951818651992,0.1493986741797528,-2.0095780293371446,1.090428527334463,-1.8325918774222674,-1.887275254036158,-1.1563462741557866,-1.1412081646633159,0.41369818995709984,-1.2325224137367916,-1.2519913222653094,-1.25757092971929,1.017998333202243,-1.2860490588430924
0.4723804190932358,0.6691914832879408,-1.3723987226834924,-0.7054689621240783,-0.010684955964216718,1.2533185056816352,1.2483929885207237,-2.0095780293371446,1.090428527334463,-1.8231941617907474,-1.8872674906860774,-1.16913203620179,-1.1537862978787379,0.41369818995709984,-1.2325260332642713,-1.2490930186852778,-1.254651297245594,0.848451905557089,-1.2860490588430924
0.4723804190932358,0.6691914832879408,-1.2279356991005308,1.3425883625244657,-0.010684955964216718,0.1510951818651992,0.1493987265838704,-2.0095780293371446,1.090428527334463,-1.8326179654648063,-1.8873045430387345,-1.1563812242353841,-1.1412433810885574,0.41369818995709984,-1.2325084182305368,-1.2519832546892813,-1.2575629114300693,1.018001213366132,-1.2860490588430924
0.4723804190932358,0.6691914832879408,-1.0834726755175694,-0.7054689621240783,-0.010684955964216718,1.2533182954496613,1.2483929885207237,-2.0095780293371446,1.090428527334463,-1.8232189119849511,-1.8872943095318102,-1.1691644289584904,-1.1538181603587183,0.41369818995709984,-1.2325132442671765,-1.2490857040830123,-1.2546439290879319,0.8484540656800058,-1.2860490588430924
0.4723804190932358,0.6691914832879408,-0.9390096519346078,1.3425881831152395,-0.010684955964216718,0.15109523442319267,0.1493987265838704,-2.0095780293371446,1.090428527334463,-1.8326407088865069,-1.8873292446071726,-1.1564110596691872,-1.141272728109592,0.41369818995709984,-1.2324968357426018,-1.2519766930607783,-1.2575560850487058,1.0180033734890488,-1.2860490588430924
0.4723804190932358,0.6691914832879408,-0.7945466283516462,-0.7054689621240783,-0.010684955964216718,1.2533182954496613,1.2483927789042533,-2.0095780293371446,1.090428527334463,-1.823238979709981,-1.8873168938229534,-1.1691917070693958,-1.1538441534344916,0.41369818995709984,-1.2325026269865693,-1.2490795727252308,-1.2546377528381267,0.8484560457926795,-1.2860490588430924
0.4723804190932358,0.6691914832879408,-0.6500836047686848,1.3425880037060134,-0.010684955964216718,0.15109523442319267,0.14939877898798798,-2.0095780293371446,1.090428527334463,-1.832658769839034,-1.8873497116210214,-1.1564357804571954,-1.1412962057264195,0.41369818995709984,-1.2324869423674905,-1.2519710995413988,-1.257550558930459,1.0180053536017226,-1.2860490588430924
0.4723804190932358,0.6691914832879408,-0.5056205811857232,-0.7054689621240783,-0.010684955964216718,1.2533182954496613,1.2483927789042533,-2.0095780293371446,1.090428527334463,-1.8232557028141727,-1.8873355964390566,-1.1692138705345065,-1.1538667925650041,0.41369818995709984,-1.232493698818786,-1.2490745170442532,-1.2546325517856591,0.8484574858746241,-1.2860490588430924
0.4723804190932358,0.6691914832879408,-0.3611575576027617,1.342587824296787,-0.010684955964216718,0.15109523442319267,0.14939877898798798,-2.0095780293371446,1.090428527334463,-1.8326741550948902,-1.887367002718928,-1.1564562390403745,-1.1413171678843015,0.41369818995709984,-1.2324789794070352,-1.2519663665634624,-1.2575457912990304,1.0180069736939101,-1.2860490588430924
0.4723804190932358,0.6691914832879408,-0.21669453401980013,-0.7054689621240783,-0.010684955964216718,1.2533180852176875,1.2483927789042533,-2.0095780293371446,1.090428527334463,-1.8232697502216935,-1.8873514760187668,-1.1692326242357542,-1.1538852392639403,0.41369818995709984,-1.2324862184619947,-1.2490702143370382,-1.2546283259305293,0.8484589259565686,-1.2860490588430924
0.4723804190932358,0.6691914832879408,-0.0722315104368386,1.342587824296787,-0.010684955964216718,0.15109523442319267,0.14939877898798798,-2.0095780293371446,1.090428527334463,-1.8326875335782435,-1.8873814707804417,-1.1564732878596904,-1.1413339376106069,0.41369818995709984,-1.2324722229557397,-1.2519624941269687,-1.2575418905096798,1.0180082337656116,-1.2860490588430924
0.4723804190932358,0.6691914832879408,0.07223151314612293,-0.7054689621240783,-0.010684955964216718,1.2533180852176875,1.2483927789042533,-2.0095780293371446,1.090428527334463,-1.8232817908567116,-1.8873645325620843,-1.1692488206141043,-1.153900332017615,0.41369818995709984,-1.2324801859161951,-1.249066664603586,-1.2546247502069579,0.848460006018027,-1.2860490588430924
0.4723804190932358,0.6691914832879408,0.21669453672908448,1.3425876448875609,-0.010684955964216718,0.15109528698118616,0.14939877898798798,-2.0095780293371446,1.090428527334463,-1.832698236364926,-1.8873931158055626,-1.156487779356109,-1.1413481918779667,0.41369818995709984,-1.2324664317117722,-1.2519592670965576,-1.2575386398518875,1.01800931382707,-1.2860490588430924
0.4723804190932358,0.6691914832879408,0.361157560312046,-0.7054689621240783,-0.010684955964216718,1.2533180852176875,1.2483925692877829,-2.0095780293371446,1.090428527334463,-1.8232918247192265,-1.8873754718281068,-1.1692616072285913,-1.1539137477986594,0.41369818995709984,-1.2324748772758916,-1.2490636527085355,-1.254621716259685,0.8484609060692423,-1.2860490588430924
0.4723804190932358,0.6691914832879408,0.5056205838950075,1.3425876448875609,-0.010684955964216718,0.15109528698118616,0.14939883139210555,-2.0095780293371446,1.090428527334463,-1.8327069323791056,-1.8874033493124869,-1.1564997135296302,-1.1413599306863804,0.41369818995709984,-1.2324618469769646,-1.2519564703368677,-1.2575359309703942,1.0180103938885283,-1.2860490588430924
0.4723804190932358,0.6691914832879408,0.6500836074779691,-0.7054689621240783,-0.010684955964216718,1.2533180852176875,1.2483925692877829,-2.0095780293371446,1.090428527334463,-1.8232998518092385,-1.8873846466963837,-1.1692726889611467,-1.1539238096344429,0.41369818995709984,-1.2324705338429158,-1.2490611786518868,-1.254619224088711,0.8484616261102146,-1.2860490588430924
0.4723804190932358,0.6691914832879408,0.7945466310609306,1.3425874654783347,-0.010684955964216718,0.15109528698118616,0.14939883139210555,-2.0095780293371446,1.090428527334463,-1.83271429054495,-1.8874114655421166,-1.1565099428212198,-1.1413691540358484,0.41369818995709984,-1.232457744845821,-1.25195421141558,-1.2575336555099395,1.0180111139295007,-1.2860490588430924
0.4723804190932358,0.6691914832879408,0.9390096546438922,-0.7054689621240783,-0.010684955964216718,1.2533180852176875,1.2483925692877829,-2.0095780293371446,1.090428527334463,-1.823306541050915,-1.8873920571669152,-1.1692820658117704,-1.1539330329839108,0.41369818995709984,-1.232466914315436,-1.2490591348659597,-1.254617165338776,0.8484621661409437,-1.2860490588430924
0.4723804190932358,0.6691914832879408,1.0834726782268538,1.3425874654783347,-0.010684955964216718,0.15109528698118616,0.14939883139210555,-2.0095780293371446,1.090428527334463,-1.8327209797866266,-1.8874185231330989,-1.1565184672308777,-1.1413775388990013,0.41369818995709984,-1.2324546079220051,-1.251952275197333,-1.2575317051152641,1.018011833970473,-1.2860490588430924
0.4723804190932358,0.6691914832879408,1.2279357018098151,-0.7054689621240783,-0.010684955964216718,1.2533178749857135,1.2483925692877829,-2.0095780293371446,1.090428527334463,-1.823312561368424,-1.8873984089987992,-1.1692897377804625,-1.1539405793607482,0.41369818995709984,-1.2324640186934523,-1.2490574137830737,-1.2546153232993604,0.848462706171673,-1.2860490588430924
0.4723804190932358,0.6691914832879408,1.3723987253927767,1.3425874654783347,-0.010684955964216718,0.15109528698118616,0.14939883139210555,-2.0095780293371446,1.090428527334463,-1.832726331179968,-1.8874245220854338,-1.156525286758604,-1.1413842467895234,0.41369818995709984,-1.2324517123000214,-1.251950769249808,-1.2575301881416279,1.0180123740012021,-1.2860490588430924
0.4723804190932358,0.6691914832879408,1.5168617489757383,-0.7054689621240783,-0.010684955964216718,1.2533178749857135,1.2483925692877829,-2.0095780293371446,1.090428527334463,-1.8233172438375977,-1.887403702192036,-1.1692957048672232,-1.1539472872512704,0.41369818995709984,-1.2324616056751325,-1.2490559078355483,-1.2546139146809838,0.8484632462024021,-1.2860490588430924
0.4723804190932358,0.6691914832879408,1.6613247725587,1.3425872860691084,-0.010684955964216718,0.15109528698118616,0.14939883139210555,-2.0095780293371446,1.090428527334463,-1.832730344724974,-1.8874291095195723,-1.1565312538453647,-1.1413901161937303,0.41369818995709984,-1.2324495405835336,-1.2519494784376433,-1.2575287795232513,1.0180127340216882,-1.2860490588430924
0.4723804190932358,0.6691914832879408,-1.6613247698494156,-0.7054689621240783,-0.010684955964216718,1.2533178749857135,1.2483925692877829,-2.0095780293371446,1.090428527334463,-1.8233212573826036,-1.8874082896261746,-1.169300819513018,-1.153952318169162,0.41369818995709984,-1.2324594339586448,-1.2490547245910644,-1.2546127227731267,0.8484636062228883,-1.2860490588430924
0.4723804190932358,0.6691914832879408,-1.516861746266454,1.3425872860691084,-0.010684955964216718,0.15109528698118616,0.14939883139210555,-2.0095780293371446,1.090428527334463,-1.83273435826998,-1.8874333440741617,-1.1565355160501938,-1.141395147111622,0.41369818995709984,-1.2324476101688777,-1.2519484027608396,-1.2575276959706538,1.0180130940421743,-1.2860490588430924
0.4723804190932358,0.6691914832879408,-1.3723987226834924,-0.7054689621240783,-0.010684955964216718,1.2533178749857135,1.2483925692877829,-2.0095780293371446,1.090428527334463,-1.8233246020034422,-1.8874118184216657,-1.1693059341588128,-1.1539565106007383,0.41369818995709984,-1.232457744845821,-1.2490536489142605,-1.2546117475757892,0.8484639662433744,-1.2860490588430924
0.4723804190932358,0.6691914832879408,-1.2279356991005308,1.3425872860691084,-0.010684955964216718,0.15109528698118616,0.14939883139210555,-2.0095780293371446,1.090428527334463,-1.8327370339666507,-1.8874365199901038,-1.1565397782550226,-1.1413993395431983,0.41369818995709984,-1.2324459210560539,-1.2519474346517163,-1.257526720773316,1.0180134540626604,-1.2860490588430924
0.4723804190932358,0.6691914832879408,-1.0834726755175694,-0.7054689621240783,-0.010684955964216718,1.2533178749857135,1.2483925692877829,-2.0095780293371446,1.090428527334463,-1.8233272777001126,-1.8874149943376077,-1.169309343922676,-1.1539598645459996,0.41369818995709984,-1.232456297034829,-1.2490528959404978,-1.254610880733711,0.8484641462536174,-1.2860490588430924
0.4723804190932358,0.6691914832879408,-0.9390096519346078,1.3425872860691084,-0.010684955964216718,0.15109528698118616,0.14939883139210555,-2.0095780293371446,1.090428527334463,-1.8327397096633213,-1.8874393430264966,-1.156543188018886,-1.1414026934884594,0.41369818995709984,-1.232444714546894,-1.2519466816779536,-1.257525962286498,1.0180136340729036,-1.2860490588430924
0.4723804190932358,0.6691914832879408,-0.7945466283516462,-0.7054689621240783,-0.010684955964216718,1.2533178749857135,1.2483925692877829,-2.0095780293371446,1.090428527334463,-1.8233299533967833,-1.8874174644944515,-1.169312753686539,-1.1539632184912607,0.41369818995709984,-1.232455090525669,-1.2490521429667352,-1.2546102306021527,0.8484643262638605,-1.2860490588430924
0.4723804190932358,0.6691914832879408,-0.6500836047686848,1.3425872860691084,-0.010684955964216718,0.15109528698118616,0.14939883139210555,-2.0095780293371446,1.090428527334463,-1.8327417164358244,-1.8874418131833406,-1.1565457453417833,-1.1414052089474052,0.41369818995709984,-1.232443508037734,-1.2519460362718713,-1.2575254205101993,1.0180139940933897,-1.2860490588430924
0.4723804190932358,0.6691914832879408,-0.5056205811857232,-0.7054689621240783,-0.010684955964216718,1.2533178749857135,1.2483925692877829,-2.0095780293371446,1.090428527334463,-1.8233319601692863,-1.8874195817717463,-1.1693153110094365,-1.1539657339502065,0.41369818995709984,-1.2324538840165091,-1.2490516051283334,-1.2546095804705943,0.8484645062741036,-1.2860490588430924
0.4723804190932358,0.6691914832879408,-0.3611575576027617,1.3425872860691084,-0.010684955964216718,0.15109528698118616,0.14939883139210555,-2.0095780293371446,1.090428527334463,-1.8327437232083272,-1.8874439304606352,-1.1565483026646806,-1.141407724406351,0.41369818995709984,-1.2324425428304062,-1.2519454984334695,-1.2575247703786407,1.0180141741036328,-1.2860490588430924
0.4723804190932358,0.6691914832879408,-0.21669453401980013,-0.7054689621240783,-0.010684955964216718,1.2533178749857135,1.2483925692877829,-2.0095780293371446,1.090428527334463,-1.8233332980176218,-1.887421699049041,-1.1693170158913682,-1.1539682494091523,0.41369818995709984,-1.2324531601110134,-1.2490510672899315,-1.2546090386942956,0.8484646862843467,-1.2860490588430924
0.4723804190932358,0.6691914832879408,-0.0722315104368386,1.3425872860691084,-0.010684955964216718,0.15109528698118616,0.14939883139210555,-2.0095780293371446,1.090428527334463,-1.8327450610566627,-1.8874453419788317,-1.1565500075466122,-1.1414094013789815,0.41369818995709984,-1.2324418189249102,-1.251945068162748,-1.257524336957602,1.0180141741036328,-1.2860490588430924
0.4723804190932358,0.6691914832879408,0.07223151314612293,-0.7054689621240783,-0.010684955964216718,1.2533178749857135,1.2483925692877829,-2.0095780293371446,1.090428527334463,-1.823334635865957,-1.8874231105672374,-1.1693187207732998,-1.1539699263817829,0.41369818995709984,-1.2324524362055174,-1.2490507445868904,-1.2546086052732566,0.8484648662945897,-1.2860490588430924
0.4723804190932358,0.6691914832879408,0.21669453672908448,1.3425872860691084,-0.010684955964216718,0.15109528698118616,0.14939883139210555,-2.0095780293371446,1.090428527334463,-1.832746398904998,-1.887446753497028,-1.1565517124285438,-1.1414110783516123,0.41369818995709984,-1.2324410950194142,-1.2519447454597068,-1.2575240118918227,1.0180143541138758,-1.2860490588430924
0.4723804190932358,0.6691914832879408,0.361157560312046,-0.7054689621240783,-0.010684955964216718,1.2533178749857135,1.2483925692877829,-2.0095780293371446,1.090428527334463,-1.8233359737142925,-1.8874241692058846,-1.1693204256552314,-1.1539707648680981,0.41369818995709984,-1.2324517123000214,-1.2490503143161689,-1.254608388562737,0.8484648662945897,-1.2860490588430924
0.4723804190932358,0.6691914832879408,0.5056205838950075,1.3425872860691084,-0.010684955964216718,0.15109528698118616,0.14939883139210555,-2.0095780293371446,1.090428527334463,-1.8327477367533334,-1.8874478121356755,-1.1565534173104755,-1.1414127553242428,0.41369818995709984,-1.2324406124157503,-1.2519444227566656,-1.2575235784707837,1.018014534124119,-1.2860490588430924
0.4723804190932358,0.6691914832879408,0.6500836074779691,-0.7054689621240783,-0.010684955964216718,1.2533178749857135,1.2483925692877829,-2.0095780293371446,1.090428527334463,-1.82333664263846,-1.887425227844532,-1.169322130537163,-1.1539724418407287,0.41369818995709984,-1.2324512296963575,-1.2490499916131277,-1.2546080634969579,0.8484650463048328,-1.2860490588430924
0.4723804190932358,0.6691914832879408,0.7945466310609306,1.3425872860691084,-0.010684955964216718,0.1510953395391796,0.14939883139210555,-2.0095780293371446,1.090428527334463,-1.832748405677501,-1.8874488707743229,-1.1565542697514413,-1.141413593810558,0.41369818995709984,-1.2324401298120864,-1.2519441000536247,-1.257523470115524,1.018014534124119,-1.2860490588430924
0.4723804190932358,0.6691914832879408,0.9390096546438922,-0.7054689621240783,-0.010684955964216718,1.2533178749857135,1.2483925692877829,-2.0095780293371446,1.090428527334463,-1.8233373115626277,-1.8874262864831794,-1.1693229829781286,-1.153973280327044,0.41369818995709984,-1.2324509883945254,-1.2490498840454474,-1.2546077384311787,0.8484650463048328,-1.2860490588430924
0.4723804190932358,0.6691914832879408,1.0834726782268538,1.3425872860691084,-0.010684955964216718,0.1510953395391796,0.14939883139210555,-2.0095780293371446,1.090428527334463,-1.8327490746016686,-1.8874495765334212,-1.156555122192407,-1.1414144322968733,0.41369818995709984,-1.2324398885102543,-1.2519438849182638,-1.2575231450497448,1.0180147141343618,-1.2860490588430924
0.4723804190932358,0.6691914832879408,1.2279357018098151,-0.7054689621240783,-0.010684955964216718,1.2533178749857135,1.2483923596713127,-2.0095780293371446,1.090428527334463,-1.8233379804867953,-1.8874269922422777,-1.1693238354190945,-1.1539741188133592,0.41369818995709984,-1.2324505057908615,-1.2490496689100867,-1.2546075217206591,0.8484652263150758,-1.2860490588430924
0.4723804190932358,0.6691914832879408,1.3723987253927767,1.3425872860691084,-0.010684955964216718,0.1510953395391796,0.14939883139210555,-2.0095780293371446,1.090428527334463,-1.8327497435258362,-1.8874502822925192,-1.156555974633373,-1.1414152707831886,0.41369818995709984,-1.2324394059065904,-1.2519437773505835,-1.2575229283392253,1.0180147141343618,-1.2860490588430924
0.4723804190932358,0.6691914832879408,1.5168617489757383,-0.7054689621240783,-0.010684955964216718,1.2533178749857135,1.2483923596713127,-2.0095780293371446,1.090428527334463,-1.823338649410963,-1.887427698001376,-1.1693246878600603,-1.1539749572996745,0.41369818995709984,-1.2324502644890296,-1.2490494537747259,-1.2546075217206591,0.8484652263150758,-1.2860490588430924
0.4723804190932358,0.6691914832879408,1.6613247725587,1.3425872860691084,-0.010684955964216718,0.1510953395391796,0.14939883139210555,-2.0095780293371446,1.090428527334463,-1.832750412450004,-1.8874509880516175,-1.1565568270743387,-1.1414161092695039,0.41369818995709984,-1.2324391646047583,-1.2519435622152226,-1.2575228199839654,1.0180147141343618,-1.2860490588430924
0.4723804190932358,0.6691914832879408,-1.6613247698494156,-0.7054689621240783,-0.010684955964216718,1.2533178749857135,1.2483923596713127,-2.0095780293371446,1.090428527334463,-1.8233393183351307,-1.887428050880925,-1.1693246878600603,-1.1539757957859897,0.41369818995709984,-1.2324500231871975,-1.2490493462070456,-1.2546073050101398,0.8484652263150758,0.8374161036205434
0.4723804190932358,0.6691914832879408,-1.516861746266454,-0.7054689621240783,-0.010684955964216718,1.301610682171772,1.296544407151088,-2.0095780293371446,1.090428527334463,-1.8552082035310076,-1.8872759597952562,-1.1250054296072591,-1.1103820537685907,0.41369818995709984,-1.2325219311331277,-1.2590708891492082,-1.2647021144285626,0.7822723997662245,0.7711930162663692
0.4723804190932358,0.6691914832879408,-1.3723987226834924,-0.7054689621240783,-0.010684955964216718,1.3168176017710804,1.3117068049152831,-2.0095780293371446,1.090428527334463,-1.9282500401708083,-1.8862737818757673,-1.023471186171065,-1.010509948756331,0.41369818995709984,-1.2329960892329692,-1.2817707891711227,-1.2875682165362476,0.744867351318935,0.7337707807024497
0.4723804190932358,0.6691914832879408,-1.2279356991005308,-0.7054689621240783,-0.010684955964216718,1.3227488764504192,1.3176207143924479,-2.0095780293371446,1.090428527334463,-2.0170236353857454,-1.8840280564251943,-0.8973346440209763,-0.8864391286852699,0.41369818995709984,-1.234058541199179,-1.30947613606394,-1.315476305590157,0.7183991852094991,0.7072904796248924
0.4723804190932358,0.6691914832879408,-1.0834726755175694,-0.7054689621240783,-0.010684955964216718,1.326214760771958,1.3210766611386293,-2.0095780293371446,1.090428527334463,-2.105212590878143,-1.880720869290881,-0.7692127668615442,-0.760414635499621,0.41369818995709984,-1.2356221770704119,-1.3370675687832398,-1.343269646424002,0.6981786346060935,0.6870608098489546
0.4723804190932358,0.6691914832879408,-0.9390096519346078,-0.7054689621240783,-0.010684955964216718,1.3285805011741345,1.3234354752791508,-2.0095780293371446,1.090428527334463,-2.1856547355848175,-1.8767428581336987,-0.6498480157437544,-0.6430030737444642,0.41369818995709984,-1.2375016770397074,-1.362284875228977,-1.3686716950306432,0.6821159605969858,0.670990714418956
0.4723804190932358,0.6691914832879408,-0.7945466283516462,-0.7054689621240783,-0.010684955964216718,1.3303525464820474,1.325202332507486,-2.0095780293371446,1.090428527334463,-2.2560516460656723,-1.8724578417687856,-0.5433465987998557,-0.5382451089731041,0.41369818995709984,-1.239524510297199,-1.3843949816593937,-1.3909436852491734,0.6690889793269131,0.6579579278820537
0.4723804190932358,0.6691914832879408,-0.6500836047686848,-0.7054689621240783,-0.010684955964216718,1.3317497481805156,1.326595443569239,-2.0095780293371446,1.090428527334463,-2.31642706912866,-1.8681156589169157,-0.4505379410895695,-0.446956588370302,0.41369818995709984,-1.2415726802470488,-1.4033681993947067,-1.4100557110279044,0.658397450950356,0.647261469753644
0.4723804190932358,0.6691914832879408,-0.5056205811857232,1.9163534207009232,-0.010684955964216718,-0.13397075521775959,-0.1348319840466341,-2.0095780293371446,1.090428527334463,-2.3380022147704302,-1.8641164749867865,-0.41122933083372853,-0.40829146891408225,0.41369818995709984,-1.2434572475548158,-1.4113226142230977,-1.4180683657751623,0.9617730338323446,0.9507755694249568
0.4723804190932358,0.6691914832879408,-0.3611575576027617,-0.7054689621240783,-0.010684955964216718,1.2336241845996596,1.2287565368139983,-2.0095780293371446,1.090428527334463,-2.276552833956257,-1.8613858930357283,-0.49000936756987784,-0.48578185871273905,0.41369818995709984,-1.2447431450174393,-1.3953320331292305,-1.401960706283244,0.7642951368118855,0.7532074675858366
0.4723804190932358,0.6691914832879408,-0.21669453401980013,1.6334754849510589,-0.010684955964216718,-0.0010536394879962611,-0.0023043288715090394,-2.0095780293371446,1.090428527334463,-2.2127488400719044,-1.8605640365658376,-0.5745885601963506,-0.5689756324278881,0.41369818995709984,-1.245130193155936,-1.3779467294916172,-1.3844482208487958,0.9892424169137038,0.9782574468277825
0.4723804190932358,0.6691914832879408,-0.0722315104368386,-0.7054689621240783,-0.010684955964216718,1.2405788685278916,1.2356908592686855,-2.0095780293371446,1.090428527334463,-2.131100625090931,-1.8612175694908002,-0.6911624195921179,-0.6836419899868384,0.41369818995709984,-1.244822533320161,-1.35360932667135,-1.359932626622088,0.8001819788691714,0.7891107413454975
0.4723804190932358,0.6691914832879408,0.07223151314612293,1.5117518866496023,-0.010684955964216718,0.06193012547545287,0.06049487908841258,-2.0095780293371446,1.090428527334463,-2.07722948617223,-1.8629036279764755,-0.7695068589947445,-0.7607030747920751,0.41369818995709984,-1.2440284089911133,-1.337004856825581,-1.343206692018093,1.001057929247954,0.9900784243655771
0.4723804190932358,0.6691914832879408,0.21669453672908448,-0.7054689621240783,-0.010684955964216718,1.2455380305599661,1.240635502187086,-2.0095780293371446,1.090428527334463,-2.015632273117003,-1.865023022548465,-0.8610658382491708,-0.8507623744566859,0.41369818995709984,-1.2430301433122104,-1.317342560529784,-1.3234004340902075,0.8193257081985666,0.8082632247994352
0.4723804190932358,0.6691914832879408,0.361157560312046,1.4440805206132372,-0.010684955964216718,0.09749669779610307,0.09595721709201632,-2.0095780293371446,1.090428527334463,-1.982824218389725,-1.86735167469308,-0.9115141470460594,-0.9003848330809033,0.41369818995709984,-1.2419327025803635,-1.3063887285018088,-1.3123665096356174,1.0076144423310827,0.9966378477134691
0.4723804190932358,0.6691914832879408,0.5056205838950075,-0.7054689621240783,-0.010684955964216718,1.2485895476609694,1.2436778756373243,-2.0095780293371446,1.090428527334463,-1.9401261198435256,-1.8695892839140233,-0.9760865502052543,-0.9639001714628921,0.41369818995709984,-1.2408777309709453,-1.292242502855656,-1.2981166010719425,0.8306044299879994,0.8195469410596411
0.4723804190932358,0.6691914832879408,0.6500836074779691,1.4040632927057868,-0.010684955964216718,0.11861859909677391,0.11701722665280871,-2.0095780293371446,1.090428527334463,-1.9232364535341622,-1.8717362030908438,-1.003784914506927,-0.9911442688187677,0.41369818995709984,-1.2398649871821235,-1.2861307223920935,-1.291960396989811,1.0115235447694657,1.0005486672192128
0.4723804190932358,0.6691914832879408,0.7945466310609306,-0.7054689621240783,-0.010684955964216718,1.250447157382255,1.2455300467690802,-2.0095780293371446,1.090428527334463,-1.8934071181254946,-1.873635047944636,-1.0490861847523276,-1.0357056240439926,0.41369818995709984,-1.2389687921781483,-1.2760778772549415,-1.2818337311250245,0.837441039009336,0.8263868795444587
0.4723804190932358,0.6691914832879408,0.9390096546438922,1.3799645072127922,-0.010684955964216718,0.13135245487123565,0.12971385347250097,-2.0095780293371446,1.090428527334463,-1.8868142015289924,-1.8753810959536608,-1.0615198886794566,-1.0479341084659455,0.41369818995709984,-1.2381445051201032,-1.2733063959700726,-1.2790420662130817,1.013914980848574,1.0029413445412585
0.4723804190932358,0.6691914832879408,1.0834726782268538,-0.7054689621240783,-0.010684955964216718,1.251575472386119,1.246655267981763,-2.0095780293371446,1.090428527334463,-1.8650474091131861,-1.8768723649282242,-1.0944181428724968,-1.080295487803937,0.41369818995709984,-1.2374403863743844,-1.2659470455495174,-1.271628724407446,0.8416241170376627,0.8305718621277819
0.4723804190932358,0.6691914832879408,1.2279357018098151,1.3653541374666764,-0.010684955964216718,0.13907406504021566,0.1374128044068013,-2.0095780293371446,1.090428527334463,-1.8647851908394617,-1.878236950144655,-1.097249099319912,-1.083079262370646,0.41369818995709984,-1.2367958691811647,-1.2653120735322623,-1.27098921166446,1.0153966451592358,1.0044236283254222
0.4723804190932358,0.6691914832879408,1.3723987253927767,-0.7054689621240783,-0.010684955964216718,1.2522608286209982,1.2473386176750092,-2.0095780293371446,1.090428527334463,-1.8479149233309604,-1.8793686348586693,-1.1224267956857201,-1.1078447941785723,0.41369818995709984,-1.2362611443214961,-1.2596519697585955,-1.2652874495416784,0.8441962834008075,0.8331450608783387
0.4723804190932358,0.6691914832879408,1.5168617489757383,1.3564663838091684,-0.010684955964216718,0.14377206640272633,0.14209705126494585,-2.0095780293371446,1.090428527334463,-1.8515043704146488,-1.8804177457581905,-1.119317943483455,-1.1047868345867689,0.41369818995709984,-1.2357655103586083,-1.2603520202224778,-1.2659928422825861,1.0163217177983428,1.0053491848436789
0.4723804190932358,0.6691914832879408,1.6613247725587,-0.7054689621240783,-0.010684955964216718,1.252678980017064,1.2477555448344777,-2.0095780293371446,1.090428527334463,-1.8376322210256202,-1.8812858294490156,-1.1397978376867508,-1.1249314683112213,0.41369818995709984,-1.2353552972442416,-1.255733817000926,-1.2613406092056467,0.8457863138777939,0.8347359443868053
-1.4740224305825376,-1.5323655569553345,-1.6613247698494156,0.5949831199231026,-0.010684955964216718,0.5587672498445403,0.5558771862602554,0.9173696987082818,0.5520885639459927,0.15978270178672205,1.3453607823331373,0.04011258732731293,0.03567110378339344,-1.9502379500566005,1.189380639520796,1.669836448922802,1.685644416127477,0.913937471860941,0.8347359443868053
-1.4740224305825376,-1.5323655569553345,-1.516861746266454,-0.7054689621240783,-0.010684955964216718,-0.6991224441542135,-0.6983308925851475,0.8567073406949159,0.6717197683338367,0.1746742916072714,1.2554202543726996,0.02201441318245662,0.017865008392239475,-1.287901452765391,1.2649578211080514,1.6799542649389005,1.695838478963822,-1.2740310493992413,0.8347359443868053
-1.4740224305825376,-1.5323655569553345,-1.3723987226834924,-0.7054689621240783,-0.010684955964216718,-0.6991224441542135,-0.6983308925851475,0.8263764509477938,0.7315353705277589,0.15979741811841067,1.1534902908515035,0.021257445604828038,0.017117917085330538,-0.23676100087263854,1.3512927209686572,1.6777039490654497,1.6935734206142157,-1.2740310493992413,0.8347359443868053
-1.4740224305825376,-1.5323655569553345,-1.2279356991005308,-0.7054689621240783,-0.010684955964216718,-0.6991224441542135,-0.6983308925851475,0.8112108614444523,0.7315353705277589,0.12240790176679782,1.0705029015268435,-0.04469250215509629,-0.047753253668455904,0.41369818995709984,1.4201916330540227,1.7120576240115413,1.7281790566279178,-1.2740310493992413,0.8347359443868053
-1.4740224305825376,-1.5323655569553345,-1.0834726755175694,-0.7054689621240783,-0.010684955964216718,-0.6991224441542135,-0.6983308925851475,0.7960452719411109,0.7315353705277589,0.07487615718505428,1.0001556576515112,-0.13846186083383677,-0.13998758683488685,0.41369818995709984,1.4764868678513878,1.7605345051201855,1.7770113048244511,-1.2740310493992413,0.8347359443868053
-1.4740224305825376,-1.5323655569553345,-0.9390096519346078,-0.7054689621240783,-0.010684955964216718,-0.6991224441542135,-0.6983308925851475,0.7808796824377694,0.7315353705277589,0.02451954584326313,0.938259173218404,-0.2319575859625561,-0.23195360438043017,0.41369818995709984,1.5254571442371556,1.8090389235550057,1.8258712919674775,-1.2740310493992413,0.8347359443868053
-1.4740224305825376,-1.5323655569553345,-0.7945466283516462,-0.7054689621240783,-0.010684955964216718,-0.6991224441542135,-0.6983308925851475,0.8112108614444523,0.7315353705277589,-0.01675909561915172,0.893977024358961,-0.3050151864953038,-0.30381439705833885,0.41369818995709984,1.5611094899122606,1.8498608582574236,1.8669916796177912,-1.2740310493992413,0.8347359443868053
-1.4740224305825376,-1.5323655569553345,-0.6500836047686848,-0.7054689621240783,-0.010684955964216718,-0.6991224441542135,-0.6983308925851475,0.7808796824377694,0.7913509727216809,-0.024653069721761674,0.8921554601264252,-0.3350040596720757,-0.33331318411598565,0.41369818995709984,1.559514967406534,1.8658333679809878,1.883081568847112,-1.2740310493992413,0.8347359443868053
-1.4740224305825376,-1.5323655569553345,-0.5056205811857232,-0.7054689621240783,-0.010684955964216718,-0.6991224441542135,-0.6983308925851475,0.7505487926906471,0.851166574915603,-0.002482247108686147,0.9282670359056411,-0.3137100843464429,-0.3227792805372012,0.41369818995709984,1.5236633064182132,1.8488931794047676,1.8729204460097282,-1.2740310493992413,0.8347359443868053
-1.4740224305825376,-1.5323655569553345,-0.3611575576027617,-0.500600961202035,-0.010684955964216718,-0.6991224441542135,-0.6983308925851475,0.6595555449301591,1.0904289836912913,0.04072490272910575,0.9826006058420985,-0.2629369955415853,-0.28984102261430134,0.41369818995709984,1.4672691378697362,1.81009781980062,1.8449730239965332,-1.2740310493992413,0.8347359443868053
-1.4740224305825376,-1.5323655569553345,-0.21669453401980013,-0.21907023175797902,-0.010684955964216718,-0.6991224441542135,-0.6983308925851475,0.6747211344335006,1.030613381497369,0.1332377840412877,1.0663551553065362,-0.1736634105164632,-0.2192253821145742,0.41369818995709984,1.3907325401985269,1.7514407334212596,1.796827748146752,-0.919187432848495,0.8347359443868053
-1.4740224305825376,-1.5323655569553345,-0.0722315104368386,-0.7054689621240783,-0.010684955964216718,-0.6991224441542135,-0.6983308925851475,0.689886723936842,0.9707977793034471,0.22307898222781725,1.142073225919411,-0.09686615146675992,-0.14790876705527822,0.41369818995709984,1.3214398235233693,1.699559120093377,1.7469240831419093,-1.2740310493992413,0.8347359443868053
-1.4740224305825376,-1.5323655569553345,0.07223151314612293,-0.6696892399763889,-0.010684955964216718,-0.6991224441542135,-0.6983308925851475,0.6595555449301591,1.0904289836912913,0.27872544588750003,1.1876405620967339,-0.06727622066198143,-0.10761111474322042,0.41369818995709984,1.2799918904477587,1.6796956722352783,1.7195964532144272,-1.2740310493992413,0.8347359443868053
-1.4740224305825376,-1.5323655569553345,0.21669453672908448,-0.27400053762847787,-0.010684955964216718,-0.6991224441542135,-0.6983308925851475,0.6595555449301591,1.0904289836912913,0.30845109805017956,1.214964731343868,-0.05724384293550533,-0.07706421979148138,0.41369818995709984,1.2503846382674266,1.6695808681142301,1.69617264658486,-0.9616219674869994,0.8347359443868053
-1.4740224305825376,-1.5323655569553345,0.361157560312046,-0.39129571072078845,-0.010684955964216718,-0.6991224441542135,-0.6983308925851475,0.7202176136839643,0.851166574915603,0.3143255900906101,1.214144639271723,-0.0763163571042687,-0.07155201075487157,0.41369818995709984,1.2459152457354856,1.6746709707495884,1.6858788969095546,-1.058083876427588,0.8347359443868053
-1.4740224305825376,-1.5323655569553345,0.5056205838950075,-0.4286632437662566,-0.010684955964216718,-0.6991224441542135,-0.6983308925851475,0.6595555449301591,0.7315353705277589,0.2890743716854391,1.1772898991620693,-0.1310950660074109,-0.10515854227104462,0.41369818995709984,1.2524043346011027,1.670250369356886,1.6685710945607555,-1.0865537901918187,0.8347359443868053
-1.4740224305825376,-1.5323655569553345,0.6500836074779691,0.01870417966890834,-0.010684955964216718,-0.6991224441542135,-0.6983308925851475,0.6595555449301591,0.7315353705277589,0.24028973213765975,1.1090288791811096,-0.2186023933513996,-0.18306733674102305,0.41369818995709984,1.2774196129188475,1.6741021528557638,1.6672257556558228,-0.7527369113686813,0.8347359443868053
-1.4740224305825376,-1.5323655569553345,0.7945466310609306,-0.12547562295492368,-0.010684955964216718,-0.6991224441542135,-0.6983308925851475,0.6595555449301591,0.7315353705277589,0.17603354551596587,1.0101880232328733,-0.3430093327818843,-0.3113842515126305,0.41369818995709984,1.3244319662399262,1.7002096894242869,1.6971370083965467,-0.8723066452063041,0.8347359443868053
-1.4740224305825376,-1.5323655569553345,0.9390096546438922,0.3057388477809681,-0.010684955964216718,-0.6991224441542135,-0.6983308925851475,0.507900228415866,0.7315353705277589,0.0654215829992828,0.8603913603923159,-0.5198865709801302,-0.4981008996567414,0.41369818995709984,1.409721063960729,1.7396319534696616,1.7448588318912637,-0.5684988577307183,0.8347359443868053
-1.4740224305825376,-1.5323655569553345,1.0834726782268538,-0.7054689621240783,-0.010684955964216718,-0.6991224441542135,1.309826335560034,0.507900228415866,1.0904289836912913,0.007297424222570317,0.7322911437495941,-0.6749089276972483,-0.650116791643247,0.41369818995709984,1.486939580609115,1.8039539841683057,1.8091624774945214,-0.08304799927862258,0.8347359443868053
-1.4740224305825376,-1.5323655569553345,1.2279357018098151,0.38544130682275635,-0.010684955964216718,-0.6991224441542135,-0.6983308925851475,0.47756904940918316,0.851166574915603,-0.03835464344803569,0.6557508637872798,-0.7684813725128895,-0.5043610384865754,0.41369818995709984,1.5209723083879676,1.8183646111728207,1.669175716910105,-0.5384674788649474,0.8347359443868053
-1.4740224305825376,-1.5323655569553345,1.3723987253927767,0.37725414619362124,-0.010684955964216718,0.6969685987960046,0.3601211858063442,0.507900228415866,1.0904289836912913,-0.054674386366548956,0.5985660270939667,-0.8143299098583323,-0.3830077525633167,0.41369818995709984,1.5463196180265175,1.8305559017958333,1.5758506319591086,0.8947190382806741,0.8347359443868053
-1.4740224305825376,-1.5323655569553345,1.5168617489757383,0.919177026968994,-0.010684955964216718,0.821057600920215,-0.6983308925851475,0.6595555449301591,0.7315353705277589,0.004951507166570561,0.5720873572465138,-0.5567282170809519,-0.2792945417407877,0.41369818995709984,1.551118628860944,1.665952825390533,1.511339377678189,0.7972263906882998,0.8347359443868053
-1.4740224305825376,-1.5323655569553345,1.6613247725587,0.3530089627720345,-0.010684955964216718,0.2187145092949139,0.4806853477667245,0.689886723936842,0.6717197683338367,0.0990785024953272,0.5544567892135903,-0.2390004532219788,-0.20552451572300068,0.41369818995709984,1.5610370993626665,1.4828782269111898,1.4769937942878628,0.7360749310067055,0.8347359443868053
-1.4740224305825376,-1.5323655569553345,-1.6613247698494156,0.24766139011649696,-0.010684955964216718,-0.6991224441542135,-0.6983308925851475,0.9173696987082818,0.5520885639459927,0.1703282912899545,0.5614063990538769,-0.10148041441462424,-0.12579369048993233,0.41369818995709984,1.6135405171722914,1.4855622556719137,1.5135459241875355,-0.635771160704665,0.8347359443868053
-1.4740224305825376,-1.5323655569553345,-1.516861746266454,-0.7054689621240783,-0.010684955964216718,-0.6991224441542135,-0.6983308925851475,0.8567073406949159,0.6717197683338367,0.18279569992688732,0.5610245833817336,-0.0722007721213962,-0.12037371494800261,0.41369818995709984,1.6263425445661799,1.4968254523486484,1.539265562060475,-1.2740310493992413,0.8347359443868053
-1.4740224305825376,-1.5323655569553345,-1.3723987226834924,-0.7054689621240783,-0.010684955964216718,-0.6991224441542135,-0.6983308925851475,0.8263764509477938,0.7315353705277589,0.14889395418547768,0.5551032645475705,-0.12353732440464624,-0.17813619872089795,0.41369818995709984,1.6529861276461284,1.5697894704886421,1.6177940861624076,-1.2740310493992413,0.8347359443868053
-1.4740224305825376,-1.5323655569553345,-1.2279356991005308,-0.7054689621240783,-0.010684955964216718,-0.6991224441542135,-0.6983308925851475,0.8112108614444523,0.7315353705277589,0.08736697816785537,0.5485241782338556,-0.20736125433542202,-0.2599615627695202,0.41369818995709984,1.6787619893382755,1.6558345791037128,1.7047474484196496,-1.2740310493992413,0.8347359443868053
-1.4740224305825376,-1.5323655569553345,-1.0834726755175694,-0.7054689621240783,-0.010684955964216718,-0.6991224441542135,-0.6983308925851475,0.7960452719411109,0.7315353705277589,0.03157402011545401,0.5404820533095066,-0.29803369498541854,-0.34544105018010557,0.41369818995709984,1.7009352146789551,1.7350753865289648,1.7827849064844403,-1.2740310493992413,0.8347359443868053
-1.4740224305825376,-1.5323655569553345,-0.9390096519346078,-0.7054689621240783,-0.010684955964216718,-0.6991224441542135,-0.6983308925851475,0.7808796824377694,0.7315353705277589,-0.026681247798120745,0.5313121253461836,-0.385913539031461,-0.4270408614099192,0.41369818995709984,1.717664188086493,1.8012381153741905,1.8467322799936727,-1.2740310493992413,0.8347359443868053
-1.4740224305825376,-1.5323655569553345,-0.7945466283516462,-0.7054689621240783,-0.010684955964216718,-0.6991224441542135,-0.6983308925851475,0.8112108614444523,0.7315353705277589,-0.07521972325219951,0.5338380371587544,-0.45937775390489427,-0.4940535262129149,0.41369818995709984,1.7230630752752225,1.8581439999170415,1.9009281135473388,-1.2740310493992413,0.8347359443868053
-1.4740224305825376,-1.5323655569553345,-0.6500836047686848,-0.7054689621240783,-0.010684955964216718,-0.6991224441542135,-0.6983308925851475,0.7808796824377694,0.7913509727216809,-0.08871259263816217,0.5721988671840343,-0.5003776070368784,-0.5293848240796061,0.41369818995709984,1.6950295936430666,1.8945857786745781,1.9344831369626014,-1.2740310493992413,0.8347359443868053
-1.4740224305825376,-1.5323655569553345,-0.5056205811857232,-0.7054689621240783,-0.010684955964216718,-0.6991224441542135,-0.6983308925851475,0.7505487926906471,0.851166574915603,-0.07030379954403236,0.6440994868345744,-0.4745068761658763,-0.5083161784357219,0.41369818995709984,1.6355240792730343,1.8860281242946424,1.9287628460904043,-1.2740310493992413,0.8347359443868053
-1.4740224305825376,-1.5323655569553345,-0.3611575576027617,-0.7054689621240783,-0.010684955964216718,-0.6991224441542135,-0.6983308925851475,0.6595555449301591,1.0904289836912913,-0.032518949009329716,0.7298689785244634,-0.4158359218129007,-0.4629800618551839,0.41369818995709984,1.5589594905893152,1.8517260818351309,1.9022782200837,-1.2740310493992413,0.8347359443868053
-1.4740224305825376,-1.5323655569553345,-0.21669453401980013,0.32441328502393896,-0.010684955964216718,-0.6991224441542135,-0.6983308925851475,0.6747211344335006,1.030613381497369,0.04136038068838712,0.8362494589191078,-0.32307500079669915,-0.3840323828405813,0.41369818995709984,1.4696782953602285,1.7986835981006384,1.8565523004733948,-0.5703855000857138,0.8347359443868053
-1.4740224305825376,-1.5323655569553345,-0.0722315104368386,-0.7054689621240783,-0.010684955964216718,-0.6991224441542135,-0.6983308925851475,0.689886723936842,0.9707977793034471,0.135084014744042,0.9382902266187262,-0.23663919174671846,-0.3000068307006806,0.41369818995709984,1.3843206679191435,1.747217626289726,1.8048508049989451,-1.2740310493992413,0.8347359443868053
-1.4740224305825376,-1.5323655569553345,0.07223151314612293,-0.34661202641330996,-0.010684955964216718,-0.6991224441542135,-0.6983308925851475,0.6595555449301591,1.0904289836912913,0.20695857871126802,1.0059259440386528,-0.19718992873152086,-0.2478873598295778,0.41369818995709984,1.3308259821837432,1.7269686558651625,1.775594018027051,-1.0374811190755961,0.8347359443868053
-1.4740224305825376,-1.5323655569553345,0.21669453672908448,-0.42301898465719867,-0.010684955964216718,-0.6991224441542135,-0.6983308925851475,0.6595555449301591,1.0904289836912913,0.27045085393348894,1.0539323836594638,-0.1762829616043603,-0.20455690251517472,0.41369818995709984,1.290246253099598,1.7150548898575182,1.748790827556711,-1.0821118461833255,0.8347359443868053
-1.4740224305825376,-1.5323655569553345,0.361157560312046,0.019415896069306705,-0.010684955964216718,-0.6991224441542135,-0.6983308925851475,0.7202176136839643,0.851166574915603,0.2860655507792837,1.0721310877664636,-0.1835142183172243,-0.1855693799058,0.41369818995709984,1.277722205416151,1.7180775416760634,1.7350405450956974,-0.7521334270288085,0.8347359443868053
-1.4740224305825376,-1.5323655569553345,0.5056205838950075,-0.7054689621240783,-0.010684955964216718,-0.6991224441542135,-0.6983308925851475,0.6595555449301591,0.7315353705277589,0.2734255597070934,1.051695833077168,-0.22758541624897843,-0.20718136468198164,0.41369818995709984,1.2786854823294167,1.7117874139984386,1.7147620749458647,-1.2740310493992413,0.8347359443868053
-1.4740224305825376,-1.5323655569553345,0.6500836074779691,-7.117526380893267e-05,-0.010684955964216718,-0.6991224441542135,-0.6983308925851475,0.6595555449301591,0.7315353705277589,0.22766646416966108,0.9993588556296077,-0.3018006316132797,-0.27252292625863667,0.41369818995709984,1.298608326785047,1.7116239111242681,1.7096715448432769,-0.7800745269521174,0.8347359443868053
-1.4740224305825376,-1.5323655569553345,0.7945466310609306,0.3119939504529845,-0.010684955964216718,-0.6991224441542135,-0.6983308925851475,0.6595555449301591,0.7315353705277589,0.16390728820454198,0.9133359964234535,-0.41742572421411384,-0.39109579156044755,0.41369818995709984,1.3438524202813733,1.7363468365110006,1.737563488963485,-0.5485343266955108,0.8347359443868053
-1.4740224305825376,-1.5323655569553345,0.9390096546438922,-0.7054689621240783,-0.010684955964216718,-0.6991224441542135,-0.6983308925851475,0.507900228415866,0.7315353705277589,0.08165302792766435,0.776609286323047,-0.5816237554870811,-0.5636537597848454,0.41369818995709984,1.4247324509282302,1.7706329589538166,1.7791541384410705,-1.2740310493992413,0.8347359443868053
-1.4740224305825376,-1.5323655569553345,1.0834726782268538,1.7734674277119469,-0.010684955964216718,-0.6991224441542135,-0.6983308925851475,0.507900228415866,1.0904289836912913,-0.01861736695692398,0.6774261372121684,-0.7168106633710467,-0.701477432399027,0.41369818995709984,1.4834585603809658,1.8248010308957558,1.8368242750430417,0.48591595629203965,0.8347359443868053
-1.4740224305825376,-1.5323655569553345,1.2279357018098151,-0.7054689621240783,-0.010684955964216718,1.1298583073913278,1.1245107026433978,0.47756904940918316,0.851166574915603,0.012684270544773347,0.6048988034823988,-0.7680602666757853,-0.7545703858821626,0.41369818995709984,1.5182291891620143,1.8130167763752834,1.826739000887476,0.873541193204653,0.8347359443868053
-1.4740224305825376,-1.5323655569553345,1.3723987253927767,1.0406286408835075,-0.010684955964216718,-0.6991224441542135,-0.6983308925851475,0.507900228415866,1.0904289836912913,0.03779969734390845,0.5420008468889009,-0.5903800290877577,-0.5819176687041389,0.41369818995709984,1.5597234521893653,1.6934337861020874,1.7077376201674361,-0.06256616380740934,0.8347359443868053
-1.4740224305825376,-1.5323655569553345,1.5168617489757383,-0.7054689621240783,-0.010684955964216718,0.921769543359844,0.9172718071370702,0.6595555449301591,0.7315353705277589,0.07815656130328148,0.529043109845369,-0.391313752549791,-0.387311702819617,0.41369818995709984,1.5608035191893095,1.5760567938180274,1.5903039233453156,0.6651564755569319,0.8347359443868053
-1.4740224305825376,-1.5323655569553345,1.6613247725587,0.5605465954063231,-0.010684955964216718,-0.6991224441542135,-0.6983308925851475,0.689886723936842,0.6717197683338367,0.08131321445049072,0.5156252178697899,-0.2634297064198165,-0.26184899546520146,0.41369818995709984,1.5697722256803572,1.5067294238161608,1.5206887029096001,-0.40143796651923447,0.8347359443868053
-1.4740224305825376,-1.5323655569553345,-1.6613247698494156,-0.7054689621240783,-0.010684955964216718,-0.6991224441542135,0.9685431573116916,0.9173696987082818,0.5520885639459927,0.09356656735377089,0.5239517637107263,-0.20919826461671662,-0.16374274263290828,0.41369818995709984,1.6180948479490895,1.5444138244173926,1.5310622020560745,-0.30588339920881125,0.8347359443868053
-1.4740224305825376,-1.5323655569553345,-1.516861746266454,-0.7054689621240783,-0.010684955964216718,-0.6991224441542135,-0.6983308925851475,0.8567073406949159,0.6717197683338367,0.06697214921992935,0.5273514052869078,-0.2369170875015686,-0.012724649361578522,0.41369818995709984,1.6340328339513954,1.6011488914838077,1.478431451874094,-1.2740310493992413,0.8347359443868053
-1.4740224305825376,-1.5323655569553345,-1.3723987226834924,-0.7054689621240783,-0.010684955964216718,-0.6991224441542135,-0.6983308925851475,0.8263764509477938,0.7315353705277589,0.01732459749586268,0.5245481301487319,-0.302343636508493,0.004211935720636536,0.41369818995709984,1.6506411564429428,1.6666537363958582,1.4926168890582234,-1.2740310493992413,0.8347359443868053
-1.4740224305825376,-1.5323655569553345,-1.2279356991005308,-0.7054689621240783,-0.010684955964216718,-0.6991224441542135,-0.6983308925851475,0.8112108614444523,0.7315353705277589,-0.029062617835006722,0.521342572324564,-0.3820349326370803,-0.05280513371798042,0.41369818995709984,1.6744504082044496,1.7515556157039003,1.5611832305796551,-1.2740310493992413,0.8347359443868053
-1.4740224305825376,-1.5323655569553345,-1.0834726755175694,-0.7054689621240783,-0.010684955964216718,-0.6991224441542135,-0.6983308925851475,0.7960452719411109,0.7315353705277589,-0.07891151573354044,0.5161728869300176,-0.46096670386514166,-0.1430396770224834,0.41369818995709984,1.6964947783668518,1.8275835916517036,1.6420444267132719,-1.2740310493992413,0.8347359443868053
-1.4740224305825376,-1.5323655569553345,-0.9390096519346078,-0.5207521942775252,-0.010684955964216718,-0.6991224441542135,-0.6983308925851475,0.7808796824377694,0.7315353705277589,-0.12997785561722372,0.5094766446059963,-0.5343789198396612,-0.24093043887175125,0.41369818995709984,1.7131088921023667,1.8881592551782374,1.7166314198869004,-1.2740310493992413,0.8347359443868053
-1.4740224305825376,-1.5323655569553345,-0.7945466283516462,-0.7054689621240783,-0.010684955964216718,-0.6991224441542135,-0.6983308925851475,0.8112108614444523,0.7315353705277589,-0.16588369816495652,0.5128297060816945,-0.5987706055141069,-0.33815963501826807,0.41369818995709984,1.7195786768214254,1.9419938673110133,1.7905626470285818,-1.2740310493992413,0.8347359443868053
-1.4740224305825376,-1.5323655569553345,-0.6500836047686848,-0.22651863004586373,-0.010684955964216718,-0.6991224441542135,-0.6983308925851475,0.7808796824377694,0.7913509727216809,-0.16037644549257385,0.5528398951195418,-0.6233183480061906,-0.38781898704035767,0.41369818995709984,1.691613724909552,1.9694244863481523,1.8339294559238264,-0.9305607275193776,0.8347359443868053
-1.4740224305825376,-1.5323655569553345,-0.5056205811857232,-0.7054689621240783,-0.010684955964216718,-0.6991224441542135,-0.6983308925851475,0.7505487926906471,0.851166574915603,-0.11575050749516533,0.6292778400126127,-0.5806775460150454,-0.39374792377565854,0.41369818995709984,1.6293737781795177,1.9505175303039504,1.8470928862980878,-1.2740310493992413,0.8347359443868053
-1.4740224305825376,-1.5323655569553345,-0.3611575576027617,0.2277660730891271,-0.010684955964216718,-0.6991224441542135,-0.6983308925851475,0.6595555449301591,1.0904289836912913,-0.04818180839519634,0.715621113849364,-0.5061793202500992,-0.37396048522151265,0.41369818995709984,1.5536875281642073,1.9060709950436072,1.83869665393135,-0.5913810397880715,0.8347359443868053
-1.4740224305825376,-1.5323655569553345,-0.21669453401980013,-0.7054689621240783,-0.010684955964216718,-0.6991224441542135,-0.6983308925851475,0.6747211344335006,1.030613381497369,0.07460591182131777,0.851444452304034,-0.3712004079617883,-0.2936234343825013,0.41369818995709984,1.4392337258229246,1.8253530682314418,1.793044849318707,-1.2740310493992413,0.8347359443868053
-1.4740224305825376,-1.5323655569553345,-0.0722315104368386,0.11099533559119881,-0.010684955964216718,-0.6991224441542135,-0.6983308925851475,0.689886723936842,0.9707977793034471,0.16065631674969202,0.9297893582805267,-0.29659051243032264,-0.23837137863753569,0.41369818995709984,1.3732598745448255,1.7791067105430594,1.7587075009281212,-0.6942142762742364,0.8347359443868053
-1.4740224305825376,-1.5323655569553345,0.07223151314612293,-0.7054689621240783,-0.010684955964216718,-0.6991224441542135,-0.6983308925851475,0.6595555449301591,1.0904289836912913,0.25956076848390924,1.0030372720495908,-0.24119378382697693,-0.1901458382145643,0.41369818995709984,1.3158097691796025,1.7490806985138259,1.7327434135892081,-1.2740310493992413,0.8347359443868053
-1.4740224305825376,-1.5323655569553345,0.21669453672908448,0.029997227969986093,-0.010684955964216718,-0.6991224441542135,-0.6983308925851475,0.6595555449301591,1.0904289836912913,0.30184680974282696,1.0463546482217512,-0.2164764055826995,-0.15925935630513938,0.41369818995709984,1.2805256501000992,1.7355095296869594,1.7149618820448254,-0.756692231436971,0.8347359443868053
-1.4740224305825376,-1.5323655569553345,0.361157560312046,-0.7054689621240783,-0.010684955964216718,-0.6991224441542135,-0.6983308925851475,0.7202176136839643,0.851166574915603,0.3180648761878552,1.0638934675719045,-0.21771585474696975,-0.14904323903984365,0.41369818995709984,1.2700237117686481,1.735713478008951,1.707838607269514,-1.2740310493992413,0.8347359443868053
-1.4740224305825376,-1.5323655569553345,0.5056205838950075,-0.017493022141647108,-0.010684955964216718,-0.6991224441542135,-0.6983308925851475,0.6595555449301591,0.7315353705277589,0.29650545026402514,1.0432634233714968,-0.2559674382052212,-0.17785195186002015,0.41369818995709984,1.2725969545048872,1.7265930295252918,1.6930611169461647,-0.7930215836742694,0.8347359443868053
-1.4740224305825376,-1.5323655569553345,0.6500836074779691,-0.16762329057138095,-0.010684955964216718,-0.6991224441542135,-0.6983308925851475,0.6595555449301591,0.7315353705277589,0.25358660674249667,0.9906709611303768,-0.3286900294384103,-0.24983600202627407,0.41369818995709984,1.2941225257285314,1.7262156821025354,1.6928799469518794,-0.9035065605649265,0.8347359443868053
-1.4740224305825376,-1.5323655569553345,0.7945466310609306,0.26461672815386733,-0.010684955964216718,-0.6991224441542135,-0.6983308925851475,0.6595555449301591,0.7315353705277589,0.19139672687471876,0.9061125520530532,-0.43966335168888504,-0.37194895655117083,0.41369818995709984,1.3395500086171628,1.748720992190651,1.7235171799328617,-0.5862888200271489,0.8347359443868053
-1.4740224305825376,-1.5323655569553345,0.9390096546438922,-0.7054689621240783,-0.010684955964216718,-0.6991224441542135,-0.6983308925851475,0.507900228415866,0.7315353705277589,0.10605003017072767,0.7711382417935557,-0.5986546735427584,-0.5470819162497744,0.41369818995709984,1.4199102751179336,1.7802094944022668,1.7670075138242098,-1.2740310493992413,0.8347359443868053
-1.4740224305825376,-1.5323655569553345,1.0834726782268538,1.7467856875891223,-0.010684955964216718,-0.6991224441542135,-0.6983308925851475,0.507900228415866,1.0904289836912913,-0.0004540690323270774,0.6729311575155313,-0.7306236167808366,-0.6872508350877767,0.41369818995709984,1.4788883036832567,1.8327713657408424,1.8263970316877363,0.4635772251584973,0.8347359443868053
-1.4740224305825376,-1.5323655569553345,1.2279357018098151,-0.7054689621240783,-0.010684955964216718,1.1370501329861067,1.117443273730057,0.47756904940918316,0.851166574915603,0.028786613108795617,0.6012521462218361,-0.7794701890029909,-0.7297360981963839,0.41369818995709984,1.5135725464084566,1.8196042211214654,1.809504013273222,0.873434987161245,0.8347359443868053
-1.4740224305825376,-1.5323655569553345,1.3723987253927767,1.026717428891955,-0.010684955964216718,-0.6991224441542135,-0.6983308925851475,0.507900228415866,1.0904289836912913,0.04978146703511678,0.5391587550003224,-0.5994713119879929,-0.5681807474010085,0.41369818995709984,1.5552593682977276,1.6985832660970126,1.6983180807277134,-0.07355659919257466,0.8347359443868053
-1.4740224305825376,-1.5323655569553345,1.5168617489757383,-0.7054689621240783,-0.010684955964216718,0.9250324487105929,0.9135042655077568,0.6595555449301591,0.7315353705277589,0.0875382227547775,0.5266040064018805,-0.39757748876647436,-0.3977340877184701,0.41369818995709984,1.5567631613146296,1.57946281684943,1.5963878544692005,0.6647887146303517,0.8347359443868053
-1.4740224305825376,-1.5323655569553345,1.6613247725587,0.553168121864356,-0.010684955964216718,-0.6991224441542135,-0.6983308925851475,0.689886723936842,0.6717197683338367,0.08750276977389128,0.5135241730343545,-0.268452288590298,-0.2621173110860891,0.41369818995709984,1.5660281864553494,1.5094173250133782,1.520517068178172,-0.4070870479670763,0.8347359443868053
-1.4740224305825376,-1.5323655569553345,-1.6613247698494156,-0.7054689621240783,-0.010684955964216718,-0.6991224441542135,0.9662333934252252,0.9173696987082818,0.5520885639459927,0.09858216076292006,0.5221294937190922,-0.21328657148868357,-0.16197521348031116,0.41369818995709984,1.6145008984635734,1.5466107867213774,1.5296960589412718,-0.3074063758702562,0.8347359443868053
-1.4740224305825376,-1.5323655569553345,-1.516861746266454,-0.7054689621240783,-0.010684955964216718,-0.6991224441542135,-0.6983308925851475,0.8567073406949159,0.6717197683338367,0.07083585521236009,0.5258396692984958,-0.24017170710898517,-0.010977243880547967,0.41369818995709984,1.630567739644157,1.6029138619834051,1.4771472253356548,-1.2740310493992413,0.8347359443868053
-1.4740224305825376,-1.5323655569553345,-1.3723987226834924,-0.7054689621240783,-0.010684955964216718,-0.6991224441542135,-0.6983308925851475,0.8263764509477938,0.7315353705277589,0.020555501225682705,0.5232085993802884,-0.3051234464979601,0.0056499397513310665,0.41369818995709984,1.6472576221549136,1.6681768947499722,1.491543305144719,-1.2740310493992413,0.8347359443868053
-1.4740224305825376,-1.5323655569553345,-1.2279356991005308,-0.7054689621240783,-0.010684955964216718,-0.6991224441542135,-0.6983308925851475,0.8112108614444523,0.7315353705277589,-0.0264799016236537,0.5201745410169908,-0.3844021611991012,-0.05160106736924728,0.41369818995709984,1.671304797522753,1.7528873035869463,1.5602752135030336,-1.2740310493992413,0.8347359443868053
-1.4740224305825376,-1.5323655569553345,-1.0834726755175694,-0.7054689621240783,-0.010684955964216718,-0.6991224441542135,-0.6983308925851475,0.7960452719411109,0.7315353705277589,-0.07681243169540893,0.5151565938285642,-0.46299466092277497,-0.14202175463574104,0.41369818995709984,1.6935928825354554,1.8287543582849082,1.64126990331665,-1.2740310493992413,0.8347359443868053
-1.4740224305825376,-1.5323655569553345,-0.9390096519346078,-0.5208754035636289,-0.010684955964216718,-0.6991224441542135,-0.6983308925851475,0.7808796824377694,0.7315353705277589,-0.12826607867217002,0.5085909169377156,-0.5361238664966497,-0.24007099039859564,0.41369818995709984,1.7103686684983972,1.889185020578296,1.7159678522762523,-1.2740310493992413,0.8347359443868053
-1.4740224305825376,-1.5323655569553345,-0.7945466283516462,-0.7054689621240783,-0.010684955964216718,-0.6991224441542135,-0.6983308925851475,0.8112108614444523,0.7315353705277589,-0.1644909980478788,0.512075249605685,-0.6002461808259032,-0.337451952568177,0.41369818995709984,1.7169562085114622,1.9428716195828757,1.7900039673093622,-1.2740310493992413,0.8347359443868053
-1.4740224305825376,-1.5323655569553345,-0.6500836047686848,-0.22801593459555483,-0.010684955964216718,-0.6991224441542135,-0.6983308925851475,0.7808796824377694,0.7913509727216809,-0.15924261902838235,0.5521877737127758,-0.6245722886668793,-0.38722450024282856,0.41369818995709984,1.6891302464548097,1.9701740179450071,1.833454426465126,-0.9317593257228208,0.8347359443868053
-1.4740224305825376,-1.5323655569553345,-0.5056205811857232,-0.7054689621240783,-0.010684955964216718,-0.6991224441542135,-0.6983308925851475,0.7505487926906471,0.851166574915603,-0.11486217620050675,0.6287209960841079,-0.5816893934414475,-0.393280886898051,0.41369818995709984,1.6270360460312916,1.9511160368775584,1.8467127760469195,-1.2740310493992413,0.8347359443868053
-1.4740224305825376,-1.5323655569553345,-0.3611575576027617,0.22698115772443267,-0.010684955964216718,-0.6991224441542135,-0.6983308925851475,0.6595555449301591,1.0904289836912913,-0.047496161123340125,0.7151404919034683,-0.507024089247205,-0.37358232789332413,0.41369818995709984,1.5515056769994404,1.9065640852904475,1.8383871913095324,-0.5920065303801589,0.8347359443868053
-1.4740224305825376,-1.5323655569553345,-0.21669453401980013,-0.7054689621240783,-0.010684955964216718,-0.6991224441542135,-0.6983308925851475,0.6747211344335006,1.030613381497369,0.07509556431204827,0.8510449926544349,-0.3718866229392557,-0.293337510548993,0.41369818995709984,1.4372029296049775,1.8257441843172864,1.7928077680103958,-1.2740310493992413,0.8347359443868053
-1.4740224305825376,-1.5323655569553345,-0.0722315104368386,0.11057067395274583,-0.010684955964216718,-0.6991224441542135,-0.6983308925851475,0.689886723936842,0.9707977793034471,0.16103024535941654,0.9294350672132144,-0.2971906308702444,-0.23813576398294375,0.41369818995709984,1.371308707931432,1.7794427519765519,1.7585089940922773,-0.6945452701086707,0.8347359443868053
-1.4740224305825376,-1.5323655569553345,0.07223151314612293,-0.7054689621240783,-0.010684955964216718,-0.6991224441542135,-0.6983308925851475,0.6595555449301591,1.0904289836912913,0.25982566245430444,1.002733089878253,-0.24170524840645569,-0.18996137122520407,0.41369818995709984,1.3139821491041828,1.7493651074607381,1.7325856483310267,-1.2740310493992413,0.8347359443868053
-1.4740224305825376,-1.5323655569553345,0.21669453672908448,0.029766866523524914,-0.010684955964216718,-0.6991224441542135,-0.6983308925851475,0.6595555449301591,1.0904289836912913,0.30203812205477903,1.0460878712826196,-0.21692052732588024,-0.15911262119996647,0.41369818995709984,1.278819646147998,1.7357560748103795,1.7148348896804102,-0.7568695415263892,0.8347359443868053
-1.4740224305825376,-1.5323655569553345,0.361157560312046,-0.7054689621240783,-0.010684955964216718,-0.6991224441542135,-0.6983308925851475,0.7202176136839643,0.851166574915603,0.31819866102138816,1.063663390105881,-0.21809433853578403,-0.14893088187359696,0.41369818995709984,1.2684562150681034,1.735924740933208,1.70774022069367,-1.2740310493992413,0.8347359443868053
-1.4740224305825376,-1.5323655569553345,0.5056205838950075,-0.017616859360042612,-0.010684955964216718,-0.6991224441542135,-0.6983308925851475,0.6595555449301591,0.7315353705277589,0.2965970928749952,1.043062987787599,-0.25629477553608765,-0.17776558776954696,0.41369818995709984,1.2711723084888749,1.7267776156648158,1.6929848348433076,-0.7931162240595605,0.8347359443868053
-1.4740224305825376,-1.5323655569553345,0.6500836074779691,-0.16769025506506602,-0.010684955964216718,-0.6991224441542135,-0.6983308925851475,0.6595555449301591,0.7315353705277589,0.25364413422091586,0.9904973443922118,-0.3289704825161578,-0.24977227706631325,0.41369818995709984,1.2928349391530838,1.7263757428109339,1.6928227353747365,-0.9035564909060965,0.8347359443868053
-1.4740224305825376,-1.5323655569553345,0.7945466310609306,0.26457402875802793,-0.010684955964216718,-0.6991224441542135,-0.6983308925851475,0.6595555449301591,0.7315353705277589,0.19142749738643133,0.9059629311242281,-0.4399020351593085,-0.37190283980383076,0.41369818995709984,1.3384076857445675,1.748859969633696,1.7234755715131214,-0.5863216718965082,0.8347359443868053
-1.4740224305825376,-1.5323655569553345,0.9390096546438922,-0.7054689621240783,-0.010684955964216718,-0.6991224441542135,-0.6983308925851475,0.507900228415866,0.7315353705277589,0.1060607329574103,0.7710112051558741,-0.5988567020516525,-0.5470525692287399,0.41369818995709984,1.4188615773561468,1.7803295399335657,1.7669784746145993,-1.2740310493992413,0.8347359443868053
-1.4740224305825376,-1.5323655569553345,1.0834726782268538,1.746759673251321,-0.010684955964216718,-0.6991224441542135,-0.6983308925851475,0.507900228415866,1.0904289836912913,-0.0004587515015007296,0.6728189418189126,-0.7307975147378595,-0.6872315499025254,0.41369818995709984,1.4779549481971566,1.8328772123383317,1.8263770943199442,0.46355544391908654,0.8347359443868053
-1.4740224305825376,-1.5323655569553345,1.2279357018098151,-0.7054689621240783,-0.010684955964216718,1.1371092081707694,1.1174042850665773,0.47756904940918316,0.851166574915603,0.0287812617154543,0.6011526341889855,-0.779621923494903,-0.7297260363606006,0.41369818995709984,1.5127067554353109,1.8196971595973097,1.8094914440630923,0.8734398474378078,0.8347359443868053
-1.4740224305825376,-1.5323655569553345,1.3723987253927767,1.0267064849291558,-0.010684955964216718,-0.6991224441542135,-0.6983308925851475,0.507900228415866,1.0904289836912913,0.0497734399451048,0.5390733581494364,-0.5995957683689993,-0.5681732010241711,0.41369818995709984,1.5544891328500463,1.6986577029318324,1.6983089788858952,-0.07356505967399869,0.8347359443868053
-1.4740224305825376,-1.5323655569553345,1.5168617489757383,-0.7054689621240783,-0.010684955964216718,0.925071972321684,0.9134965096983549,0.6595555449301591,0.7315353705277589,0.08752751996809487,0.5265313132147627,-0.39767125727271213,-0.3977366031774159,0.41369818995709984,1.5560773815081412,1.5795170309603392,1.5963869876271226,0.6648113959209777,0.8347359443868053
-1.4740224305825376,-1.5323655569553345,1.6613247725587,0.5531656101351891,-0.010684955964216718,-0.6991224441542135,-0.6983308925851475,0.689886723936842,0.6717197683338367,0.08749072913887332,0.5134599489564153,-0.26853327048204884,-0.2621248574629266,0.41369818995709984,1.5654061103325039,1.509463363980579,1.5205192352833667,-0.4070889380746284,0.8347359443868053
-1.4740224305825376,-1.5323655569553345,-1.6613247698494156,-0.7054689621240783,-0.010684955964216718,-0.6991224441542135,0.9662295155205243,0.9173696987082818,0.5520885639459927,0.0985701201279021,0.5220723272321355,-0.21335647164787902,-0.16198527531609444,0.41369818995709984,1.6139198436521647,1.546650801898477,1.5297003931516615,-0.30740880600853754,0.8347359443868053
-1.4740224305825376,-1.5323655569553345,-1.516861746266454,-0.7054689621240783,-0.010684955964216718,-0.6991224441542135,-0.6983308925851475,0.8567073406949159,0.6717197683338367,0.07082381457734212,0.5257895604025213,-0.24023052553562524,-0.0109889826889618,0.41369818995709984,1.6300301191625044,1.6029482836411253,1.4771528598091612,-1.2740310493992413,0.8347359443868053
-1.4740224305825376,-1.5323655569553345,-1.3723987226834924,-0.7054689621240783,-0.010684955964216718,-0.6991224441542135,-0.6983308925851475,0.8263764509477938,0.7315353705277589,0.020542791666497077,0.5231634307980015,-0.30517629783783956,0.005636523970286686,0.41369818995709984,1.6467441318564593,1.6682083045126417,1.4915493730392644,-1.2740310493992413,0.8347359443868053
-1.4740224305825376,-1.5323655569553345,-1.2279356991005308,-0.7054689621240783,-0.010684955964216718,-0.6991224441542135,-0.6983308925851475,0.8112108614444523,0.7315353705277589,-0.026493949031174656,0.5201343127483915,-0.3844490454522201,-0.05161448315029166,0.41369818995709984,1.6708337763467274,1.7529161317252868,1.560282148239657,-1.2740310493992413,0.8347359443868053
-1.4740224305825376,-1.5323655569553345,-1.0834726755175694,-0.7054689621240783,-0.010684955964216718,-0.6991224441542135,-0.6983308925851475,0.7960452719411109,0.7315353705277589,-0.07682714802709754,0.5151198943554561,-0.46303728297106483,-0.1420351704167854,0.41369818995709984,1.6931643304818582,1.8287810350696412,1.6412777048953513,-1.2740310493992413,0.8347359443868053
-1.4740224305825376,-1.5323655569553345,-0.9390096519346078,-0.520875089597483,-0.010684955964216718,-0.6991224441542135,-0.6983308925851475,0.7808796824377694,0.7315353705277589,-0.12828012607969097,0.5085584520191969,-0.5361622263401106,-0.2400852446659553,0.41369818995709984,1.7099705204756295,1.8892095460094216,1.7159760872759924,-1.2740310493992413,0.8347359443868053
-1.4740224305825376,-1.5323655569553345,-0.7945466283516462,-0.7054689621240783,-0.010684955964216718,-0.6991224441542135,-0.6983308925851475,0.8112108614444523,0.7315353705277589,-0.1645043765312321,0.5120463134826575,-0.6002802784645351,-0.3374653683492214,0.41369818995709984,1.7165831558792206,1.9428935633896722,1.7900126357301414,-1.2740310493992413,0.8347359443868053
-1.4740224305825376,-1.5323655569553345,-0.6500836047686848,-0.2280120772971912,-0.010684955964216718,-0.6991224441542135,-0.6983308925851475,0.7808796824377694,0.7913509727216809,-0.15925532858756797,0.5521623663852394,-0.6246021241006823,-0.3872379160238729,0.41369818995709984,1.6887832544204218,1.9701933801274747,1.8334626614648661,-0.9317563330525299,0.8347359443868053
-1.4740224305825376,-1.5323655569553345,-0.5056205811857232,-0.7054689621240783,-0.010684955964216718,-0.6991224441542135,-0.6983308925851475,0.7505487926906471,0.851166574915603,-0.1148742168355247,0.6286984117929646,-0.5817158191113873,-0.39329430267909543,0.41369818995709984,1.6267146319910937,1.951132817435697,1.8467214444676987,-1.2740310493992413,0.8347359443868053
-1.4740224305825376,-1.5323655569553345,-0.3611575576027617,0.22698438709050456,-0.010684955964216718,-0.6991224441542135,-0.6983308925851475,0.6595555449301591,1.0904289836912913,-0.04750753283419042,0.7151200248896196,-0.5070479575942473,-0.37359574367436854,0.41369818995709984,1.5512103235570964,1.9065795750364214,1.8383954263092726,-0.5920040102367561,0.8347359443868053
-1.4740224305825376,-1.5323655569553345,-0.21669453401980013,-0.7054689621240783,-0.010684955964216718,-0.6991224441542135,-0.6983308925851475,0.6747211344335006,1.030613381497369,0.0750855304495333,0.8510266429178809,-0.37190793396340066,-0.2933500878437221,0.41369818995709984,1.4369326715531594,1.8257575227096527,1.792815569589097,-1.2740310493992413,0.8347359443868053
-1.4740224305825376,-1.5323655569553345,-0.0722315104368386,0.11057345479575219,-0.010684955964216718,-0.6991224441542135,-0.6983308925851475,0.689886723936842,0.9707977793034471,0.16102088042106924,0.929418834753955,-0.29721023701245775,-0.23814750279135757,0.41369818995709984,1.3710519627822049,1.7794547995567538,1.7585163622499398,-0.6945431549883146,0.8347359443868053
-1.4740224305825376,-1.5323655569553345,0.07223151314612293,-0.7054689621240783,-0.010684955964216718,-0.6991224441542135,-0.6983308925851475,0.6595555449301591,1.0904289836912913,0.2598176353642924,1.00271826893719,-0.24172229722577165,-0.18997227154730262,0.41369818995709984,1.31374422549785,1.7493754339580543,1.732592149646611,-1.2740310493992413,0.8347359443868053
-1.4740224305825376,-1.5323655569553345,0.21669453672908448,0.029769243695772274,-0.010684955964216718,-0.6991224441542135,-0.6983308925851475,0.6595555449301591,1.0904289836912913,0.30203076388893474,1.0460751676188516,-0.21693672370423042,-0.15912268303574975,0.41369818995709984,1.2785990962735678,1.7357655407662527,1.7148409575749555,-0.7568677414239586,0.8347359443868053
-1.4740224305825376,-1.5323655569553345,0.361157560312046,-0.7054689621240783,-0.010684955964216718,-0.6991224441542135,-0.6983308925851475,0.7202176136839643,0.851166574915603,0.3181913028555438,1.0636520979603092,-0.2181079775912368,-0.14894010522306497,0.41369818995709984,1.2682544867365677,1.735933346347638,1.7077458551671765,-1.2740310493992413,0.8347359443868053
-1.4740224305825376,-1.5323655569553345,0.5056205838950075,-0.01761488585855424,-0.010684955964216718,-0.6991224441542135,-0.6983308925851475,0.6595555449301591,0.7315353705277589,0.29659040363331857,1.0430524014011255,-0.2563067097096088,-0.1777739726326997,0.41369818995709984,1.2709898843038976,1.7267849302670815,1.6929900358957752,-0.7931147389750552,0.8347359443868053
-1.4740224305825376,-1.5323655569553345,0.6500836074779691,-0.1676888197912563,-0.010684955964216718,-0.6991224441542135,-0.6983308925851475,0.6595555449301591,0.7315353705277589,0.25363811390340685,0.9904874637648365,-0.32898156424871317,-0.24977982344315072,0.41369818995709984,1.2926703713036731,1.7263826271424778,1.692827503006165,-0.9035554558471988,0.8347359443868053
-1.4740224305825376,-1.5323655569553345,0.7945466310609306,0.26457519491799836,-0.010684955964216718,-0.6991224441542135,-0.6983308925851475,0.6595555449301591,0.7315353705277589,0.19142214599309001,0.9059544620150493,-0.4399114120099322,-0.37191038618066824,0.41369818995709984,1.3382624220417152,1.748865993423797,1.723479905723511,-0.5863207268427321,0.8347359443868053
-1.4740224305825376,-1.5323655569553345,0.9390096546438922,-0.7054689621240783,-0.010684955964216718,-0.6991224441542135,-0.6983308925851475,0.507900228415866,0.7315353705277589,0.10605605048823664,0.7710034418057935,-0.5988652264613105,-0.547059277119262,0.41369818995709984,1.4187288613485576,1.7803351334529451,1.766982808824989,-1.2740310493992413,0.8347359443868053
-1.4740224305825376,-1.5323655569553345,1.0834726782268538,1.7467607497066784,-0.010684955964216718,-0.6991224441542135,-0.6983308925851475,0.507900228415866,1.0904289836912913,-0.0004627650465067172,0.6728125899870285,-0.7308051867065517,-0.6872374193067324,0.41369818995709984,1.4778371929031502,1.8328823755869896,1.8263809951092949,0.4635563439703019,0.8347359443868053
-1.4740224305825376,-1.5323655569553345,1.2279357018098151,-0.7054689621240783,-0.010684955964216718,1.137110259330639,1.1174047042995179,0.47756904940918316,0.851166574915603,0.02877791709461598,0.6011462823571014,-0.7796287430226293,-0.7297310672784922,0.41369818995709984,1.5125976870072557,1.8197014623045247,1.809494911431404,0.873440387468537,0.8347359443868053
-1.4740224305825376,-1.5323655569553345,1.3723987253927767,1.0267075613845131,-0.010684955964216718,-0.6991224441542135,-0.6983308925851475,0.507900228415866,1.0904289836912913,0.04977076424843414,0.5390684178357488,-0.5996017354557599,-0.5681773934557475,0.41369818995709984,1.55439212951359,1.6986615753683258,1.698311579412129,-0.0735642496279049,0.8347359443868053
-1.4740224305825376,-1.5323655569553345,1.5168617489757383,-0.7054689621240783,-0.010684955964216718,0.9250734439455013,0.9134975577807065,0.6595555449301591,0.7315353705277589,0.08752484427142421,0.5265263729010751,-0.3976755194775411,-0.3977407956089923,0.41369818995709984,1.5559914780559563,1.5795196125846682,1.5963891547323175,0.6648131960234084,0.8347359443868053
-1.4740224305825376,-1.5323655569553345,1.6613247725587,0.5531665071813201,-0.010684955964216718,-0.6991224441542135,-0.6983308925851475,0.689886723936842,0.6717197683338367,0.08748872236637033,0.5134564201609242,-0.2685375326868778,-0.26212821140818765,0.41369818995709984,1.565327928538942,1.509465945604908,1.5205214023885616,-0.4070883080387777,0.8347359443868053
-1.4740224305825376,-1.5323655569553345,-1.6613247698494156,-0.7054689621240783,-0.010684955964216718,-0.6991224441542135,0.9662304587946406,0.9173696987082818,0.5520885639459927,0.09856744443123144,0.5220687984366443,-0.213360733852708,-0.16198779077504025,0.41369818995709984,1.6138474531025704,1.546653383522806,1.5297021268358173,-0.3074081759726868,0.8347359443868053
-1.4740224305825376,-1.5323655569553345,-1.516861746266454,-0.7054689621240783,-0.010684955964216718,-0.6991224441542135,-0.6983308925851475,0.8567073406949159,0.6717197683338367,0.07082180780483913,0.5257867373661284,-0.24023393529948844,-0.010992336634222895,0.41369818995709984,1.62996255464955,1.6029504349947328,1.477154593493317,-1.2740310493992413,0.8347359443868053
-1.4740224305825376,-1.5323655569553345,-1.3723987226834924,-0.7054689621240783,-0.010684955964216718,-0.6991224441542135,-0.6983308925851475,0.8263764509477938,0.7315353705277589,0.020540784893994083,0.5231606077616087,-0.30517970760170277,0.005634008511340865,0.41369818995709984,1.6466804281728165,1.6682100255955277,1.4915511067234202,-1.2740310493992413,0.8347359443868053
-1.4740224305825376,-1.5323655569553345,-1.2279356991005308,-0.7054689621240783,-0.010684955964216718,-0.6991224441542135,-0.6983308925851475,0.8112108614444523,0.7315353705277589,-0.02649595580367765,0.5201314897119986,-0.3844524552160833,-0.05161699860923748,0.41369818995709984,1.670775381303388,1.7529178528081728,1.5602838819238127,-1.2740310493992413,0.8347359443868053
-1.4740224305825376,-1.5323655569553345,-1.0834726755175694,-0.7054689621240783,-0.010684955964216718,-0.6991224441542135,-0.6983308925851475,0.7960452719411109,0.7315353705277589,-0.07682848587543287,0.5151177770781614,-0.4630398402939623,-0.14203768587573123,0.41369818995709984,1.6931112440788225,1.8287827561525272,1.6412790051584683,-1.2740310493992413,0.8347359443868053
-1.4740224305825376,-1.5323655569553345,-0.9390096519346078,-0.5208750559582531,-0.010684955964216718,-0.6991224441542135,-0.6983308925851475,0.7808796824377694,0.7315353705277589,-0.12828213285219398,0.508555628982804,-0.5361647836630079,-0.24008692163858583,0.41369818995709984,1.7099212949019056,1.889210836821586,1.7159769541180703,-1.2740310493992413,0.8347359443868053
-1.4740224305825376,-1.5323655569553345,-0.7945466283516462,-0.7054689621240783,-0.010684955964216718,-0.6991224441542135,-0.6983308925851475,0.8112108614444523,0.7315353705277589,-0.1645063833037351,0.5120441962053628,-0.6002819833464667,-0.33746704532185196,0.41369818995709984,1.7165368259274802,1.9428948542018367,1.7900135025722193,-1.2740310493992413,0.8347359443868053
-1.4740224305825376,-1.5323655569553345,-0.6500836047686848,-0.22801144936489945,-0.010684955964216718,-0.6991224441542135,-0.6983308925851475,0.7808796824377694,0.7913509727216809,-0.1592566664359033,0.5521602491079448,-0.6246038289826138,-0.38723959299650346,0.41369818995709984,1.6887403026943293,1.9701946709396392,1.833463528306944,-0.9317558380243615,0.8347359443868053
-1.4740224305825376,-1.5323655569553345,-0.5056205811857232,-0.7054689621240783,-0.010684955964216718,-0.6991224441542135,-0.6983308925851475,0.7505487926906471,0.851166574915603,-0.11487555468386003,0.628697000274768,-0.5817183764342847,-0.39329597965172597,0.41369818995709984,1.6266755410943128,1.951134538518583,1.8467227447308157,-1.2740310493992413,0.8347359443868053
-1.4740224305825376,-1.5323655569553345,-0.3611575576027617,0.2269848356135701,-0.010684955964216718,-0.6991224441542135,-0.6983308925851475,0.6595555449301591,1.0904289836912913,-0.04750887068252575,0.7151186133714231,-0.5070496624761789,-0.3735974206469991,0.41369818995709984,1.5511736456786354,1.9065808658485859,1.8383967265723895,-0.59200365021627,0.8347359443868053
-1.4740224305825376,-1.5323655569553345,-0.21669453401980013,-0.7054689621240783,-0.010684955964216718,-0.6991224441542135,-0.6983308925851475,0.6747211344335006,1.030613381497369,0.07508419260119796,0.8510252313996844,-0.37190963884533224,-0.2933517648163526,0.41369818995709984,1.4368993719003462,1.8257588135218175,1.7928164364311752,-1.2740310493992413,0.8347359443868053
-1.4740224305825376,-1.5323655569553345,-0.0722315104368386,0.11057372390959151,-0.010684955964216718,-0.6991224441542135,-0.6983308925851475,0.689886723936842,0.9707977793034471,0.1610195425727339,0.9294174232357586,-0.2972110894534235,-0.23814917976398814,0.41369818995709984,1.3710205935440474,1.7794556600981968,1.7585172290920177,-0.6945428849729501,0.8347359443868053
-1.4740224305825376,-1.5323655569553345,0.07223151314612293,-0.7054689621240783,-0.010684955964216718,-0.6991224441542135,-0.6983308925851475,0.6595555449301591,1.0904289836912913,0.25981696644012475,1.0027168574189935,-0.24172400210770326,-0.1899731100336179,0.41369818995709984,1.3137147866743484,1.7493762944994973,1.732593016488689,-1.2740310493992413,0.8347359443868053
-1.4740224305825376,-1.5323655569553345,0.21669453672908448,0.029769512809611598,-0.010684955964216718,-0.6991224441542135,-0.6983308925851475,0.6595555449301591,1.0904289836912913,0.30203009496476707,1.046073756100655,-0.2169375761451962,-0.15912352152206502,0.41369818995709984,1.278572070468386,1.7357664013076957,1.7148418244170336,-0.7568675614137156,0.8347359443868053
-1.4740224305825376,-1.5323655569553345,0.361157560312046,-0.7054689621240783,-0.010684955964216718,-0.6991224441542135,-0.6983308925851475,0.7202176136839643,0.851166574915603,0.31819063393137614,1.063650686442113,-0.2181096824731684,-0.14894094370938027,0.41369818995709984,1.2682303565533697,1.735934206889081,1.7077462885882155,-1.2740310493992413,0.8347359443868053
-1.4740224305825376,-1.5323655569553345,0.5056205838950075,-0.01761466159702147,-0.010684955964216718,-0.6991224441542135,-0.6983308925851475,0.6595555449301591,0.7315353705277589,0.2965897347091509,1.0430516956420273,-0.2563075621505746,-0.17777481111901497,0.41369818995709984,1.2709676845353555,1.7267857908085245,1.692990469316814,-0.7931145589648122,0.8347359443868053
-1.4740224305825376,-1.5323655569553345,0.6500836074779691,-0.16768868523433664,-0.010684955964216718,-0.6991224441542135,-0.6983308925851475,0.6595555449301591,0.7315353705277589,0.2536374449792392,0.9904867580057384,-0.328982416689679,-0.249780661929466,0.41369818995709984,1.2926505845534508,1.7263830574131993,1.692828369848243,-0.9035553433407969,0.8347359443868053
-1.4740224305825376,-1.5323655569553345,0.7945466310609306,0.26457537432722456,-0.010684955964216718,-0.6991224441542135,-0.6983308925851475,0.6595555449301591,0.7315353705277589,0.19142147706892235,0.9059537562559511,-0.43991226445089804,-0.3719112246669835,0.41369818995709984,1.3382450483098127,1.7488668539652399,1.72348033914455,-0.5863206368376105,0.8347359443868053
-1.4740224305825376,-1.5323655569553345,0.9390096546438922,-0.7054689621240783,-0.010684955964216718,-0.6991224441542135,-0.6983308925851475,0.507900228415866,0.7315353705277589,0.10605538156406898,0.7710027360466953,-0.5988660789022763,-0.547059277119262,0.41369818995709984,1.4187129354276469,1.7803351334529451,1.766982808824989,-1.2740310493992413,0.8347359443868053
-1.4740224305825376,-1.5323655569553345,1.0834726782268538,1.7467609291159045,-0.010684955964216718,-0.6991224441542135,-0.6983308925851475,0.507900228415866,1.0904289836912913,-0.0004634339706743818,0.6728118842279303,-0.7308060391475174,-0.6872382577930477,0.41369818995709984,1.4778227147932312,1.8328828058577114,1.8263814285303337,0.4635565239805449,0.8347359443868053
-1.4740224305825376,-1.5323655569553345,1.2279357018098151,-0.7054689621240783,-0.010684955964216718,1.1371104695626129,1.1174047042995179,0.47756904940918316,0.851166574915603,0.028777248170448314,0.6011455765980032,-0.7796295954635951,-0.7297319057648075,0.41369818995709984,1.5125846567083288,1.8197018925752462,1.809495778273482,0.873440387468537,0.8347359443868053
-1.4740224305825376,-1.5323655569553345,1.3723987253927767,1.0267077407937393,-0.010684955964216718,-0.6991224441542135,-0.6983308925851475,0.507900228415866,1.0904289836912913,0.04977009532426648,0.5390677120766505,-0.5996025878967257,-0.5681773934557475,0.41369818995709984,1.554380547025655,1.6986615753683258,1.698311579412129,-0.07356415962278337,0.8347359443868053
-1.4740224305825376,-1.5323655569553345,1.5168617489757383,-0.7054689621240783,-0.010684955964216718,0.9250736541774751,0.9134976625889417,0.6595555449301591,0.7315353705277589,0.08752484427142421,0.5265263729010751,-0.3976755194775411,-0.3977407956089923,0.41369818995709984,1.5559808607753491,1.5795196125846682,1.5963895881533563,0.6648133760336514,0.8347359443868053
-1.4740224305825376,-1.5323655569553345,1.6613247725587,0.5531665968859333,-0.010684955964216718,-0.6991224441542135,-0.6983308925851475,0.689886723936842,0.6717197683338367,0.08748872236637033,0.513455714401826,-0.2685375326868778,-0.26212821140818765,0.41369818995709984,1.565318759069327,1.5094663758756295,1.5205214023885616,-0.4070882180336562,0.8347359443868053
-1.4740224305825376,-1.5323655569553345,-1.6613247698494156,-0.7054689621240783,-0.010684955964216718,-0.6991224441542135,0.9662305636028758,0.9173696987082818,0.5520885639459927,0.09856744443123144,0.5220680926775461,-0.213360733852708,-0.16198862926135552,0.41369818995709984,1.6138382836329552,1.546653383522806,1.5297021268358173,-0.3074081759726868,-0.31898490633746707
-1.4740224305825376,-1.5323655569553345,-1.516861746266454,-0.7054689621240783,-0.010684955964216718,-0.6991224441542135,-0.6983308925851475,0.8567073406949159,0.6717197683338367,0.07082113888067147,0.5257860316070302,-0.24023393529948844,-0.010992336634222895,0.41369818995709984,1.6299548329909266,1.6029504349947328,1.477154593493317,-1.2740310493992413,-1.2860490588430924
-1.4740224305825376,-1.5323655569553345,-1.3723987226834924,-0.5423166674671477,-0.010684955964216718,-0.6991224441542135,-0.6983308925851475,0.8263764509477938,0.7315353705277589,0.02031335067698812,0.5231599020025104,-0.30519419909812134,0.005639039429232507,0.41369818995709984,1.646672706514193,1.6682194915514008,1.4915480727761476,-1.2740310493992413,-1.2860490588430924
-1.4740224305825376,-1.5323655569553345,-1.2279356991005308,-0.6797117766125964,-0.010684955964216718,-0.6991224441542135,-0.6983308925851475,0.8112108614444523,0.7315353705277589,-0.02805722481100683,0.5197976656585351,-0.39025416842930416,-0.05042467106891817,0.41369818995709984,1.6710803868190114,1.7566001096427792,1.5595479329996582,-1.2740310493992413,-1.2860490588430924
-1.4740224305825376,-1.5323655569553345,-1.0834726755175694,-0.6824062396830578,-0.010684955964216718,-0.6991224441542135,-0.6983308925851475,0.7960452719411109,0.7315353705277589,-0.07827603777425907,0.5141099530858867,-0.47584691336411067,-0.14600624160592204,0.41369818995709984,1.6940499082052263,1.8370594437513226,1.643777244027035,-1.2740310493992413,-1.2860490588430924
-1.4740224305825376,-1.5323655569553345,-0.9390096519346078,-0.6843393026121702,-0.010684955964216718,-0.6991224441542135,-0.6983308925851475,0.7808796824377694,0.7315353705277589,-0.12887413074057713,0.5064581129428597,-0.5547036697871818,-0.2524118319867951,0.41369818995709984,1.7118893526435377,1.901366414974714,1.7238821204476662,-1.2740310493992413,-1.2860490588430924
-1.4740224305825376,-1.5323655569553345,-0.7945466283516462,-0.6855256713499451,-0.010684955964216718,-0.6991224441542135,-0.6983308925851475,0.8112108614444523,0.7315353705277589,-0.16725097916366294,0.5099883199522142,-0.6163266272047158,-0.3488780055864128,0.41369818995709984,1.7184686883943154,1.9535410426639386,1.797460976284673,-1.2740310493992413,-1.2860490588430924
-1.4740224305825376,-1.5323655569553345,-0.6500836047686848,-0.6831216451856703,-0.010684955964216718,-0.6991224441542135,-0.6983308925851475,0.7808796824377694,0.7913509727216809,-0.16922296760993819,0.5500168587266154,-0.6309135970114502,-0.4047421563415283,0.41369818995709984,1.6907431078997668,1.9744014277837556,1.845007264258611,-1.2706411713889294,-1.2826576334470003
-1.4740224305825376,-1.5323655569553345,-0.5056205811857232,-0.18009030314420227,-0.010684955964216718,-0.6991224441542135,-0.6983308925851475,0.7505487926906471,0.851166574915603,-0.1331813334561695,0.6266128936576902,-0.5918709483369383,-0.4096732943616534,0.41369818995709984,1.6285977514878687,1.9578755899123408,1.857553936494432,-0.8890315318970845,-0.9008738062925353
-1.4740224305825376,-1.5323655569553345,-0.3611575576027617,-0.3085844916769002,-0.010684955964216718,-0.6991224441542135,-0.6983308925851475,0.6595555449301591,1.0904289836912913,-0.06242788639394935,0.7190878025398776,-0.5138470267374518,-0.38636337479704236,0.41369818995709984,1.5475546008025933,1.911044064042717,1.846817663938348,-0.9967637921508031,-1.0086552419180161
-1.4740224305825376,-1.5323655569553345,-0.21669453401980013,-0.3559766273679466,-0.010684955964216718,-0.6991224441542135,-0.6983308925851475,0.6747211344335006,1.030613381497369,0.09082397826634603,0.8543077169655596,-0.3735480303815959,-0.30015691975111464,0.41369818995709984,1.4339776893187275,1.8268108254358875,1.797252934185972,-1.033647260918814,-1.0447594507807798
-1.4740224305825376,-1.5323655569553345,-0.0722315104368386,-0.6895451570557202,-0.010684955964216718,-0.6991224441542135,-0.6983308925851475,0.689886723936842,0.9707977793034471,0.22079995758858395,0.9570838856455353,-0.26941384199971813,-0.22111197632394022,0.41369818995709984,1.349459792252934,1.7635102574300872,1.749237684647879,-1.2740310493992413,-1.2860490588430924
-1.4740224305825376,-1.5323655569553345,0.07223151314612293,-0.6862095512875885,-0.010684955964216718,-0.6991224441542135,-0.6983308925851475,0.6595555449301591,1.0904289836912913,0.25512580125229295,1.0205097500445104,-0.2233070150416385,-0.17865689872268298,0.41369818995709984,1.30027186161472,1.739360022373673,1.7269412061406475,-1.2740310493992413,-1.2860490588430924
-1.4740224305825376,-1.5323655569553345,0.21669453672908448,-0.3056387715916618,-0.010684955964216718,-0.6991224441542135,-0.6983308925851475,0.6595555449301591,1.0904289836912913,0.2717706413162912,1.0663713877657957,-0.19823502135558915,-0.14606074321641482,0.41369818995709984,1.2632320304057276,1.7256077095730544,1.7081025606822406,-0.986683803572496,-0.9985706561513683
-1.4740224305825376,-1.5323655569553345,0.361157560312046,-0.40511928130533453,-0.010684955964216718,-0.6991224441542135,-0.6983308925851475,0.7202176136839643,0.851166574915603,0.27142748321827925,1.0802367310096535,-0.20485507789597604,-0.13966728506245227,0.41369818995709984,1.2559534019458705,1.7289281087308783,1.703162427680172,-1.0684575517174544,-1.0803817227538073
-1.4740224305825376,-1.5323655569553345,0.5056205838950075,-0.4343352216007649,-0.010684955964216718,-0.6991224441542135,-0.6983308925851475,0.6595555449301591,0.7315353705277589,0.24578159955418613,1.0572141634662406,-0.24791187107843057,-0.1712304254283031,0.41369818995709984,1.2605366889425065,1.722535146350815,1.6898503338895472,-1.0907899149886484,-1.1027242846894272
-1.4740224305825376,-1.5323655569553345,0.6500836074779691,-0.44537272388525134,-0.010684955964216718,-0.6991224441542135,-0.6983308925851475,0.6595555449301591,0.7315353705277589,0.19343694558609578,1.0018727695375087,-0.3242095997221762,-0.2461382773759167,0.41369818995709984,1.284348836325997,1.7241499523686086,1.6912758556866874,-1.0990498087486928,-1.110987955314598
-1.4740224305825376,-1.5323655569553345,0.7945466310609306,0.018193222192645533,-0.010684955964216718,-0.6991224441542135,-0.6983308925851475,0.6595555449301591,0.7315353705277589,0.11718025939649895,0.9148540842437497,-0.43811276157209855,-0.37103081403594607,0.41369818995709984,1.3318167675058545,1.7482877095740994,1.7234751380920825,-0.7533315302040833,-0.7651118566055665
-1.4740224305825376,-1.5323655569553345,0.9390096546438922,0.35678884605456357,-0.010684955964216718,-0.6991224441542135,-0.6983308925851475,0.507900228415866,0.7315353705277589,0.0011888087234571821,0.7776785113568679,-0.6045356637657985,-0.5538292156287825,0.41369818995709984,1.413995002008766,1.7844037733954596,1.7718293228826425,-0.5293407345287868,-0.5320227315458174
-1.4740224305825376,-1.5323655569553345,1.0834726782268538,0.11157662148413824,-0.010684955964216718,0.41752836421833645,0.40187301359781025,0.507900228415866,1.0904289836912913,-0.07032854973823595,0.6573677578813283,-0.7658055603212498,-0.7120004356557129,0.41369818995709984,1.4928085237665425,1.856000391182523,1.8431171151077055,0.7505612553172998,0.7431992858233386
-1.4740224305825376,-1.5323655569553345,1.2279357018098151,1.083267216995198,-0.010684955964216718,-0.6991224441542135,-0.6983308925851475,0.47756904940918316,0.851166574915603,-0.05608581636032127,0.5885336615126046,-0.703536452651641,-0.6639929016747127,0.41369818995709984,1.5250276269762304,1.7709289852102092,1.766623502783691,-0.01611092037982224,-0.027554677498817893
-1.4740224305825376,-1.5323655569553345,1.3723987253927767,-0.7054689621240783,-0.010684955964216718,1.0346903923351332,1.0208108145697485,0.507900228415866,1.0904289836912913,-0.012701401618098252,0.5394156513120787,-0.61463794165147,-0.5855038746745648,0.41369818995709984,1.5497610647542222,1.6986826586336794,1.699957279097061,0.8284853494066472,0.8174269924791935
-1.4740224305825376,-1.5323655569553345,1.5168617489757383,1.0899572076315616,-0.010684955964216718,-0.6991224441542135,-0.6983308925851475,0.6595555449301591,0.7315353705277589,0.025852042785251012,0.5235191333835103,-0.43787578298360674,-0.4178351201545284,0.41369818995709984,1.5506596727765172,1.5894687624779384,1.594225516905828,-0.023604116762735616,-0.045136870410878514
-1.4740224305825376,-1.5323655569553345,1.6613247725587,-0.7054689621240783,-0.010684955964216718,0.5519677171130387,0.5440124748071494,0.689886723936842,0.6717197683338367,0.058761773986014045,0.512852290372838,-0.33207507251359397,-0.3175672496014594,0.41369818995709984,1.5600289403086525,1.532732404599359,1.5395737244191756,0.21534364000364656,0.2040054454048033
-1.4740224305825376,-1.4222877049431708,-1.6613247698494156,0.5933551606044197,-0.010684955964216718,-0.6991224441542135,-0.6983308925851475,0.6595555449301591,1.0904289836912913,0.0691822746698932,0.5073791285660519,-0.2215092170447706,-0.21195486727483528,0.41369818995709984,1.5754191711523626,1.501118263337065,1.5097300853605296,-0.403559477238868,-0.41518018571581555
-1.4740224305825376,-1.4222877049431708,-1.516861746266454,-0.7054689621240783,-0.010684955964216718,-0.6991224441542135,-0.6983308925851475,0.8112108614444523,0.7315353705277589,0.08134465388637097,0.5104181272430373,-0.1839856181713106,-0.1773035818098311,0.41369818995709984,1.5913817699415307,1.5233378736661038,1.5334798246113948,-1.2740310493992413,-1.2860490588430924
-1.4740224305825376,-1.4222877049431708,-1.3723987226834924,-0.6169001551880848,-0.010684955964216718,-0.6991224441542135,-0.6983308925851475,0.6292243659234763,0.9707977793034471,0.05118620778721244,0.5009009658033842,-0.23575776778808338,-0.22962932031449126,0.41369818995709984,1.61133984446463,1.5806890884057083,1.5920636127634942,-1.2740310493992413,-1.2860490588430924
-1.4740224305825376,-1.4222877049431708,-1.2279356991005308,-0.6779900339241784,-0.010684955964216718,-0.6991224441542135,-0.6983308925851475,0.6595555449301591,0.7315353705277589,-0.005270323039512203,0.48858264650284994,-0.3192722616482745,-0.31291113509274404,0.41369818995709984,1.6266919496188876,1.6369999085407232,1.6494515922691024,-1.2740310493992413,-1.2860490588430924
-1.4740224305825376,-1.4222877049431708,-1.0834726755175694,-0.6812161538103773,-0.010684955964216718,-0.6991224441542135,-0.6983308925851475,0.7808796824377694,1.0904289836912913,-0.05421082191835739,0.48754447486935126,-0.4041762342827163,-0.39731652153346375,0.41369818995709984,1.6392319232232453,1.714250283608311,1.727785076903503,-1.2740310493992413,-1.2860490588430924
-1.4740224305825376,-1.4222877049431708,-0.9390096519346078,-0.68334527317961,-0.010684955964216718,-0.6991224441542135,-0.6983308925851475,0.9022041092049403,0.9707977793034471,-0.09860464322958629,0.495597891939272,-0.48098287018304337,-0.47356595158551534,0.41369818995709984,1.664174810991396,1.8191137124989543,1.8338167664536966,-1.2740310493992413,-1.2860490588430924
-1.4740224305825376,-1.4222877049431708,-0.7945466283516462,-0.6847824798434226,-0.010684955964216718,-0.6991224441542135,-0.6983308925851475,0.9628661779587454,0.7315353705277589,-0.12786338632323593,0.5178024846878344,-0.5374127572369362,-0.5296330160289271,0.41369818995709984,1.6769787687999405,1.9155253336071512,1.9312671528535166,-1.2740310493992413,-1.2860490588430924
-1.4740224305825376,-1.4222877049431708,-0.6500836047686848,-0.6860249994640993,-0.010684955964216718,-0.6991224441542135,-0.6983308925851475,1.1145214944730386,0.7315353705277589,-0.11389825647490205,0.5854650209534936,-0.5324737142811028,-0.5253047496694839,0.41369818995709984,1.6667789403621285,1.9981201013065042,2.014798656008167,-1.2740310493992413,-1.2860490588430924
-1.4740224305825376,-1.4222877049431708,-0.5056205811857232,-0.6873120027614354,-0.010684955964216718,-0.6991224441542135,-0.6983308925851475,1.2358456319806488,0.9707977793034471,-0.06251819115658407,0.6917530469062697,-0.45606175854794023,-0.46085533753228014,0.41369818995709984,1.6424166248017227,2.0732832331040902,2.0979400802277537,-1.2740310493992413,-1.2860490588430924
-1.4740224305825376,-1.4222877049431708,-0.3611575576027617,-0.6906134857357217,-0.010684955964216718,-0.6991224441542135,-0.6983308925851475,0.9628661779587454,1.0904289836912913,0.04073359874328539,0.8266624273287299,-0.33244844165661347,-0.36405963881075987,0.41369818995709984,1.5842768788006996,2.083237115975297,2.125252973839911,-1.2740310493992413,-1.2860490588430924
-1.4740224305825376,-1.4222877049431708,-0.21669453401980013,-0.690705200292817,-0.010684955964216718,-0.6991224441542135,-0.6983308925851475,1.2661768109873317,0.07356374639461619,0.20455780987351976,0.9941891702350613,-0.14462415657559016,-0.19766538348993953,0.41369818995709984,1.468220832295067,1.9828523750247589,2.0361372740192967,-1.2740310493992413,-1.2860490588430924
-1.4740224305825376,-1.4222877049431708,-0.0722315104368386,-0.6908108022453292,-0.010684955964216718,-0.6991224441542135,-0.6983308925851475,1.4178321275016248,-0.46477667335068235,0.35118799419810326,1.1615620576579782,0.036745445512411025,-0.022363888041965884,0.41369818995709984,1.3266408432098749,1.8335079892160524,1.8865792766315213,-1.2740310493992413,-1.2860490588430924
-1.4740224305825376,-1.4222877049431708,0.07223151314612293,-0.6908949269511749,-0.010684955964216718,-0.6991224441542135,-0.6983308925851475,1.569487444015918,-1.003117093095981,0.47584335069073697,1.3135875077307508,0.192814599735529,0.14538284570539103,0.41369818995709984,1.1678072905344197,1.64078543034849,1.6819083267716397,-1.2740310493992413,-1.2860490588430924
-1.4740224305825376,-1.4222877049431708,0.21669453672908448,-0.7054689621240783,-0.010684955964216718,-0.6991224441542135,-0.6983308925851475,1.4178321275016248,-0.7040390821263706,0.5329674678367908,1.4050764711527088,0.27008070131642115,0.24707362753547965,0.41369818995709984,1.0601200741655317,1.5083902688011552,1.532070339392696,-1.2740310493992413,-1.2860490588430924
-1.4740224305825376,-1.4222877049431708,0.361157560312046,-0.7054689621240783,-0.010684955964216718,-0.6991224441542135,-0.6983308925851475,1.2661768109873317,-0.7040390821263706,0.5289893758116895,1.431580548327698,0.27722671393270537,0.2816972429520798,0.41369818995709984,0.9881040250146432,1.397324057189352,1.403578338182544,-1.2740310493992413,-1.2860490588430924
-1.4740224305825376,-1.4222877049431708,0.5056205838950075,-0.7054689621240783,-0.010684955964216718,-0.6991224441542135,-0.6983308925851475,1.1145214944730386,-1.062932695289903,0.49697332729892635,1.418355328585936,0.24422872414666666,0.2678010092490475,0.41369818995709984,0.934447184448152,1.299332481991803,1.2942842884720966,-1.2740310493992413,-1.2860490588430924
-1.4740224305825376,-1.4222877049431708,0.6500836074779691,-0.7054689621240783,-0.010684955964216718,-0.6991224441542135,-0.6983308925851475,0.9628661779587454,0.7315353705277589,0.43494131353471727,1.366613306058185,0.1716757686656714,0.2060607463964933,0.41369818995709984,0.9522861462827995,1.3059160543014916,1.295293292650796,-1.2740310493992413,-1.2860490588430924
-1.4740224305825376,-1.4222877049431708,0.7945466310609306,-0.7054689621240783,-0.010684955964216718,-0.6991224441542135,-0.6983308925851475,0.9022041092049403,-0.22551426457499413,0.3390343109958051,1.2725807868462007,0.04379939450438907,0.0752317266243256,0.41369818995709984,0.9911951014823123,1.3288365756358558,1.321128653941138,-1.2740310493992413,-1.2860490588430924
-1.4740224305825376,-1.4222877049431708,0.9390096546438922,-0.7054689621240783,-0.010684955964216718,-0.6991224441542135,-0.6983308925851475,0.8415420404511351,-0.16569866238107206,0.16556889583702086,1.125126538452674,-0.1467288333201453,-0.12564527841212886,0.41369818995709984,1.0522676299492253,1.3536666384322418,1.3538653784348436,-1.2740310493992413,-1.2860490588430924
-1.4740224305825376,-1.4222877049431708,1.0834726782268538,-0.7054689621240783,-0.010684955964216718,-0.6991224441542135,-0.6983308925851475,0.7808796824377694,-0.10588306018714999,-0.006852997620206649,0.9946253293577684,-0.32028922372047147,-0.30365927709001317,0.41369818995709984,1.0965614768312129,1.3673591436025716,1.3719000278659792,-1.2740310493992413,-1.2860490588430924
-1.4740224305825376,-1.4222877049431708,1.2279357018098151,0.771904747512879,-0.010684955964216718,-0.6991224441542135,-0.6983308925851475,0.7202176136839643,-0.10588306018714999,-0.09057889106594641,0.8905830288555652,-0.4601406885692834,-0.4458338551941504,0.41369818995709984,1.1103649068278199,1.358067447371755,1.3652795214958615,-0.19940050004707985,-0.1872646080882558
-1.4740224305825376,-1.4222877049431708,1.3723987253927767,-0.7054689621240783,-0.010684955964216718,0.45069603204292935,0.4454184247175775,0.6443899554268178,0.13337934858853825,-0.0986514679213228,0.788268426625833,-0.5974757476870598,-0.5853814556725349,0.41369818995709984,1.134218558126411,1.3761779723104584,1.3861548124163423,0.15766376786466757,0.15433029226756012
-1.4740224305825376,-1.4222877049431708,1.5168617489757383,1.0179574146035126,-0.010684955964216718,-0.6991224441542135,-0.6983308925851475,0.5533967076663298,0.31282615517030443,-0.12042695635130855,0.7086489197179341,-0.5863658845798151,-0.5760289793119712,0.41369818995709984,1.1481836603504452,1.3272841588726798,1.3378842778863018,-0.038857554724148154,-0.047076502467955375
-1.4740224305825376,-1.4222877049431708,1.6613247725587,-0.7054689621240783,-0.010684955964216718,1.0057257872485221,1.0000908553279342,0.47756904940918316,0.4922729617520706,-0.10692137740616027,0.6527951446838858,-0.5032929551399073,-0.4953322178437074,0.41369818995709984,1.1608056765776762,1.258014014876773,1.2687497213827932,0.8234547831539741,0.8123943173308874
-1.4740224305825376,-1.312209852931007,-1.6613247698494156,1.787220221356751,-0.010684955964216718,-0.6991224441542135,-0.6983308925851475,0.507900228415866,0.3726417573642265,-0.07029443460568505,0.6055325751526107,-0.3145284276736089,-0.31068243846674637,0.41369818995709984,1.1516009768949518,1.1191264984127078,1.1294984763014921,0.49638589205938477,0.477972941028125
-1.4740224305825376,-1.312209852931007,-1.516861746266454,-0.7054689621240783,-0.010684955964216718,-0.6991224441542135,-0.4340188036324791,0.35624491190157287,0.7315353705277589,-0.010069853942505714,0.5699665511563279,-0.27230873151956797,-0.2611865912761352,0.41369818995709984,1.1634527576745013,1.085694893622793,1.0914163701342898,-1.2740310493992413,-1.2860490588430924
-1.4740224305825376,-1.312209852931007,-1.3723987226834924,-0.673446610204297,-0.010684955964216718,-0.6991224441542135,-0.6983308925851475,0.35624491190157287,0.5520885639459927,-0.0014414011038000282,0.5253541070389124,-0.3277625736676221,-0.2922726329285953,0.41369818995709984,1.1561736466109804,1.080214105172312,1.0729188270335448,-1.2740310493992413,-1.2860490588430924
-1.4740224305825376,-1.312209852931007,-1.2279356991005308,-0.6766705323274748,-0.010684955964216718,-0.6991224441542135,-0.6983308925851475,0.28041725364442627,0.6119041661399147,-0.04498100625292123,0.49383419995279126,-0.4239954867375187,-0.37043632723841696,0.41369818995709984,1.1282501986142077,1.0826016774059217,1.0661561585626482,-1.2740310493992413,-1.2860490588430924
-1.4740224305825376,-1.312209852931007,-1.0834726755175694,-0.5057606808433903,-0.010684955964216718,-0.6991224441542135,-0.6983308925851475,0.20458959538727972,0.7315353705277589,-0.1188235451214165,0.4564212043964363,-0.541446507887092,-0.4813605203723004,0.41369818995709984,1.0998074690750133,1.0903839839457121,1.0713203702418594,-1.1433964571915862,-1.1553548358899741
-1.4740224305825376,-1.312209852931007,-0.9390096519346078,0.02408654615999762,-0.010684955964216718,-0.6991224441542135,0.03733383124147579,0.23492077439396258,0.3726417573642265,-0.18633939921214,0.42105349870675646,-0.6541664816764868,-0.5763551504886126,0.41369818995709984,1.0477118513614352,1.0667935310979708,1.038907844685296,-0.27076547090477426,-0.28232553261049004
-1.4740224305825376,-1.312209852931007,-0.7945466283516462,-0.7054689621240783,-0.010684955964216718,-0.6991224441542135,-0.6983308925851475,0.20458959538727972,0.7315353705277589,-0.22022375292519034,0.40384709189187024,-0.7402203971737901,-0.5968335017665441,0.41369818995709984,0.9987912831530554,1.061993000658183,0.9989238869991361,-1.2740310493992413,-1.2860490588430924
-1.4740224305825376,-1.312209852931007,-0.6500836047686848,0.6408264830426872,-0.010684955964216718,-0.6991224441542135,0.5020876086194335,0.20458959538727972,0.6717197683338367,-0.21324888062895156,0.41890869680723064,-0.7925662395605448,-0.5655646700973543,0.41369818995709984,0.9406858020121734,1.065301352235805,0.9572573888397325,0.484005687592642,0.47279007041205673
-1.4740224305825376,-1.312209852931007,-0.5056205811857232,-0.7054689621240783,-0.010684955964216718,-0.6991224441542135,-0.2244687555305691,0.32591373289489,0.4922729617520706,-0.13681961200409726,0.4835844605691738,-0.7723079800083565,-0.34091741650920354,0.41369818995709984,0.8541211828075223,1.0484269950799745,0.8328213417121704,-1.0114465076365806,-1.0272060470409166
-1.4740224305825376,-1.312209852931007,-0.3611575576027617,0.9031904090485763,-0.010684955964216718,-0.6991224441542135,-0.6983308925851475,0.35624491190157287,0.3726417573642265,-0.011000996383894839,0.5871320239435166,-0.7043982704680627,-0.19257828701517352,0.41369818995709984,0.7519173092685569,1.0121883041029864,0.7570290046291936,-0.13151638725951856,-0.1452466575874941
-1.4740224305825376,-1.312209852931007,-0.21669453401980013,-0.7054689621240783,-0.010684955964216718,0.7510579219661387,0.3590609456994609,0.507900228415866,-0.2853298667689162,0.0983359966692195,0.6942309671001609,-0.5180666095181516,-0.05249489378132913,0.41369818995709984,0.6177462516324913,0.8587688242909429,0.6346588588838354,0.2597888890571784,0.25573210880566927
-1.4740224305825376,-1.312209852931007,-0.0722315104368386,-0.1894858746165144,-0.010684955964216718,-0.6991224441542135,-0.6983308925851475,0.689886723936842,-0.46477667335068235,0.3385252597042124,0.8540846970905184,-0.25046322688906386,0.1341789915607028,0.12140320009223496,0.45917957878320653,0.6915753030068451,0.5134641509961374,-0.9221328279493533,-0.952034752214468
-1.4740224305825376,-1.312209852931007,0.07223151314612293,-0.25466641266071127,-0.010684955964216718,-0.6991224441542135,-0.6983308925851475,0.9628661779587454,-0.7638546843202927,0.6762028620104765,1.0679896933780406,0.0323843575313887,0.3112807171275693,-0.4805137012976985,0.2971280248764607,0.5739786575194588,0.44827806015755656,-0.9689005466576195,-0.9792994813949731
-1.4740224305825376,-1.312209852931007,0.21669453672908448,-0.6906208050714975,-0.010684955964216718,-0.6991224441542135,-0.6983308925851475,0.9628661779587454,-0.7638546843202927,0.9837086397342288,1.2555169433691573,0.2918060117707477,0.6340459623564271,-0.9127344055825742,0.160888045332995,0.4756075835455459,0.32367536264051416,-1.2740310493992413,-1.2860490588430924
-1.4740224305825376,-1.312209852931007,0.361157560312046,-0.6907048036302309,-0.010684955964216718,-0.6991224441542135,-0.6983308925851475,0.9628661779587454,-1.062932695289903,1.0331073516679243,1.4029366095668705,0.4464669335183675,0.9982081154566668,-0.6513143287908204,0.02925017432905967,0.36715397575469744,0.13104636621658455,-1.2740310493992413,-1.2860490588430924
-1.4740224305825376,-1.312209852931007,0.5056205838950075,-0.6907031805373876,-0.010684955964216718,-0.6991224441542135,-0.6983308925851475,0.9628661779587454,-0.7638546843202927,0.9562245524573934,1.4798417669829707,0.4929616211158852,1.3091121332696618,-0.10767133968806362,-0.031970996066353334,0.3569017001381297,0.015146546451344249,-1.2740310493992413,-1.2860490588430924
-1.4740224305825376,-1.312209852931007,0.6500836074779691,-0.6903723415144379,-0.010684955964216718,-0.6991224441542135,-0.6983308925851475,0.9628661779587454,-0.7638546843202927,0.7366073832747576,1.3949340071520224,0.3543589822819672,0.9442372668014394,0.41369818995709984,0.015016020562367444,0.4240211359326132,0.16855288924404768,-1.2740310493992413,-1.2860490588430924
-1.4740224305825376,-1.312209852931007,0.7945466310609306,-0.6905910862135017,-0.010684955964216718,-0.6991224441542135,-0.6983308925851475,0.9628661779587454,-1.062932695289903,0.5299579780064678,1.2839823250781321,0.19064087527274423,0.6717937777837374,0.41369818995709984,0.06280247016043931,0.4614718995320699,0.2500314936476633,-1.2740310493992413,-1.2860490588430924
-1.4740224305825376,-1.312209852931007,0.9390096546438922,-0.4970851458743424,-0.010684955964216718,-0.6991224441542135,-0.6983308925851475,0.9628661779587454,-1.062932695289903,0.4308267609794123,1.2115192154263015,0.05436284295255729,0.47506644152157285,0.41369818995709984,0.09104443657542613,0.5008853430276539,0.3141153947841682,-1.136589009829626,-1.1475072891848237
-1.4740224305825376,-1.312209852931007,1.0834726782268538,-0.027700958590264713,-0.010684955964216718,-0.6991224441542135,-0.6983308925851475,0.8112108614444523,-0.8236702865142147,0.23583402825684585,1.0596363286913715,-0.1513482109138044,0.1330981827003149,0.41369818995709984,0.1694489517279959,0.5721179517843272,0.4448321461873032,-0.8013240611074389,-0.8061654210640049
-1.4740224305825376,-1.312209852931007,1.2279357018098151,0.22075206939021758,-0.010684955964216718,0.3758821460027751,-0.6983308925851475,0.8718729301982574,-0.9433014909020588,0.1706527195112718,0.9381328423398205,-0.3048762386178787,-0.056500342909391967,0.41369818995709984,0.235410255310832,0.6266042089248166,0.5154188798818481,0.060440235585674296,0.06013171102783254
-1.4740224305825376,-1.312209852931007,1.3723987253927767,1.117042797922598,-0.010684955964216718,-0.6991224441542135,-0.6983308925851475,0.7960452719411109,-0.8236702865142147,0.12746764417101286,0.8481534976289801,-0.33068900350320646,-0.21891178823266183,0.41369818995709984,0.26477813607383943,0.6088357492097067,0.5632620612674739,-0.001272766049158889,0.0014481083070982156
-1.4740224305825376,-1.312209852931007,1.5168617489757383,-0.7054689621240783,-0.010684955964216718,0.7197695177561423,0.8735280988363795,0.7050520241806228,-0.7638546843202927,0.13600713009541915,0.7837762699655889,-0.2985562412974527,-0.3100804052923798,0.41369818995709984,0.28137391087012387,0.5652919219230729,0.5789384668256268,0.561242142553484,0.5500618478306343
-1.4740224305825376,-1.312209852931007,1.6613247725587,1.0866550014138323,-0.010684955964216718,-0.6991224441542135,-0.6983308925851475,0.6292243659234763,-0.7040390821263706,0.1400554591581253,0.7250394690152646,-0.20198405672316855,-0.33141736655715165,0.41369818995709984,0.2900689810837059,0.4866334859193726,0.5550053904752814,-0.03555805697390226,-0.04701072791795309
-1.4740224305825376,-1.2021320009188432,-1.6613247698494156,-0.7054689621240783,-0.010684955964216718,0.8087124640654746,0.8551308997021916,0.507900228415866,-0.5245922755446044,0.15590294161426738,0.6721823471123076,-0.13829904460936937,-0.24264682035911667,0.41369818995709984,0.29181938457289175,0.4223432952541196,0.47678589557412726,0.5704424660764972,0.5592663916332912
-1.4740224305825376,-1.2021320009188432,-1.516861746266454,-0.7054689621240783,-0.010684955964216718,-0.6991224441542135,-0.6983308925851475,0.507900228415866,-0.5245922755446044,0.13457763914911988,0.6314049979346827,-0.037752780252535166,-0.11384190655201988,0.41369818995709984,0.2876665800445089,0.34772381051315027,0.386844745384813,-1.2740310493992413,-1.2860490588430924
-1.4740224305825376,-1.2021320009188432,-1.3723987226834924,-0.7054689621240783,-0.010684955964216718,-0.6991224441542135,-0.6983308925851475,0.35624491190157287,-0.04606745799322794,0.0706164480853661,0.5909988780427275,-0.0511386607384604,-0.11352915115642276,0.41369818995709984,0.2942444679842948,0.34472697493789506,0.377688292515739,-1.2740310493992413,-1.2860490588430924
-1.4740224305825376,-1.2021320009188432,-1.2279356991005308,-0.7054689621240783,-0.010684955964216718,-0.6991224441542135,-0.6983308925851475,0.35624491190157287,0.013748144200694123,0.00889013266577973,0.559291944795575,-0.12649614699693093,-0.17816638422824782,0.41369818995709984,0.3050755420145674,0.38553191394681363,0.4148021360819042,-1.2740310493992413,-1.2860490588430924
-1.4740224305825376,-1.2021320009188432,-1.0834726755175694,-0.38329015708089037,-0.010684955964216718,-0.6991224441542135,-0.6983308925851475,0.35624491190157287,0.013748144200694123,-0.05510918707553095,0.5336178403201062,-0.23443733673206235,-0.27608062369434333,0.41369818995709984,0.3212442125682465,0.4487328742805865,0.4750738824702343,-1.1362982820364371,-1.148253425639698
-1.4740224305825376,-1.2021320009188432,-0.9390096519346078,-0.7054689621240783,-0.010684955964216718,-0.6991224441542135,-0.1236613651308783,0.2955828431477677,0.013748144200694123,-0.11636524880524911,0.5024472839876096,-0.34867465544057746,-0.3683920976017795,0.41369818995709984,0.33939734938813254,0.5065853544107398,0.524155997895728,-0.9235290773996809,-0.9353871060336899
-1.4740224305825376,-1.2021320009188432,-0.7945466283516462,-0.7054689621240783,-0.010684955964216718,-0.6991224441542135,-0.6983308925851475,0.35624491190157287,0.013748144200694123,-0.1365313056878338,0.5279174240836896,-0.39920735589308004,-0.3767174282261328,0.41369818995709984,0.3156440796516452,0.5320186567586704,0.5300446728415613,-1.2740310493992413,-1.2860490588430924
-1.4740224305825376,-1.2021320009188432,-0.6500836047686848,0.15560813082816874,-0.010684955964216718,-0.6991224441542135,-0.04139455153107492,0.507900228415866,-0.2853298667689162,-0.01807754515361865,0.7443970295615607,0.05201095832792074,-0.253553850348198,0.41369818995709984,0.16542982841453024,0.33615124918765643,0.480184133230095,-0.24418083816807576,-0.25423016921792324
-1.4740224305825376,-1.2021320009188432,-0.5056205811857232,-0.7054689621240783,-0.010684955964216718,-0.6991224441542135,-0.6983308925851475,0.7505487926906471,-0.46477667335068235,0.11324631636646344,0.9521915635765938,0.8120464709924087,-0.09029050292860998,0.41369818995709984,0.03978227538950849,0.05047343391771554,0.4364536840831629,-1.2740310493992413,-1.2860490588430924
-1.4740224305825376,-1.2021320009188432,-0.3611575576027617,-0.7054689621240783,-0.010684955964216718,-0.6991224441542135,-0.6983308925851475,0.8112108614444523,-0.5245922755446044,0.24676558700482076,1.0899458589240256,1.4647511416532766,0.06640414269712326,0.41369818995709984,-0.03470663493551521,-0.16425510586566047,0.40091229204634543,-1.2740310493992413,-1.2860490588430924
-1.4740224305825376,-1.2021320009188432,-0.21669453401980013,-0.7054689621240783,-0.010684955964216718,-0.6991224441542135,-0.6983308925851475,0.8112108614444523,-0.5245922755446044,0.4218150145926348,1.2254311387706427,1.8318139264078062,0.1892021405415987,0.41369818995709984,-0.10915283483627837,-0.2761665843098526,0.3664977947108246,-1.2740310493992413,-1.2860490588430924
-1.4740224305825376,-1.2021320009188432,-0.0722315104368386,-0.7054689621240783,-0.010684955964216718,-0.6991224441542135,-0.6983308925851475,0.9628661779587454,-0.8834858887081368,0.6394013300022409,1.3476827297663192,1.7877657443821284,0.3062858541474834,0.31266503845067106,-0.17601347034690545,-0.24437194447988875,0.3345345100611435,-1.2740310493992413,-1.2860490588430924
-1.4740224305825376,-1.2021320009188432,0.07223151314612293,-0.7054689621240783,-0.010684955964216718,-0.6991224441542135,-0.6983308925851475,0.9628661779587454,-1.062932695289903,0.8007190822762359,1.4311465064822855,1.5079255716890112,0.36711048994375856,0.4099251094470285,-0.23202710590634928,-0.15259046660576536,0.29879006026757315,-1.2740310493992413,-1.2860490588430924
-1.4740224305825376,-1.2021320009188432,0.21669453672908448,-0.7054689621240783,-0.010684955964216718,-0.6991224441542135,-0.6983308925851475,0.9628661779587454,-1.3021951040655912,0.9426821826830235,1.5122502247737655,1.2510416342048327,0.5797078566951099,0.41369818995709984,-0.29914786479185124,-0.08859587192618368,0.17326005843767533,-1.2740310493992413,-1.2860490588430924
-1.4740224305825376,-1.2021320009188432,0.361157560312046,-0.7054689621240783,-0.010684955964216718,-0.6991224441542135,-0.6983308925851475,1.1448526734797215,-1.6610887172291235,1.0180625782129797,1.6080817239271423,1.1475800217449694,1.1012455063090851,0.41369818995709984,-0.369670496904613,-0.07364590057226683,-0.06168101678318906,-1.2740310493992413,-1.2860490588430924
-1.4740224305825376,-1.2021320009188432,0.5056205838950075,-0.6907366992267292,-0.010684955964216718,-0.6991224441542135,-0.6983308925851475,1.1145214944730386,-1.9003511260048118,1.0413672272902468,1.6800084566643168,1.0545804172583444,1.774447722143466,0.41369818995709984,-0.4367613343629494,-0.08316370406723216,-0.3489615832478528,-1.2740310493992413,-1.2860490588430924
-1.4740224305825376,-1.2021320009188432,0.6500836074779691,-0.7054689621240783,-0.010684955964216718,-0.6991224441542135,-0.6983308925851475,1.1145214944730386,-1.7209043194230456,0.9876191704183961,1.749447388580225,0.9853758498910036,2.364832644618256,0.41369818995709984,-0.5043321211650948,-0.09882405238234732,-0.5772674157832749,-1.2740310493992413,-1.2860490588430924
-1.4740224305825376,-1.2021320009188432,0.7945466310609306,-0.7054689621240783,-0.010684955964216718,-0.6991224441542135,-0.6983308925851475,1.1448526734797215,-1.6610887172291235,0.9129939902737332,1.8097763820561599,0.894872192552235,2.506037094055621,0.41369818995709984,-0.5490808220003653,-0.08102224668632112,-0.6334888425625217,-1.2740310493992413,-1.2860490588430924
-1.4740224305825376,-1.2021320009188432,0.9390096546438922,-0.7054689621240783,-0.010684955964216718,-0.6991224441542135,-0.6983308925851475,1.1145214944730386,-1.3021951040655912,0.7416885312523379,1.7619280324733526,0.66834197297819,2.2077011476222648,0.41369818995709984,-0.5269396898033392,0.005406878547689215,-0.5418805383468468,-1.2740310493992413,-1.2860490588430924
-1.4740224305825376,-1.2021320009188432,1.0834726782268538,-0.6907177771599017,-0.010684955964216718,-0.6991224441542135,-0.6983308925851475,0.9173696987082818,-0.9433014909020588,0.4958515414697528,1.5575677222303144,0.3451816028441865,1.5436920957485456,0.41369818995709984,-0.41130929972932007,0.13709359935207238,-0.31998153560933495,-1.2740310493992413,-1.2860490588430924
-1.4740224305825376,-1.2021320009188432,1.2279357018098151,-0.21189628473389802,-0.010684955964216718,-0.2630528718378278,-0.6983308925851475,0.7202176136839643,-0.4049610711567603,0.3278632773958063,1.3580355099782784,0.1124993168199776,1.0899879890402193,0.41369818995709984,-0.2951207785179302,0.23161590172215785,-0.15875042608976286,-0.6579284865157593,-0.660459527375989
-1.4740224305825376,-1.2021320009188432,1.3723987253927767,0.30476958943633686,-0.010684955964216718,0.1505706530903454,-0.6983308925851475,0.6140590656796955,-0.2853298667689162,0.23960542271413887,1.1930099773160798,0.0028217048375157377,0.6901088343682625,0.41369818995709984,-0.19440935680976376,0.28119513641928784,-0.002738356010830482,-0.02913016120944303,-0.025189662370698186
-1.4740224305825376,-1.2021320009188432,1.5168617489757383,0.7551385067999402,-0.010684955964216718,0.47611633628174077,-0.6983308925851475,0.5230658179192075,-0.16569866238107206,0.20053289315668188,1.0597591307744638,-0.011036427943461564,0.36816865967363405,0.41369818995709984,-0.10995974816242085,0.29240497952655625,0.1329718391821654,0.4721917953505793,0.4790351692748909
-1.4740224305825376,-1.2021320009188432,1.6613247725587,-0.7054689621240783,-0.010684955964216718,0.9960904354212278,-0.6983308925851475,0.416906980655378,-0.04606745799322794,0.2016265841708135,0.9474827388731927,0.2108471359260189,0.11740591130996612,0.41369818995709984,-0.03720748712216014,0.20366573078880645,0.24516070801182815,-0.3569622057295032,-0.3416952601931641
-1.4740224305825376,-1.0920541489066795,-1.6613247698494156,2.126541376129486,-0.010684955964216718,-0.6991224441542135,-0.6983308925851475,0.3107484326511092,0.13337934858853825,0.16775025754777512,0.8516702952154681,0.3540870536138777,-0.09990961793743076,0.41369818995709984,0.025926482895361543,0.15013230816108128,0.34725628439670436,0.7201155828771165,0.689355952324268
-1.4740224305825376,-1.0920541489066795,-1.516861746266454,-0.7054689621240783,-0.010684955964216718,-0.6991224441542135,-0.6351546042466626,0.21975518489062115,0.25301055297638236,0.20036900673560404,0.7659565584943394,0.33931680899949657,-0.32329159567583343,0.41369818995709984,0.08207018014224282,0.1585922910872361,0.45217213148209484,-1.2740310493992413,-1.2860490588430924
-1.4740224305825376,-1.0920541489066795,-1.3723987226834924,-0.7054689621240783,-0.010684955964216718,-0.6991224441542135,-0.6983308925851475,0.11359634762679172,0.3726417573642265,0.19870739910312518,0.6918045673204406,0.2189538495107574,-0.47295637203431135,0.41369818995709984,0.12880889718585575,0.20877498047127138,0.5230648604301457,-1.2740310493992413,-1.2860490588430924
-1.4740224305825376,-1.0920541489066795,-1.2279356991005308,-0.7054689621240783,-0.010684955964216718,-0.6991224441542135,-0.6983308925851475,0.0074376549927425714,0.5520885639459927,0.13010721893661736,0.6296991781942569,0.048196285005974907,-0.557033910325759,0.41369818995709984,0.16618606835595684,0.2781223580616876,0.5601019884724148,-1.2740310493992413,-1.2860490588430924
-1.4740224305825376,-1.0920541489066795,-1.0834726755175694,-0.7054689621240783,-0.010684955964216718,-0.6991224441542135,0.09293093170587528,-0.113886627144648,0.6717197683338367,0.0441932745384467,0.5755568689734203,-0.12284940454524729,-0.6509854634658706,0.41369818995709984,0.1957243082123424,0.3440204704131902,0.5966487006091005,-0.8010739818772619,-0.7960946407811778
-1.4740224305825376,-1.0920541489066795,-0.9390096519346078,-0.7054689621240783,-0.010684955964216718,-0.6991224441542135,-0.6983308925851475,-0.22004531977869715,0.851166574915603,-0.05848725412223718,0.5182739317654531,-0.2844764738653679,-0.6395904344412999,0.41369818995709984,0.23018751845944807,0.40738170659072226,0.5820434951487379,-1.2740310493992413,-1.2860490588430924
-1.4740224305825376,-1.0920541489066795,-0.7945466283516462,0.6400143871802211,-0.010684955964216718,-0.6991224441542135,0.5370825542983391,0.12876193713013315,0.3726417573642265,-0.07843858634700157,0.5381227006441184,-0.34809243826093744,-0.571652080746242,0.41369818995709984,0.2131323049750729,0.434579549167529,0.5475689689993211,0.5203506557185263,0.5091517169703318
-1.4740224305825376,-1.0920541489066795,-0.6500836047686848,-0.7054689621240783,-0.010684955964216718,-0.6991224441542135,-0.19925561484330787,0.49273463891252456,-0.04606745799322794,0.03344834563325022,0.7094181971350065,0.09454946740317012,-0.1979991010434185,0.41369818995709984,0.10309263704620784,0.2586764879388057,0.3920364792999982,-0.9957072220291376,-1.011590226306728
-1.4740224305825376,-1.0920541489066795,-0.5056205811857232,-0.7054689621240783,-0.010684955964216718,-0.6991224441542135,-0.6983308925851475,0.8415420404511351,-0.46477667335068235,0.191523822466575,0.9649834472320415,0.8842899904028193,0.0190665592820268,0.41369818995709984,-0.044901637336687394,-0.025785382272173047,0.331656377651928,-1.2740310493992413,-1.2860490588430924
-1.4740224305825376,-1.0920541489066795,-0.3611575576027617,-0.7054689621240783,-0.010684955964216718,-0.6991224441542135,-0.6983308925851475,1.12968708397638,-1.003117093095981,0.33997883192054756,1.138360933062713,1.5884275391760723,0.1714262306577946,0.41369818995709984,-0.1386138581064302,-0.25283988741439134,0.29905314683822204,-1.2740310493992413,-1.2860490588430924
-1.4740224305825376,-1.0920541489066795,-0.21669453401980013,-0.7054689621240783,-0.010684955964216718,-0.6991224441542135,-0.6983308925851475,1.4329977170049664,-1.4218263084534353,0.53569734736503,1.3172779220554038,2.0141621307245434,0.3723929537299834,0.41369818995709984,-0.24221752357271387,-0.3823672946029212,0.22925892351341598,-1.2740310493992413,-1.2860490588430924
-1.4740224305825376,-1.0920541489066795,-0.0722315104368386,-0.7054689621240783,-0.010684955964216718,-0.6991224441542135,-0.6983308925851475,1.7211427605302112,-1.8405355238108898,0.7945495946778653,1.4897513304812406,2.0394796274087423,0.5546983253694389,0.37068858198462123,-0.3387631104535706,-0.3803824557646366,0.16451167147678242,-1.2740310493992413,-1.2860490588430924
-1.4740224305825376,-1.0920541489066795,0.07223151314612293,-0.7054689621240783,-0.010684955964216718,-0.6991224441542135,-0.6983308925851475,1.8727980770445043,-1.182563899677747,0.9722941177372001,1.5955552056926299,1.8073718865954815,0.6384555618884519,0.41369818995709984,-0.40330917879184164,-0.3080068328362955,0.12343332566724798,-1.2740310493992413,-1.2860490588430924
-1.4740224305825376,-1.0920541489066795,0.21669453672908448,-0.7054689621240783,-0.010684955964216718,-0.6991224441542135,-0.6983308925851475,1.857632487541163,-1.7807199216169676,1.178177604833514,1.736404254685807,1.6409626234572343,0.9165571565616214,0.41369818995709984,-0.4753300539793697,-0.23316963111024658,0.030278141763524072,-1.2740310493992413,-1.2860490588430924
-1.4740224305825376,-1.0920541489066795,0.361157560312046,-0.7054689621240783,-0.010684955964216718,-0.6991224441542135,-0.6983308925851475,1.8424668980378214,-1.7209043194230456,1.2931703517242323,1.8624020149748968,1.550580012735609,1.4862364979670406,0.41369818995709984,-0.5211144222775002,-0.15871278870200464,-0.14418227812823137,-1.2740310493992413,-1.2860490588430924
-1.4740224305825376,-1.0920541489066795,0.5056205838950075,-0.6907126261528209,-0.010684955964216718,-0.6991224441542135,-0.6983308925851475,1.7211427605302112,-1.2423795018716692,1.3209922457057386,1.939605708489549,1.4453137827511515,2.17105761867217,0.41369818995709984,-0.5270359692342993,-0.053302485724333576,-0.3243066441571192,-1.2740310493992413,-1.2860490588430924
-1.4740224305825376,-1.0920541489066795,0.6500836074779691,-0.7054689621240783,-0.010684955964216718,-0.6991224441542135,-0.6983308925851475,1.569487444015918,-0.7638546843202927,1.2340956517052686,1.9964376656337461,1.3433720725333063,2.760723119888455,0.41369818995709984,-0.4841004103645296,0.11216608023726628,-0.4114470275926724,-1.2740310493992413,-1.2860490588430924
-1.4740224305825376,-1.0920541489066795,0.7945466310609306,-0.7054689621240783,-0.010684955964216718,-0.6991224441542135,-0.6983308925851475,1.569487444015918,-0.7638546843202927,1.1476652978496609,2.04707305789547,1.2309010115059245,2.8921868738012853,0.41369818995709984,-0.48247307080965374,0.20639042013271225,-0.41426946539838144,-1.2740310493992413,-1.2860490588430924
-1.4740224305825376,-1.0920541489066795,0.9390096546438922,-0.7054689621240783,-0.010684955964216718,-0.6991224441542135,-0.6983308925851475,1.4178321275016248,-0.7638546843202927,0.9517253685056812,1.9874829941953838,1.0311357333760034,2.5453470094882866,0.41369818995709984,-0.4006509978107455,0.36269766189211045,-0.23753380176260425,-1.2740310493992413,-1.2860490588430924
-1.4740224305825376,-1.0920541489066795,1.0834726782268538,-0.6912348191318755,-0.010684955964216718,-0.6991224441542135,-0.6983308925851475,1.2661768109873317,-0.5245922755446044,0.6918456536713132,1.7821106254054815,0.7700091972050485,1.8368302655135198,0.41369818995709984,-0.24113986959108935,0.53173188132279,0.07259953911279649,-1.2740310493992413,-1.2860490588430924
-1.4740224305825376,-1.0920541489066795,1.2279357018098151,-0.6906841056923909,-0.010684955964216718,-0.6991224441542135,-0.6983308925851475,1.2661768109873317,-0.5844078777385264,0.5193689084323372,1.5865828902768115,0.5151958388267932,1.3770429405878821,0.41369818995709984,-0.11798255147210542,0.6544145418736802,0.26540797184685566,-1.2740310493992413,-1.2860490588430924
-1.4740224305825376,-1.0920541489066795,1.3723987253927767,-0.6907188508119898,-0.010684955964216718,-0.6991224441542135,-0.6983308925851475,1.1145214944730386,-0.7638546843202927,0.36746425704571833,1.4213145764848212,0.28977294006731963,0.973058556916345,0.41369818995709984,0.0008115469210088108,0.7634290075500053,0.44292617716847554,-1.2740310493992413,-1.2860490588430924
-1.4740224305825376,-1.0920541489066795,1.5168617489757383,-0.3645017052746593,-0.010684955964216718,-0.6991224441542135,-0.6983308925851475,0.9628661779587454,-1.062932695289903,0.2611989637705198,1.2746105500127147,0.08934702018890522,0.6340677630006243,0.41369818995709984,0.08060571932395373,0.8151845515564878,0.5552862473085276,-1.0399647654017143,-1.0484423389312
-1.4740224305825376,-1.0920541489066795,1.6613247725587,0.055031498020776844,-0.010684955964216718,0.053251013781394026,-0.6983308925851475,0.9325349989520626,-0.9433014909020588,0.18462052505627635,1.154354845746837,-0.11532235081725138,0.3688478335890058,0.41369818995709984,0.1482621682764522,0.873364037434982,0.6393252864998008,-0.2610298869240097,-0.25978022984521926
-1.4740224305825376,-0.9819762968945157,-1.6613247698494156,0.25152703100915724,-0.010684955964216718,0.08958377653088379,-0.6983308925851475,0.8112108614444523,-0.5245922755446044,0.14578947712334628,1.0459417791492858,-0.1563025978070221,0.14143860607834316,0.41369818995709984,0.2188395759050735,0.8621077250897915,0.720350965917703,-0.11456392261894424,-0.11554330110725455
-1.4740224305825376,-0.9819762968945157,-1.516861746266454,-0.7054689621240783,-0.010684955964216718,-0.6991224441542135,-0.6983308925851475,0.6595555449301591,-0.5245922755446044,0.1327561586405692,0.948312711572713,-0.11546044625371064,-0.10418925209058813,0.41369818995709984,0.27413678632536753,0.8077137610190641,0.811473188438184,-1.2740310493992413,-1.2860490588430924
-1.4740224305825376,-0.9819762968945157,-1.3723987226834924,-0.7054689621240783,-0.010684955964216718,-0.6991224441542135,-0.6983308925851475,0.507900228415866,-0.5245922755446044,0.08938913592670546,0.8714463709070156,-0.16443914682556354,-0.25446444648658534,0.41369818995709984,0.30314560996238804,0.7708584920981649,0.826732209535818,-1.2740310493992413,-1.2860490588430924
-1.4740224305825376,-0.9819762968945157,-1.2279356991005308,-0.7054689621240783,-0.010684955964216718,-0.6991224441542135,-0.6983308925851475,0.507900228415866,0.07356374639461619,0.035447759970399714,0.8059505150729273,-0.2486117251113507,-0.3791448461088504,0.41369818995709984,0.34275385787098,0.7912494518608241,0.8694025108214535,-1.2740310493992413,-1.2860490588430924
-1.4740224305825376,-0.9819762968945157,-1.0834726755175694,-0.7054689621240783,-0.010684955964216718,-0.6991224441542135,-0.6983308925851475,0.35624491190157287,0.013748144200694123,-0.03561941252645514,0.7351494680974321,-0.3583975970964689,-0.5020694553869322,0.41369818995709984,0.38738552731774,0.8235877387474045,0.9105671074177409,-1.2740310493992413,-1.2860490588430924
-1.4740224305825376,-0.9819762968945157,-0.9390096519346078,-0.26822113851977286,-0.010684955964216718,-0.6991224441542135,-0.6983308925851475,0.35624491190157287,-0.04606745799322794,-0.14887964582292235,0.6746285081467783,-0.4698022544756374,-0.613092589906018,0.41369818995709984,0.410896047411255,0.8361968222409947,0.9243919382974557,-0.969133097390378,-1.0049217165848254
-1.4740224305825376,-0.9819762968945157,-0.7945466283516462,-0.7054689621240783,-0.010684955964216718,-0.6991224441542135,0.15008605899005276,0.507900228415866,-0.2853298667689162,-0.14331887921712652,0.6798807673558179,-0.502113176843243,-0.6261939385821708,0.41369818995709984,0.39320283188312366,0.8240795381820804,0.9019836371621724,-0.7492099706763238,-0.7609883967905865
-1.4740224305825376,-0.9819762968945157,-0.6500836047686848,-0.7054689621240783,-0.010684955964216718,-0.6991224441542135,-0.6983308925851475,2.0244533935587974,-2.199429136974422,0.020445128738018046,0.9724433209003495,0.2155449380885314,-0.3561527128577281,0.41369818995709984,0.1888100455187758,0.4790850315167179,0.7619505005265871,-1.2740310493992413,-1.2860490588430924
-1.4740224305825376,-0.9819762968945157,-0.5056205811857232,-0.7054689621240783,-0.010684955964216718,-0.6991224441542135,-0.6983308925851475,1.1145214944730386,-0.7638546843202927,0.14512590434902298,1.131029507550283,0.8512348870720721,-0.14806137156465807,0.41369818995709984,0.11199908766460467,0.24993424741934614,0.7112543251520055,-1.2740310493992413,-1.2860490588430924
-1.4740224305825376,-0.9819762968945157,-0.3611575576027617,-0.7054689621240783,-0.010684955964216718,-0.6991224441542135,-0.6983308925851475,1.569487444015918,-1.6610887172291235,0.31126325525104154,1.3126283811162542,1.5265019652156802,0.09607314247677065,0.41369818995709984,-0.01654119172219819,-0.03359909857463322,0.5744534259144662,-1.2740310493992413,-1.2860490588430924
-1.4740224305825376,-0.9819762968945157,-0.21669453401980013,-0.7054689621240783,-0.010684955964216718,-0.6991224441542135,-0.6983308925851475,1.7211427605302112,-1.6610887172291235,0.5673421429647394,1.5288814379235929,1.912561396893017,0.34717128536654807,0.28696597287416636,-0.13733544100059802,-0.15154404821107464,0.4854029559602152,-1.2740310493992413,-1.2860490588430924
-1.4740224305825376,-0.9819762968945157,-0.0722315104368386,-0.7054689621240783,-0.010684955964216718,-0.6991224441542135,-0.6983308925851475,1.8727980770445043,-1.6610887172291235,0.7955409402943443,1.6865847199416388,1.93142506302516,0.5359883417304198,0.21771444371071083,-0.21589076979815552,-0.1304431417579387,0.4322488498736901,-1.2740310493992413,-1.2860490588430924
-1.4740224305825376,-0.9819762968945157,0.07223151314612293,-0.7054689621240783,-0.010684955964216718,-0.6991224441542135,-0.6983308925851475,1.8727980770445043,-1.6610887172291235,1.0261565606417213,1.8533097205123792,1.7847165630474693,0.7192764193313762,0.23398022303831462,-0.3035212191946642,-0.0586980805719575,0.37050238840029776,-1.2740310493992413,-1.2860490588430924
-1.4740224305825376,-0.9819762968945157,0.21669453672908448,-0.7054689621240783,-0.010684955964216718,-0.6991224441542135,-0.6983308925851475,2.0244533935587974,-1.6012731150352015,1.1714141125742572,2.0196042080331984,1.7145427703020162,0.9781833852752984,0.41369818995709984,-0.3676534548910888,0.020387183987471882,0.3153625638237763,-1.2740310493992413,-1.2860490588430924
-1.4740224305825376,-0.9819762968945157,0.361157560312046,-0.7054689621240783,-0.010684955964216718,-0.6991224441542135,-0.6983308925851475,1.9941222145521145,-1.5414575128412795,1.0888501404077509,1.9850142488697695,1.4925083243815893,0.9927864629421065,0.41369818995709984,-0.33063413433781463,0.1371992308142009,0.341374327476975,-1.2740310493992413,-1.2860490588430924
-1.4740224305825376,-0.9819762968945157,0.5056205838950075,-0.7054689621240783,-0.010684955964216718,-0.6991224441542135,-0.6983308925851475,1.8727980770445043,-1.4218263084534353,1.0187154482006204,1.9558558117263314,1.324729188611305,0.9571348633029807,0.41369818995709984,-0.3188960067211278,0.19670158402595023,0.3481311447638456,-1.2740310493992413,-1.2860490588430924
-1.4740224305825376,-0.9819762968945157,0.6500836074779691,-0.7054689621240783,-0.010684955964216718,-0.6991224441542135,-0.6983308925851475,1.9334601457983094,-1.4218263084534353,0.9397750382503531,1.9044948991116255,1.1715958410743952,0.8916180580864334,0.41369818995709984,-0.28595661754297835,0.2647226521173393,0.3820042992217051,-1.2740310493992413,-1.2860490588430924
-1.4740224305825376,-0.9819762968945157,0.7945466310609306,-0.6872685604992688,-0.010684955964216718,-0.6991224441542135,-0.6983308925851475,1.9941222145521145,-1.4816419106473573,0.7973630897270626,1.8166504756729356,0.9879348776703291,0.7642989420300017,0.41369818995709984,-0.22576363425363388,0.35605277600460805,0.4531122217155996,-1.2740310493992413,-1.2860490588430924
-1.4740224305825376,-0.9819762968945157,0.9390096546438922,-0.6907550171890527,-0.010684955964216718,-0.6991224441542135,-0.6983308925851475,1.7211427605302112,-0.46477667335068235,0.6256609586742422,1.6702852135679802,0.749481566307668,0.5678877151086954,0.41369818995709984,-0.08081555419765928,0.5596654868333636,0.6457303826135552,-1.2740310493992413,-1.2860490588430924
-1.4740224305825376,-0.9819762968945157,1.0834726782268538,-0.6905676228506357,-0.010684955964216718,-0.6991224441542135,-0.6983308925851475,1.569487444015918,-0.7638546843202927,0.46003065229131346,1.50758303985716,0.5017008458972458,0.3518307538205245,0.41369818995709984,0.06810966265301638,0.7503569527600801,0.8283315331695813,-1.2740310493992413,-1.2860490588430924
-1.4740224305825376,-0.9819762968945157,1.2279357018098151,-0.6905185544272656,-0.010684955964216718,-0.6991224441542135,-0.6983308925851475,1.2661768109873317,0.25301055297638236,0.3192448584196156,1.356294402282941,0.27465489953889294,0.1504171175422948,0.41369818995709984,0.21123663778303484,0.9290139617417712,1.0001951109064064,-1.2740310493992413,-1.2860490588430924
-1.4740224305825376,-0.9819762968945157,1.3723987253927767,-0.30770381663771307,-0.010684955964216718,-0.6991224441542135,-0.6983308925851475,1.2661768109873317,-0.22551426457499413,0.22700690494034378,1.2415845530109673,0.09953965681695133,-0.0027978098750522547,0.41369818995709984,0.3379196169690845,1.087539033935147,1.1520025634863855,-0.9976965827290817,-1.0049109590649652
-1.4740224305825376,-0.9819762968945157,1.5168617489757383,-0.39130566793284344,-0.010684955964216718,-0.6991224441542135,-0.6983308925851475,1.1145214944730386,0.07356374639461619,0.1582301287935725,1.1353819239090772,-0.05788999318758018,-0.14244099779337793,0.41369818995709984,0.45282465373617053,1.223635384228834,1.2823149330601706,-1.0596750544698739,-1.0705900488850668
-1.4740224305825376,-0.9819762968945157,1.6613247725587,0.536738273450572,-0.010684955964216718,-0.6991224441542135,-0.6983308925851475,0.9628661779587454,0.1931949507824603,0.10904948613853574,1.037571476244259,-0.20072585385765077,-0.269632663929888,0.41369818995709984,0.5603661237985424,1.3412348264759102,1.394368141104639,-0.38868568088007793,-0.3851672175687428
-1.4740224305825376,-0.8718984448823519,-1.6613247698494156,-0.7054689621240783,-0.010684955964216718,-0.6991224441542135,0.8772670278174941,0.8112108614444523,0.3726417573642265,0.09911328655204575,0.9430336335179407,-0.3263142764667314,-0.3761112026201899,0.41369818995709984,0.6551248706135843,1.4300844396537251,1.4744959888403348,-0.3367022328828666,-0.33436047579477796
-1.4740224305825376,-0.8718984448823519,-1.516861746266454,-0.7054689621240783,-0.010684955964216718,-0.6991224441542135,-0.6983308925851475,0.8112108614444523,-0.22551426457499413,0.06600220917681568,0.8684313680393703,-0.43474220999333346,-0.32102516716564844,0.41369818995709984,0.7132337299801139,1.4489225523824867,1.3959206552661945,-1.2740310493992413,-1.2860490588430924
-1.4740224305825376,-0.8718984448823519,-1.3723987226834924,-0.6819602760022608,-0.010684955964216718,-0.6991224441542135,-0.6983308925851475,0.689886723936842,0.6717197683338367,-0.015751695822648834,0.8070790238709996,-0.5249730862230466,-0.27522536765276406,0.41369818995709984,0.7811379959140563,1.5033728819177308,1.3693029690005294,-1.2740310493992413,-1.2860490588430924
-1.4740224305825376,-0.8718984448823519,-1.2279356991005308,-0.6903446620347559,-0.010684955964216718,-0.6991224441542135,-0.6983308925851475,0.507900228415866,1.0904289836912913,-0.10145225341133449,0.7343053802159472,-0.6300006327370806,-0.3353096200326525,0.41369818995709984,0.8658803036835915,1.5913090303537987,1.4286461108128872,-1.2740310493992413,-1.2860490588430924
-1.4740224305825376,-0.8718984448823519,-1.0834726755175694,0.20733064458623437,-0.010684955964216718,-0.6991224441542135,-0.6983308925851475,0.35624491190157287,1.0904289836912913,-0.16855136774560292,0.6645481509467366,-0.7240913616599269,-0.43105804934639586,0.41369818995709984,0.9318831111815282,1.649744527311586,1.4868905302914808,-0.6208878688055532,-0.6206250460491352
-1.4740224305825376,-0.8718984448823519,-0.9390096519346078,-0.7054689621240783,-0.010684955964216718,-0.6991224441542135,0.38466643601504535,0.4472381596620609,0.851166574915603,-0.1787337314257935,0.6193979183964686,-0.7851909203244609,-0.4824002434032399,0.41369818995709984,0.9738097870917879,1.6839622367096834,1.5144478733696116,-0.6137316966002169,-0.6254483081441629
-1.4740224305825376,-0.8718984448823519,-0.7945466283516462,-0.31419838577442105,-0.010684955964216718,-0.6991224441542135,-0.6983308925851475,0.6595555449301591,0.7315353705277589,-0.15184498665817953,0.6374251230425982,-0.7617641377024017,-0.4026392326628217,0.41369818995709984,0.9740385412285053,1.6761992923523603,1.4723748262756635,-1.0334923621046574,-1.0454005733513045
-1.4740224305825376,-0.8718984448823519,-0.6500836047686848,-0.21013175014175836,-0.010684955964216718,-0.6991224441542135,-0.3531967191502452,0.9628661779587454,0.07356374639461619,0.051865834741559674,0.8589466715182358,-0.006907203905136285,-0.17467995812933945,0.41369818995709984,0.8278356916462326,1.2514855172194366,1.3596225100953525,-0.7156046684447556,-0.7193670914149555
-1.4740224305825376,-0.8718984448823519,-0.5056205811857232,-0.7054689621240783,-0.010684955964216718,-0.6991224441542135,-0.6983308925851475,1.1751835632268437,-0.4049610711567603,0.17928384804664815,1.0715304867738686,0.7952423022336337,-0.031370908040636816,0.41369818995709984,0.674845504134015,0.8282647814901216,1.2773808679526473,-1.2740310493992413,-1.2860490588430924
-1.4740224305825376,-0.8718984448823519,-0.3611575576027617,-0.7054689621240783,-0.010684955964216718,-0.6991224441542135,-0.6983308925851475,1.4178321275016248,-0.7638546843202927,0.31944754244241796,1.2213956082469544,1.4681336274055627,0.16161677925540666,0.41369818995709984,0.5749479935051184,0.5184167235752166,1.1779020710904935,-1.2740310493992413,-1.2860490588430924
-1.4740224305825376,-0.8718984448823519,-0.21669453401980013,-0.7054689621240783,-0.010684955964216718,-0.6991224441542135,-0.6983308925851475,1.569487444015918,-1.003117093095981,0.506345623812075,1.3647310465432014,1.8829058281338722,0.3180800026581243,0.41369818995709984,0.4739979242851233,0.3390177127342968,1.093506759805195,-1.2740310493992413,-1.2860490588430924
-1.4740224305825376,-0.8718984448823519,-0.0722315104368386,-0.7054689621240783,-0.010684955964216718,-0.6991224441542135,-0.6983308925851475,1.7818048292840163,-1.2423795018716692,0.7350220329973925,1.5080961267215742,1.887720414708699,0.45522450135693415,0.41369818995709984,0.38961901707455066,0.35045172688746734,1.035276643220887,-1.2740310493992413,-1.2860490588430924
-1.4740224305825376,-0.8718984448823519,0.07223151314612293,-0.7054689621240783,-0.010684955964216718,-0.6991224441542135,-0.6983308925851475,1.569487444015918,-0.46477667335068235,0.9295752825418033,1.6157547368431162,1.6722795996587194,0.5659432653435755,0.41369818995709984,0.3706290455013566,0.5155687616696008,1.0592175211499337,-1.2740310493992413,-1.2860490588430924
-1.4740224305825376,-0.8718984448823519,0.21669453672908448,-0.7054689621240783,-0.010684955964216718,-0.6991224441542135,-0.6983308925851475,1.569487444015918,-0.7638546843202927,1.092567352007463,1.7169267150928116,1.4656496144312277,0.7936912413256088,0.41369818995709984,0.3445211524884045,0.6516569368195796,0.983839101159164,-1.2740310493992413,-1.2860490588430924
-1.4740224305825376,-0.8718984448823519,0.361157560312046,-0.7054689621240783,-0.010684955964216718,-0.6991224441542135,-0.6983308925851475,1.47849419625543,-0.3451454689628382,1.185818056676579,1.8167182285463657,1.3388942001399695,1.2868142666875861,0.41369818995709984,0.34836412546452444,0.796403664833686,0.8181504729644054,-1.2740310493992413,-1.2860490588430924
-1.4740224305825376,-0.8718984448823519,0.5056205838950075,-0.6907448539367145,-0.010684955964216718,-0.6991224441542135,-0.6983308925851475,1.4178321275016248,-0.22551426457499413,1.1366701913057577,1.8475930718167033,1.2116818774910438,1.8945919108001,0.41369818995709984,0.3592111254157077,0.8937739291093872,0.5582866044507299,-1.2740310493992413,-1.2860490588430924
-1.4740224305825376,-0.8718984448823519,0.6500836074779691,-0.7054689621240783,-0.010684955964216718,-0.6991224441542135,-0.6983308925851475,1.4178321275016248,-0.22551426457499413,1.0577558693980293,1.8856412505614666,1.1106301156414915,2.4617130304576187,0.41369818995709984,0.3899481527733719,1.0032399639079277,0.35605928240850626,-1.2740310493992413,-1.2860490588430924
-1.4740224305825376,-0.8718984448823519,0.7945466310609306,-0.7054689621240783,-0.010684955964216718,-0.6991224441542135,-0.6983308925851475,1.3875009484949419,-0.16569866238107206,0.975790584361583,1.9198416307026713,0.9951405611542191,2.5628520882922574,0.41369818995709984,0.39947523170362237,1.0963613048088057,0.33968181831983524,-1.2740310493992413,-1.2860490588430924
-1.4740224305825376,-0.8718984448823519,0.9390096546438922,-0.7054689621240783,-0.010684955964216718,-0.6991224441542135,-0.6983308925851475,1.2510112214839904,0.07356374639461619,0.7898811729117341,1.8522574336969158,0.80101247513112,2.2295638398067137,0.41369818995709984,0.49557996013745087,1.2416878226201347,0.5200276624996317,-1.2740310493992413,-1.2860490588430924
-1.4740224305825376,-0.8718984448823519,1.0834726782268538,-0.6907178122007662,-0.010684955964216718,-0.6991224441542135,-0.6983308925851475,1.1145214944730386,0.07356374639461619,0.5445191192881909,1.6470749141044378,0.5528754343969943,1.5554636051286743,0.41369818995709984,0.6586353296652352,1.371958307344697,0.834232127193986,-1.2740310493992413,-1.2860490588430924
-1.4740224305825376,-0.8718984448823519,1.2279357018098151,-0.690692941596782,-0.010684955964216718,-0.6991224441542135,-0.6983308925851475,1.1751835632268437,0.1931949507824603,0.39109601004097333,1.460640884956482,0.3192759218935867,1.1213507311767197,0.41369818995709984,0.8147368629990082,1.52576460053537,1.075641144579254,-1.2740310493992413,-1.2860490588430924
-1.4740224305825376,-0.8718984448823519,1.3723987253927767,-0.6906403550706166,-0.010684955964216718,-0.6991224441542135,-0.6983308925851475,1.12968708397638,0.25301055297638236,0.28270621360927206,1.3106783687278403,0.12363816292005943,0.7506877936741625,0.41369818995709984,0.9432778662913069,1.6492221786556838,1.285877220579385,-1.2740310493992413,-1.2860490588430924
-1.4740224305825376,-0.8718984448823519,1.5168617489757383,-0.6906744988889808,-0.010684955964216718,-0.6991224441542135,-0.6983308925851475,1.099355904969697,0.3726417573642265,0.17909922497637273,1.194494894458759,-0.03292881682708456,0.4619131066938731,0.41369818995709984,1.0591910621124072,1.761721622040807,1.4686898806024236,-1.2740310493992413,-1.2860490588430924
-1.4740224305825376,-0.8718984448823519,1.6613247725587,0.1970934644337436,-0.010684955964216718,-0.6991224441542135,-0.6983308925851475,1.0538594257192335,0.4922729617520706,0.10981339753800871,1.09773038177752,-0.1639549603569903,0.23526438627116375,0.41369818995709984,1.1619093911571547,1.8617621464141443,1.6225040725927886,-0.6293152733474092,-0.6279762740850219
-1.4740224305825376,-0.7618205928701882,-1.6613247698494156,-0.003942422694788475,-0.010684955964216718,0.11156053359538197,-0.6983308925851475,0.9780317674620869,0.4922729617520706,0.10036083012474023,1.010876138353649,-0.27258066018765753,0.04895440398996065,0.41369818995709984,1.243383506914347,1.9318476534272957,1.7394081289052998,-0.2682479376503994,-0.27315213438914265
-1.4740224305825376,-0.7618205928701882,-1.516861746266454,-0.7054689621240783,-0.010684955964216718,-0.6991224441542135,-0.6983308925851475,0.8870385197015989,0.5520885639459927,0.08725660568019071,0.936982455009703,-0.29021595888808555,-0.09974359764700656,0.41369818995709984,1.3144879177440136,1.9362618007591756,1.8286737924053944,-1.2740310493992413,-1.2860490588430924
-1.4740224305825376,-0.7618205928701882,-1.3723987226834924,-0.6858296494478072,-0.010684955964216718,-0.6991224441542135,-0.6983308925851475,0.8112108614444523,0.5520885639459927,0.03448116454812436,0.8805146695601933,-0.32243226030848754,-0.2516035311788712,0.41369818995709984,1.3650599556904675,1.9422718221971031,1.9140252305026393,-1.2740310493992413,-1.2860490588430924
-1.4740224305825376,-0.7618205928701882,-1.2279356991005308,-0.6902054460817507,-0.010684955964216718,-0.6991224441542135,-0.6983308925851475,0.8112108614444523,0.7315353705277589,-0.028300713208036742,0.8205752551064823,-0.386664539522329,-0.37808835335160546,0.41369818995709984,1.4220163575074587,1.974796846576815,1.989238950498604,-1.2740310493992413,-1.2860490588430924
-1.4740224305825376,-0.7618205928701882,-1.0834726755175694,-0.6902466989907037,-0.010684955964216718,-0.6991224441542135,-0.6983308925851475,0.9628661779587454,0.3726417573642265,-0.07731144912448672,0.7795974703449596,-0.4464104219331758,-0.4639778605703597,0.41369818995709984,1.4638918774293386,2.007095118286296,2.0403397244130552,-1.2740310493992413,-1.2860490588430924
-1.4740224305825376,-0.7618205928701882,-0.9390096519346078,-0.6868123200337327,-0.010684955964216718,-0.6991224441542135,-0.6983308925851475,0.9325349989520626,0.4324573595581485,-0.10572534099437596,0.7447477918333818,-0.5019137056572462,-0.526564156115025,0.41369818995709984,1.5038051308535536,2.0453948060192744,2.084585077754272,-1.2740310493992413,-1.2860490588430924
-1.4740224305825376,-0.7618205928701882,-0.7945466283516462,-0.6873836150753873,-0.010684955964216718,-0.6991224441542135,-0.6983308925851475,0.9628661779587454,0.4922729617520706,-0.12287187418412267,0.7311675752652095,-0.5387195492375044,-0.5646364657463463,0.41369818995709984,1.5228438453968076,2.068572629245096,2.109318682763577,-1.2740310493992413,-1.2860490588430924
-1.4740224305825376,-0.7618205928701882,-0.6500836047686848,-0.6881810694630327,-0.010684955964216718,-0.6991224441542135,-0.6983308925851475,0.9931973569654283,0.5520885639459927,-0.07357416979974458,0.8090495032732622,-0.4357583196245646,-0.5104123942239063,0.41369818995709984,1.465597398777776,2.006157558384145,2.07864157504701,-1.2740310493992413,-1.2860490588430924
-1.4740224305825376,-0.7618205928701882,-0.5056205811857232,-0.6908575860043341,-0.010684955964216718,-0.6991224441542135,-0.6983308925851475,1.0235282467125506,0.5520885639459927,0.13552951823970663,1.0173684162982815,0.057669461458887544,-0.3157955280172859,0.41369818995709984,1.304520221668567,1.7065742539367312,1.9652456286238433,-1.2740310493992413,-1.2860490588430924
-1.4740224305825376,-0.7618205928701882,-0.3611575576027617,-0.6908269462724195,-0.010684955964216718,-0.6991224441542135,-0.6983308925851475,1.1600179737235023,0.25301055297638236,0.4043019109590079,1.2264290821355421,0.7966513871500976,-0.07713632961459493,0.41369818995709984,1.1397265137431958,1.2803639972344265,1.8174919630212594,-1.2740310493992413,-1.2860490588430924
-1.4740224305825376,-0.7618205928701882,-0.21669453401980013,-0.7054689621240783,-0.010684955964216718,-0.6991224441542135,-0.6983308925851475,1.281342400490673,-0.04606745799322794,0.5724386761981759,1.417471012435852,1.385035124736681,0.13047791296508435,0.41369818995709984,0.984867202240458,0.964373179364011,1.6821956849204704,-1.2740310493992413,-1.2860490588430924
-1.4740224305825376,-0.7618205928701882,-0.0722315104368386,-0.7054689621240783,-0.010684955964216718,-0.6991224441542135,-0.6983308925851475,1.4178321275016248,-0.3451454689628382,0.8023539329420082,1.5636690096345265,1.5529830438181935,0.30128847570845163,0.41369818995709984,0.873607753550932,0.8801433829229536,1.576261948525082,-1.2740310493992413,-1.2860490588430924
-1.4740224305825376,-0.7618205928701882,0.07223151314612293,-0.7054689621240783,-0.010684955964216718,-0.6991224441542135,-0.6983308925851475,1.4481633065083077,-0.3451454689628382,1.0027616068018197,1.6603241296555395,1.3886042950604771,0.4237728796710147,0.41369818995709984,0.8096622854724602,0.970617268074435,1.510137501137152,-1.2740310493992413,-1.2860490588430924
-1.4740224305825376,-0.7618205928701882,0.21669453672908448,-0.7054689621240783,-0.010684955964216718,-0.6991224441542135,-0.6983308925851475,1.4936597857587715,-0.3451454689628382,1.1184025412110052,1.734438715597232,1.2515530987843113,0.6511988769079828,0.41369818995709984,0.7700598288078359,1.0564377753728822,1.391086276997632,-1.2740310493992413,-1.2860490588430924
-1.4740224305825376,-0.7618205928701882,0.361157560312046,-0.7054689621240783,-0.010684955964216718,-0.6991224441542135,-0.6983308925851475,1.5239909647654544,-0.3451454689628382,1.2259026684997125,1.8116106499524638,1.1632436244915068,1.1988754989143027,0.41369818995709984,0.7389323750860273,1.1297124489737997,1.1096217874547756,-1.2740310493992413,-1.2860490588430924
-1.4740224305825376,-0.7618205928701882,0.5056205838950075,-0.7054689621240783,-0.010684955964216718,-0.6991224441542135,-0.6983308925851475,1.569487444015918,-0.22551426457499413,1.195600403704506,1.8794792678748067,1.1199200172867574,1.8716475712689482,0.41369818995709984,0.7183223030129168,1.1962959825846535,0.8019960040002794,-1.2740310493992413,-1.2860490588430924
-1.4740224305825376,-0.7618205928701882,0.6500836074779691,-0.7054689621240783,-0.010684955964216718,-0.6991224441542135,-0.6983308925851475,1.4178321275016248,-0.22551426457499413,1.0816665637712006,1.9068302559676737,1.0455846077462787,2.3809047503094236,0.41369818995709984,0.7068411618472891,1.2296716521807733,0.5529345047511294,-1.2740310493992413,-1.2860490588430924
-1.4740224305825376,-0.7618205928701882,0.7945466310609306,-0.7054689621240783,-0.010684955964216718,-0.6991224441542135,-0.6983308925851475,1.4178321275016248,-0.22551426457499413,0.9899583982327191,1.94031570214237,0.9474021621876022,2.4917417408665186,0.41369818995709984,0.6928331078971625,1.2883313201844626,0.5061529882004366,-1.2740310493992413,-1.2860490588430924
-1.4740224305825376,-0.7618205928701882,0.9390096546438922,-0.7054689621240783,-0.010684955964216718,-0.6991224441542135,-0.6983308925851475,1.4178321275016248,-0.46477667335068235,0.8151076411227015,1.885447166809453,0.7838247079377358,2.190445937740246,0.41369818995709984,0.7461236522827074,1.363963447068485,0.6309968845256604,-1.2740310493992413,-1.2860490588430924
-1.4740224305825376,-0.7618205928701882,1.0834726782268538,-0.7054689621240783,-0.010684955964216718,-0.6991224441542135,-0.6983308925851475,1.2965079899940146,-0.10588306018714999,0.5759598930167624,1.6878790821277956,0.5530945117252043,1.5295996562477392,0.41369818995709984,0.9103170012501113,1.4972109749151132,0.9571590022638886,-1.2740310493992413,-1.2860490588430924
-1.4740224305825376,-0.7618205928701882,1.2279357018098151,-0.7054689621240783,-0.010684955964216718,-0.6991224441542135,-0.6983308925851475,1.1751835632268437,0.07356374639461619,0.4106326092817857,1.5180974389026143,0.33841236913478495,1.0378039547228404,0.41369818995709984,1.0480260263466736,1.6119719212124466,1.2095049661462793,-1.2740310493992413,-1.2860490588430924
-1.4740224305825376,-0.7618205928701882,1.3723987253927767,-0.7054689621240783,-0.010684955964216718,-0.6991224441542135,-0.6983308925851475,1.1145214944730386,0.25301055297638236,0.30103674257578517,1.379753128949061,0.16296637931811372,0.6795791232210544,0.41369818995709984,1.1684337100902409,1.7212963969436132,1.4161908904162868,-1.2740310493992413,-1.2860490588430924
-1.4740224305825376,-0.7618205928701882,1.5168617489757383,-0.7054689621240783,-0.010684955964216718,-0.6991224441542135,-0.6983308925851475,1.0538594257192335,0.3726417573642265,0.1965755377807781,1.2660045235688786,0.01659885572674223,0.415311714263587,0.41369818995709984,1.2766686816177244,1.8138480594092237,1.5753743022372912,-1.2740310493992413,-1.2860490588430924
-1.4740224305825376,-0.7618205928701882,1.6613247725587,-0.7054689621240783,-0.010684955964216718,-0.6991224441542135,-0.6983308925851475,0.9931973569654283,0.5520885639459927,0.13167651503395852,1.1671163817610608,-0.10842354608104855,0.21009721951822127,0.41369818995709984,1.3668972278391662,1.8956111138039151,1.7045840486879615,-1.2740310493992413,-1.2860490588430924
-1.4740224305825376,-0.6517427408580244,-1.6613247698494156,-0.7054689621240783,-0.010684955964216718,-0.6991224441542135,-0.6983308925851475,0.9325349989520626,0.6119041661399147,0.04999953631377543,1.0822170910392914,-0.21991685732066005,0.041743421678606146,0.41369818995709984,1.4452701324517465,1.9656286380430694,1.809670446952183,-1.2740310493992413,-1.2860490588430924
-1.4740224305825376,-0.6517427408580244,-1.516861746266454,-0.7054689621240783,-0.010684955964216718,-0.6991224441542135,-0.6983308925851475,0.8718729301982574,0.6119041661399147,-0.018983937400804184,1.003702097120125,-0.32155509855468145,-0.10357715708043827,0.41369818995709984,1.5140976191948459,2.0215362945120376,1.8936639769343653,-1.2740310493992413,-1.2860490588430924
-1.4740224305825376,-0.6517427408580244,-1.3723987226834924,-0.7054689621240783,-0.010684955964216718,-0.6991224441542135,-0.6983308925851475,0.8112108614444523,0.6717197683338367,-0.0846134253387135,0.9303589058727996,-0.4161675213485961,-0.23197708199725783,0.41369818995709984,1.5706471861231182,2.0639399043866935,1.958623821990609,-1.2740310493992413,-1.2860490588430924
-1.4740224305825376,-0.6517427408580244,-1.2279356991005308,-0.6906585777217887,-0.010684955964216718,-0.6991224441542135,-0.6983308925851475,0.8112108614444523,0.6717197683338367,-0.13735608918656428,0.8705401762248862,-0.4936612246673563,-0.3365229097308537,0.41369818995709984,1.6265051820009346,2.10694847489578,2.02002484689595,-1.2740310493992413,-1.2860490588430924
-1.4740224305825376,-0.6517427408580244,-1.0834726755175694,-0.6905885548614505,-0.010684955964216718,-0.6991224441542135,-0.6983308925851475,0.8112108614444523,0.7315353705277589,-0.18734211653946922,0.8090163325956453,-0.5724139832926001,-0.4441619134814945,0.41369818995709984,1.6809477013323542,2.1518313046677253,2.085043203792453,-1.2740310493992413,-1.2860490588430924
-1.4740224305825376,-0.6517427408580244,-0.9390096519346078,-0.6905934227383462,-0.010684955964216718,-0.6991224441542135,-0.6983308925851475,0.7202176136839643,0.851166574915603,-0.23614414811560785,0.7497283337896021,-0.6452874565767354,-0.5377797490681272,0.41369818995709984,1.7359534191396158,2.2005056800375384,2.148560623631037,-1.2740310493992413,-1.2860490588430924
-1.4740224305825376,-0.6517427408580244,-0.7945466283516462,-0.5284820632151893,-0.010684955964216718,-0.6991224441542135,-0.6983308925851475,1.1145214944730386,0.07356374639461619,-0.21053104173573028,0.7676348536299341,-0.6219936547453405,-0.5447064845186038,0.41369818995709984,1.719115377304023,2.183918313452949,2.1531080771718076,-1.1514482141080877,-1.1634102716664227
-1.4740224305825376,-0.6517427408580244,-0.6500836047686848,-0.6908192484953072,-0.010684955964216718,-0.6991224441542135,-0.6983308925851475,1.2661768109873317,-0.22551426457499413,-0.0024916120470334516,0.9759431802684799,0.11931884454636121,-0.41360579518028745,0.41369818995709984,1.5238577956947894,1.6835973671378504,2.0481083631153782,-1.2740310493992413,-1.2860490588430924
-1.4740224305825376,-0.6517427408580244,-0.5056205811857232,-0.7054689621240783,-0.010684955964216718,-0.6991224441542135,-0.6983308925851475,1.3268388797411368,0.13337934858853825,0.11111111042327804,1.1796711303595027,0.931522891876718,-0.2278726914839927,0.41369818995709984,1.3593830887912963,1.2361132351523665,1.952343984557114,-1.2740310493992413,-1.2860490588430924
-1.4740224305825376,-0.6517427408580244,-0.3611575576027617,-0.7054689621240783,-0.010684955964216718,-0.6991224441542135,-0.6983308925851475,1.4178321275016248,-0.22551426457499413,0.2550053949021133,1.3196175134660417,1.6277318872270843,-0.053125435490415006,0.41369818995709984,1.2402929130503422,0.871420934856683,1.835863380599667,-1.2740310493992413,-1.2860490588430924
-1.4740224305825376,-0.6517427408580244,-0.21669453401980013,-0.7054689621240783,-0.010684955964216718,-0.6991224441542135,-0.6983308925851475,1.4178321275016248,0.07356374639461619,0.4536999539685357,1.457964646455988,2.026786781428011,0.11432615107396554,0.41369818995709984,1.1434792398341551,0.7061991291538641,1.7623850784436987,-1.2740310493992413,-1.2860490588430924
-1.4740224305825376,-0.6517427408580244,-0.0722315104368386,-0.7054689621240783,-0.010684955964216718,-0.6991224441542135,-0.6983308925851475,1.5998186230226008,-0.2853298667689162,0.6985228547129412,1.6007531214511055,2.0481395751802838,0.289874999984945,0.41369818995709984,1.0444084292816234,0.7200185641870368,1.6810163462734597,-1.2740310493992413,-1.2860490588430924
-1.4740224305825376,-0.6517427408580244,0.07223151314612293,-0.7054689621240783,-0.010684955964216718,-0.6991224441542135,-0.6983308925851475,1.7211427605302112,-0.46477667335068235,0.9180570772987866,1.7058258302367268,1.8250140048236358,0.43433529178451846,0.41369818995709984,0.98681450802454,0.8632376160044534,1.634119756436923,-1.2740310493992413,-1.2860490588430924
-1.4740224305825376,-0.6517427408580244,0.21669453672908448,-0.7054689621240783,-0.010684955964216718,-0.6991224441542135,-0.6983308925851475,1.7211427605302112,-0.46477667335068235,1.0882086421309605,1.7984750616161773,1.597487281760573,0.6889441768763472,0.41369818995709984,0.944779728893553,1.0181122713966138,1.5247303540979045,-1.2740310493992413,-1.2860490588430924
-1.4740224305825376,-0.6517427408580244,0.361157560312046,-0.7054689621240783,-0.010684955964216718,-0.6991224441542135,-0.6983308925851475,1.569487444015918,-0.22551426457499413,1.1755835169113105,1.8753399907636783,1.4457485276437085,1.2221820645336527,0.41369818995709984,0.9079507954857114,1.125168790154748,1.2441517771586827,-1.2740310493992413,-1.2860490588430924
-1.4740224305825376,-0.6517427408580244,0.5056205838950075,-0.7054689621240783,-0.010684955964216718,-0.6991224441542135,-0.6983308925851475,1.569487444015918,-0.46477667335068235,1.2057346048446247,1.941821792057996,1.3545083613104907,1.9344325880703335,0.41369818995709984,0.8550506774643108,1.164927956175058,0.8571362619978398,-1.2740310493992413,-1.2860490588430924
-1.4740224305825376,-0.6517427408580244,0.6500836074779691,-0.7054689621240783,-0.010684955964216718,-0.6991224441542135,-0.6983308925851475,1.569487444015918,-0.46477667335068235,1.1353417079087758,1.986182280177343,1.2726817005625795,2.501702958291971,0.41369818995709984,0.8218127979200016,1.2038881094655407,0.579541138780301,-1.2740310493992413,-1.2860490588430924
-1.4740224305825376,-0.6517427408580244,0.7945466310609306,-0.7054689621240783,-0.010684955964216718,-0.6991224441542135,-0.6983308925851475,1.569487444015918,-0.4049610711567603,1.063724010821933,2.037968059769184,1.1700912827697618,2.6999982639636975,0.41369818995709984,0.7846885110698161,1.2630477520476144,0.4919651672005927,-1.2740310493992413,-1.2860490588430924
-1.4740224305825376,-0.6517427408580244,0.9390096546438922,-0.7054689621240783,-0.010684955964216718,-0.6991224441542135,-0.6983308925851475,1.4178321275016248,-0.22551426457499413,0.8884785884529932,1.9837735243750785,0.9828159696707124,2.3979847165515507,0.41369818995709984,0.8310396973712685,1.3643648896516454,0.6272874505637192,-1.2740310493992413,-1.2860490588430924
-1.4740224305825376,-0.6517427408580244,1.0834726782268538,-0.7054689621240783,-0.010684955964216718,-0.6991224441542135,-0.6983308925851475,1.2661768109873317,0.07356374639461619,0.6436001670026715,1.7812121940734327,0.7340012383687772,1.7304791767431396,0.41369818995709984,0.9967986126245613,1.5106900658075786,0.9578875830303808,-1.2740310493992413,-1.2860490588430924
-1.4740224305825376,-0.6517427408580244,1.2279357018098151,-0.7054689621240783,-0.010684955964216718,-0.6991224441542135,-0.6983308925851475,1.1751835632268437,0.25301055297638236,0.47527877869322804,1.6068297072868796,0.5049563179456281,1.2232268184824837,0.41369818995709984,1.139737613627467,1.6465755834477303,1.22936735209871,-1.2740310493992413,-1.2860490588430924
-1.4740224305825376,-0.6517427408580244,1.3723987253927767,-0.7054689621240783,-0.010684955964216718,-0.6991224441542135,-0.6983308925851475,1.12968708397638,0.3726417573642265,0.3624874612382937,1.463295244924931,0.3145943161094244,0.8426965740217848,0.41369818995709984,1.260996127630597,1.7644465265200735,1.4483086896663573,-1.2740310493992413,-1.2860490588430924
-1.4740224305825376,-0.6517427408580244,1.5168617489757383,-0.7054689621240783,-0.010684955964216718,-0.6991224441542135,-0.6983308925851475,1.099355904969697,0.4922729617520706,0.2568757068749035,1.34674054137018,0.15738885807889774,0.5606742173383951,0.41369818995709984,1.3679251736434028,1.8693164094715393,1.6237133172914877,-1.2740310493992413,-1.2860490588430924
-1.4740224305825376,-0.6517427408580244,1.6613247725587,-0.7054689621240783,-0.010684955964216718,-0.6991224441542135,-0.6983308925851475,1.0538594257192335,0.5520885639459927,0.1729946230222656,1.2463865379153352,0.02214313176829211,0.3405522743937769,0.41369818995709984,1.4562040010624426,1.9574827527436103,1.762479997651231,-1.2740310493992413,-1.2860490588430924
-1.4740224305825376,-0.5416648888458606,-1.6613247698494156,-0.7054689621240783,-0.010684955964216718,-0.6991224441542135,-0.6983308925851475,0.8112108614444523,1.0904289836912913,0.09643558310888437,1.140013115111673,-0.12354840613720161,0.13071772005125265,0.41369818995709984,1.5548346770734423,2.0513299603516604,1.8962185605379969,-1.2740310493992413,-1.2860490588430924
-1.4740224305825376,-0.5416648888458606,-1.516861746266454,-0.7054689621240783,-0.010684955964216718,-0.6991224441542135,-0.6983308925851475,0.9628661779587454,0.4922729617520706,0.031811488194974945,1.0688944765419737,-0.21936447557482297,-0.007996425029749683,0.41369818995709984,1.6126549394489234,2.099779304134129,1.9729388520653877,-1.2740310493992413,-1.2860490588430924
-1.4740224305825376,-0.5416648888458606,-1.3723987226834924,-0.7054689621240783,-0.010684955964216718,-0.6991224441542135,-0.6983308925851475,1.1145214944730386,0.3726417573642265,-0.016211246725834412,1.0091766704451073,-0.300001981175446,-0.12206158790064874,0.41369818995709984,1.6663373580096044,2.150729381349961,2.0463244021190183,-1.2740310493992413,-1.2860490588430924
-1.4740224305825376,-0.5416648888458606,-1.2279356991005308,-0.7054689621240783,-0.010684955964216718,-0.6991224441542135,-0.6983308925851475,1.1145214944730386,-0.04606745799322794,-0.060329471279985496,0.9572984364113977,-0.37023885455236827,-0.22061307696635232,0.41369818995709984,1.7132729773481135,2.186660428761076,2.1019028487869673,-1.2740310493992413,-1.2860490588430924
-1.4740224305825376,-0.5416648888458606,-1.0834726755175694,-0.7054689621240783,-0.010684955964216718,-0.6991224441542135,-0.6983308925851475,1.1145214944730386,-0.10588306018714999,-0.09902539653104732,0.9127092823442239,-0.4299370002691304,-0.3035309886837763,0.41369818995709984,1.7362632506918787,2.182221325727349,2.114278753133438,-1.2740310493992413,-1.2860490588430924
-1.4740224305825376,-0.5416648888458606,-0.9390096519346078,-0.6906540280159427,-0.010684955964216718,-0.6991224441542135,-0.6983308925851475,1.1145214944730386,1.0904289836912913,-0.11676927900251852,0.8798420811395786,-0.4721754501244189,-0.36174960901218056,0.41369818995709984,1.7981648922534763,2.264856538874523,2.2079956507036544,-1.2740310493992413,-1.2860490588430924
-1.4740224305825376,-0.5416648888458606,-0.7945466283516462,-0.6896796957541326,-0.010684955964216718,-0.6991224441542135,-0.6983308925851475,1.1145214944730386,0.7315353705277589,-0.10921177375624386,0.8817405731138216,-0.46669681203723545,-0.39286415919935996,0.41369818995709984,1.8318173283451278,2.3141397473152603,2.283301689380918,-1.2740310493992413,-1.2860490588430924
-1.4740224305825376,-0.5416648888458606,-0.6500836047686848,-0.6908380794558869,-0.010684955964216718,-0.6991224441542135,-0.6983308925851475,1.2661768109873317,0.4324573595581485,0.037348842454902505,1.053131347082971,0.051468805873673244,-0.2879846139122852,0.41369818995709984,1.7003768422397525,2.0003484733731587,2.2515184911729245,-1.2740310493992413,-1.2860490588430924
-1.4740224305825376,-0.5416648888458606,-0.5056205811857232,-0.6908348514914496,-0.010684955964216718,-0.6991224441542135,-0.6983308925851475,1.3571700587478197,-0.04606745799322794,0.25920289405420865,1.2441365779101727,0.7052364704188911,-0.09951049845136045,0.41369818995709984,1.529095493259756,1.5754544148079257,2.105133135790338,-1.2740310493992413,-1.2860490588430924
-1.4740224305825376,-0.5416648888458606,-0.3611575576027617,-0.7054689621240783,-0.010684955964216718,-0.6991224441542135,-0.6983308925851475,1.2661768109873317,0.4324573595581485,0.38103137701429174,1.4016097824621951,1.3016263335562488,0.07848169958232677,0.41369818995709984,1.4252324283240936,1.2744094807195727,2.031293793908916,-1.2740310493992413,-1.2860490588430924
-1.4740224305825376,-0.5416648888458606,-0.21669453401980013,-0.7054689621240783,-0.010684955964216718,-0.6991224441542135,-0.6983308925851475,1.2661768109873317,-0.22551426457499413,0.5731377019533854,1.5345642101825538,1.6567455679389833,0.2334624791796404,0.41369818995709984,1.2854231120819737,1.0311279607220223,1.864356479700913,-1.2740310493992413,-1.2860490588430924
-1.4740224305825376,-0.5416648888458606,-0.0722315104368386,-0.7054689621240783,-0.010684955964216718,-0.6991224441542135,-0.6983308925851475,1.2661768109873317,-0.3451454689628382,0.7743206589235201,1.6456041121437233,1.665696198079862,0.36779385629070666,0.3932205998275559,1.1516304157184534,0.9475921909547461,1.6835834990872212,-1.2740310493992413,-1.2860490588430924
-1.4740224305825376,-0.5416648888458606,0.07223151314612293,-0.7054689621240783,-0.010684955964216718,-0.6991224441542135,-0.6983308925851475,1.2661768109873317,-0.5245922755446044,0.9797546289791633,1.729937384068711,1.4603755621758356,0.4777890065872668,0.41369818995709984,1.038192976693472,0.974059433846444,1.5247190851508914,-1.2740310493992413,-1.2860490588430924
-1.4740224305825376,-0.5416648888458606,0.21669453672908448,-0.7054689621240783,-0.010684955964216718,-0.6991224441542135,-0.6983308925851475,1.2661768109873317,-0.7638546843202927,1.0998251792266238,1.781140206645413,1.2862576753838777,0.6942668880057052,0.41369818995709984,0.9470687180717192,0.979310888002365,1.303338020554937,-1.2740310493992413,-1.2860490588430924
-1.4740224305825376,-0.5416648888458606,0.361157560312046,-0.7054689621240783,-0.010684955964216718,-0.6991224441542135,-0.6983308925851475,1.2661768109873317,-0.7638546843202927,1.159673155583408,1.8186103686887247,1.1593377399862206,1.1925482811792467,0.41369818995709984,0.8855039338675661,0.993253380461887,0.975858952989828,-1.2740310493992413,-1.2860490588430924
-1.4740224305825376,-0.5416648888458606,0.5056205838950075,-0.7054689621240783,-0.010684955964216718,-0.6991224441542135,-0.6983308925851475,1.2661768109873317,-0.7638546843202927,1.1213598549562505,1.8587440655687624,1.0836998006500025,1.8456343718238946,0.41369818995709984,0.8271561856873758,0.9906403463702108,0.6111555194936191,-1.2740310493992413,-1.2860490588430924
-1.4740224305825376,-0.5416648888458606,0.6500836074779691,-0.7054689621240783,-0.010684955964216718,-0.6991224441542135,-0.6983308925851475,1.2661768109873317,-0.7638546843202927,1.0310443895348467,1.8850589993054256,1.018332922510684,2.396626368720807,0.41369818995709984,0.7699888860692335,0.970236048215185,0.31663942220455316,-1.2740310493992413,-1.2860490588430924
-1.4740224305825376,-0.5416648888458606,0.7945466310609306,-0.7054689621240783,-0.010684955964216718,-0.6991224441542135,-0.6983308925851475,1.1448526734797215,-0.9433014909020588,0.9490490029108551,1.9209030923864117,0.9187865714067308,2.5169776634973133,0.41369818995709984,0.697900928972415,0.9489793837608658,0.2059616758272253,-1.2740310493992413,-1.2860490588430924
-1.4740224305825376,-0.5416648888458606,0.9390096546438922,-0.7054689621240783,-0.010684955964216718,-0.6991224441542135,-0.6983308925851475,1.1145214944730386,-1.062932695289903,0.7688555484737003,1.858048187097906,0.7440106001891768,2.2080189339357537,0.41369818995709984,0.6828731334803392,0.9419857634535866,0.25441728114090195,-1.2740310493992413,-1.2860490588430924
-1.4740224305825376,-0.5416648888458606,1.0834726782268538,-0.7054689621240783,-0.010684955964216718,-0.6991224441542135,-0.6983308925851475,0.9628661779587454,-0.5245922755446044,0.5205950464316664,1.6492740594545274,0.5034065802698074,1.5407263696514224,0.41369818995709984,0.8265234922839232,1.048667946684015,0.5323712769786998,-1.2740310493992413,-1.2860490588430924
-1.4740224305825376,-0.5416648888458606,1.2279357018098151,-0.7054689621240783,-0.010684955964216718,-0.6991224441542135,-0.6983308925851475,0.7808796824377694,-0.46477667335068235,0.3322701498123807,1.4677676403304247,0.2763896169042918,1.0350151492382398,0.41369818995709984,0.9395907742986463,1.128043428845097,0.7360891339739076,-1.2740310493992413,-1.2860490588430924
-1.4740224305825376,-0.5416648888458606,1.3723987253927767,-0.7054689621240783,-0.010684955964216718,-0.6991224441542135,-0.6983308925851475,0.8112108614444523,-0.5245922755446044,0.22596472108712232,1.317244751377787,0.01848104537922411,0.6515778727224866,0.41369818995709984,1.0431353208160947,1.245502172566242,0.907678356193071,-1.2740310493992413,-1.2860490588430924
-1.4740224305825376,-0.5416648888458606,1.5168617489757383,-0.7054689621240783,-0.010684955964216718,-0.6991224441542135,-0.6983308925851475,0.6595555449301591,-0.22551426457499413,0.10890700529082317,1.1854237727691883,-0.1853034919044342,0.3550882731553631,0.41369818995709984,1.1269022865807652,1.324135868003456,1.0304557010045323,-1.2740310493992413,-1.2860490588430924
-1.4740224305825376,-0.5416648888458606,1.6613247725587,-0.7054689621240783,-0.010684955964216718,-0.6991224441542135,-0.6983308925851475,0.32591373289489,0.1931949507824603,-0.0003497168621713997,1.059476121376073,-0.3495773904233575,0.11795595833278573,0.41369818995709984,1.2274194603141875,1.4121533376058877,1.1538541381648237,-1.2740310493992413,-1.2860490588430924
-1.4740224305825376,-0.43158703683369687,-1.6613247698494156,-0.7054689621240783,-0.010684955964216718,-0.6991224441542135,-0.6983308925851475,0.05293427887298657,0.7315353705277589,-0.10796356125938171,0.9379013533556005,-0.5080419037603677,-0.09655651116265093,0.41369818995709984,1.332540190398132,1.5070960144708798,1.276512292190571,-1.2740310493992413,-1.2860490588430924
-1.4740224305825376,-0.43158703683369687,-1.516861746266454,-0.7054689621240783,-0.010684955964216718,-0.6991224441542135,-0.6983308925851475,0.05293427887298657,0.7315353705277589,-0.16620009929626187,0.8388311257004389,-0.5898063363177757,-0.27181356683591507,0.41369818995709984,1.4142358212370825,1.5521969914986262,1.374986419084415,-1.2740310493992413,-1.2860490588430924
-1.4740224305825376,-0.43158703683369687,-1.3723987226834924,-0.7054689621240783,-0.010684955964216718,-0.6991224441542135,-0.6983308925851475,-0.1593831063951117,0.851166574915603,-0.28291398807038143,0.726625309708991,-0.72116748914724,-0.5437019779129059,0.41369818995709984,1.4734247476035565,1.5688661095203007,1.4768217261353955,-1.2740310493992413,-1.2860490588430924
-1.4740224305825376,-0.43158703683369687,-1.2279356991005308,0.2660316390164188,-0.010684955964216718,-0.6991224441542135,0.10611669855906146,-0.09872103764130656,0.7315353705277589,-0.34126223644326154,0.6556704072500813,-0.7943171533042939,-0.6128930301629828,0.41369818995709984,1.4930503082021869,1.5468650767177845,1.4533992197689454,-0.04836803589596088,-0.03680050968722385
-1.4740224305825376,-0.43158703683369687,-1.0834726755175694,-0.7054689621240783,-0.010684955964216718,-0.6991224441542135,-0.2696536818729516,-0.09872103764130656,0.7315353705277589,-0.35076095962409887,0.5839031760691071,-0.8787446114388545,-0.585853523468034,0.41369818995709984,1.5145092801202045,1.5356909460804007,1.3759429793174003,-1.029722632596967,-1.0401935751549785
-1.4740224305825376,-0.43158703683369687,-0.9390096519346078,0.4799749883681321,-0.010684955964216718,-0.6991224441542135,0.11923313476468898,-0.2503763541555997,0.851166574915603,-0.3937594051215794,0.5122806255032704,-0.9750908991572023,-0.5609798269254374,0.41369818995709984,1.5105287650998556,1.4957566598764396,1.2666532638173424,0.09502119333465067,0.09005861901602381
-1.4740224305825376,-0.43158703683369687,-0.7945466283516462,-0.7054689621240783,-0.010684955964216718,0.7929475888074639,0.23012333940740504,0.1894240058839383,0.31282615517030443,-0.3269659891319337,0.5240971500849619,-0.8776747980267782,-0.3753783655806406,0.41369818995709984,1.4437943304473544,1.365209511077952,1.0924921211529892,0.1979808420140073,0.19874747705485393
-1.4740224305825376,-0.43158703683369687,-0.6500836047686848,1.0897582427996881,-0.010684955964216718,-0.6991224441542135,-0.6983308925851475,0.6140590656796955,-0.16569866238107206,-0.0693278391834097,0.6812322960289314,-0.12165002010636958,-0.18481977313994524,0.41369818995709984,1.283126883848848,0.9334341328637521,0.9747858024973626,0.020022715720704697,-0.0016192191890365933
-1.4740224305825376,-0.43158703683369687,-0.5056205811857232,-0.7054689621240783,-0.010684955964216718,-0.6991224441542135,-0.68104805882316,1.0538594257192335,-0.5844078777385264,0.1248421168129293,0.9570704762226688,0.8053693009073133,0.1583542290026764,0.41369818995709984,1.052012815214654,0.49800252919359644,0.8107532760924709,-1.2740310493992413,-1.2860490588430924
-1.4740224305825376,-0.43158703683369687,-0.3611575576027617,-0.7054689621240783,-0.010684955964216718,-0.6991224441542135,-0.6983308925851475,1.1600179737235023,-0.8834858887081368,0.395310901221428,1.1644450835742544,1.647904050241727,0.3028908230569398,0.41369818995709984,0.8649681827587056,0.13599899063657356,0.7340390524596258,-1.2740310493992413,-1.2860490588430924
-1.4740224305825376,-0.43158703683369687,-0.21669453401980013,-0.7054689621240783,-0.010684955964216718,-0.6991224441542135,-0.6983308925851475,1.281342400490673,-1.182563899677747,0.590755157757168,1.346222514192078,2.078148054499269,0.4486507686451877,0.41369818995709984,0.7028852596138022,-0.04142529272801692,0.648419543449784,-1.2740310493992413,-1.2860490588430924
-1.4740224305825376,-0.43158703683369687,-0.0722315104368386,-0.7054689621240783,-0.010684955964216718,-0.6991224441542135,-0.6983308925851475,1.3875009484949419,-1.4816419106473573,0.8325331156903644,1.4887759714074844,2.0956290613848876,0.5798218908339872,0.41369818995709984,0.5637424190316123,-0.06881761767094212,0.5599359882144931,-1.2740310493992413,-1.2860490588430924
-1.4740224305825376,-0.43158703683369687,0.07223151314612293,-0.7054689621240783,-0.010684955964216718,-0.6991224441542135,-0.6983308925851475,1.4936597857587715,-1.7209043194230456,1.0237705081356618,1.6071600025448518,1.8663480148142126,0.6681606165796561,0.41369818995709984,0.4397248598816182,-0.012553051638488643,0.4835626502287901,-1.2740310493992413,-1.2860490588430924
-1.4740224305825376,-0.43158703683369687,0.21669453672908448,-0.7054689621240783,-0.010684955964216718,-0.6991224441542135,-0.6983308925851475,1.6149839232663816,-1.9601667281987338,1.1925761975424944,1.7205049137208457,1.6399797590236693,0.9014224785709297,0.41369818995709984,0.3157159875975754,0.03532467749046519,0.3344647292738709,-1.2740310493992413,-1.2860490588430924
-1.4740224305825376,-0.43158703683369687,0.361157560312046,-0.7054689621240783,-0.010684955964216718,-0.6991224441542135,-0.6983308925851475,1.7211427605302112,-2.199429136974422,1.2815698688085928,1.8325886333882997,1.5254295944807064,1.4337078457740842,0.41369818995709984,0.18784918162382983,0.02917696942165732,0.05792780352295348,-1.2740310493992413,-1.2860490588430924
-1.4740224305825376,-0.43158703683369687,0.5056205838950075,-0.7054689621240783,-0.010684955964216718,-0.6991224441542135,-0.6983308925851475,1.6149839232663816,-2.019982330392656,1.2803959068943416,1.9100139352597965,1.4268976481260527,2.0724432431328212,0.41369818995709984,0.10884865094626847,0.044978661668785606,-0.20582731907850702,-1.2740310493992413,-1.2860490588430924
-1.4740224305825376,-0.43158703683369687,0.6500836074779691,-0.6907458364825549,-0.010684955964216718,-0.6991224441542135,-0.6983308925851475,1.4936597857587715,-1.9003511260048118,1.2081527657107323,1.9609965609978504,1.3392829132203734,2.6175549355007184,0.41369818995709984,0.03766026707907279,0.04547325786315113,-0.42279745776096306,-1.2740310493992413,-1.2860490588430924
-1.4740224305825376,-0.43158703683369687,0.7945466310609306,-0.6908222998537874,-0.010684955964216718,-0.6991224441542135,-0.6983308925851475,1.3875009484949419,-1.7209043194230456,1.1218180680111005,2.0181785746547702,1.2131011916990975,2.8262684336397217,0.41369818995709984,-0.016524300593959564,0.08122165535298866,-0.5013972796238048,-1.2740310493992413,-1.2860490588430924
-1.4740224305825376,-0.43158703683369687,0.9390096546438922,-0.6906928336709194,-0.010684955964216718,-0.6991224441542135,-0.6983308925851475,1.281342400490673,-1.5414575128412795,0.9286240723753842,1.9645754653849827,1.0030861633964219,2.5201940970027037,0.41369818995709984,-0.011817467059349746,0.1442709452574324,-0.41996331758720207,-1.2740310493992413,-1.2860490588430924
-1.4740224305825376,-0.43158703683369687,1.0834726782268538,-0.6907122897605217,-0.010684955964216718,-0.6991224441542135,-0.6983308925851475,1.1600179737235023,-1.3620107062595133,0.6662345540639386,1.7509012523225822,0.7263710392839198,1.7934511759928309,0.41369818995709984,0.11085386917002565,0.24872927426378227,-0.17645415855765223,-1.2740310493992413,-1.2860490588430924
-1.4740224305825376,-0.43158703683369687,1.2279357018098151,-0.690682036879751,-0.010684955964216718,-0.6991224441542135,-0.6983308925851475,1.0538594257192335,-1.122748297483825,0.486605002700125,1.5471380142766478,0.46350722842466857,1.3250777511987897,0.41369818995709984,0.23597104076835446,0.3567958535406405,-0.0034374641466733457,-1.2740310493992413,-1.2860490588430924
-1.4740224305825376,-0.43158703683369687,1.3723987253927767,-0.69378220798506,-0.010684955964216718,-0.6943054950190699,-0.6983308925851475,1.1145214944730386,-1.122748297483825,0.3684622919038739,1.3842946887461813,0.17435413818020856,0.9237832316266509,0.41369818995709984,0.3387472822527773,0.486400279188319,0.15895759757302647,-1.2740310493992413,-1.2860490588430924
-1.4740224305825376,-0.43158703683369687,1.5168617489757383,-0.202124312704985,-0.010684955964216718,-0.24342671847338582,-0.6983308925851475,1.0841903154663557,-1.003117093095981,0.256501778265179,1.2557985412493515,0.0028711464135320187,0.6044046326251837,0.41369818995709984,0.4169705797295298,0.5724821759500779,0.3015184457078279,-0.6373568709358178,-0.6399368432495738
-1.4740224305825376,-0.43158703683369687,1.6613247725587,0.023114641529279684,-0.010684955964216718,-0.10080529482889251,-0.6983308925851475,0.9628661779587454,-0.7638546843202927,0.1935085204720359,1.142762046799285,-0.07271053181894337,0.34776744913670776,0.41369818995709984,0.48536806660804005,0.6143944166607797,0.422162058744488,-0.39160166680747543,-0.3945269770150966
-1.4740224305825376,-0.3215091848215331,-1.6613247698494156,0.529220219530609,-0.010684955964216718,0.31178115577208476,-0.6983308925851475,0.8718729301982574,-0.5245922755446044,0.17423347058078043,1.0449720661483155,-0.06952581237072222,0.13812071572880483,0.41369818995709984,0.5433750966014741,0.6202002746413549,0.5266941114998792,0.22198052766030338,0.22670760305489263
-1.4740224305825376,-0.3215091848215331,-1.516861746266454,-0.7054689621240783,-0.010684955964216718,-0.6991224441542135,-0.6983308925851475,0.9022041092049403,-0.5245922755446044,0.17850388246715124,0.9685242406278693,0.015340652861224456,-0.07726881045240819,0.41369818995709984,0.5956439690304139,0.5885644047076249,0.6390036880888923,-1.2740310493992413,-1.2860490588430924
-1.4740224305825376,-0.3215091848215331,-1.3723987226834924,-0.7054689621240783,-0.010684955964216718,-0.6991224441542135,-0.6983308925851475,0.8415420404511351,-0.3451454689628382,0.156890942609908,0.9123627546269921,-0.012702950031596558,-0.20243385516490153,0.41369818995709984,0.6321389407027946,0.6238597271277218,0.7237377179161383,-1.2740310493992413,-1.2860490588430924
-1.4740224305825376,-0.3215091848215331,-1.2279356991005308,-0.7054689621240783,-0.010684955964216718,-0.6991224441542135,-0.6983308925851475,0.8567073406949159,-0.2853298667689162,0.11501361401743332,0.863560924502474,-0.08645955215629852,-0.3043501898137988,0.41369818995709984,0.6669558994355836,0.6853740262332103,0.8025282450361225,-1.2740310493992413,-1.2860490588430924
-1.4740224305825376,-0.3215091848215331,-1.0834726755175694,-0.7054689621240783,-0.010684955964216718,-0.6991224441542135,-0.6983308925851475,0.8263764509477938,-0.22551426457499413,0.06811734739497115,0.8246439563077875,-0.1704497080754049,-0.3817894319472239,0.41369818995709984,0.6956389655994306,0.7464651540841025,0.8633866268006853,-1.2740310493992413,-1.2860490588430924
-1.4740224305825376,-0.3215091848215331,-0.9390096519346078,-0.7054689621240783,-0.010684955964216718,-0.6991224441542135,-0.6983308925851475,0.7353832031873058,-0.04606745799322794,0.009743010979552097,0.7783426306683039,-0.27047854076599975,-0.4666006457645361,0.41369818995709984,0.7305751274372179,0.8231527350479669,0.9358580918831488,-1.2740310493992413,-1.2860490588430924
-1.4740224305825376,-0.3215091848215331,-0.7945466283516462,-0.7054689621240783,-0.010684955964216718,-0.6991224441542135,-0.6983308925851475,0.947700588455404,-0.22551426457499413,-0.00899355495673337,0.7903645311475808,-0.29420708748995156,-0.4855437285992013,0.41369818995709984,0.727815117083026,0.8752641129411309,0.9874681355183781,-1.2740310493992413,-1.2860490588430924
-1.4740224305825376,-0.3215091848215331,-0.6500836047686848,-0.7054689621240783,-0.010684955964216718,-0.6991224441542135,-0.6983308925851475,1.1600179737235023,-0.4049610711567603,0.05932166351434932,0.9780336387174419,0.28618927824710505,-0.3780682296800389,0.41369818995709984,0.6135196087435225,0.6615699439722437,1.0083802672271707,-1.2740310493992413,-1.2860490588430924
-1.4740224305825376,-0.3215091848215331,-0.5056205811857232,-0.7054689621240783,-0.010684955964216718,-0.6991224441542135,-0.6983308925851475,1.372335648251161,-0.5844078777385264,0.18125048509958208,1.1614491362022612,0.9398520925535297,-0.2011300089446508,0.41369818995709984,0.5075586656806222,0.4255619353863087,0.9863070005550035,-1.2740310493992413,-1.2860490588430924
-1.4740224305825376,-0.3215091848215331,-0.3611575576027617,-0.7054689621240783,-0.010684955964216718,-0.6991224441542135,-0.6983308925851475,1.3875009484949419,-0.7638546843202927,0.324068470592645,1.31263402718904,1.5961566214129623,-0.024917917358289812,0.41369818995709984,0.42496153119739294,0.20214171189324953,0.9587856314231064,-1.2740310493992413,-1.2860490588430924
-1.4740224305825376,-0.3215091848215331,-0.21669453401980013,-0.7054689621240783,-0.010684955964216718,-0.6991224441542135,-0.6983308925851475,1.4026665379982834,-0.8834858887081368,0.5110501674832603,1.45799569985631,1.9917199174179807,0.1424607208966619,0.41369818995709984,0.32677822878288515,0.05964788137692297,0.8889615020466121,-1.2740310493992413,-1.2860490588430924
-1.4740224305825376,-0.3215091848215331,-0.0722315104368386,-0.7054689621240783,-0.010684955964216718,-0.6991224441542135,-0.6983308925851475,1.4329977170049664,-1.062932695289903,0.7268069752943035,1.5721585858271543,1.9760750683726909,0.2825357292673536,0.41369818995709984,0.2489685226461471,0.06937070887068357,0.8212641697082956,-1.2740310493992413,-1.2860490588430924
-1.4740224305825376,-0.3215091848215331,0.07223151314612293,-0.7054689621240783,-0.010684955964216718,-0.6991224441542135,-0.6983308925851475,1.3875009484949419,-1.062932695289903,0.925876131894618,1.6650625962410663,1.755488067212189,0.40086543353773507,0.4040706924323317,0.1856142440560273,0.15807381486782726,0.7633647533767144,-1.2740310493992413,-1.2860490588430924
-1.4740224305825376,-0.3215091848215331,0.21669453672908448,-0.7054689621240783,-0.010684955964216718,-0.6991224441542135,-0.6983308925851475,1.3420044692444784,-1.003117093095981,1.0747037321099797,1.7482419520404455,1.5109568517633887,0.6410112681774064,0.41369818995709984,0.13022823456156452,0.26021040306095716,0.6473637297988769,-1.2740310493992413,-1.2860490588430924
-1.4740224305825376,-0.3215091848215331,0.361157560312046,-0.7054689621240783,-0.010684955964216718,-0.6991224441542135,-0.6983308925851475,1.2965079899940146,-1.003117093095981,1.1507617478217802,1.8143398203853254,1.3603390575165486,1.156599857384514,0.41369818995709984,0.08200406344028019,0.3175166545101648,0.4007387069202419,-1.2740310493992413,-1.2860490588430924
-1.4740224305825376,-0.3215091848215331,0.5056205838950075,-0.6906870491250084,-0.010684955964216718,-0.6991224441542135,-0.6983308925851475,1.2358456319806488,-0.8236702865142147,1.1537879607562949,1.8726341103810584,1.2594339155131133,1.804400130297676,0.41369818995709984,0.04335692072846624,0.3655133534936137,0.12934063771775653,-1.2740310493992413,-1.2860490588430924
-1.4740224305825376,-0.3215091848215331,0.6500836074779691,-0.7054689621240783,-0.010684955964216718,-0.6991224441542135,-0.6983308925851475,1.1751835632268437,-0.6442234799324486,1.0560467681496464,1.9033663903135531,1.1471572110259336,2.3328309759095167,0.41369818995709984,0.029721919410581363,0.4290146427909944,-0.06419940973006752,-1.2740310493992413,-1.2860490588430924
-1.4740224305825376,-0.3215091848215331,0.7945466310609306,-0.7054689621240783,-0.010684955964216718,-0.6991224441542135,-0.6983308925851475,1.1145214944730386,-0.5245922755446044,0.9870739972217494,1.9125716062317877,1.0410743425962417,2.3209529787673486,0.41369818995709984,0.02362953075674005,0.4815152005517561,-0.0551283408056687,-1.2740310493992413,-1.2860490588430924
-1.4740224305825376,-0.3215091848215331,0.9390096546438922,-0.7054689621240783,-0.010684955964216718,-0.6991224441542135,-0.6983308925851475,1.038693836215892,-0.4049610711567603,0.7681531780976525,1.8168219751338057,0.8145253693209491,1.9312782025522737,0.41369818995709984,0.09118439163797477,0.5969764124483324,0.10696896066026543,-1.2740310493992413,-1.2860490588430924
-1.4740224305825376,-0.3215091848215331,1.0834726782268538,-0.7054689621240783,-0.010684955964216718,-0.6991224441542135,-0.6983308925851475,0.9780317674620869,-0.2853298667689162,0.5192090355562653,1.6196928726112485,0.5581136841318226,1.3354523423776723,0.41369818995709984,0.22556079713305574,0.7253336984097399,0.36350068822641457,-1.2740310493992413,-1.2860490588430924
-1.4740224305825376,-0.3215091848215331,1.2279357018098151,-0.690694846418176,-0.010684955964216718,-0.6991224441542135,-0.6983308925851475,0.9022041092049403,-0.16569866238107206,0.3518194586123786,1.4484256064842895,0.32593263339550294,0.8824785572499492,0.41369818995709984,0.34486621410813645,0.8426861652626744,0.5726443264978461,-1.2740310493992413,-1.2860490588430924
-1.4740224305825376,-0.3215091848215331,1.3723987253927767,-0.3489730966826174,-0.010684955964216718,-0.6991224441542135,-0.6983308925851475,0.9022041092049403,-0.10588306018714999,0.24253597949267747,1.2873389153493215,0.10860792381110995,0.4881275428545925,0.41369818995709984,0.46413977924139577,0.9631516407856693,0.773659803315137,-1.028502140647711,-1.0366433886959763
-1.4740224305825376,-0.3215091848215331,1.5168617489757383,0.5291003741674968,-0.010684955964216718,-0.6991224441542135,-0.6983308925851475,0.9022041092049403,-0.10588306018714999,0.17053298208525985,1.15978142745314,-0.06554576550141158,0.2052616689380374,0.41369818995709984,0.5607309721684968,1.0651791553508987,0.928944159469655,-0.39524237397344963,-0.3905987405724365
-1.4740224305825376,-0.3215091848215331,1.6613247725587,-0.7054689621240783,-0.010684955964216718,0.3410982147629213,0.2399253199843178,0.9022041092049403,-0.04606745799322794,0.16577157985982321,1.051470695924832,-0.22858277217896203,-0.05367212856797351,0.41369818995709984,0.6530926265846453,1.1734774354112851,1.087610066570141,-0.06546909899218473,-0.06867104538272575
-1.4740224305825376,-0.21143133280936935,-1.6613247698494156,0.9019512295231032,-0.010684955964216718,-0.6991224441542135,-0.6983308925851475,0.8870385197015989,0.013748144200694123,0.142102367111179,0.9693288059998534,-0.21804830672363093,-0.08045505845044855,0.41369818995709984,0.718455019020506,1.1758430638380983,1.1105480082150336,-0.13278383938093383,-0.14320764653742313
-1.4740224305825376,-0.21143133280936935,-1.516861746266454,-0.7054689621240783,-0.010684955964216718,-0.6991224441542135,-0.6624642568144122,0.8567073406949159,0.07356374639461619,0.1480531165067233,0.901144713760601,-0.22775419956020643,-0.13008757891044934,0.41369818995709984,0.7809908017965482,1.196410434596573,1.1533327326549545,-1.2740310493992413,-1.2860490588430924
-1.4740224305825376,-0.21143133280936935,-1.3723987226834924,-0.7054689621240783,-0.010684955964216718,-0.6991224441542135,-0.6983308925851475,0.8415420404511351,0.13337934858853825,0.1292677191061983,0.8436020572044846,-0.2898477043908608,-0.19126857139071587,0.41369818995709984,0.8293679582793082,1.239079521506395,1.19575295000111,-1.2740310493992413,-1.2860490588430924
-1.4740224305825376,-0.21143133280936935,-1.2279356991005308,-0.7054689621240783,-0.010684955964216718,-0.6991224441542135,-0.6983308925851475,0.7050520241806228,0.31282615517030443,0.09093301290567535,0.8001280025125167,-0.3587803430901122,-0.26399552043230234,0.41369818995709984,0.8667779464985585,1.2817748549302288,1.2409509627859614,-1.2740310493992413,-1.2860490588430924
-1.4740224305825376,-0.21143133280936935,-1.0834726755175694,-0.6723945545017671,-0.010684955964216718,-0.6991224441542135,-0.6983308925851475,0.5685622971696711,0.4922729617520706,0.032110497297921016,0.7509824677071597,-0.4328898557746545,-0.34884530462011715,0.41369818995709984,0.9076892242998447,1.3254671256157806,1.2912962838295048,-1.2740310493992413,-1.2860490588430924
-1.4740224305825376,-0.21143133280936935,-0.9390096519346078,-0.4805590219845402,-0.010684955964216718,-0.6991224441542135,-0.44761927047013644,0.4320725701587194,0.6717197683338367,-0.03632378967500596,0.6959614884090247,-0.520621375092648,-0.4469901278229129,0.41369818995709984,0.9522451249713628,1.3759546618059992,1.348519996761347,-0.9610238159505773,-0.9728989619833017
-1.4740224305825376,-0.21143133280936935,-0.7945466283516462,-0.7054689621240783,-0.010684955964216718,-0.6991224441542135,-0.043691371600499074,0.6292243659234763,0.4922729617520706,-0.06348679335136241,0.691491916039924,-0.553027770848423,-0.46806715832994994,0.41369818995709984,0.9569867059697779,1.3959041638083982,1.361983354494569,-0.8714591569819576,-0.8832934319135939
-1.4740224305825376,-0.21143133280936935,-0.6500836047686848,-0.2597167375263815,-0.010684955964216718,-0.6991224441542135,-0.6983308925851475,0.8263764509477938,0.25301055297638236,0.042070778154446924,0.8631184135478828,-0.06704861892411337,-0.31305116230739477,0.41369818995709984,0.8291696081734202,1.135268965071265,1.285993810838865,-0.9620074144199607,-0.9853096309014324
-1.4740224305825376,-0.21143133280936935,-0.5056205811857232,-0.7054689621240783,-0.010684955964216718,-0.6991224441542135,-0.6983308925851475,1.0235282467125506,0.07356374639461619,0.1351161231040899,1.010845790712425,0.18435071338612113,-0.17890425218568873,0.41369818995709984,0.7351111192747856,1.0377046487001667,1.2481791254527013,-1.2740310493992413,-1.2860490588430924
-1.4740224305825376,-0.21143133280936935,-0.3611575576027617,-0.7054689621240783,-0.010684955964216718,-0.6991224441542135,-0.6983308925851475,1.1600179737235023,-0.22551426457499413,0.28958208512869654,1.1861478816039739,0.8131179892864167,0.04003542505439346,0.41369818995709984,0.6143916735642997,0.7363460472558394,1.1435920282253622,-1.2740310493992413,-1.2860490588430924
-1.4740224305825376,-0.21143133280936935,-0.21669453401980013,-0.7054689621240783,-0.010684955964216718,-0.6991224441542135,-0.6983308925851475,1.281342400490673,-0.5844078777385264,0.49148948697241196,1.3569267624349566,1.3490484769245548,0.22584063857380174,0.41369818995709984,0.5005430562176238,0.4999826350539445,1.0570400138501974,-1.2740310493992413,-1.2860490588430924
-1.4740224305825376,-0.21143133280936935,-0.0722315104368386,-0.7054689621240783,-0.010684955964216718,-0.6991224441542135,-0.6983308925851475,1.4178321275016248,-0.8834858887081368,0.7099915595675508,1.4873164615923415,1.519883613557225,0.36806636434317064,0.41369818995709984,0.40602705904555436,0.42354504137927224,0.9796721912906002,-1.2740310493992413,-1.2860490588430924
-1.4740224305825376,-0.21143133280936935,0.07223151314612293,-0.7054689621240783,-0.010684955964216718,-0.6991224441542135,-0.6983308925851475,1.4329977170049664,-0.7638546843202927,0.8979545682121299,1.5729236286896373,1.3603407623984802,0.4527643825079209,0.41369818995709984,0.35725658057666637,0.5093235972823729,0.9518114534851972,-1.2740310493992413,-1.2860490588430924
-1.4740224305825376,-0.21143133280936935,0.21669453672908448,-0.7054689621240783,-0.010684955964216718,-0.6991224441542135,-0.6983308925851475,1.4329977170049664,-0.6442234799324486,1.0389303365474445,1.6600665275846849,1.211583846779977,0.6766980842417737,0.41369818995709984,0.3202688705633817,0.6094665260874274,0.8703430344759971,-1.2740310493992413,-1.2860490588430924
-1.4740224305825376,-0.21143133280936935,0.361157560312046,-0.7054689621240783,-0.010684955964216718,-0.6991224441542135,-0.6983308925851475,1.4481633065083077,-0.5245922755446044,1.1321195001931355,1.7484804986156477,1.1228882167296659,1.1922665497773148,0.41369818995709984,0.2918946707444696,0.7004875004612976,0.6642606490027417,-1.2740310493992413,-1.2860490588430924
-1.4740224305825376,-0.21143133280936935,0.5056205838950075,-0.690779063631904,-0.010684955964216718,-0.6991224441542135,-0.6983308925851475,1.3875009484949419,-0.46477667335068235,1.1404208491138532,1.8101327904007667,1.0613274875026353,1.8585193910307067,0.41369818995709984,0.26682920164567286,0.7521451578786387,0.37853606406794527,-1.2740310493992413,-1.2860490588430924
-1.4740224305825376,-0.21143133280936935,0.6500836074779691,-0.7054689621240783,-0.010684955964216718,-0.6991224441542135,-0.6983308925851475,1.3268388797411368,-0.46477667335068235,1.0591699750884724,1.8601280591603946,0.9973910053039257,2.474870557716895,0.41369818995709984,0.25078842106294336,0.8042655714569542,0.13760901087800098,-1.2740310493992413,-1.2860490588430924
-1.4740224305825376,-0.21143133280936935,0.7945466310609306,-0.7054689621240783,-0.010684955964216718,-0.6991224441542135,-0.6983308925851475,1.2661768109873317,-0.46477667335068235,0.9769157148115948,1.9000225037061318,0.9077593950731685,2.619218492350222,0.41369818995709984,0.22783723861595892,0.8508957306289155,0.08188666842511698,-1.2740310493992413,-1.2860490588430924
-1.4740224305825376,-0.21143133280936935,0.9390096546438922,-0.7054689621240783,-0.010684955964216718,-0.6991224441542135,-0.6983308925851475,1.1600179737235023,-0.2853298667689162,0.7973102447178171,1.844301411382551,0.7393213224363222,2.312573146532502,0.41369818995709984,0.27449584345135436,0.9406067457911756,0.2091858949360505,-1.2740310493992413,-1.2860490588430924
-1.4740224305825376,-0.21143133280936935,1.0834726782268538,-0.7011684059351964,-0.010684955964216718,-0.6857103570378628,-0.6983308925851475,1.038693836215892,-0.10588306018714999,0.5560888316921178,1.642571465298622,0.3949078941430442,1.6434568745124505,0.41369818995709984,0.416512106248767,1.121933584599781,0.49980402011122754,-1.2740310493992413,-1.2860490588430924
-1.4740224305825376,-0.21143133280936935,1.2279357018098151,-0.7009533440309911,-0.010684955964216718,-0.685835206908919,-0.6983308925851475,0.9325349989520626,0.013748144200694123,0.3851760311571416,1.4467967144855711,0.15426892414407722,1.1910935074222468,0.41369818995709984,0.5568450474662844,1.2545968048066112,0.7138229949394034,-1.2740310493992413,-1.2860490588430924
-1.4740224305825376,-0.21143133280936935,1.3723987253927767,-0.48428636078994136,-0.010684955964216718,-0.4886598589290572,-0.6983308925851475,0.7960452719411109,0.25301055297638236,0.2615106824326515,1.281501581847848,-0.018849901835965587,0.7920511620929332,0.41369818995709984,0.6801478705899524,1.3530543631955456,0.9152263835865635,-0.9956416532981015,-1.0045579587346958
-1.4740224305825376,-0.21143133280936935,1.5168617489757383,0.08584978696784766,-0.010684955964216718,0.00019182728331741322,-0.6983308925851475,0.6747211344335006,0.4922729617520706,0.15822812202106953,1.1448122769796478,-0.14630857992400692,0.46921464552727715,0.41369818995709984,0.7896578809976206,1.4315353125266268,1.0914267722392248,-0.27270814144792344,-0.2704653157383482
-1.4740224305825376,-0.21143133280936935,1.6613247725587,0.5585022272735933,-0.010684955964216718,0.34509966503794326,-0.6983308925851475,0.5382314074225488,0.7315353705277589,0.12044527825886987,1.0258833998184456,-0.15939951583576606,0.2077209493007354,0.41369818995709984,0.883116010938288,1.4392427519608761,1.2374844613163574,0.2699195055163474,0.27606115757460126
-1.4740224305825376,-0.10135348079720558,-1.6613247698494156,0.30456927903526687,-0.010684955964216718,0.13117980186267905,0.4410045307020294,0.4320725701587194,0.851166574915603,0.12221658945484573,0.9213456564292839,-0.009987925555530082,-0.10733776820444117,0.41369818995709984,0.9620887919051716,1.347950061626378,1.4171855917007006,0.6675450314721513,0.6625234193107172
-1.4740224305825376,-0.10135348079720558,-1.516861746266454,-0.7054689621240783,-0.010684955964216718,-0.6991224441542135,-0.6983308925851475,0.3107484326511092,0.910982177109525,0.11953152784584004,0.8330234340810913,0.046575794729993,-0.16252526050313074,0.41369818995709984,1.0341637187030632,1.315543361695079,1.450327564865834,-1.2740310493992413,-1.2860490588430924
-1.4740224305825376,-0.10135348079720558,-1.3723987226834924,-0.6806935291278722,-0.010684955964216718,-0.6991224441542135,-0.6983308925851475,0.20458959538727972,0.9707977793034471,0.05993640482443308,0.7678868096280028,-0.006057320262235728,-0.1750363148133308,0.41369818995709984,1.0830582263135893,1.3414495315659392,1.4535106089759582,-1.2740310493992413,-1.2860490588430924
-1.4740224305825376,-0.10135348079720558,-1.2279356991005308,-0.696755872458916,-0.010684955964216718,-0.6991224441542135,-0.6889224538302329,0.40174139115203655,0.6717197683338367,-0.0049753274815721145,0.7118438911556285,-0.09746882722957907,-0.29761714470215034,0.41369818995709984,1.1326114879254217,1.391862200650617,1.5256739116997209,-1.2740310493992413,-1.2860490588430924
-1.4740224305825376,-0.10135348079720558,-1.0834726755175694,-0.6899473224591671,-0.010684955964216718,-0.6991224441542135,-0.6983308925851475,0.5837278866730126,0.3726417573642265,-0.06699931415576922,0.6739382757487079,-0.20869276712399842,-0.373716485703768,0.41369818995709984,1.1599051381407255,1.4427481675289457,1.5578970322622587,-1.2740310493992413,-1.2860490588430924
-1.4740224305825376,-0.10135348079720558,-0.9390096519346078,-0.7054689621240783,-0.010684955964216718,-0.6991224441542135,-0.6983308925851475,0.7808796824377694,0.13337934858853825,-0.0922324716084133,0.6541713749254374,-0.30077088292659576,-0.44254615035196193,0.41369818995709984,1.1740599036046961,1.4864886285353056,1.589526366001421,-1.2740310493992413,-1.2860490588430924
-1.4740224305825376,-0.10135348079720558,-0.7945466283516462,-0.7054689621240783,-0.010684955964216718,-0.6991224441542135,-0.6983308925851475,0.9780317674620869,-0.10588306018714999,-0.08988120315907222,0.6843108172154176,-0.3455453446551332,-0.46944982226383636,0.41369818995709984,1.1482396423754646,1.5030678199761864,1.5958759842221883,-1.2740310493992413,-1.2860490588430924
-1.4740224305825376,-0.10135348079720558,-0.6500836047686848,-0.7054689621240783,-0.010684955964216718,-0.6991224441542135,-0.6983308925851475,1.1600179737235023,-0.3451454689628382,-0.008707255412972922,0.885989948644274,0.2291899606280592,-0.36350959178794023,0.41369818995709984,0.9882994794985474,1.1748280552060772,1.5319736865010078,-1.2740310493992413,-1.2860490588430924
-1.4740224305825376,-0.10135348079720558,-0.5056205811857232,-0.7054689621240783,-0.010684955964216718,-0.6991224441542135,-0.6983308925851475,1.3571700587478197,-0.5844078777385264,0.12257981527788761,1.0840979390360785,0.9518433796194096,-0.19464934821389976,0.41369818995709984,0.8464704669227515,0.8146686569614081,1.4479012738897348,-1.2740310493992413,-1.2860490588430924
-1.4740224305825376,-0.10135348079720558,-0.3611575576027617,-0.7054689621240783,-0.010684955964216718,-0.6991224441542135,-0.6983308925851475,1.2510112214839904,-0.5844078777385264,0.25010619429813774,1.217581686080111,1.5893899450264581,-0.048556523558488184,0.41369818995709984,0.7414520488155667,0.5021972384575107,1.3462488705171953,-1.2740310493992413,-1.2860490588430924
-1.4740224305825376,-0.10135348079720558,-0.21669453401980013,-0.7054689621240783,-0.010684955964216718,-0.6991224441542135,-0.6983308925851475,1.12968708397638,-0.6442234799324486,0.44713178756623695,1.3652949480626886,1.908756952862661,0.09545350108978333,0.41242294724206796,0.6151580481826695,0.3267416587791486,1.217367223793018,-1.2740310493992413,-1.2860490588430924
-1.4740224305825376,-0.10135348079720558,-0.0722315104368386,-0.7054689621240783,-0.010684955964216718,-0.6991224441542135,-0.6983308925851475,1.0235282467125506,-0.6442234799324486,0.6623527871189809,1.49444886303907,1.831932415702052,0.23163457901234355,0.10542522783609709,0.49636033026207554,0.3102939150436864,1.0802154702244404,-1.2740310493992413,-1.2860490588430924
-1.4740224305825376,-0.10135348079720558,0.07223151314612293,-0.7054689621240783,-0.010684955964216718,-0.6991224441542135,-0.6983308925851475,0.9173696987082818,-0.7040390821263706,0.8506449064540511,1.591950893977961,1.527034740819304,0.3339030779136558,-0.1912231364715509,0.3682136141632327,0.34094769205559006,0.9065159209665796,-1.2740310493992413,-1.2860490588430924
-1.4740224305825376,-0.10135348079720558,0.21669453672908448,-0.7054689621240783,-0.010684955964216718,-0.6991224441542135,-0.6983308925851475,0.7960452719411109,-0.7638546843202927,0.9142535744814456,1.6728824070494726,1.2821020256756126,0.49198877233642824,-0.3107239083970421,0.24517767086573491,0.33623665792587437,0.7007070241689082,-1.2740310493992413,-1.2860490588430924
-1.4740224305825376,-0.10135348079720558,0.361157560312046,-0.7054689621240783,-0.010684955964216718,-0.6991224441542135,-0.6983308925851475,0.689886723936842,-0.8236702865142147,0.6927400052834808,1.534567738978045,0.9137290391566515,0.3274785957660281,0.15095490260506986,0.23063054862296412,0.3298809139632207,0.5995300836761082,-1.2740310493992413,-1.2860490588430924
-1.4740224305825376,-0.10135348079720558,0.5056205838950075,-0.7054689621240783,-0.010684955964216718,-0.6991224441542135,-0.6983308925851475,0.6140590656796955,-0.8236702865142147,0.6854828469884875,1.5569805306605855,0.7646857033736403,0.5825612256259866,0.08669553918935834,0.13248537189790924,0.2809898972851318,0.36168096999434,-1.2740310493992413,-1.2860490588430924
-1.4740224305825376,-0.10135348079720558,0.6500836074779691,-0.6906465446889211,-0.010684955964216718,-0.6991224441542135,-0.6983308925851475,0.5382314074225488,-0.8834858887081368,0.6057069507528072,1.5490661481330166,0.6318566472010718,0.8776287524024057,0.21095214747870697,0.03356416848120538,0.19871503586721467,0.09683601019041402,-1.2740310493992413,-1.2860490588430924
-1.4740224305825376,-0.10135348079720558,0.7945466310609306,-0.6907393300948355,-0.010684955964216718,-0.6991224441542135,-0.6983308925851475,0.46240374916540233,-0.9433014909020588,0.5108729025788291,1.5212733548446564,0.45578240839260753,1.0078213610612805,0.3994400404450875,-0.031343852605036256,0.165334203022437,-0.05652395655112067,-1.2740310493992413,-1.2860490588430924
-1.4740224305825376,-0.10135348079720558,0.9390096546438922,0.13052501661554072,-0.010684955964216718,-0.6991224441542135,-0.6983308925851475,0.38657609090825573,-1.003117093095981,0.31371419340136464,1.3897113898251088,0.2001396249546308,0.7837987797780087,0.3475879696834246,-0.09235315999197045,0.10050273178953567,-0.12913194926085658,-0.6804288668475734,-0.6798398653458225
-1.4740224305825376,-0.10135348079720558,1.0834726782268538,0.253471557907498,-0.010684955964216718,0.2671296714897759,-0.6983308925851475,0.3107484326511092,-1.062932695289903,0.13532683421690425,1.1491985697751572,-0.17895962623696587,0.2683946575602613,0.41369818995709984,-0.04786578904073471,0.1298960307228018,-0.048276387600746304,0.010364266129093172,0.013132106758673151
-1.4740224305825376,-0.10135348079720558,1.2279357018098151,-0.7054689621240783,-0.010684955964216718,0.7673233595539798,1.0805595788453246,0.23492077439396258,-1.182563899677747,0.08085098785063449,0.9460295808899338,-0.15467699288524542,-0.13745451967644476,0.3513236118752565,-0.005956969466041603,0.01614492980883168,0.01191929339524632,0.671221200656009,0.6911945661472293
-1.4740224305825376,-0.10135348079720558,1.3723987253927767,-0.7054689621240783,-0.010684955964216718,-0.6991224441542135,-0.6983308925851475,0.21975518489062115,-1.182563899677747,0.016560017172222042,0.8188009767335281,-0.05647494118435558,-0.21402173604198516,0.41369818995709984,0.010902548232597448,-0.08855478107228032,-0.024950534125984226,-1.2740310493992413,-1.2860490588430924
-1.4740224305825376,-0.10135348079720558,1.5168617489757383,0.6800685733882719,-0.010684955964216718,0.3768000188007758,0.4220960769967287,0.21975518489062115,-1.182563899677747,-0.05529581691830937,0.7466088785754185,-0.03010127014353275,-0.10082692196634029,0.41369818995709984,-0.05256031618191353,-0.19532667574814166,-0.1679586727729926,0.8653906894191905,0.8531110177388468
-1.4740224305825376,-0.10135348079720558,1.6613247725587,-0.7054689621240783,-0.010684955964216718,0.7406121258795012,0.7687837966993559,0.20458959538727972,-1.182563899677747,-0.06722340375193687,0.676809303760314,0.0894433460180404,0.030274605858291403,0.41369818995709984,-0.08853866063202419,-0.30018429598404456,-0.2794599191243449,0.37833391458615806,0.3935514085527564
-1.4740224305825376,0.008724371214958183,-1.6613247698494156,-0.7054689621240783,-0.010684955964216718,-0.6991224441542135,-0.6983308925851475,0.17425856101037715,-1.182563899677747,-0.09016148238532369,0.6341701620815541,0.16074832792510746,0.10817333849248655,0.41369818995709984,-0.11789930234007218,-0.36426150264215446,-0.34722009751331057,-1.2740310493992413,-1.2860490588430924
-1.4740224305825376,0.008724371214958183,-1.516861746266454,-0.7054689621240783,-0.010684955964216718,-0.6991224441542135,-0.364535371869022,0.14392752663347458,-1.2423795018716692,-0.12771154053717607,0.5971975602024956,0.13997093182474818,0.10281373396525656,0.41369818995709984,-0.16508249735819303,-0.4063430548817668,-0.39507238074075457,-1.2740310493992413,-1.2860490588430924
-1.4740224305825376,0.008724371214958183,-1.3723987226834924,-0.7054689621240783,-0.010684955964216718,-0.6991224441542135,-0.6983308925851475,0.11359634762679172,-1.3021951040655912,-0.17986220649664367,0.559291944795575,0.037945682392254536,0.04060727272141018,0.41369818995709984,-0.2097182689360967,-0.42167467636565514,-0.4236499969445979,-1.2740310493992413,-1.2860490588430924
-1.4740224305825376,0.008724371214958183,-1.2279356991005308,-0.7054689621240783,-0.010684955964216718,-0.6991224441542135,-0.09819427408982324,0.17425856101037715,-1.2423795018716692,-0.2281692341887105,0.53064306572106,-0.08976702310359458,-0.04808864819456542,0.41369818995709984,-0.253669467216672,-0.4182968360665107,-0.4329028859948405,-0.9369812653651516,-0.9488454293204902
-1.4740224305825376,0.008724371214958183,-1.0834726755175694,-0.7054689621240783,-0.010684955964216718,-0.6991224441542135,-0.6983308925851475,0.23492077439396258,-1.182563899677747,-0.28485386815660874,0.49906599214798203,-0.2498665182130053,-0.12689546150820205,0.41369818995709984,-0.2849342216808774,-0.3839988811788534,-0.42575642319394463,-1.2740310493992413,-1.2860490588430924
-1.4740224305825376,0.008724371214958183,-0.9390096519346078,-0.7054689621240783,-0.010684955964216718,-0.6991224441542135,0.7489641401975701,0.2955828431477677,-1.182563899677747,-0.3268074541041972,0.479352023257079,-0.38835066775267735,-0.20134549992767617,0.41369818995709984,-0.3127551163990584,-0.3390388178123986,-0.40284123615359735,-0.44920413454193686,-0.4406455916339917
-1.4740224305825376,0.008724371214958183,-0.7945466283516462,-0.7054689621240783,-0.010684955964216718,-0.6991224441542135,-0.6983308925851475,0.5382314074225488,-1.3021951040655912,-0.32804897735938265,0.49906669790708025,-0.4480786489032424,-0.12458962414119917,0.41369818995709984,-0.34642902835375616,-0.3020693120149409,-0.41376474659851226,-1.2740310493992413,-1.2860490588430924
-1.4740224305825376,0.008724371214958183,-0.6500836047686848,-0.7054689621240783,-0.010684955964216718,-0.6991224441542135,0.9394610730275992,0.7808796824377694,-1.4816419106473573,-0.23248446399431483,0.7257120574358793,0.025003923649510037,0.11267014060129982,0.41369818995709984,-0.48749721625331777,-0.4147163382575392,-0.4454863990189731,-0.3593390609789234,-0.35770962142503
-1.4740224305825376,0.008724371214958183,-0.5056205811857232,-0.7054689621240783,-0.010684955964216718,-0.6991224441542135,-0.6983308925851475,1.038693836215892,-1.6012731150352015,-0.07664386280515745,0.942086504808114,0.7569131466474945,0.3464091013059642,0.346929289271899,-0.5938982938577503,-0.5847165154579888,-0.4570806285216789,-1.2740310493992413,-1.2860490588430924
-1.4740224305825376,0.008724371214958183,-0.3611575576027617,-0.7054689621240783,-0.010684955964216718,-0.6991224441542135,-0.6983308925851475,1.099355904969697,-1.7209043194230456,0.08136806623223923,1.1001010265884799,1.3745177081006659,0.4962625370853787,0.14945152013826624,-0.6764254508097053,-0.7366461828968347,-0.4730573948598312,-1.2740310493992413,-1.2860490588430924
-1.4740224305825376,0.008724371214958183,-0.21669453401980013,-0.7054689621240783,-0.010684955964216718,-0.6991224441542135,-0.6983308925851475,1.1600179737235023,-1.8405355238108898,0.2844233419476671,1.254455481685417,1.7421124160178534,0.5706681357301433,-0.18183430822555938,-0.7570791403381644,-0.8167780809863154,-0.4721203385735992,-1.2740310493992413,-1.2860490588430924
-1.4740224305825376,0.008724371214958183,-0.0722315104368386,-0.7054689621240783,-0.010684955964216718,-0.6991224441542135,-0.6983308925851475,1.2358456319806488,-1.9601667281987338,0.5195394840950917,1.3784382997490554,1.715117315512964,0.670987153948444,-0.42076448528239785,-0.8195193675887424,-0.7740547799655842,-0.46455172368075603,-1.2740310493992413,-1.2860490588430924
-1.4740224305825376,0.008724371214958183,0.07223151314612293,-0.7054689621240783,-0.010684955964216718,-0.6991224441542135,-0.6983308925851475,1.1145214944730386,-1.9601667281987338,0.7154606835623766,1.4731695204682893,1.4647579611810029,0.7021268587250816,-0.6669027085477789,-0.8806013068271027,-0.6961269436469928,-0.4671420645201019,-1.2740310493992413,-1.2860490588430924
-1.4740224305825376,0.008724371214958183,0.21669453672908448,-0.7054689621240783,-0.010684955964216718,-0.6991224441542135,-0.6983308925851475,1.0690250152225749,-2.019982330392656,0.8741107662557253,1.552102323773609,1.2104501002954657,0.8658689818306909,-0.9164688778269612,-0.9469096024443266,-0.6396356249443083,-0.5403874028676289,-1.2740310493992413,-1.2860490588430924
-1.4740224305825376,0.008724371214958183,0.361157560312046,-0.7054689621240783,-0.010684955964216718,-0.6991224441542135,-0.6983308925851475,1.0235282467125506,-2.1396135347805,0.9614495191310215,1.6550281133824096,1.0924680084242002,1.269562410750828,-1.0910238666710348,-1.0421458855848578,-0.6543061354646101,-0.7154537453718507,-1.2740310493992413,-1.2860490588430924
-1.4740224305825376,0.008724371214958183,0.5056205838950075,-0.7054689621240783,-0.010684955964216718,-0.6991224441542135,-0.6983308925851475,0.8718729301982574,-2.079797932586578,0.9226793432973489,1.6770054517013415,0.9690686542152888,1.744112125743176,-0.8145407165251201,-1.082426159095515,-0.6560874562516247,-0.8861269322251716,-1.2740310493992413,-1.2860490588430924
-1.4740224305825376,0.008724371214958183,0.6500836074779691,-0.34957324297046277,-0.010684955964216718,-0.6991224441542135,-0.6983308925851475,0.8112108614444523,-2.1396135347805,0.811371030722127,1.6765827020015007,0.841248541157749,2.1602461761230303,-0.31719254782035516,-1.134017214678422,-0.6816468279209552,-1.049370849049675,-1.0289351327861218,-1.0921446865237845
-1.4740224305825376,0.008724371214958183,0.7945466310609306,-0.27940192149754606,-0.010684955964216718,-0.3311986989671515,-0.6983308925851475,0.7353832031873058,-2.199429136974422,0.738539236270973,1.6819577632936324,0.6745375139176095,2.2805085913501175,0.028097551459921342,-1.1711431906414316,-0.6777251254298333,-1.1162491239796162,-0.7540479709714789,-0.758233908217243
-1.4740224305825376,0.008724371214958183,0.9390096546438922,-0.03939920262875102,-0.010684955964216718,-0.16836244615232943,-0.6983308925851475,0.5685622971696711,-1.8405355238108898,0.5814009221965463,1.5898519664198203,0.4518705568005607,1.9024988367531317,0.41369818995709984,-1.1542337234635724,-0.6337789950185959,-1.0431833302974787,-0.4857184923065446,-0.4895334479963243
-1.4740224305825376,0.008724371214958183,1.0834726782268538,0.46955247848496035,-0.010684955964216718,0.25556670269389065,-0.6983308925851475,0.38657609090825573,-1.5414575128412795,0.3767616340520886,1.351994212097416,0.201547857430129,1.178718287895121,0.41369818995709984,-1.0591943426179375,-0.5670616472133552,-0.8623986473157349,0.13350171297912758,0.1374025663732793
-1.4740224305825376,0.008724371214958183,1.2279357018098151,-0.7054689621240783,-0.010684955964216718,1.110881928500184,-0.6983308925851475,0.20458959538727972,-1.182563899677747,0.3048228533647668,1.1344940789635019,0.2396315100181183,0.734546093618827,0.41369818995709984,-0.9644097765068738,-0.5807520010300775,-0.7369926039029797,-0.2869569422427945,-0.26366523130329844
-1.4740224305825376,0.008724371214958183,1.3723987253927767,1.4207569623867213,-0.010684955964216718,0.4783300789667951,-0.6983308925851475,0.06809986837632802,-0.9433014909020588,0.20852921265694452,0.9654139602819628,0.4389458468771322,0.33487656052568865,0.41369818995709984,-0.8913054560937536,-0.6456366106970842,-0.6188158067095618,0.7689570420867631,0.7571287372537301
-1.4740224305825376,0.008724371214958183,1.5168617489757383,-0.7054689621240783,-0.010684955964216718,0.71050427931888,1.5853363721757763,-0.068390003264404,-0.7040390821263706,0.19650329397067032,0.8322795639915551,0.6056901193149379,-0.08946291693543476,0.41369818995709984,-0.8424604153587837,-0.7013353707307638,-0.4876049553220121,0.7099064819519715,0.7009517391129895
-1.4740224305825376,0.008724371214958183,1.6613247725587,-0.7054689621240783,-0.010684955964216718,-0.6991224441542135,-0.6983308925851475,-0.22004531977869715,-0.46477667335068235,0.1481260292409987,0.7264919212394252,0.6521140543122944,0.029904833393255666,0.41369818995709984,-0.8004707596703772,-0.720429064268097,-0.533039615994136,-1.2740310493992413,-1.2860490588430924
-1.4740224305825376,0.11880222322712194,-1.6613247698494156,0.7530838226367029,-0.010684955964216718,0.257848665654472,0.47224859926101204,-0.35653504678964887,-0.22551426457499413,0.05043901949193108,0.6571143903650631,0.5446928535662997,0.049851584347303586,0.41369818995709984,-0.781764559051592,-0.6969160601502259,-0.5480225478899524,0.8133887903720651,0.7993000592519269
-1.4740224305825376,0.11880222322712194,-1.516861746266454,-0.7054689621240783,-0.010684955964216718,-0.6991224441542135,-0.6588110871717177,-0.4930249184303809,0.07356374639461619,0.029779296573609886,0.5829334630681369,0.4819378545461861,0.0685967844115642,0.41369818995709984,-0.7610087406719653,-0.6866885251001444,-0.5628947407103145,-1.2740310493992413,-1.2860490588430924
-1.4740224305825376,0.11880222322712194,-1.3723987226834924,-0.7054689621240783,-0.010684955964216718,-0.6991224441542135,0.38947964940655483,-0.6295146454413326,0.3726417573642265,-0.034327051034527135,0.5134670065473977,0.32384244814736635,0.00098879432472413,0.41369818995709984,-0.7373867391320754,-0.6442182232636559,-0.5460773542670988,-0.6712088322029448,-0.6672814342084695
-1.4740224305825376,0.11880222322712194,-1.2279356991005308,-0.7054689621240783,-0.010684955964216718,-0.6991224441542135,0.09789344442837086,-0.644680234944674,0.3726417573642265,-0.12289528652999093,0.4545227124221933,0.1164921503037752,0.014045703226167414,0.41369818995709984,-0.7155655731642552,-0.5839033037943516,-0.553830606522539,-0.8445901530637785,-0.8535661271450942
-1.4740224305825376,0.11880222322712194,-1.0834726755175694,-0.7054689621240783,-0.010684955964216718,-0.6991224441542135,0.8256009698292585,-0.6598456798182352,0.31282615517030443,-0.21927722522794493,0.4024129894042636,-0.10173614670436362,0.06256052142790826,0.41369818995709984,-0.7017464585485693,-0.523702621201606,-0.578401245221195,-0.4563671921390704,-0.4477395100400797
-1.4740224305825376,0.11880222322712194,-0.9390096519346078,-0.7054689621240783,-0.010684955964216718,-0.6991224441542135,0.44464609283268,-0.6750112693215766,0.31282615517030443,-0.31416077379033025,0.35656334958764824,-0.30885287572332615,0.19032235825880447,0.41369818995709984,-0.6914981284425294,-0.46657643804934656,-0.6288765925764263,-0.6788864040773167,-0.6869641609389444
-1.4740224305825376,0.11880222322712194,-0.7945466283516462,0.8536130017037606,-0.010684955964216718,0.6858706631263624,-0.028895593042895316,-0.31103842290940487,-0.22551426457499413,-0.33671957242065126,0.36379244003083444,-0.3916922363386053,0.289470849580983,0.41369818995709984,-0.7030950944875078,-0.43941301713025993,-0.6600053250155895,0.8365658292075576,0.8255113198804095
-1.4740224305825376,0.11880222322712194,-0.6500836047686848,-0.7054689621240783,-0.010684955964216718,1.2889652289423308,0.8907866613037839,0.05293427887298657,-0.7638546843202927,-0.21693799741362182,0.5214943105306838,0.43737650305909814,0.5652339059208539,0.41369818995709984,-0.7875524247934741,-0.6848983837633391,-0.7282929768089698,0.6802451141408191,0.6746117980564652
-1.4740224305825376,0.11880222322712194,-0.5056205811857232,-0.7054689621240783,-0.010684955964216718,-0.6991224441542135,-0.6983308925851475,0.416906980655378,-1.182563899677747,-0.07724254993521726,0.7525005555274559,1.1734584245846635,0.7566670395883798,0.39545519944747415,-0.8974849547089399,-0.8668342707782294,-0.7581023756055381,-1.2740310493992413,-1.2860490588430924
-1.4740224305825376,0.11880222322712194,-0.3611575576027617,-0.7054689621240783,-0.010684955964216718,-0.6991224441542135,-0.6983308925851475,0.7202176136839643,-1.5414575128412795,0.11495608653901417,0.9389741071849126,1.7950524097577694,0.8642322565432765,0.21447017944577196,-0.9818158428549484,-1.0086480584192234,-0.7692265599914915,-1.2740310493992413,-1.2860490588430924
-1.4740224305825376,0.11880222322712194,-0.21669453401980013,-0.7054689621240783,-0.010684955964216718,-0.6991224441542135,-0.6983308925851475,1.0235282467125506,-1.8405355238108898,0.3513177654866302,1.149901505836996,2.2730399276277233,0.9187799837834122,-0.02817224085399875,-1.0753265765949875,-1.10540927448864,-0.7643165497516304,-1.2740310493992413,-1.2860490588430924
-1.4740224305825376,0.11880222322712194,-0.0722315104368386,-0.7054689621240783,-0.010684955964216718,-0.6991224441542135,-0.6983308925851475,1.3268388797411368,-2.1396135347805,0.605312285493885,1.3175115283169185,2.272479021472228,0.9285969815626376,-0.24535894464582134,-1.1437689456142461,-1.088487802688805,-0.7471665126610129,-1.2740310493992413,-1.2860490588430924
-1.4740224305825376,0.11880222322712194,0.07223151314612293,-0.7054689621240783,-0.010684955964216718,-0.6991224441542135,-0.6983308925851475,1.2661768109873317,-2.079797932586578,0.7989932579236613,1.4313892876120773,2.0012340110372517,0.9608065948775646,-0.3434005405354276,-1.183391912934589,-1.0009520211590939,-0.7307151502851991,-1.2740310493992413,-1.2860490588430924
-1.4740224305825376,0.11880222322712194,0.21669453672908448,-0.7054689621240783,-0.010684955964216718,-0.6991224441542135,-0.6983308925851475,1.3420044692444784,-2.498507147944032,0.9691675661775357,1.530581611591233,1.7724900022750292,1.1111211981303797,-0.22543473965775457,-1.2325142094745043,-0.9478957687615134,-0.7793911501971871,-1.2740310493992413,-1.2860490588430924
-1.4740224305825376,0.11880222322712194,0.361157560312046,-0.7054689621240783,-0.010684955964216718,-0.6991224441542135,-0.6983308925851475,1.4178321275016248,-2.4386915457501104,1.0687449556244235,1.6459315843653026,1.5786440742116092,1.5699560026018662,0.009597172512399336,-1.283728110294026,-0.8924867960587649,-0.9016137160787793,-1.2740310493992413,-1.2860490588430924
-1.4740224305825376,0.11880222322712194,0.5056205838950075,-0.7054689621240783,-0.010684955964216718,-0.6991224441542135,-0.6983308925851475,1.2661768109873317,-2.6181383523318766,1.0989856793962047,1.7279640816300554,1.456943634847533,2.1712261544215403,0.41369818995709984,-1.3323900029385227,-0.8833938849012819,-1.0775549189501423,-1.2740310493992413,-1.2860490588430924
-1.4740224305825376,0.11880222322712194,0.6500836074779691,-0.689952509908747,-0.010684955964216718,-0.6991224441542135,-0.6983308925851475,1.2661768109873317,-2.8574007611075647,1.036011820403924,1.785107984295671,1.332610857781073,2.6919152558844583,0.41369818995709984,-1.369298083347254,-0.8723912171464163,-1.2180666607679995,-1.2740310493992413,-1.2860490588430924
-1.4740224305825376,0.11880222322712194,0.7945466310609306,-0.7054689621240783,-0.010684955964216718,-0.6991224441542135,-0.6983308925851475,1.2661768109873317,-3.036847567689331,0.9785726399749,1.855808107720119,1.1930799107354009,2.8964681849270733,0.41369818995709984,-1.410949433867224,-0.8542619754313278,-1.2786564298436667,-1.2740310493992413,-1.2860490588430924
-1.4740224305825376,0.11880222322712194,0.9390096546438922,-0.7054689621240783,-0.010684955964216718,-0.6991224441542135,-0.6983308925851475,1.038693836215892,-2.6779539545257984,0.8034583267428225,1.7983042679144052,0.9061210035369048,2.5118503196794144,0.41369818995709984,-1.4045156031211303,-0.804381551229147,-1.2182358033284537,-1.2740310493992413,-1.2860490588430924
-1.4740224305825376,0.11880222322712194,1.0834726782268538,-0.7054689621240783,-0.010684955964216718,-0.6991224441542135,-0.6983308925851475,0.8263764509477938,-2.259244739168344,0.5373475832866587,1.5874940252726286,0.5204102202145793,1.7938611958009998,0.41369818995709984,-1.3232388722624977,-0.7032554538254625,-1.0573085219571927,-1.2740310493992413,-1.2860490588430924
-1.4740224305825376,0.11880222322712194,1.2279357018098151,0.357206421028581,-0.010684955964216718,0.18102385822607317,-0.6983308925851475,0.598893476176354,-1.7807199216169676,0.35839899672552766,1.4003831731494687,0.24804680723247569,1.2299791487793836,0.41369818995709984,-1.2431114620295878,-0.6195434881977316,-0.9099796089727897,0.03530396526467066,0.04817785250662204
-1.4740224305825376,0.11880222322712194,1.3723987253927767,-0.7054689621240783,-0.010684955964216718,1.3112550739739435,-0.6983308925851475,0.4320725701587194,-1.6012731150352015,0.2951114122986121,1.2183135582649771,0.18321185225581507,0.8522687337969502,0.41369818995709984,-1.1633838889322696,-0.602060297970977,-0.8074330579968755,-0.16250146039304378,-0.12755514778313995
-1.4740224305825376,0.11880222322712194,1.5168617489757383,1.4708986117479859,-0.010684955964216718,0.46052143357461955,-0.6983308925851475,0.26525166414108486,-1.3620107062595133,0.19197802197641928,1.0593561423293736,0.44182198269573447,0.48173995410483683,0.41369818995709984,-1.0944758073772887,-0.6843177334246733,-0.7024164405199267,0.7834887289786097,0.7715302901271286
-1.4740224305825376,0.11880222322712194,1.6613247725587,-0.7054689621240783,-0.010684955964216718,0.6435694671961489,1.4523428967994805,0.09843090275323058,-1.122748297483825,0.1858894742023361,0.9215220962038417,0.6190538363357524,0.04938790141495719,0.41369818995709984,-1.0379634009311414,-0.7436101145243301,-0.5754819378132783,0.7128314683915222,0.7040072845635632
-1.4740224305825376,0.22888007523928572,-1.6613247698494156,-0.7054689621240783,-0.010684955964216718,-0.6991224441542135,-0.6983308925851475,0.12876193713013315,-0.8834858887081368,0.15326537362116585,0.822506211999244,0.6841266223418706,0.14055987241993625,0.41369818995709984,-0.9913361653339033,-0.754385814473604,-0.5959736511142794,-1.2740310493992413,-1.2860490588430924
-1.4740224305825376,0.22888007523928572,-1.516861746266454,-0.7054689621240783,-0.010684955964216718,-0.6991224441542135,-0.6360625710888872,0.14392752663347458,-0.5844078777385264,0.08840648632440616,0.7581939141728901,0.5959629154542175,0.1050122450839044,0.41369818995709984,-0.9445822462748756,-0.6925948512941902,-0.5454640634969701,-1.2740310493992413,-1.2860490588430924
-1.4740224305825376,0.22888007523928572,-1.3723987226834924,-0.7054689621240783,-0.010684955964216718,-0.6991224441542135,-0.581395532352787,0.17425856101037715,-0.3451454689628382,0.0118140002026417,0.6912018490505508,0.42268383057260467,-0.0169782904389624,0.41369818995709984,-0.8768213136291296,-0.5720248199858705,-0.4319586782614656,-1.216129269633125,-1.2319123331996922
-1.4740224305825376,0.22888007523928572,-1.2279356991005308,-0.7054689621240783,-0.010684955964216718,-0.6991224441542135,-0.06978039470899637,0.08326531324988914,-0.22551426457499413,-0.07282631258029557,0.6250898655237064,0.21576742518060466,-0.1350933422126338,0.41369818995709984,-0.8053259938316549,-0.44188083485342955,-0.32305145682829034,-0.9173313697335401,-0.9203971168239392
-1.4740224305825376,0.22888007523928572,-1.0834726755175694,-0.7054689621240783,-0.010684955964216718,-0.6991224441542135,-0.2140050681609707,-0.007727789880818559,-0.04606745799322794,-0.159031907915568,0.571426766730569,0.005275882378048041,-0.18139120259679076,0.41369818995709984,-0.7429617766581507,-0.3209764831945035,-0.25454232688400136,-1.0045388395717945,-1.0149958265761807
-1.4740224305825376,0.22888007523928572,-0.9390096519346078,-0.7054689621240783,-0.010684955964216718,-0.6991224441542135,0.532863289175484,-0.09872103764130656,0.07356374639461619,-0.24290563360236164,0.5188463023941189,-0.1948090611140472,-0.1843451898855003,0.41369818995709984,-0.690554879581318,-0.2177437803383495,-0.22068412545198604,-0.5838285750326293,-0.574830488909457
-1.4740224305825376,0.22888007523928572,-0.7945466283516462,-0.7054689621240783,-0.010684955964216718,-0.6991224441542135,0.16656243759845468,0.05293427887298657,-0.5844078777385264,-0.278612805672298,0.5156343927380669,-0.32428717185006384,-0.037042429477148656,0.41369818995709984,-0.6828542142173273,-0.17319204388659928,-0.2776107282616211,-0.8045038520460471,-0.8126598894824553
-1.4740224305825376,0.22888007523928572,-0.6500836047686848,-0.7054689621240783,-0.010684955964216718,-0.6991224441542135,0.48316469137768064,0.416906980655378,-0.7638546843202927,-0.20613487210583853,0.6666428439502879,0.0512394992538736,0.25040325669343183,0.41369818995709984,-0.7392966431322003,-0.2718903387442138,-0.34369941841383655,-0.6364856663619477,-0.6368455930783212
-1.4740224305825376,0.22888007523928572,-0.5056205811857232,-0.7054689621240783,-0.010684955964216718,-0.6991224441542135,-0.6983308925851475,0.7657143821939886,-1.2423795018716692,-0.06399049324961385,0.9026797397992548,0.7563761088390418,0.4610704279470229,0.41369818995709984,-0.8382540418237012,-0.47849386135812355,-0.3846061294919428,-1.2740310493992413,-1.2860490588430924
-1.4740224305825376,0.22888007523928572,-0.3611575576027617,-0.7054689621240783,-0.010684955964216718,-0.6991224441542135,-0.6983308925851475,1.12968708397638,-1.7209043194230456,0.10303518894706332,1.0883621355075939,1.412703653604551,0.60443901056411,0.41369818995709984,-0.8981784561740516,-0.6427232476418002,-0.39158680874543633,-1.2740310493992413,-1.2860490588430924
-1.4740224305825376,0.22888007523928572,-0.21669453401980013,-0.7054689621240783,-0.010684955964216718,-0.6991224441542135,-0.6983308925851475,1.47849419625543,-2.079797932586578,0.33191762677602143,1.2886219853899066,1.8338197200003288,0.6974766136205732,0.11770382627119755,-0.9734026131811195,-0.7384907534799099,-0.3934565871075108,-1.2740310493992413,-1.2860490588430924
-1.4740224305825376,0.22888007523928572,-0.0722315104368386,-0.7054689621240783,-0.010684955964216718,-0.6991224441542135,-0.6983308925851475,1.8424668980378214,-2.4386915457501104,0.6075337826546993,1.4653271253687399,1.893753139423651,0.856626347177428,-0.29114600785269046,-1.038040617517375,-0.7344948292893291,-0.42332211392862445,-1.2740310493992413,-1.2860490588430924
-1.4740224305825376,0.22888007523928572,0.07223151314612293,-0.7054689621240783,-0.010684955964216718,-0.6991224441542135,-0.6983308925851475,2.0244533935587974,-2.498507147944032,0.8226751802314911,1.6045952739818783,1.6892516992877566,0.9482024685863691,-0.5366466097605556,-1.0694026166198685,-0.632749142046683,-0.406486307091253,-1.2740310493992413,-1.2860490588430924
-1.4740224305825376,0.22888007523928572,0.21669453672908448,-0.7054689621240783,-0.010684955964216718,-0.6991224441542135,-0.6983308925851475,2.0244533935587974,-2.6779539545257984,1.0081792236357352,1.7130266903159836,1.532738423321458,1.145188058633638,-0.5620321294218047,-1.0942106166639423,-0.5703478398488199,-0.4560016268451874,-1.2740310493992413,-1.2860490588430924
-1.4740224305825376,0.22888007523928572,0.361157560312046,-0.7054689621240783,-0.010684955964216718,-0.6991224441542135,-0.6983308925851475,2.0244533935587974,-2.4386915457501104,1.1087432762299283,1.8241809252510666,1.4236430285186361,1.6062423363816543,-0.37688209651596166,-1.098362214683165,-0.4802954048690487,-0.5481616760434587,-1.2740310493992413,-1.2860490588430924
-1.4740224305825376,0.22888007523928572,0.5056205838950075,-0.7054689621240783,-0.010684955964216718,-0.6991224441542135,-0.6983308925851475,2.0244533935587974,-2.6779539545257984,1.1476733249396727,1.9071958391805577,1.3498165262347386,2.201736155975407,-0.29930054154422453,-1.1361252274826028,-0.4777247524434403,-0.7471929513443895,-1.2740310493992413,-1.2860490588430924
-1.4740224305825376,0.22888007523928572,0.6500836074779691,-0.690190384116556,-0.010684955964216718,-0.6991224441542135,-0.6983308925851475,1.9637913248049923,-2.259244739168344,1.1081827177774253,1.9632225251936728,1.2843158148637899,2.677510060988055,0.14729647694460687,-1.1135200718626783,-0.3829838725468323,-0.8168094720432217,-1.2740310493992413,-1.2860490588430924
-1.4740224305825376,0.22888007523928572,0.7945466310609306,-0.7054689621240783,-0.010684955964216718,-0.6991224441542135,-0.6983308925851475,1.9031292560511872,-2.1396135347805,1.0470711436679228,2.018232212346236,1.1801509386071434,2.8351781892258208,0.41369818995709984,-1.1134032817759998,-0.31288610281811813,-0.83102048106865,-1.2740310493992413,-1.2860490588430924
-1.4740224305825376,0.22888007523928572,0.9390096546438922,-0.7054689621240783,-0.010684955964216718,-0.6991224441542135,-0.6983308925851475,1.5391562650092352,-1.4816419106473573,0.8523620347924461,1.9330513237442721,0.9591385694047084,2.456454882774537,0.41369818995709984,-1.0196285638317741,-0.1558073856550684,-0.6583932154611769,-1.2740310493992413,-1.2860490588430924
-1.4740224305825376,0.22888007523928572,1.0834726782268538,-0.7054689621240783,-0.010684955964216718,-0.6991224441542135,-0.6983308925851475,1.1600179737235023,-0.7638546843202927,0.5733470752178644,1.7067327306779543,0.6686641956632616,1.7326340865733931,0.41369818995709984,-0.8570403546507038,0.030461112389977386,-0.3630143935940606,-1.2740310493992413,-1.2860490588430924
-1.4740224305825376,0.22888007523928572,1.2279357018098151,-0.5110434527877765,-0.010684955964216718,-0.56411224575291,-0.6983308925851475,0.7960452719411109,0.13337934858853825,0.3690001069346762,1.4947431645830327,0.25555681214115566,1.1754339369981937,0.41369818995709984,-0.7017742082592471,0.2706055285570632,-0.0998916322884431,-1.0630019362783458,-1.0711637320513252
-1.4740224305825376,0.22888007523928572,1.3723987253927767,0.6469988780614181,-0.010684955964216718,0.483603958263782,-0.6983308925851475,0.7353832031873058,0.1931949507824603,0.2712401844513332,1.3009071340128238,0.0871085102127198,0.8003873930393852,0.41369818995709984,-0.5623292577834176,0.390032760829076,0.08909576056614261,0.44446121740653394,0.46127214757660906
-1.4740224305825376,0.22888007523928572,1.5168617489757383,-0.7054689621240783,-0.010684955964216718,0.6595542450988479,0.891848054301254,0.6595555449301591,0.1931949507824603,0.23683206311500143,1.1458370391902801,0.07877930953590802,0.3268388307074742,0.41369818995709984,-0.4193584049386905,0.46176749551774116,0.3554559603222736,0.46155300997523996,0.47745084273091054
-1.4740224305825376,0.22888007523928572,1.6613247725587,1.3323674189069474,-0.010684955964216718,-0.6991224441542135,-0.6983308925851475,0.598893476176354,0.1931949507824603,0.1836485782406597,1.0320912568464908,0.21385369521238826,0.2523644761848572,0.41369818995709984,-0.3125849986075122,0.44073822913973515,0.4285190451229178,0.17288399393623474,0.1391788890336215
-1.4740224305825376,0.33895792725144946,-1.6613247698494156,-0.7054689621240783,-0.010684955964216718,0.6607734854314188,0.669264918742728,0.5230658179192075,0.3726417573642265,0.1988371703916521,0.9346859149040575,0.258656287492797,0.272396752743063,0.41369818995709984,-0.22677782585344752,0.4451020347971994,0.4437847842466558,0.30894716629461805,0.3225714483689772
-1.4740224305825376,0.33895792725144946,-1.516861746266454,-0.7054689621240783,-0.010684955964216718,-0.6991224441542135,-0.6983308925851475,0.4320725701587194,0.4922729617520706,0.17765769339505552,0.8551870928019562,0.31693767632440295,0.32000013632010127,0.41369818995709984,-0.17239008203788767,0.4229577218444232,0.4259304379677278,-1.2740310493992413,-1.2860490588430924
-1.4740224305825376,0.33895792725144946,-1.3723987226834924,-0.7054689621240783,-0.010684955964216718,-0.6991224441542135,-0.6496555048346424,0.35624491190157287,0.6119041661399147,0.12871318097120435,0.7978942749666137,0.26661723367238405,0.23883298402896894,0.41369818995709984,-0.13362639054122719,0.4477238894386664,0.46546862211531703,-1.2740310493992413,-1.2860490588430924
-1.4740224305825376,0.33895792725144946,-1.2279356991005308,-0.7054689621240783,-0.010684955964216718,-0.6991224441542135,-0.6520320839710236,0.1894240058839383,0.7913509727216809,0.06303820618989384,0.7411787680736246,0.15809212187568103,0.15325539371949654,0.41369818995709984,-0.09647363007486788,0.4979231442454795,0.5062474739869299,-1.2740310493992413,-1.2860490588430924
-1.4740224305825376,0.33895792725144946,-1.0834726755175694,-0.7054689621240783,-0.010684955964216718,-0.6991224441542135,-0.40722214152223707,0.0074376549927425714,0.9707977793034471,-0.032465435075916545,0.6610758161834371,-0.011230784483663495,-0.02857623315182931,0.41369818995709984,-0.04469508296851217,0.5768563081048582,0.5931544601930031,-1.112706285838761,-1.1239369356491609
-1.4740224305825376,0.33895792725144946,-0.9390096519346078,-0.7054689621240783,-0.010684955964216718,-0.6991224441542135,-0.03394263360704782,-0.1593831063951117,1.0904289836912913,-0.12864736544773883,0.5850507403628317,-0.18520460875240166,-0.16584147388003853,0.41369818995709984,0.008653373856708075,0.6633260939220504,0.6637130215200154,-0.8954827839905812,-0.897104294494098
-1.4740224305825376,0.33895792725144946,-0.7945466283516462,-0.7054689621240783,-0.010684955964216718,-0.6991224441542135,0.18131466833434925,0.09843090275323058,1.0904289836912913,-0.1735442177330515,0.5782281671602268,-0.2977933066330635,-0.11869003442693286,0.41369818995709984,0.013117699050177583,0.7182600477482617,0.6404877217262922,-0.7790971163348395,-0.7790312164578034
-1.4740224305825376,0.33895792725144946,-0.6500836047686848,0.49451879729132187,-0.010684955964216718,-0.6991224441542135,-0.21752494793059995,0.35624491190157287,1.0904289836912913,-0.06900140418958937,0.7620755892131639,0.053321160092352195,0.09817606615547728,0.41369818995709984,-0.10560786962265421,0.5499992399394804,0.535879820289083,-0.1294764211799931,-0.15210616451320016
-1.4740224305825376,0.33895792725144946,-0.5056205811857232,-0.7054689621240783,-0.010684955964216718,-0.6991224441542135,-0.3419227593146212,0.7505487926906471,0.5520885639459927,0.08243566920383193,0.9803732301280796,0.9033480130751641,0.3784644331388808,0.41369818995709984,-0.2377290681960463,0.18113159256235029,0.409075994025681,-1.0801243530896532,-1.0903856655412174
-1.4740224305825376,0.33895792725144946,-0.3611575576027617,-0.7054689621240783,-0.010684955964216718,-0.6991224441542135,-0.6983308925851475,0.947700588455404,-0.2853298667689162,0.32319217993300436,1.1714398619968276,1.712686153878508,0.4924029845761735,0.41369818995709984,-0.34248084777889276,-0.1226943963344252,0.368129191501471,-1.2740310493992413,-1.2860490588430924
-1.4740224305825376,0.33895792725144946,-0.21669453401980013,-0.7054689621240783,-0.010684955964216718,-0.6991224441542135,-0.6983308925851475,1.12968708397638,-1.003117093095981,0.5390299275683351,1.3570756776046835,2.1327289970983463,0.6485568065285552,0.41369818995709984,-0.44709001797903875,-0.27359700756104793,0.29596827259342257,-1.2740310493992413,-1.2860490588430924
-1.4740224305825376,0.33895792725144946,-0.0722315104368386,-0.7054689621240783,-0.010684955964216718,-0.6991224441542135,-0.6983308925851475,1.3268388797411368,-1.6610887172291235,0.7780358637507293,1.513102076005331,2.1485826941802566,0.7741293555902715,0.41369818995709984,-0.5307455022973341,-0.2923501418223131,0.22559218152381239,-1.2740310493992413,-1.2860490588430924
-1.4740224305825376,0.33895792725144946,0.07223151314612293,-0.7054689621240783,-0.010684955964216718,-0.6991224441542135,-0.6983308925851475,1.4178321275016248,-2.259244739168344,0.9997347249431373,1.6289990120805302,1.9132638082488347,0.8460018870765941,0.41369818995709984,-0.6074083008266693,-0.25260732608942,0.1471926001809703,-1.2740310493992413,-1.2860490588430924
-1.4740224305825376,0.33895792725144946,0.21669453672908448,-0.7054689621240783,-0.010684955964216718,-0.6991224441542135,-0.6983308925851475,1.5239909647654544,-2.019982330392656,1.169385934497898,1.7434886645138556,1.6866790324529783,1.0627631768695949,0.41369818995709984,-0.6717584320773723,-0.19583568601167747,0.03353421731871286,-1.2740310493992413,-1.2860490588430924
-1.4740224305825376,0.33895792725144946,0.361157560312046,-0.7054689621240783,-0.010684955964216718,-0.6991224441542135,-0.6983308925851475,1.6301495127697232,-2.259244739168344,1.2862857841906283,1.856072767381956,1.5497019985408371,1.578812933550103,0.41369818995709984,-0.7390502739617483,-0.17506673342017962,-0.1925804551542458,-1.2740310493992413,-1.2860490588430924
-1.4740224305825376,0.33895792725144946,0.5056205838950075,-0.7054689621240783,-0.010684955964216718,-0.6991224441542135,-0.6983308925851475,1.569487444015918,-2.199429136974422,1.2958594268782442,1.9410736874138708,1.4633164835078385,2.2399560391982165,0.41369818995709984,-0.7860672120176346,-0.15965034860415558,-0.43625019667873044,-1.2740310493992413,-1.2860490588430924
-1.4740224305825376,0.33895792725144946,0.6500836074779691,-0.6906991157971061,-0.010684955964216718,-0.6991224441542135,-0.6983308925851475,1.47849419625543,-2.079797932586578,1.2421214038689083,1.9997279145497018,1.3804541069864829,2.7824633930708735,0.41369818995709984,-0.8205683066523612,-0.15267329371965432,-0.6266119676478591,-1.2740310493992413,-1.2860490588430924
-1.4740224305825376,0.33895792725144946,0.7945466310609306,-0.7054689621240783,-0.010684955964216718,-0.6991224441542135,-0.6983308925851475,1.372335648251161,-1.9601667281987338,1.155558603028103,2.0567518381686183,1.2572806496335078,2.989660907951862,0.41369818995709984,-0.8519915964201777,-0.12121684667679038,-0.698804743002271,-1.2740310493992413,-1.2860490588430924
-1.4740224305825376,0.33895792725144946,0.9390096546438922,-0.7054689621240783,-0.010684955964216718,-0.6991224441542135,-0.6983308925851475,1.1600179737235023,-1.5414575128412795,0.9505119400655376,1.9851384624710584,1.0438780209327512,2.6301230068803574,0.41369818995709984,-0.8199744628438574,-0.05809914372762796,-0.6056942014655601,-1.2740310493992413,-1.2860490588430924
-1.4740224305825376,0.33895792725144946,1.0834726782268538,-0.6907302404945854,-0.010684955964216718,-0.6991224441542135,-0.6983308925851475,0.947700588455404,-1.062932695289903,0.6709999698343813,1.7636211485500102,0.6184068336427118,1.9086533263072412,0.41369818995709984,-0.7006750784145763,0.10972235767450073,-0.37299304617404216,-1.2740310493992413,-1.2860490588430924
-1.4740224305825376,0.33895792725144946,1.2279357018098151,-0.25809985672741753,-0.010684955964216718,-0.3156914629931421,-0.6983308925851475,0.7202176136839643,-0.5245922755446044,0.4680109176115521,1.5401411185767797,0.3171763597948264,1.4081709065561059,0.41369818995709984,-0.573211970405734,0.24262803543289652,-0.18954607446048516,-0.7279672769102388,-0.7316793802526504
-1.4740224305825376,0.33895792725144946,1.3723987253927767,0.2700688848339546,-0.010684955964216718,0.11950604081655411,-0.6983308925851475,0.7050520241806228,-0.5245922755446044,0.3565520970986057,1.3580898534288421,0.16182325598297867,0.9694362960343623,0.41369818995709984,-0.46233426121440097,0.3159003425448459,-0.01744606554690719,-0.07894889602868536,-0.07565216350913699
-1.4740224305825376,0.33895792725144946,1.5168617489757383,0.7268095208666145,-0.010684955964216718,0.4530866849340115,-0.6983308925851475,0.6747211344335006,-0.46477667335068235,0.3053780604239284,1.2092494941663887,0.1206145548143741,0.6117849891722236,0.41369818995709984,-0.35446100113305595,0.35025143586660856,0.14206869665838237,0.4321521169858016,0.43866967627722414
-1.4740224305825376,0.33895792725144946,1.6613247725587,-0.7054689621240783,-0.010684955964216718,0.48032707248676954,0.9452647242413751,0.6595555449301591,-0.46477667335068235,0.30462284503863507,1.0836363725858351,0.28274371186334973,0.21881580022443803,0.41369818995709984,-0.26657549570014405,0.28645024787634166,0.3171870496872794,0.3747526108003951,0.3778995245138938
-1.4740224305825376,0.44903577926361327,-1.6613247698494156,-0.7054689621240783,-0.010684955964216718,-0.6991224441542135,-0.6983308925851475,0.5837278866730126,-0.22551426457499413,0.26131602549986116,0.9875839708347118,0.3642080852007968,0.14990060997208615,0.41369818995709984,-0.18693237824401887,0.26753511668843133,0.36415537070576404,-1.2740310493992413,-1.2860490588430924
-1.4740224305825376,0.44903577926361327,-1.516861746266454,-0.7054689621240783,-0.010684955964216718,-0.6991224441542135,-0.6983308925851475,0.5230658179192075,0.07356374639461619,0.19654209157239486,0.9172953049645328,0.31674758198903,0.1470430486096331,0.41369818995709984,-0.1204520344205929,0.3123977237364661,0.39067575394818255,-1.2740310493992413,-1.2860490588430924
-1.4740224305825376,0.44903577926361327,-1.3723987226834924,-0.7054689621240783,-0.010684955964216718,-0.6991224441542135,-0.6983308925851475,0.4472381596620609,0.3726417573642265,0.12605019385973157,0.8532540186318998,0.19179678522236626,0.03815637722186492,0.41369818995709984,-0.042131009701888364,0.41022708687200915,0.48492315887008625,-1.2740310493992413,-1.2860490588430924
-1.4740224305825376,0.44903577926361327,-1.2279356991005308,-0.7054689621240783,-0.010684955964216718,-0.6991224441542135,-0.6389971754713216,0.38657609090825573,0.4922729617520706,0.05103904447032623,0.7883037145807446,0.04292479007348037,-0.13816555607179692,0.41369818995709984,0.03508943736115353,0.5157096753308924,0.6079484205158329,-1.2740310493992413,-1.2860490588430924
-1.4740224305825376,0.44903577926361327,-1.0834726755175694,-0.7054689621240783,-0.010684955964216718,-0.6991224441542135,-0.6191796544373271,0.32591373289489,0.5520885639459927,-0.03780679455471839,0.7181696099530782,-0.10179837489486687,-0.27394080661776465,0.41369818995709984,0.1134828526294522,0.6119227265011165,0.704131050376694,-1.2368539811121324,-1.2491975161110416
-1.4740224305825376,0.44903577926361327,-0.9390096519346078,-0.7054689621240783,-0.010684955964216718,-0.6991224441542135,-0.1637752498232565,0.26525166414108486,0.6119041661399147,-0.12166379713732041,0.6529482944082021,-0.25234285921864835,-0.3707272819898169,0.41369818995709984,0.17843937538392188,0.6978813507011653,0.7667016619556692,-0.9636958654973424,-0.9659978849272789
-1.4740224305825376,0.44903577926361327,-0.7945466283516462,-0.7054689621240783,-0.010684955964216718,-0.6991224441542135,0.0515904238332965,0.6595555449301591,0.13337934858853825,-0.14508350117142574,0.6690360730523912,-0.32940267008581736,-0.2891635256715601,0.41369818995709984,0.2010189530096565,0.773189698867258,0.7628039065522998,-0.8428963916842264,-0.8426588216274248
-1.4740224305825376,0.44903577926361327,-0.6500836047686848,-0.7054689621240783,-0.010684955964216718,-0.6991224441542135,-0.6983308925851475,1.0538594257192335,-0.3451454689628382,-0.06774583352688292,0.8609072702931232,0.1765440590213435,-0.12455776166121876,0.41369818995709984,0.11951008978865879,0.5927296404271164,0.7460006062928504,-1.2740310493992413,-1.2860490588430924
-1.4740224305825376,0.44903577926361327,-0.5056205811857232,-0.7054689621240783,-0.010684955964216718,-0.6991224441542135,-0.6983308925851475,1.4481633065083077,-0.7638546843202927,0.07523135591808418,1.070361749707197,0.9026728798302521,0.038960485598212476,0.41369818995709984,0.03340153104645059,0.3390764446877817,0.7434386545315564,-1.2740310493992413,-1.2860490588430924
-1.4740224305825376,0.44903577926361327,-0.3611575576027617,-0.7054689621240783,-0.010684955964216718,-0.6991224441542135,-0.6983308925851475,1.8879636665478456,-1.182563899677747,0.24586053260597054,1.2567393181272943,1.6288289787500663,0.25890886187556905,0.41369818995709984,-0.008437552298800187,0.1398273243811297,0.7515371266445284,-1.2740310493992413,-1.2860490588430924
-1.4740224305825376,0.44903577926361327,-0.21669453401980013,-0.7054689621240783,-0.010684955964216718,-0.6991224441542135,-0.6983308925851475,2.3277640265873836,-2.1396135347805,0.50386659084671,1.4801184245494776,2.109078022502282,0.48310752528504836,0.41369818995709984,-0.1435733346591235,-0.04987451888613423,0.6354474684642236,-1.2740310493992413,-1.2860490588430924
-1.4740224305825376,0.44903577926361327,-0.0722315104368386,-0.7054689621240783,-0.010684955964216718,-0.6991224441542135,-0.6983308925851475,1.8879636665478456,-0.7638546843202927,0.7309275481671175,1.6144970741300675,2.099461635967115,0.6136816452173729,0.41369818995709984,-0.14595570764626606,0.0568691930574688,0.6979524167557963,-1.2740310493992413,-1.2860490588430924
-1.4740224305825376,0.44903577926361327,0.07223151314612293,-0.7054689621240783,-0.010684955964216718,-0.6991224441542135,-0.6983308925851475,2.0244533935587974,-1.4218263084534353,0.9430440706577301,1.7207448718142444,1.8746644288765375,0.7108487933765595,0.41369818995709984,-0.15887621423965695,0.20402737333022813,0.719325925160562,-1.2740310493992413,-1.2860490588430924
-1.4740224305825376,0.44903577926361327,0.21669453672908448,-0.7054689621240783,-0.010684955964216718,-0.6991224441542135,-0.6983308925851475,2.0244533935587974,-1.6012731150352015,1.1163362344570893,1.8215569129238416,1.6722463544610533,0.9399266086546169,0.41369818995709984,-0.17947928855964004,0.3209071877955936,0.645083935133946,-1.2740310493992413,-1.2860490588430924
-1.4740224305825376,0.44903577926361327,0.361157560312046,-0.7054689621240783,-0.010684955964216718,-0.6991224441542135,-0.6983308925851475,2.1761087100730907,-2.019982330392656,1.2455971338440937,1.935430437664411,1.5657202167291464,1.4854684445022497,0.41369818995709984,-0.22697569335567144,0.3656344747017163,0.392212881662855,-1.2740310493992413,-1.2860490588430924
-1.4740224305825376,0.44903577926361327,0.5056205838950075,-0.7054689621240783,-0.010684955964216718,-0.6991224441542135,-0.6983308925851475,1.9941222145521145,-1.182563899677747,1.2941155415731425,2.041169383038763,1.5200668883648714,2.1241485017641786,0.41369818995709984,-0.24075861269656032,0.4542930476791846,0.18632943644648237,-1.2740310493992413,-1.2860490588430924
-1.4740224305825376,0.44903577926361327,0.6500836074779691,-0.690519967274922,-0.010684955964216718,-0.6991224441542135,-0.6983308925851475,1.8121360082906992,-0.9433014909020588,1.243225128745555,2.087143942215765,1.4383246192725743,2.609673164137145,0.41369818995709984,-0.2431544985862938,0.5190180269085144,0.01838961937536423,-1.2740310493992413,-1.2860490588430924
-1.4740224305825376,0.44903577926361327,0.7945466310609306,-0.7054689621240783,-0.010684955964216718,-0.6991224441542135,-0.6983308925851475,1.6301495127697232,-0.7638546843202927,1.1476773384846788,2.1074952115723713,1.304194738186198,2.6411155624735967,0.41369818995709984,-0.2368671380522123,0.5984397631721576,0.02183401637198124,-1.2740310493992413,-1.2860490588430924
-1.4740224305825376,0.44903577926361327,0.9390096546438922,-0.7054689621240783,-0.010684955964216718,-0.6991224441542135,-0.6983308925851475,1.5088253752621128,-0.46477667335068235,0.9485432962401007,2.012418168895004,1.091304426505886,2.267728382932715,0.41369818995709984,-0.15066471289736372,0.7321070201076104,0.19912619262178338,-1.2740310493992413,-1.2860490588430924
-1.4740224305825376,0.44903577926361327,1.0834726782268538,-0.7054689621240783,-0.010684955964216718,-0.6991224441542135,-0.6983308925851475,1.3875009484949419,-0.10588306018714999,0.6965328053141391,1.8154217490829143,0.8305862095575484,1.6658352357807924,0.41369818995709984,-0.0008107252953954648,0.894629737574453,0.489651565694623,-1.2740310493992413,-1.2860490588430924
-1.4740224305825376,0.44903577926361327,1.2279357018098151,-0.6906942955757861,-0.010684955964216718,-0.6991224441542135,-0.6983308925851475,1.2661768109873317,0.1931949507824603,0.5241242903402649,1.6415714046564278,0.5907186986326285,1.1981787167863103,0.41369818995709984,0.13384872724859853,1.0456835889596834,0.7357744702996225,-1.2740310493992413,-1.2860490588430924
-1.4740224305825376,0.44903577926361327,1.3723987253927767,-0.6907233010017807,-0.010684955964216718,-0.6991224441542135,-0.6983308925851475,1.2358456319806488,0.31282615517030443,0.38687643639134506,1.4797620162048706,0.3682972445137295,0.7939067323086342,0.41369818995709984,0.2876458280869586,1.2190921556805039,0.9923298193123951,-1.2740310493992413,-1.2860490588430924
-1.4740224305825376,0.44903577926361327,1.5168617489757383,-0.3493652403988188,-0.010684955964216718,-0.6991224441542135,-0.6983308925851475,1.2055147422335266,0.4324573595581485,0.2989456856276656,1.3423958883614664,0.1803331591143154,0.4871171668446876,0.41369818995709984,0.4094574058889878,1.3566066782722588,1.1898579904502118,-1.0287881769239402,-1.0368236283799195
-1.4740224305825376,0.44903577926361327,1.6613247725587,0.525655717024152,-0.010684955964216718,-0.6991224441542135,-0.6983308925851475,1.1751835632268437,0.4922729617520706,0.23935591399959996,1.2295252472994842,0.02524345956089926,0.25724278956712004,0.41369818995709984,0.528781644406963,1.4918558255153105,1.365079714396901,-0.3979600786181119,-0.39327562132393157
-1.4740224305825376,0.559113631275777,-1.6613247698494156,-0.7054689621240783,-0.010684955964216718,-0.6991224441542135,0.6274273578149006,1.0538594257192335,0.3726417573642265,0.23270212530384018,1.1260030912526777,-0.10558236034204398,0.04040771297837502,0.41369818995709984,0.6346431711150873,1.5948204697119692,1.5186351540270067,-0.5003499948781702,-0.4956198478280782
-1.4740224305825376,0.559113631275777,-1.516861746266454,-0.7054689621240783,-0.010684955964216718,-0.6991224441542135,-0.6983308925851475,0.9325349989520626,0.1931949507824603,0.19587383632889793,1.0349418178442482,-0.22898853407868186,0.03822010218182573,0.41369818995709984,0.7092266717582474,1.662667708431872,1.5120640576553304,-1.2740310493992413,-1.2860490588430924
-1.4740224305825376,0.559113631275777,-1.3723987226834924,-0.7054689621240783,-0.010684955964216718,-0.6991224441542135,-0.6983308925851475,0.8112108614444523,0.013748144200694123,0.13596900141786228,0.9654301927412221,-0.32424710712467136,0.019681169751122482,0.41369818995709984,0.766522343951003,1.6922690432589838,1.4945495134709472,-1.2740310493992413,-1.2860490588430924
-1.4740224305825376,0.559113631275777,-1.2279356991005308,-0.6810249512308069,-0.010684955964216718,-0.6991224441542135,-0.6983308925851475,0.8567073406949159,-0.16569866238107206,0.039748942368483094,0.9078536597483905,-0.4103453495521961,-0.06654792442531765,0.41369818995709984,0.8081343622723602,1.693247909150399,1.496000173688347,-1.2740310493992413,-1.2860490588430924
-1.4740224305825376,0.559113631275777,-1.0834726755175694,-0.6904841695277537,-0.010684955964216718,-0.6991224441542135,-0.6983308925851475,0.9173696987082818,-0.3451454689628382,-0.029321491487892926,0.8519264857681261,-0.49202027580819524,-0.1756911726255596,0.41369818995709984,0.8443315674840771,1.6743994699243212,1.4949859684571802,-1.2740310493992413,-1.2860490588430924
-1.4740224305825376,0.559113631275777,-0.9390096519346078,-0.7054689621240783,-0.010684955964216718,-0.6991224441542135,-0.6983308925851475,0.9628661779587454,0.07356374639461619,-0.06126797188721893,0.8050083266767881,-0.5552142819256948,-0.2753217935790206,0.41369818995709984,0.9008912690892926,1.694305084313127,1.5370182739734661,-1.2740310493992413,-1.2860490588430924
-1.4740224305825376,0.559113631275777,-0.7945466283516462,-0.6656095498605071,-0.010684955964216718,-0.6991224441542135,-0.6983308925851475,1.1145214944730386,-0.8834858887081368,-0.06462195766388924,0.8112091261138509,-0.5498609526604836,-0.305168552457506,0.41369818995709984,0.8814457196573195,1.6218591121218207,1.488077237096154,-1.2595416536638746,-1.2715530495025287
-1.4740224305825376,0.559113631275777,-0.6500836047686848,-0.7054689621240783,-0.010684955964216718,-0.6991224441542135,-0.6983308925851475,1.2661768109873317,-1.003117093095981,0.009070742191049173,0.9747532704288614,-0.019068126723209865,-0.230660658482278,0.41369818995709984,0.7368523532943562,1.2328203733207184,1.3664337217226126,-1.2740310493992413,-1.2860490588430924
-1.4740224305825376,0.559113631275777,-0.5056205811857232,-0.7054689621240783,-0.010684955964216718,-0.6991224441542135,-0.6983308925851475,1.6908115815235283,-1.9003511260048118,0.16279352946538042,1.1864513580162135,0.6625308829143454,-0.02822826133099069,0.41369818995709984,0.5282058982358577,0.7547358178927969,1.1212461397196891,-1.2740310493992413,-1.2860490588430924
-1.4740224305825376,0.559113631275777,-0.3611575576027617,-0.7054689621240783,-0.010684955964216718,-0.6991224441542135,-0.6983308925851475,1.9334601457983094,-1.9003511260048118,0.35291114285400726,1.3786189740782029,1.325926868168251,0.18221251861747648,0.41369818995709984,0.3762822648209936,0.41053537584396466,0.9647191654464721,-1.2740310493992413,-1.2860490588430924
-1.4740224305825376,0.559113631275777,-0.21669453401980013,-0.7054689621240783,-0.010684955964216718,-0.6991224441542135,-0.6983308925851475,2.1761087100730907,-2.199429136974422,0.6174646308478479,1.6219237771207586,1.7447098036406399,0.42876522719215476,0.41369818995709984,0.20272109613244627,0.22130080658025097,0.8221973252051771,-1.2740310493992413,-1.2860490588430924
-1.4740224305825376,0.559113631275777,-0.0722315104368386,-0.7054689621240783,-0.010684955964216718,-0.6991224441542135,-0.6983308925851475,2.0244533935587974,-1.6012731150352015,0.8765168864868148,1.7948100546190606,1.8413271675861111,0.6371332689692651,0.41369818995709984,0.10439397782607819,0.20580439141002774,0.7452581560531115,-1.2740310493992413,-1.2860490588430924
-1.4740224305825376,0.559113631275777,0.07223151314612293,-0.7054689621240783,-0.010684955964216718,-0.6991224441542135,-0.6983308925851475,2.0244533935587974,-1.8405355238108898,1.0998097939707676,1.982047237620804,1.7660310570771782,0.8471204278211693,0.41369818995709984,-0.008524662260145113,0.24207363160824233,0.6483495459519919,-1.2740310493992413,-1.2860490588430924
-1.4740224305825376,0.559113631275777,0.21669453672908448,-0.7054689621240783,-0.010684955964216718,-0.6991224441542135,-0.6983308925851475,1.7211427605302112,-1.2423795018716692,1.1977897925052723,2.072584837778346,1.6367004186282446,1.016808257388385,0.41369818995709984,-0.042763944407172974,0.3300956190532498,0.604437276679216,-1.2740310493992413,-1.2860490588430924
-1.4740224305825376,0.559113631275777,0.361157560312046,-0.7054689621240783,-0.010684955964216718,-0.6991224441542135,-0.6983308925851475,1.3571700587478197,0.25301055297638236,1.0445606712666775,1.9781316861438152,1.3512426599705187,0.918157826937479,0.41369818995709984,0.11290300432720328,0.6164394934000744,0.8241225814602384,-1.2740310493992413,-1.2860490588430924
-1.4740224305825376,0.559113631275777,0.5056205838950075,-0.7054689621240783,-0.010684955964216718,-0.6991224441542135,-0.6983308925851475,1.4026665379982834,0.013748144200694123,1.0861797951304337,2.016412765390995,1.2708770830379852,1.2199508524487093,0.41369818995709984,0.19488264742239475,0.8180802735121904,0.8403455309485202,-1.2740310493992413,-1.2860490588430924
-1.4740224305825376,0.559113631275777,0.6500836074779691,-0.7054689621240783,-0.010684955964216718,-0.6991224441542135,-0.6983308925851475,1.4633286067520885,-0.22551426457499413,1.0280335618561882,2.0188052887340002,1.1823263679518596,1.55719591785603,0.41369818995709984,0.2447640795257205,0.9259345141879878,0.7351568453191042,-1.2740310493992413,-1.2860490588430924
-1.4740224305825376,0.559113631275777,0.7945466310609306,-0.7054689621240783,-0.010684955964216718,-0.6991224441542135,-0.6983308925851475,1.5088253752621128,-0.46477667335068235,0.9499466991438611,2.007504674053116,1.0663713806972617,1.7050797492808663,0.41369818995709984,0.276150208811412,1.006271221140903,0.6830308139369927,-1.2740310493992413,-1.2860490588430924
-1.4740224305825376,0.559113631275777,0.9390096546438922,-0.7054689621240783,-0.010684955964216718,-0.6991224441542135,-0.6983308925851475,1.4026665379982834,-0.46477667335068235,0.7517611913690315,1.8972876872004845,0.8458099527657339,1.556381747643899,0.41369818995709984,0.38084142163443135,1.1350990081362722,0.7667515053751497,-1.2740310493992413,-1.2860490588430924
-1.4740224305825376,0.559113631275777,1.0834726782268538,-0.7054689621240783,-0.010684955964216718,-0.6991224441542135,-0.6983308925851475,1.3116732902377954,-0.46477667335068235,0.5227750702940853,1.6796527540788082,0.5854139585024678,1.0462072645745142,0.41369818995709984,0.5426656692154517,1.2632215814191008,1.0144273575627438,-1.2740310493992413,-1.2860490588430924
-1.4740224305825376,0.559113631275777,1.2279357018098151,-0.7054689621240783,-0.010684955964216718,-0.6991224441542135,-0.6983308925851475,1.2055147422335266,-0.46477667335068235,0.37109584635196946,1.4985500291588938,0.35269160775286645,0.667109993226618,0.41369818995709984,0.6727973341841653,1.3706507146220552,1.1979356583533136,-1.2740310493992413,-1.2860490588430924
-1.4740224305825376,0.559113631275777,1.3723987253927767,-0.7054689621240783,-0.010684955964216718,-0.6991224441542135,-0.6983308925851475,1.12968708397638,-0.22551426457499413,0.24576621429832984,1.3592938784504254,0.16749028352360346,0.39034494573999495,0.41369818995709984,0.7855673323418887,1.4571910648375734,1.335331427966826,-1.2740310493992413,-1.2860490588430924
-1.4740224305825376,0.559113631275777,1.5168617489757383,-0.7054689621240783,-0.010684955964216718,-0.6991224441542135,-0.6983308925851475,1.0690250152225749,0.07356374639461619,0.17059853665369099,1.242168921544303,0.013650262426047118,0.17825150926412317,0.41369818995709984,0.8859918461718305,1.5477673544207724,1.4597345350954272,-1.2740310493992413,-1.2860490588430924
-1.4740224305825376,0.559113631275777,1.6613247725587,-0.7054689621240783,-0.010684955964216718,-0.6991224441542135,-0.6983308925851475,0.9931973569654283,0.3726417573642265,0.0834397243794965,1.1446492466279563,-0.1188540137385523,0.009387073258506299,0.41369818995709984,0.9879684133850702,1.644702614997036,1.578723346605337,-1.2740310493992413,-1.2860490588430924
-1.4740224305825376,0.6691914832879408,-1.6613247698494156,0.4796015480637638,-0.010684955964216718,-0.6991224441542135,0.31854082428760067,1.008362657209209,0.31282615517030443,0.034805592769441694,1.062858824733897,-0.22499570059488425,-0.14267409698902403,0.41369818995709984,1.0721547617337226,1.7221646832596025,1.6854186037661787,0.2389690843546121,0.25549933656640883
-1.4740224305825376,0.6691914832879408,-1.516861746266454,-0.7054689621240783,-0.010684955964216718,-0.6991224441542135,-0.6983308925851475,1.038693836215892,0.25301055297638236,0.036404990454327754,0.987011600206046,-0.32216885605005596,-0.15029006819065577,0.41369818995709984,1.1482261294728737,1.7910579101034743,1.6975223197001823,-1.2740310493992413,-1.2860490588430924
-1.4740224305825376,0.6691914832879408,-1.3723987226834924,-0.7054689621240783,-0.010684955964216718,-0.6991224441542135,-0.6983308925851475,1.0538594257192335,0.25301055297638236,0.023700782662041658,0.9345878143894033,-0.39042465662246373,-0.17284954250309678,0.41369818995709984,1.2028491425746144,1.841502419221543,1.7183950100944294,-1.2740310493992413,-1.2860490588430924
-1.4740224305825376,0.6691914832879408,-1.2279356991005308,-0.7054689621240783,-0.010684955964216718,-0.6991224441542135,-0.6983308925851475,1.0690250152225749,0.1931949507824603,0.0013473437511936925,0.8960180796710467,-0.4417876345756535,-0.22278727198185722,0.41369818995709984,1.2458703635947372,1.8821982846025611,1.7576919954338375,-1.2740310493992413,-1.2860490588430924
-1.4740224305825376,0.6691914832879408,-1.0834726755175694,-0.7054689621240783,-0.010684955964216718,-0.6991224441542135,-0.6983308925851475,1.099355904969697,0.13337934858853825,-0.029132854872611507,0.8585719134370748,-0.49170572509181576,-0.2760412148375255,0.41369818995709984,1.2823479615352154,1.9171595018074123,1.794464303221302,-1.2740310493992413,-1.2860490588430924
-1.4740224305825376,0.6691914832879408,-0.9390096519346078,-0.7054689621240783,-0.010684955964216718,-0.6991224441542135,-0.6983308925851475,1.1145214944730386,0.13337934858853825,-0.06090742176084771,0.8272616168031285,-0.5343780673986954,-0.3334599192211586,0.41369818995709984,1.3108099952209684,1.9459867796065438,1.832712409646426,-1.2740310493992413,-1.2860490588430924
-1.4740224305825376,0.6691914832879408,-0.7945466283516462,-0.6045152784016404,-0.010684955964216718,-0.6991224441542135,-0.6395965017125427,0.8112108614444523,0.7315353705277589,-0.08859887552965919,0.8006544987997974,-0.5719954347783932,-0.39328424084331215,0.41369818995709984,1.342724092915033,1.976890974178361,1.8780772895312772,-1.2740310493992413,-1.2860490588430924
-1.4740224305825376,0.6691914832879408,-0.6500836047686848,-0.36348266086975317,-0.010684955964216718,-0.6991224441542135,-0.4121588452168244,1.0841903154663557,0.25301055297638236,0.020544798439000072,0.9458023264603033,-0.04493118562551972,-0.2835112894202996,0.41369818995709984,1.2304588981898126,1.649172697522711,1.8162025354303526,-0.8548914192333724,-0.8608162857205801
-1.4740224305825376,0.6691914832879408,-0.5056205811857232,-0.7054689621240783,-0.010684955964216718,-0.6991224441542135,-0.6983308925851475,1.3571700587478197,-0.22551426457499413,0.1460817969846157,1.1278648837538126,0.6918216069401287,-0.10858459735525328,0.41369818995709984,1.0998373905021788,1.2388531991068854,1.7248698869954564,-1.2740310493992413,-1.2860490588430924
-1.4740224305825376,0.6691914832879408,-0.3611575576027617,-0.7054689621240783,-0.010684955964216718,-0.6991224441542135,-0.6983308925851475,1.3875009484949419,-0.22551426457499413,0.31566276950177163,1.283543342919032,1.412623524153766,0.06930111291639417,0.41369818995709984,0.9965355936277026,0.8813722361035607,1.63740162054393,-1.2740310493992413,-1.2860490588430924
-1.4740224305825376,0.6691914832879408,-0.21669453401980013,-0.7054689621240783,-0.010684955964216718,-0.6991224441542135,-0.6983308925851475,1.4178321275016248,-0.46477667335068235,0.5524819925800702,1.4416171484636495,1.8954486445046232,0.24155387212203236,0.41369818995709984,0.8686962960628029,0.6402235680724913,1.5205014650207693,-1.2740310493992413,-1.2860490588430924
-1.4740224305825376,0.6691914832879408,-0.0722315104368386,-0.7054689621240783,-0.010684955964216718,-0.6991224441542135,-0.6983308925851475,1.6149839232663816,-0.5844078777385264,0.834612132003466,1.582717447695797,1.9611863344640639,0.39651368956146416,0.3176782632524248,0.780108602298828,0.6316046001147417,1.453978270276996,-1.2740310493992413,-1.2860490588430924
-1.4740224305825376,0.6691914832879408,0.07223151314612293,-0.7054689621240783,-0.010684955964216718,-0.6991224441542135,-0.6983308925851475,1.569487444015918,-0.46477667335068235,1.0650257372522083,1.6678291719061342,1.7302029632846903,0.5038667694785965,0.41369818995709984,0.7507455475724601,0.7742572005273023,1.43037069312691,-1.2740310493992413,-1.2860490588430924
-1.4740224305825376,0.6691914832879408,0.21669453672908448,-0.7054689621240783,-0.010684955964216718,-0.6991224441542135,-0.6983308925851475,1.7211427605302112,-0.46477667335068235,1.2557333417567154,1.7588050484636777,1.5177678550801144,0.7198901913141565,0.41369818995709984,0.7250536589178422,0.9352292223138547,1.3674765327423508,-1.2740310493992413,-1.2860490588430924
-1.4740224305825376,0.6691914832879408,0.361157560312046,-0.7054689621240783,-0.010684955964216718,-0.6991224441542135,-0.6983308925851475,1.6756462812797475,-0.5844078777385264,1.3537280566229086,1.8390039835912249,1.3798863813032614,1.225389274689575,0.41369818995709984,0.7044609605766343,1.0422328177732445,1.1216102133924157,-1.2740310493992413,-1.2860490588430924
-1.4740224305825376,0.6691914832879408,0.5056205838950075,-0.690780804462052,-0.010684955964216718,-0.6991224441542135,-0.6983308925851475,1.6301495127697232,-0.5245922755446044,1.366073052137159,1.9021299003734513,1.2903434249329473,1.891554074879863,0.41369818995709984,0.6755785790995714,1.1031862589932562,0.7898775517509511,-1.2740310493992413,-1.2860490588430924
-1.4740224305825376,0.6691914832879408,0.6500836074779691,-0.7054689621240783,-0.010684955964216718,-0.6991224441542135,-0.6983308925851475,1.5998186230226008,-0.4049610711567603,1.238087122213723,1.9516043189185843,1.2030202248375708,2.499772762794211,0.41369818995709984,0.6780861877375118,1.1838792301035745,0.532047294752077,-1.2740310493992413,-1.2860490588430924
-1.4740224305825376,0.6691914832879408,0.7945466310609306,-0.7054689621240783,-0.010684955964216718,-0.6991224441542135,-0.6983308925851475,1.5543218545125765,-0.2853298667689162,1.1185570626937358,1.9617736017650034,1.0934500204167994,2.653159579906189,0.41369818995709984,0.6961461820502535,1.2670484092161318,0.48237355960840267,-1.2740310493992413,-1.2860490588430924
-1.4740224305825376,0.6691914832879408,0.9390096546438922,-0.7054689621240783,-0.010684955964216718,-0.6991224441542135,-0.6983308925851475,1.4633286067520885,-0.22551426457499413,0.9092941707023803,1.8928301127360536,0.9042209126241412,2.321640537545873,0.41369818995709984,0.7789942704387424,1.3920541013924064,0.6498897076139372,-1.2740310493992413,-1.2860490588430924
-1.4740224305825376,0.6691914832879408,1.0834726782268538,-0.6912269475520753,-0.010684955964216718,-0.6991224441542135,-0.6983308925851475,1.3875009484949419,-0.16569866238107206,0.6558936553560115,1.7067715474283571,0.6637243002664625,1.645391262441787,0.41369818995709984,0.9346503605906795,1.5272060074523988,0.9810392012474809,-1.2740310493992413,-1.2860490588430924
-1.4740224305825376,0.6691914832879408,1.2279357018098151,-0.6906844743222854,-0.010684955964216718,-0.6991224441542135,-0.6983308925851475,1.2965079899940146,-0.10588306018714999,0.48143421888407767,1.5224399746340331,0.4185469345655872,1.197881054144388,0.41369818995709984,1.0878553067333596,1.6634908163221036,1.2117440192335478,-1.2740310493992413,-1.2860490588430924
-1.4740224305825376,0.6691914832879408,1.3723987253927767,-0.690629078920422,-0.010684955964216718,-0.6991224441542135,-0.6983308925851475,1.220680331736868,-0.04606745799322794,0.3580143653291205,1.3681864430881434,0.21056071576151075,0.8170615319049196,0.41369818995709984,1.2141198685427552,1.7758994725849901,1.4139778425913558,-1.2740310493992413,-1.2860490588430924
-1.4740224305825376,0.6691914832879408,1.5168617489757383,-0.6906643608660651,-0.010684955964216718,-0.6991224441542135,-0.6983308925851475,1.1448526734797215,0.013748144200694123,0.2386769559694204,1.243883916153006,0.03969148149020874,0.5183432357117984,0.41369818995709984,1.3151413631050166,1.853548278340688,1.563802827339131,-1.2740310493992413,-1.2860490588430924
-1.4740224305825376,0.6691914832879408,1.6613247725587,-0.16854518488029122,-0.010684955964216718,-0.1919509992026434,-0.6983308925851475,1.0538594257192335,0.07356374639461619,0.15239376543069888,1.1340212203676867,-0.15345714986318854,0.2811857662997628,0.41369818995709984,1.4062139831347258,1.9489078875348147,1.6822160557093015,-0.5767702833969591,-0.578482974259701
-1.4740224305825376,0.7792693353001046,-1.6613247698494156,0.04806019371770669,-0.010684955964216718,-0.07324729932158124,-0.6983308925851475,0.947700588455404,0.3726417573642265,0.12044059578969622,1.0378735411383022,-0.1874294796731343,0.08250811086827145,0.41369818995709984,1.4881156857381876,1.9557896374545034,1.7942905013846788,-0.35296813845639397,-0.3556930474878103
-1.4740224305825376,0.7792693353001046,-1.516861746266454,-0.7054689621240783,-0.010684955964216718,-0.6991224441542135,-0.6983308925851475,0.8567073406949159,0.7315353705277589,0.0958696732630401,0.9563195485421505,-0.2016678011248575,-0.1238341479711375,0.41369818995709984,1.5548684593299194,1.9479109502730967,1.912949046062901,-1.2740310493992413,-1.2860490588430924
-1.4740224305825376,0.7792693353001046,-1.3723987226834924,-0.7054689621240783,-0.010684955964216718,-0.6991224441542135,-0.6983308925851475,0.7505487926906471,1.0904289836912913,0.05599443470438559,0.8906599565972725,-0.23984181245522138,-0.2529233086391121,0.41369818995709984,1.6180832654611546,1.9714153489765378,1.9981678573222241,-1.2740310493992413,-1.2860490588430924
-1.4740224305825376,0.7792693353001046,-1.2279356991005308,-0.7054689621240783,-0.010684955964216718,-0.6991224441542135,-0.6572701702963296,0.7202176136839643,0.9707977793034471,-0.027050493938671604,0.8304664688681982,-0.3159852492841576,-0.41008247568350703,0.41369818995709984,1.678891327120217,2.019130650908125,2.1032893626906013,-1.2740310493992413,-1.2860490588430924
-1.4740224305825376,0.7792693353001046,-1.0834726755175694,-0.7054689621240783,-0.010684955964216718,-0.6991224441542135,-0.680476911258539,0.689886723936842,0.910982177109525,-0.07323836986757697,0.7663390799255809,-0.40823811548474354,-0.5221562335556308,0.41369818995709984,1.7343154623041328,2.0665081903233338,2.1668336546336007,-1.2740310493992413,-1.2860490588430924
-1.4740224305825376,0.7792693353001046,-0.9390096519346078,-0.6889757331962297,-0.010684955964216718,-0.6991224441542135,-0.6567399814624836,0.6595555449301591,0.7913509727216809,-0.16565225040294454,0.7086044568947455,-0.5072133311416122,-0.6094803908598185,0.41369818995709984,1.7809258067731322,2.113752345814877,2.208207593591706,-1.2469465732201142,-1.2595156745276537
-1.4740224305825376,0.7792693353001046,-0.7945466283516462,-0.3750302011582181,-0.010684955964216718,-0.6991224441542135,-0.38022579352195557,0.8870385197015989,0.3726417573642265,-0.1678108686919982,0.7054327755072927,-0.5349406784361221,-0.6038969104864105,0.41369818995709984,1.7837292514570804,2.1230655555817686,2.1943398540291343,-0.8303464825608348,-0.8421619778887393
-1.4740224305825376,0.7792693353001046,-0.6500836047686848,-0.7054689621240783,-0.010684955964216718,-0.6991224441542135,-0.6807832166010528,1.099355904969697,0.07356374639461619,-0.07267379787006803,0.8732764042487301,0.05113294413314885,-0.39056502972287926,0.41369818995709984,1.6224894369131169,1.7261081144221602,2.0322468867735894,-1.2740310493992413,-1.2860490588430924
-1.4740224305825376,0.7792693353001046,-0.5056205811857232,-0.7054689621240783,-0.010684955964216718,-0.6991224441542135,-0.6983308925851475,1.3268388797411368,-0.2853298667689162,0.0807693791021794,1.0690744451120227,0.8853623611377931,-0.21420117211345374,0.41369818995709984,1.45096678610114,1.2374715998201453,1.9150949136267932,-1.2740310493992413,-1.2860490588430924
-1.4740224305825376,0.7792693353001046,-0.3611575576027617,-0.7054689621240783,-0.010684955964216718,-0.6991224441542135,-0.6983308925851475,1.4026665379982834,-0.3451454689628382,0.25535591116596956,1.2345262562695531,1.5753323410594842,-0.02943735859761548,0.41369818995709984,1.308645517788104,0.8776972938712198,1.7957905716005202,-1.2740310493992413,-1.2860490588430924
-1.4740224305825376,0.7792693353001046,-0.21669453401980013,-0.7054689621240783,-0.010684955964216718,-0.6991224441542135,-0.6983308925851475,1.4936597857587715,-0.4049610711567603,0.5113986769746135,1.399570844427404,2.0348048411523068,0.1523297048274343,0.41369818995709984,1.169283092538812,0.6601203619115064,1.683824481184883,-1.2740310493992413,-1.2860490588430924
-1.4740224305825376,0.7792693353001046,-0.0722315104368386,-0.7054689621240783,-0.010684955964216718,-0.6991224441542135,-0.6983308925851475,1.569487444015918,-0.46477667335068235,0.7864281863582494,1.5426239790843586,2.073081997839532,0.3177932403383007,0.35935530108506736,1.0585950465874154,0.6517918266907702,1.5924380885411558,-1.2740310493992413,-1.2860490588430924
-1.4740224305825376,0.7792693353001046,0.07223151314612293,-0.7054689621240783,-0.010684955964216718,-0.6991224441542135,-0.6983308925851475,1.7211427605302112,-0.7040390821263706,1.0479012785599946,1.6478018459756163,1.8482950200405437,0.44856356606839926,0.3316357362710764,0.9810565637098234,0.7674283739063581,1.5239987393841394,-1.2740310493992413,-1.2860490588430924
-1.4740224305825376,0.7792693353001046,0.21669453672908448,-0.7054689621240783,-0.010684955964216718,-0.6991224441542135,-0.6983308925851475,1.6453151022730645,-0.6442234799324486,1.2369359037211725,1.7386577434864605,1.605857399603743,0.6686997632803772,0.41369818995709984,0.9165044628257529,0.8960569455576721,1.4038648294892966,-1.2740310493992413,-1.2860490588430924
-1.4740224305825376,0.7792693353001046,0.361157560312046,-0.7054689621240783,-0.010684955964216718,-0.6991224441542135,-0.6983308925851475,1.569487444015918,-0.46477667335068235,1.3424459816110776,1.8158508506146391,1.4365839348204148,1.1675295265041077,0.41369818995709984,0.8762900647152262,1.0056395837217396,1.1463139123500325,-1.2740310493992413,-1.2860490588430924
-1.4740224305825376,0.7792693353001046,0.5056205838950075,-0.7054689621240783,-0.010684955964216718,-0.6991224441542135,-0.6983308925851475,1.5391562650092352,-0.5245922755446044,1.3395134180600359,1.8747647970986197,1.3231820082583816,1.834833829596853,0.41369818995709984,0.8263912588799979,1.0542885731189842,0.7888117694161478,-1.2740310493992413,-1.2860490588430924
-1.4740224305825376,0.7792693353001046,0.6500836074779691,-0.7054689621240783,-0.010684955964216718,-0.6991224441542135,-0.6983308925851475,1.5239909647654544,-0.5245922755446044,1.2045238521011519,1.9099751185093938,1.2228301004417494,2.3858199570895584,0.41369818995709984,0.803420772286455,1.1039943074082355,0.5248466543213112,-1.2740310493992413,-1.2860490588430924
-1.4740224305825376,0.7792693353001046,0.7945466310609306,-0.7054689621240783,-0.010684955964216718,-0.6991224441542135,-0.6983308925851475,1.4936597857587715,-0.5245922755446044,1.0861456799978828,1.9223590734060636,1.1009711070580348,2.5739066918728266,0.41369818995709984,0.7931220100975312,1.1621737932867295,0.4346662557184908,-1.2740310493992413,-1.2860490588430924
-1.4740224305825376,0.7792693353001046,0.9390096546438922,-0.7054689621240783,-0.010684955964216718,-0.6991224441542135,-0.6983308925851475,1.4633286067520885,-0.5844078777385264,0.8872698424820233,1.8624563584254605,0.9125236876310132,2.2701214228765063,0.41369818995709984,0.8318350282094759,1.2438507935371208,0.5535976389407385,-1.2740310493992413,-1.2860490588430924
-1.4740224305825376,0.7792693353001046,1.0834726782268538,-0.7054689621240783,-0.010684955964216718,-0.6991224441542135,-0.6983308925851475,1.4481633065083077,-0.6442234799324486,0.6459694964045395,1.6867625712343932,0.677733315098386,1.6144418940587166,0.41369818995709984,0.9585165595845336,1.350669372586265,0.8475585238788964,-1.2740310493992413,-1.2860490588430924
-1.4740224305825376,0.7792693353001046,1.2279357018098151,-0.7054689621240783,-0.010684955964216718,-0.6991224441542135,-0.6983308925851475,1.4178321275016248,-0.7040390821263706,0.4873996846113106,1.5383371983216998,0.468656824299054,1.134726264877967,0.41369818995709984,1.0661921934654865,1.446762593360551,1.0754530398483453,-1.2740310493992413,-1.2860490588430924
-1.4740224305825376,0.7792693353001046,1.3723987253927767,-0.7054689621240783,-0.010684955964216718,-0.6991224441542135,-0.6983308925851475,1.2510112214839904,-0.46477667335068235,0.36700871968753873,1.4050411831977971,0.28002868738728326,0.7641983236721689,0.41369818995709984,1.1691296245736724,1.5386426032298983,1.262146985275273,-1.2740310493992413,-1.2860490588430924
-1.4740224305825376,0.7792693353001046,1.5168617489757383,-0.7054689621240783,-0.010684955964216718,-0.6991224441542135,-0.6983308925851475,1.0690250152225749,-0.2853298667689162,0.24513876342906044,1.286822299689416,0.1115428780563523,0.47868534845829447,0.41369818995709984,1.241294315653061,1.5879877706545316,1.3773177908529821,-1.2740310493992413,-1.2860490588430924
-1.4740224305825376,0.7792693353001046,1.6613247725587,0.17555736032801647,-0.010684955964216718,-0.6991224441542135,-0.6983308925851475,0.9022041092049403,-0.10588306018714999,0.17510775446791807,1.177005478245482,-0.040805371351057634,0.24793475298126583,0.41369818995709984,1.3184172767759825,1.6446273176207733,1.479355938950196,-0.6455822139798342,-0.6436949059733027
-1.4740224305825376,0.8893471873122684,-1.6613247698494156,-0.2051522470681368,-0.010684955964216718,-0.09516934351487474,-0.1807032471169649,0.8263764509477938,0.07356374639461619,0.1257491779842825,1.0612722782810724,-0.22494114437307317,-0.028454652636114613,0.41369818995709984,1.3986457924764923,1.7229146451271788,1.613560862874883,-0.2154307722124361,-0.22204940714016755
-1.4740224305825376,0.8893471873122684,-1.516861746266454,-0.7054689621240783,-0.010684955964216718,-0.6991224441542135,-0.6983308925851475,0.7353832031873058,0.25301055297638236,0.09881494637326735,0.9641640609189946,-0.27546532041591776,-0.11885437774472653,0.41369818995709984,1.4696285871828407,1.7291677695227545,1.6451425202997598,-1.2740310493992413,-1.2860490588430924
-1.4740224305825376,0.8893471873122684,-1.3723987226834924,-0.7054689621240783,-0.010684955964216718,-0.6991224441542135,-0.6983308925851475,0.6595555449301591,0.4324573595581485,0.05350670572484094,0.8945952693290118,-0.3319420917229295,-0.2028598062130606,0.41369818995709984,1.5016059059568843,1.7199281360492398,1.6539119281810422,-1.2740310493992413,-1.2860490588430924
-1.4740224305825376,0.8893471873122684,-1.2279356991005308,-0.7054689621240783,-0.010684955964216718,-0.6991224441542135,-0.6655904539259774,0.6595555449301591,0.5520885639459927,-0.0012627983510335797,0.8319506802517792,-0.40223948840842333,-0.33740583582083694,0.41369818995709984,1.5444258812491354,1.7411073517736888,1.716590678309238,-1.2740310493992413,-1.2860490588430924
-1.4740224305825376,0.8893471873122684,-1.0834726755175694,-0.7054689621240783,-0.010684955964216718,-0.6991224441542135,-0.6799910464823938,0.6595555449301591,0.7315353705277589,-0.06521395555227241,0.7678543447094841,-0.48809478516069565,-0.43644700089466043,0.41369818995709984,1.5962309715570089,1.7867642385736147,1.7716624557826428,-1.2740310493992413,-1.2860490588430924
-1.4740224305825376,0.8893471873122684,-0.9390096519346078,-0.39753089896869487,-0.010684955964216718,-0.6991224441542135,-0.4537959341928485,0.7202176136839643,0.5520885639459927,-0.11427486078129723,0.7256118396439304,-0.5538964081925711,-0.48209168043921913,0.41369818995709984,1.6329508365367953,1.8255793906309514,1.797984548899737,-0.9005159378904984,-0.9123634778317787
-1.4740224305825376,0.8893471873122684,-0.7945466283516462,-0.7054689621240783,-0.010684955964216718,-0.6991224441542135,-0.4099122544941009,0.9628661779587454,0.3726417573642265,-0.1243963523622303,0.7240196471183199,-0.5741137505784012,-0.47488405207312573,0.41369818995709984,1.6308780538000835,1.8415781468685273,1.796218791587013,-1.1053952935737492,-1.1173363391746614
-1.4740224305825376,0.8893471873122684,-0.6500836047686848,-0.7054689621240783,-0.010684955964216718,-0.6991224441542135,-0.6808233270401745,1.1145214944730386,0.07356374639461619,-0.042986943309113054,0.8903070770481567,0.01000778217919247,-0.31215817438162824,0.41369818995709984,1.4807912099302543,1.4931036106076636,1.7057525518089984,-1.2740310493992413,-1.2860490588430924
-1.4740224305825376,0.8893471873122684,-0.5056205811857232,-0.7054689621240783,-0.010684955964216718,-0.6991224441542135,-0.6983308925851475,1.2661768109873317,-0.2853298667689162,0.09402143578778281,1.0781737971655225,0.8079845897903815,-0.12880888727965684,0.41369818995709984,1.3120570430886431,1.05368834546249,1.598736563079326,-1.2740310493992413,-1.2860490588430924
-1.4740224305825376,0.8893471873122684,-0.3611575576027617,-0.7054689621240783,-0.010684955964216718,-0.6991224441542135,-0.6983308925851475,1.3420044692444784,-0.3451454689628382,0.2549184347603169,1.229796258793205,1.4582401975565118,0.03642741843977039,0.41369818995709984,1.1868242879127957,0.7474388567268595,1.5222628881231037,-1.2740310493992413,-1.2860490588430924
-1.4740224305825376,0.8893471873122684,-0.21669453401980013,-0.7054689621240783,-0.010684955964216718,-0.6991224441542135,-0.6983308925851475,1.4178321275016248,-0.22551426457499413,0.49277114567765734,1.3875891722167264,1.8775303354035502,0.20241165395242183,0.41369818995709984,1.0789893948227356,0.5942396755242246,1.475137451977996,-1.2740310493992413,-1.2860490588430924
-1.4740224305825376,0.8893471873122684,-0.0722315104368386,-0.7054689621240783,-0.010684955964216718,-0.6991224441542135,-0.6983308925851475,1.47849419625543,-0.4049610711567603,0.7440558538817029,1.509996735973112,1.890332293827904,0.3307042526208863,0.31035907203660884,0.9881841372228607,0.6056087187984485,1.4198155905651113,-1.2740310493992413,-1.2860490588430924
-1.4740224305825376,0.8893471873122684,0.07223151314612293,-0.7054689621240783,-0.010684955964216718,-0.6991224441542135,-0.6983308925851475,1.569487444015918,-0.46477667335068235,0.9805038240469477,1.5981735719470689,1.6425848186151477,0.4393209314151364,0.41369818995709984,0.9468872590940699,0.7778151091233949,1.4220234373375749,-1.2740310493992413,-1.2860490588430924
-1.4740224305825376,0.8893471873122684,0.21669453672908448,-0.7054689621240783,-0.010684955964216718,-0.6991224441542135,-0.6983308925851475,1.569487444015918,-0.7638546843202927,1.1314753262196744,1.6700883067795735,1.3928682047713985,0.6192282321929089,0.41369818995709984,0.8876071206351073,0.8968353052928676,1.3125759565793356,-1.2740310493992413,-1.2860490588430924
-1.4740224305825376,0.8893471873122684,0.361157560312046,-0.7054689621240783,-0.010684955964216718,-0.6991224441542135,-0.6983308925851475,1.4481633065083077,-0.5245922755446044,1.2218603597545152,1.7281659287321496,1.2373045480409985,1.0809574914247206,0.41369818995709984,0.8453387613307634,0.9790837050614124,1.0592422261491545,-1.2740310493992413,-1.2860490588430924
-1.4740224305825376,0.8893471873122684,0.5056205838950075,-0.7054689621240783,-0.010684955964216718,-0.6991224441542135,-0.6983308925851475,1.4178321275016248,-0.7638546843202927,1.2158754952264201,1.778205660314966,1.1311773526810853,1.7114111594474986,0.41369818995709984,0.7728690647357518,0.971543640937827,0.6781754147480407,-1.2740310493992413,-1.2860490588430924
-1.4740224305825376,0.8893471873122684,0.6500836074779691,-0.7054689621240783,-0.010684955964216718,-0.6991224441542135,-0.6983308925851475,1.3268388797411368,-0.46477667335068235,1.074402047310363,1.8001187745559588,1.027695281638043,2.231862969283194,0.41369818995709984,0.7398951693956292,1.001140673057724,0.41733461521254883,-1.2740310493992413,-1.2860490588430924
-1.4740224305825376,0.8893471873122684,0.7945466310609306,-0.7054689621240783,-0.010684955964216718,-0.6991224441542135,-0.6983308925851475,1.2510112214839904,-0.4049610711567603,0.9518952752442681,1.797992322392987,0.899715762119899,2.385036810871093,0.41369818995709984,0.7256289224852835,1.0423722254870107,0.3291902119402442,-1.2740310493992413,-1.2860490588430924
-1.4740224305825376,0.8893471873122684,0.9390096546438922,-0.7054689621240783,-0.010684955964216718,-0.6991224441542135,-0.6983308925851475,1.1600179737235023,-0.3451454689628382,0.7457937188692956,1.7248481552113628,0.7024626275161846,2.057066242597015,0.41369818995709984,0.7572360842490691,1.1117391803952554,0.44308524268977395,-1.2740310493992413,-1.2860490588430924
-1.4740224305825376,0.8893471873122684,1.0834726782268538,-0.7054689621240783,-0.010684955964216718,-0.6991224441542135,-0.6983308925851475,1.0841903154663557,-0.2853298667689162,0.49783557055104605,1.5330644720988116,0.33790857652399836,1.3919336190608291,0.41369818995709984,0.8831386933104941,1.2770629602590702,0.7238978669900341,-1.2740310493992413,-1.2860490588430924
-1.4740224305825376,0.8893471873122684,1.2279357018098151,-0.6953664356040353,-0.010684955964216718,-0.6925727651433209,-0.6983308925851475,0.9931973569654283,-0.22551426457499413,0.330117551840836,1.3701039905580386,0.09341060627286406,0.9041089887250668,0.41369818995709984,0.9971200266647592,1.3873564056550574,0.9446925129202753,-1.2740310493992413,-1.2860490588430924
-1.4740224305825376,0.8893471873122684,1.3723987253927767,-0.19312061583503487,-0.010684955964216718,-0.23185439435466246,-0.6983308925851475,0.9628661779587454,-0.16569866238107206,0.22527639811859546,1.2215381715847973,-0.056380320237152004,0.5840268997050851,0.41369818995709984,1.1014758299413256,1.4499788670037719,1.0931444198166242,-0.6226690701606739,-0.6251050920343378
-1.4740224305825376,0.8893471873122684,1.5168617489757383,0.029650474788017366,-0.010684955964216718,-0.09364537193615122,-0.6983308925851475,0.9325349989520626,-0.10588306018714999,0.15655648052607568,1.1052396585827042,-0.13309915471800185,0.3147268958833445,0.41369818995709984,1.1685823520187408,1.4547122752110055,1.2048833976078464,-0.381602907851351,-0.38443488659768926
-1.4740224305825376,0.8893471873122684,1.6613247725587,-0.02013720016992319,-0.010684955964216718,-0.11921746366011071,0.015033363813441631,0.9022041092049403,-0.10588306018714999,0.1413652126784126,1.0106926409881087,-0.12843971239895025,0.06239533962379932,0.41369818995709984,1.227474959735543,1.4233700650447003,1.3221545615403567,0.016521696503348393,0.010599684131014907
-1.4740224305825376,0.999425039324432,-1.6613247698494156,-0.7054689621240783,-0.010684955964216718,-0.6991224441542135,-0.6983308925851475,0.8870385197015989,-0.16569866238107206,0.12458792562921675,0.9375957596660663,-0.09541700182490341,-0.05749562616562194,0.41369818995709984,1.2521847499340006,1.357614802572736,1.3463667610397925,-1.2740310493992413,-1.2860490588430924
-1.4740224305825376,0.999425039324432,-1.516861746266454,-0.7054689621240783,-0.010684955964216718,-0.6991224441542135,-0.6983308925851475,0.8870385197015989,-0.22551426457499413,0.09538671001398627,0.8861035758590893,-0.13672629102747214,-0.1288348803554303,0.41369818995709984,1.2569412916459983,1.3340363973051967,1.340879650686556,-1.2740310493992413,-1.2860490588430924
-1.4740224305825376,0.999425039324432,-1.3723987226834924,-0.7054689621240783,-0.010684955964216718,-0.6991224441542135,-0.6983308925851475,0.8718729301982574,-0.2853298667689162,0.05693694885662501,0.8457969679999848,-0.2025833227221245,-0.20559914100506005,0.41369818995709984,1.264211715843568,1.3373968116401203,1.3514148158805623,-1.2740310493992413,-1.2860490588430924
-1.4740224305825376,0.999425039324432,-1.2279356991005308,-0.7054689621240783,-0.010684955964216718,-0.6991224441542135,-0.48078257433034827,0.8718729301982574,-0.16569866238107206,0.009406542123216803,0.8049130491985269,-0.28521724506464635,-0.2879418511102062,0.41369818995709984,1.267165732870672,1.3491414812542146,1.3639974620626172,-1.2740310493992413,-1.2860490588430924
-1.4740224305825376,0.999425039324432,-1.0834726755175694,-0.7054689621240783,-0.010684955964216718,-0.6991224441542135,-0.6660090907697818,0.8718729301982574,-0.04606745799322794,-0.04439435975787937,0.7649127407880548,-0.36986633785031453,-0.3596902866218682,0.41369818995709984,1.2772135411543362,1.3788757697342704,1.387194589488808,-1.2740310493992413,-1.2860490588430924
-1.4740224305825376,0.999425039324432,-0.9390096519346078,-0.7054689621240783,-0.010684955964216718,-0.6991224441542135,-0.6661482728308176,0.8718729301982574,0.013748144200694123,-0.09627611820194582,0.728176568206904,-0.4516520814318674,-0.42615374288835955,0.41369818995709984,1.2914204278140147,1.4212329103710042,1.4214703920918614,-1.2740310493992413,-1.2860490588430924
-1.4740224305825376,0.999425039324432,-0.7945466283516462,-0.7054689621240783,-0.010684955964216718,-0.6991224441542135,-0.3425304112600228,0.9628661779587454,0.013748144200694123,-0.12089386542033845,0.7242130251112354,-0.4918941145452571,-0.44992818387163225,0.41369818995709984,1.2876691495340473,1.4590558581445594,1.449937052509731,-1.0562746159758296,-1.0681932222339319
-1.4740224305825376,0.999425039324432,-0.6500836047686848,-0.7054689621240783,-0.010684955964216718,-0.6991224441542135,-0.6808207313987256,1.0538594257192335,0.013748144200694123,-0.057932047063075566,0.8759286469398844,0.005995342553181512,-0.2857190238884154,0.41369818995709984,1.1688588839181904,1.2185095691235914,1.3986685446532023,-1.2740310493992413,-1.2860490588430924
-1.4740224305825376,0.999425039324432,-0.5056205811857232,-0.7054689621240783,-0.010684955964216718,-0.6991224441542135,-0.6806413717557925,1.1448526734797215,0.013748144200694123,0.06602027012934263,1.047420344460081,0.31648332528963263,-0.08339395298548315,0.41369818995709984,1.0499627148501485,1.0985604184663977,1.3318714278128063,-1.2740310493992413,-1.2860490588430924
-1.4740224305825376,0.999425039324432,-0.3611575576027617,-0.7054689621240783,-0.010684955964216718,-0.6991224441542135,-0.6983308925851475,1.2055147422335266,-0.04606745799322794,0.2912095776286245,1.2455304521291801,0.7246133060124443,0.09219178932336833,0.41369818995709984,0.9197909937773261,0.9570973014634272,1.3087176424905116,-1.2740310493992413,-1.2860490588430924
-1.4740224305825376,0.999425039324432,-0.21669453401980013,-0.7054689621240783,-0.010684955964216718,-0.6991224441542135,-0.6983308925851475,1.2661768109873317,0.07356374639461619,0.4907402919046276,1.4399642606555911,1.0104742692469926,0.29119645441781644,0.41369818995709984,0.8225212600986961,0.9181405903387166,1.3112392860951823,-1.2740310493992413,-1.2860490588430924
-1.4740224305825376,0.999425039324432,-0.0722315104368386,-0.7054689621240783,-0.010684955964216718,-0.6991224441542135,-0.6983308925851475,1.3420044692444784,-0.10588306018714999,0.7575621017510189,1.5801259002870907,1.256524534496845,0.4396722571812361,0.2926998853020299,0.767853364856207,0.8779718065915375,1.3186226134938699,-1.2740310493992413,-1.2860490588430924
-1.4740224305825376,0.999425039324432,0.07223151314612293,-0.7054689621240783,-0.010684955964216718,-0.6991224441542135,-0.6983308925851475,1.4178321275016248,-0.22551426457499413,0.9810837813003129,1.6600439432935417,1.1519692402778632,0.5321153734401702,0.41369818995709984,0.7480448974689354,0.9905706425133276,1.3308641573182627,-1.2740310493992413,-1.2860490588430924
-1.4740224305825376,0.999425039324432,0.21669453672908448,-0.7054689621240783,-0.010684955964216718,-0.6991224441542135,-0.6983308925851475,1.3571700587478197,-0.16569866238107206,1.1399412304856376,1.7115876475146894,1.0245105621898218,0.6886565760702084,0.41369818995709984,0.7544606305776305,1.1107422431335372,1.2979245917783238,-1.2740310493992413,-1.2860490588430924
-1.4740224305825376,0.999425039324432,0.361157560312046,-0.7054689621240783,-0.010684955964216718,-0.6991224441542135,-0.6983308925851475,1.3116732902377954,-0.04606745799322794,1.2635008891916366,1.7761420207117369,0.96405971110026,1.1413276676381174,0.41369818995709984,0.7503425735130528,1.18979975523143,1.093235004813767,-1.2740310493992413,-1.2860490588430924
-1.4740224305825376,0.999425039324432,0.5056205838950075,-0.7054689621240783,-0.010684955964216718,-0.6991224441542135,-0.6983308925851475,1.2510112214839904,0.13337934858853825,1.1750697831505441,1.8033843219034762,0.9019286988671105,1.6151940162835172,0.41369818995709984,0.7694720175451316,1.2666891331636783,0.8852635537422033,-1.2740310493992413,-1.2860490588430924
-1.4740224305825376,0.999425039324432,0.6500836074779691,-0.7054689621240783,-0.010684955964216718,-0.6991224441542135,-0.6983308925851475,1.2358456319806488,0.1931949507824603,1.043060274358606,1.81793778026811,0.8440257938243189,1.9817341165738733,0.41369818995709984,0.7800569637067841,1.322330021785316,0.7241659379026311,-1.2740310493992413,-1.2860490588430924
-1.4740224305825376,0.999425039324432,0.7945466310609306,-0.7054689621240783,-0.010684955964216718,-0.6991224441542135,-0.6983308925851475,1.2510112214839904,0.1931949507824603,0.9057241224195544,1.7906347837939225,0.7395872840176512,1.9561409987727716,0.41369818995709984,0.8294364879995906,1.4103410373269252,0.7612535594959391,-1.2740310493992413,-1.2860490588430924
-1.4740224305825376,0.999425039324432,0.9390096546438922,-0.7054689621240783,-0.010684955964216718,-0.6991224441542135,-0.6983308925851475,1.190349152730185,0.3726417573642265,0.6832265657709548,1.678177011804406,0.545969810133065,1.5790594485267937,0.41369818995709984,0.9550562913139347,1.563162440836082,0.9859268903038354,-1.2740310493992413,-1.2860490588430924
-1.4740224305825376,0.999425039324432,1.0834726782268538,-0.7054689621240783,-0.010684955964216718,-0.6991224441542135,-0.6983308925851475,1.12968708397638,0.4324573595581485,0.4444560908955785,1.4905855377353503,0.3149710950163071,1.0283416366549758,0.41369818995709984,1.1268511305923854,1.7143552696643574,1.2956499981658602,-1.2740310493992413,-1.2860490588430924
-1.4740224305825376,0.999425039324432,1.2279357018098151,-0.7054689621240783,-0.010684955964216718,-0.6991224441542135,-0.6983308925851475,1.0841903154663557,0.5520885639459927,0.2849718597651521,1.3406731304026829,0.12138686632938704,0.6374627940911678,0.41369818995709984,1.2876493627838248,1.8607703724010842,1.5479062438931863,-1.2740310493992413,-1.2860490588430924
-1.4740224305825376,0.999425039324432,1.3723987253927767,-0.7054689621240783,-0.010684955964216718,-0.6991224441542135,-0.6983308925851475,1.0690250152225749,0.6119041661399147,0.1953226428147423,1.2237514321168514,-0.030705650788283502,0.3538020351477331,0.41369818995709984,1.4113546773632364,1.9770333937871778,1.7406585486027,-1.2740310493992413,-1.2860490588430924
-1.4740224305825376,0.999425039324432,1.5168617489757383,0.6572479889274522,-0.010684955964216718,-0.6991224441542135,-0.6983308925851475,1.0841903154663557,0.6119041661399147,0.15161580662370494,1.1333436916333843,-0.14587894967724474,0.15271792399140605,0.41369818995709984,1.5109833777513069,2.070148710897955,1.8866113497884043,-0.2924114326178839,-0.2830048956028034
-1.4740224305825376,0.999425039324432,1.6613247725587,-0.7054689621240783,-0.010684955964216718,0.1163581323555227,-0.0013017856980815498,1.0690250152225749,0.6717197683338367,0.13895173428147872,1.0443905206513726,-0.26815222937033717,-0.06672484503784043,0.41369818995709984,1.6186387422783735,2.17525352166336,2.0552134342070536,-0.34931294046585315,-0.3599843758388942
-1.4740224305825376,1.1095028913365959,-1.6613247698494156,0.4709914301838248,-0.010684955964216718,-0.6991224441542135,-0.6983308925851475,1.099355904969697,0.6119041661399147,0.11646317268876251,0.9803457055232486,-0.25812155652579266,-0.10053093629704864,0.41369818995709984,1.707908837623189,2.1913891039903732,2.1011400277583974,-0.4409174530075963,-0.4510386364760591
-1.4740224305825376,1.1095028913365959,-1.516861746266454,-0.7054689621240783,-0.010684955964216718,-0.6991224441542135,-0.6667477988627368,1.1145214944730386,0.7315353705277589,0.12382735885058209,0.9273587239462171,-0.27073938770153394,-0.16951907485882933,0.41369818995709984,1.7919769480741707,2.2370817032601837,2.185839167192007,-1.2740310493992413,-1.2860490588430924
-1.4740224305825376,1.1095028913365959,-1.3723987226834924,-0.7054689621240783,-0.010684955964216718,-0.6991224441542135,-0.6983308925851475,1.0538594257192335,0.7913509727216809,0.10777250990246401,0.8858339758835648,-0.31015455307809964,-0.21652881012465375,0.41369818995709984,1.854352023830114,2.2831916651298503,2.2374323074067166,-1.2740310493992413,-1.2860490588430924
-1.4740224305825376,1.1095028913365959,-1.2279356991005308,-0.7054689621240783,-0.010684955964216718,-0.6991224441542135,-0.655845669168146,1.1145214944730386,0.7315353705277589,0.08000747447520942,0.8551334551104905,-0.3526035558519402,-0.26830030917491793,0.41369818995709984,1.9244728883926285,2.349693447303619,2.3107285727263216,-1.2740310493992413,-1.2860490588430924
-1.4740224305825376,1.1095028913365959,-1.0834726755175694,-0.7054689621240783,-0.010684955964216718,-0.6991224441542135,-0.6983308925851475,1.1145214944730386,0.7315353705277589,0.03920042455099812,0.8261338137641544,-0.40251908904520506,-0.3232370940653407,0.41369818995709984,1.9932395670740688,2.419689458006698,2.384639429079172,-1.2740310493992413,-1.2860490588430924
-1.4740224305825376,1.1095028913365959,-0.9390096519346078,-0.7051500054363785,-0.010684955964216718,-0.6991224441542135,-0.6675755186246594,1.0841903154663557,0.6717197683338367,-0.00488167809809907,0.7978949807257119,-0.4535751882507076,-0.38217597413856513,0.41369818995709984,2.0479349707254038,2.468532069228618,2.4397099062894596,-1.2740310493992413,-1.2860490588430924
-1.4740224305825376,1.1095028913365959,-0.7945466283516462,-0.7042423316082026,-0.010684955964216718,-0.6991224441542135,-0.6754357808962723,1.1145214944730386,0.7315353705277589,-0.043634461903412386,0.777694038057029,-0.4966865376549732,-0.43045853163097514,0.41369818995709984,2.0960872339007577,2.5157078116754428,2.491134879141053,-1.2740310493992413,-1.2860490588430924
-1.4740224305825376,1.1095028913365959,-0.6500836047686848,-0.6718772644404727,-0.010684955964216718,-0.6991224441542135,-0.6485827041158265,1.1145214944730386,0.7315353705277589,-0.05814342710005758,0.7834219788982766,-0.510652077997641,-0.44653818369898035,0.41369818995709984,2.1109084750246585,2.5380104642537313,2.515147271541528,-1.2296759095356633,-1.2416736715027554
-1.4740224305825376,1.1095028913365959,-0.5056205811857232,-0.6579770917228708,-0.010684955964216718,-0.6991224441542135,-0.6417420834986303,1.0841903154663557,0.851166574915603,-0.034199286518503194,0.8305363390189231,-0.4709470826927041,-0.41288301997652144,0.41369818995709984,2.090682072864397,2.529611149499308,2.510842100361536,-1.2152025318992694,-1.227193687985305
-1.4740224305825376,1.1095028913365959,-0.3611575576027617,-0.6521530645691446,-0.010684955964216718,-0.6991224441542135,-0.6403670846100159,1.1145214944730386,0.7315353705277589,0.020532088879814444,0.910128321321991,-0.3819957203526536,-0.336517878812962,0.41369818995709984,2.0264972333686004,2.471788358048938,2.4613718563956537,-1.209919636288381,-1.221908377605711
-1.4740224305825376,1.1095028913365959,-0.21669453401980013,-0.6533960453275981,-0.010684955964216718,-0.6991224441542135,-0.6439309707373831,1.2661768109873317,0.4324573595581485,0.16148979626260213,1.0619738028247145,-0.1977150323664524,-0.14524070360007707,0.41369818995709984,1.906277282450314,2.3565171106759046,2.3387574778948412,-1.212965477104869,-1.2246986477391608
-1.4740224305825376,1.1095028913365959,-0.0722315104368386,-0.6906174187223526,-0.010684955964216718,-0.6991224441542135,-0.6983308925851475,1.4178321275016248,0.07356374639461619,0.32672677523494414,1.2080539382539843,-0.016804043518050503,0.009788708203522439,0.41369818995709984,1.781001575548374,2.229828199437118,2.22839374506024,-1.2740310493992413,-1.2860490588430924
-1.4740224305825376,1.1095028913365959,0.07223151314612293,-0.6908698292823888,-0.010684955964216718,-0.6991224441542135,-0.6983308925851475,1.569487444015918,-0.46477667335068235,0.4591015166224273,1.3451045917804791,0.14059065640688329,0.16574129344023839,0.41369818995709984,1.6445492503927654,2.0802067192837645,2.0775606229758434,-1.2740310493992413,-1.2860490588430924
-1.4740224305825376,1.1095028913365959,0.21669453672908448,-0.7054689621240783,-0.010684955964216718,-0.6991224441542135,-0.6983308925851475,1.4178321275016248,0.07356374639461619,0.5250734937341809,1.430513440571172,0.2263547419758152,0.26440010875429704,0.41369818995709984,1.5659138093869907,2.0111525711900513,1.9986762602009245,-1.2740310493992413,-1.2860490588430924
-1.4740224305825376,1.1095028913365959,0.361157560312046,-0.7054689621240783,-0.010684955964216718,-0.6991224441542135,-0.6983308925851475,1.3875009484949419,0.13337934858853825,0.5412119582032571,1.4679440801049826,0.2636243134414675,0.3200110366421998,0.41369818995709984,1.5466685404755611,2.0000059778788435,1.974819899374475,-1.2740310493992413,-1.2860490588430924
-1.4740224305825376,1.1095028913365959,0.5056205838950075,-0.7054689621240783,-0.010684955964216718,-0.6991224441542135,-0.6983308925851475,1.2661768109873317,0.4324573595581485,0.6230534922686857,1.5306444241509756,0.32272319315927367,0.5041954561141839,0.41369818995709984,1.504294008365146,1.9768423535868314,1.8685775671993468,-1.2740310493992413,-1.2860490588430924
-1.4740224305825376,1.1095028913365959,0.6500836074779691,-0.7054689621240783,-0.010684955964216718,-0.6991224441542135,-0.6983308925851475,1.2661768109873317,0.7315353705277589,0.6203744509771889,1.5602644277446571,0.3488206733271779,0.6979218498539835,0.41369818995709984,1.513233276032692,2.0141227299805737,1.7961377418527273,-1.2740310493992413,-1.2860490588430924
-1.4740224305825376,1.1095028913365959,0.7945466310609306,-0.7054689621240783,-0.010684955964216718,-0.6991224441542135,-0.6983308925851475,1.3571700587478197,0.4324573595581485,0.5739370663337446,1.5491395470792326,0.323645534284267,0.7669468818136363,0.41369818995709984,1.5417382614445376,2.058413076969012,1.7782963982049682,-1.2740310493992413,-1.2860490588430924
-1.4740224305825376,1.1095028913365959,0.9390096546438922,-0.7054689621240783,-0.010684955964216718,-0.6991224441542135,-0.6983308925851475,1.2661768109873317,0.4324573595581485,0.47759258738917987,1.4681713345346132,0.21483570720498749,0.6468261707738301,0.41369818995709984,1.6408433368572104,2.1547162698553906,1.8774783016554342,-1.2740310493992413,-1.2860490588430924
-1.4740224305825376,1.1095028913365959,1.0834726782268538,-0.7054689621240783,-0.010684955964216718,-0.6991224441542135,-0.6983308925851475,1.2055147422335266,0.6717197683338367,0.24554279362632986,1.2829963796179025,0.00493916819655785,0.29355008550478995,0.41369818995709984,1.8314997751342417,2.3149804963050737,2.1287940237282164,-1.2740310493992413,-1.2860490588430924
-1.4740224305825376,1.1095028913365959,1.2279357018098151,-0.7054689621240783,-0.010684955964216718,-0.6991224441542135,-0.6983308925851475,1.1448526734797215,0.7913509727216809,0.13926545971611343,1.1473953552791754,-0.15685924175768817,0.053279316404142796,0.41369818995709984,1.9747963854521424,2.439285277476023,2.3064325033881476,-1.2740310493992413,-1.2860490588430924
-1.4740224305825376,1.1095028913365959,1.3723987253927767,-0.7054689621240783,-0.010684955964216718,-0.6991224441542135,-0.6983308925851475,1.1145214944730386,0.7315353705277589,0.0261263016939935,1.0528532779982678,-0.2763654980758004,-0.1161150429527271,0.41369818995709984,2.071969115794316,2.515467720612845,2.418635241691057,-1.2740310493992413,-1.2860490588430924
-1.4740224305825376,1.1095028913365959,1.5168617489757383,0.19459554977714,-0.010684955964216718,-0.6991224441542135,0.10145556191676981,1.1145214944730386,0.7315353705277589,-0.006677739488278523,0.9885635644630573,-0.3543689610921078,-0.21095371461439838,0.41369818995709984,2.1385052003409295,2.5654195697547952,2.4811666286660063,-0.06853944370300985,-0.0800072173588213
-1.4740224305825376,1.1095028913365959,1.6613247725587,-0.7054689621240783,-0.010684955964216718,-0.6991224441542135,-0.6983308925851475,1.099355904969697,0.7913509727216809,-0.02177669580080389,0.9222073882882247,-0.43453677172057614,-0.2596420994834009,0.41369818995709984,2.2070802853677773,2.6157444636122866,2.507990623346217,-1.2740310493992413,-1.2860490588430924
-1.4740224305825376,1.2195807433487595,-1.6613247698494156,0.31620854229063466,-0.010684955964216718,0.3947716990887024,0.22872006194684147,1.1145214944730386,0.7315353705277589,-0.029291389900348016,0.8752525297237785,-0.46953458801237685,-0.2701122781022246,0.41369818995709984,2.2495846378637983,2.628448636935328,2.5023786877337595,0.8118547430806717,0.8007889000005769
-1.4740224305825376,1.2195807433487595,-1.516861746266454,-0.7054689621240783,-0.010684955964216718,-0.6991224441542135,-0.6983308925851475,1.1145214944730386,0.7315353705277589,-0.025931383806168728,0.8340326695915624,-0.4409701436894533,-0.22468728197226762,0.41369818995709984,2.2924272955282556,2.5996372791528923,2.4612778040301992,-1.2740310493992413,-1.2860490588430924
-1.4740224305825376,1.2195807433487595,-1.3723987226834924,-0.5803037117838158,-0.010684955964216718,-0.6991224441542135,-0.6983308925851475,1.0841903154663557,0.851166574915603,-0.03080248959510235,0.8011337092274967,-0.41580779126102935,-0.22622422738816444,0.41369818995709984,2.3289550842497855,2.5782631507916034,2.4599459011774742,-1.2740310493992413,-1.2860490588430924
-1.4740224305825376,1.2195807433487595,-1.2279356991005308,-0.6815494821363406,-0.010684955964216718,-0.6991224441542135,-0.6983308925851475,1.1145214944730386,0.7315353705277589,-0.04693827836750785,0.7736542729787513,-0.4321252162283337,-0.27360457360533985,0.41369818995709984,2.3591911690042586,2.587139635776171,2.492016457534298,-1.2740310493992413,-1.2860490588430924
-1.4740224305825376,1.2195807433487595,-1.0834726755175694,-0.6842071551023511,-0.010684955964216718,-0.6991224441542135,-0.6983308925851475,1.1145214944730386,0.7315353705277589,-0.07128310452549333,0.7498730144047396,-0.46147902088558623,-0.3245954418960842,0.41369818995709984,2.384765784968534,2.604789771042868,2.5260027348833263,-1.2740310493992413,-1.2860490588430924
-1.4740224305825376,1.2195807433487595,-0.9390096519346078,-0.6839462155958967,-0.010684955964216718,-0.6991224441542135,-0.6983308925851475,1.099355904969697,0.851166574915603,-0.10165159281329854,0.7279020279176919,-0.5027098855193015,-0.38198228379973687,0.41369818995709984,2.3977010109736754,2.6375161621202428,2.571087624777009,-1.2740310493992413,-1.2860490588430924
-1.4740224305825376,1.2195807433487595,-0.7945466283516462,-0.687918676461519,-0.010684955964216718,-0.6991224441542135,-0.6970046210306841,1.1145214944730386,0.7315353705277589,-0.12391740265818245,0.7198246150384313,-0.533477037297847,-0.4280319522345728,0.41369818995709984,2.3977010109736754,2.658347719101719,2.603767571114611,-1.2740310493992413,-1.2860490588430924
-1.4740224305825376,1.2195807433487595,-0.6500836047686848,-0.645449764010811,-0.010684955964216718,-0.6991224441542135,-0.6483060791554072,1.1145214944730386,0.7315353705277589,-0.09808422022714322,0.7679249206193073,-0.485705393133564,-0.4147838684532471,0.41369818995709984,2.344888244215452,2.617405738868002,2.588874790794898,-1.2094741446887176,-1.2214626833126463
-1.4740224305825376,1.2195807433487595,-0.5056205811857232,-0.6425673641693501,-0.010684955964216718,-0.6991224441542135,-0.6459530949729665,1.1145214944730386,0.7315353705277589,0.0879295433928613,0.9499020810619306,-0.033650834325115425,-0.2223110117547817,0.41369818995709984,2.153394971185113,2.2800253028903232,2.435630114049727,-1.2062928405390037,-1.217996764092549
-1.4740224305825376,1.2195807433487595,-0.3611575576027617,-0.7054689621240783,-0.010684955964216718,-0.6991224441542135,-0.6983308925851475,1.2661768109873317,0.4324573595581485,0.24281023840141996,1.1611174294260922,0.5495168169917503,-0.038944954926504856,0.41369818995709984,1.9490794014069985,1.890532198207316,2.304405393188931,-1.2740310493992413,-1.2860490588430924
-1.4740224305825376,1.2195807433487595,-0.21669453401980013,-0.7054689621240783,-0.010684955964216718,-0.6991224441542135,-0.6983308925851475,1.4178321275016248,0.07356374639461619,0.4724331752839828,1.3660190568974742,1.04830474686814,0.167173428066726,0.41369818995709984,1.7533088121029745,1.5747991124990797,2.150675718301163,-1.2740310493992413,-1.2860490588430924
-1.4740224305825376,1.2195807433487595,-0.0722315104368386,-0.7054689621240783,-0.010684955964216718,-0.6991224441542135,-0.6983308925851475,1.4481633065083077,-0.3451454689628382,0.7319891308212012,1.5011246383492427,1.2618718966752955,0.32139956998029323,0.25750786615693017,1.596093912116444,1.3899462051277724,1.9768530774682374,-1.2740310493992413,-1.2860490588430924
-1.4740224305825376,1.2195807433487595,0.07223151314612293,-0.7054689621240783,-0.010684955964216718,-0.6991224441542135,-0.6983308925851475,1.569487444015918,0.07356374639461619,0.9675862294451766,1.6141759537403721,1.1719359650197485,0.4452800536577871,0.41369818995709984,1.5183773484868504,1.4841501071639471,1.9416285162109,-1.2740310493992413,-1.2860490588430924
-1.4740224305825376,1.2195807433487595,0.21669453672908448,-0.7054689621240783,-0.010684955964216718,-0.6991224441542135,-0.6983308925851475,1.569487444015918,0.07356374639461619,1.1715365256969397,1.7183325872164887,1.0957226280316168,0.6810640824854043,0.41369818995709984,1.4619339543646495,1.5876706611327853,1.850207449884056,-1.2740310493992413,-1.2860490588430924
-1.4740224305825376,1.2195807433487595,0.361157560312046,-0.7054689621240783,-0.010684955964216718,-0.6991224441542135,-0.6983308925851475,1.5391562650092352,0.13337934858853825,1.3427757612257363,1.781097155340421,1.034850671104951,1.1721638403686259,0.41369818995709984,1.4168206464612565,1.642772420540382,1.561642223459914,-1.2740310493992413,-1.2860490588430924
-1.4740224305825376,1.2195807433487595,0.5056205838950075,-0.7054689621240783,-0.010684955964216718,-0.6991224441542135,-0.6983308925851475,1.4178321275016248,-0.22551426457499413,1.297963862309717,1.8464751494051044,1.012283148976416,1.7242903092501038,0.41369818995709984,1.3290268357244972,1.5916713183013027,1.1822609864793168,-1.2740310493992413,-1.2860490588430924
-1.4740224305825376,1.2195807433487595,0.6500836074779691,-0.7054689621240783,-0.010684955964216718,-0.6991224441542135,-0.6983308925851475,1.4178321275016248,0.07356374639461619,1.181821234774783,1.8973088599734313,0.9899483432315438,2.02146243667786,0.41369818995709984,1.2888698674499819,1.6139124421664166,1.030906025464012,-1.2740310493992413,-1.2860490588430924
-1.4740224305825376,1.2195807433487595,0.7945466310609306,-0.7054689621240783,-0.010684955964216718,-0.6991224441542135,-0.6983308925851475,1.2965079899940146,0.4324573595581485,0.9964777331707784,1.8397076254121616,0.8505768026464761,1.7903143986873917,0.41369818995709984,1.3406517927819852,1.7054189770495007,1.160489814271305,-1.2740310493992413,-1.2860490588430924
-1.4740224305825376,1.2195807433487595,0.9390096546438922,-0.7054689621240783,-0.010684955964216718,-0.6991224441542135,-0.6983308925851475,1.1145214944730386,0.7315353705277589,0.708106531263072,1.6784183814160012,0.6168391947066093,1.2817162698907216,0.41369818995709984,1.4849116800131517,1.8495222351996021,1.4462000963118158,-1.2740310493992413,-1.2860490588430924
-1.4740224305825376,1.2195807433487595,1.0834726782268538,-0.7054689621240783,-0.010684955964216718,-0.6991224441542135,-0.6983308925851475,1.4178321275016248,0.07356374639461619,0.5021427732666384,1.5231259724775144,0.41261650276653083,0.8906655376322824,0.41369818995709984,1.6234155533442576,1.9768324573602367,1.6785094389841135,-1.2740310493992413,-1.2860490588430924
-1.4740224305825376,1.2195807433487595,1.2279357018098151,-0.7054689621240783,-0.010684955964216718,-0.6991224441542135,-0.6983308925851475,1.190349152730185,0.6717197683338367,0.35879433090861745,1.3758389889902685,0.21192973595258227,0.5646863743569801,0.41369818995709984,1.7686252045860988,2.121987297153687,1.8978378215395524,-1.2740310493992413,-1.2860490588430924
-1.4740224305825376,1.2195807433487595,1.3723987253927767,-0.7054689621240783,-0.010684955964216718,-0.6991224441542135,-0.6983308925851475,1.1145214944730386,0.7315353705277589,0.2658366150249385,1.259737382776582,0.05348312387585381,0.3229029759435791,0.41369818995709984,1.8773765620340206,2.22718891883143,2.0561951328602985,-1.2740310493992413,-1.2860490588430924
-1.4740224305825376,1.2195807433487595,1.5168617489757383,-0.7054689621240783,-0.010684955964216718,-0.6991224441542135,-0.6983308925851475,1.1145214944730386,0.7913509727216809,0.165197642923967,1.169110151213565,-0.0734913677436143,0.1409615073649524,0.41369818995709984,1.966574749432906,2.3174179799423773,2.183125084646038,-1.2740310493992413,-1.2860490588430924
-1.4740224305825376,1.2195807433487595,1.6613247725587,-0.7054689621240783,-0.010684955964216718,-0.6991224441542135,-0.6983308925851475,1.1145214944730386,0.7913509727216809,0.0908072551621544,1.0897016662760375,-0.18224919592398017,-0.007930184610843055,0.41369818995709984,2.047041671343412,2.397944436283475,2.2915561930679154,-1.2740310493992413,-1.2860490588430924
-1.4740224305825376,1.3296585953609235,-1.6613247698494156,0.14592281345551797,-0.010684955964216718,0.1418985316094184,0.08633189079546652,1.1145214944730386,0.7315353705277589,0.04077707881418358,1.0201385207588405,-0.2813079507954969,-0.15206598220640563,0.41369818995709984,2.116688136504253,2.4685725146764392,2.3949340455965555,0.398597667647899,0.4118641907421789
-1.4740224305825376,1.3296585953609235,-1.516861746266454,-0.7054689621240783,-0.010684955964216718,-0.6991224441542135,-0.6983308925851475,1.1145214944730386,0.7315353705277589,0.03259011592613654,0.9564091799476259,-0.27727079038147784,-0.17429257745168295,0.41369818995709984,2.1744919903551594,2.457586412344351,2.403300805332644,-1.2740310493992413,-1.2860490588430924
-1.4740224305825376,1.3296585953609235,-1.3723987226834924,-0.7054689621240783,-0.010684955964216718,-0.6991224441542135,-0.6983308925851475,1.0538594257192335,0.851166574915603,0.009920275883983216,0.9060116285020061,-0.2991214096577767,-0.21564839949361628,0.41369818995709984,2.2250123897095695,2.4702643391533816,2.430536983420905,-1.2740310493992413,-1.2860490588430924
-1.4740224305825376,1.3296585953609235,-1.2279356991005308,-0.7054689621240783,-0.010684955964216718,-0.6991224441542135,-0.49004888001735586,1.1145214944730386,0.7315353705277589,-0.014051959512613081,0.8739518157057378,-0.32874032345539234,-0.25633343248333057,0.41369818995709984,2.257716026997874,2.490445326803948,2.459196082780073,-1.2740310493992413,-1.2860490588430924
-1.4740224305825376,1.3296585953609235,-1.0834726755175694,-0.7054689621240783,-0.010684955964216718,-0.6991224441542135,-0.6983308925851475,1.1145214944730386,1.0904289836912913,-0.047999192097423905,0.8366616222324751,-0.3797435713210154,-0.3028853542210155,0.41369818995709984,2.3010567316435386,2.5365854076241194,2.5024662387836294,-1.2740310493992413,-1.2860490588430924
-1.4740224305825376,1.3296585953609235,-0.9390096519346078,-0.6561119982594371,-0.010684955964216718,-0.6991224441542135,-0.6983308925851475,1.1145214944730386,0.7315353705277589,-0.08277321495346818,0.8044070199250948,-0.43303647562077174,-0.3544975408713777,0.41369818995709984,2.337704688677395,2.582176463003656,2.5472594363180923,-1.2740310493992413,-1.2860490588430924
-1.4740224305825376,1.3296585953609235,-0.7945466283516462,-0.6882247626177891,-0.010684955964216718,-0.6991224441542135,-0.6983308925851475,1.1145214944730386,1.0904289836912913,-0.10155861235399316,0.7920153016783446,-0.4689071914615496,-0.3930226331129467,0.41369818995709984,2.357893447751868,2.6224786306745003,2.5898846618156757,-1.2740310493992413,-1.2860490588430924
-1.4740224305825376,1.3296585953609235,-0.6500836047686848,-0.6320866191726564,-0.010684955964216718,-0.6991224441542135,-0.6630117390070597,1.1145214944730386,1.0904289836912913,-0.008687187687942985,0.9107755024150693,-0.09900066364511799,-0.3092561732444657,0.41369818995709984,2.2455679275686524,2.3688538328027846,2.544633771664071,-1.2093231273454268,-1.2202158035181374
-1.4740224305825376,1.3296585953609235,-0.5056205811857232,-0.7054689621240783,-0.010684955964216718,-0.6991224441542135,-0.6811028964569503,1.2661768109873317,0.7315353705277589,0.11012444727597274,1.0907828892145282,0.24345896995455113,-0.08409828149031312,0.41369818995709984,2.0763728742279586,2.149386506428156,2.397371605519668,-1.2740310493992413,-1.2860490588430924
-1.4740224305825376,1.3296585953609235,-0.3611575576027617,-0.7054689621240783,-0.010684955964216718,-0.6991224441542135,-0.6983308925851475,1.2661768109873317,0.7315353705277589,0.3335337475650991,1.2793327841389823,0.9881590696443339,0.07211674996308351,0.41369818995709984,1.9003600789264903,1.6806457099883527,2.296674028695958,-1.2740310493992413,-1.2860490588430924
-1.4740224305825376,1.3296585953609235,-0.21669453401980013,-0.7054689621240783,-0.010684955964216718,-0.6991224441542135,-0.6983308925851475,1.7211427605302112,-0.16569866238107206,0.5819815483740791,1.4779877378319164,1.5873730697013804,0.2813325014049357,0.41369818995709984,1.7270382816552676,1.3497473024300881,2.1712289773896964,-1.2740310493992413,-1.2860490588430924
-1.4740224305825376,1.3296585953609235,-0.0722315104368386,-0.7054689621240783,-0.010684955964216718,-0.6991224441542135,-0.6983308925851475,1.6908115815235283,-0.16569866238107206,0.8436499664327823,1.6006098523541645,1.758670229337513,0.4163782688566152,0.41369818995709984,1.6210237695856677,1.2619694936195327,2.086323096120503,-1.2740310493992413,-1.2860490588430924
-1.4740224305825376,1.3296585953609235,0.07223151314612293,-0.7054689621240783,-0.010684955964216718,-0.6991224441542135,-0.6983308925851475,1.569487444015918,0.07356374639461619,1.0797193255191289,1.6861633817599946,1.555516498368545,0.5153632553473154,0.41369818995709984,1.5636093768915778,1.3936942933827685,2.0409010046585085,-1.2740310493992413,-1.2860490588430924
-1.4740224305825376,1.3296585953609235,0.21669453672908448,-0.7054689621240783,-0.010684955964216718,-0.6991224441542135,-0.6983308925851475,1.7211427605302112,-0.7040390821263706,1.293705491058364,1.815329294641046,1.4451918836930424,0.7790563011788203,0.41369818995709984,1.4286569839235594,1.4034635901144514,1.8079068567446537,-1.2740310493992413,-1.2860490588430924
-1.4740224305825376,1.3296585953609235,0.361157560312046,-0.7054689621240783,-0.010684955964216718,-0.6991224441542135,-0.6983308925851475,1.6301495127697232,-0.16569866238107206,1.4180337436330097,1.934193947724309,1.3837257754132153,1.2542382348528844,0.41369818995709984,1.3400977637757583,1.4488924334319815,1.5242319199031,-1.2740310493992413,-1.2860490588430924
-1.4740224305825376,1.3296585953609235,0.5056205838950075,-0.7054689621240783,-0.010684955964216718,-0.6991224441542135,-0.6983308925851475,1.5998186230226008,-0.10588306018714999,1.3956629126938025,1.9855809734256495,1.3085132041189305,1.8251568590322784,0.41369818995709984,1.2949685299514546,1.492176377202829,1.1968174320727962,-1.2740310493992413,-1.2860490588430924
-1.4740224305825376,1.3296585953609235,0.6500836074779691,-0.7054689621240783,-0.010684955964216718,-0.6991224441542135,-0.6983308925851475,1.569487444015918,0.07356374639461619,1.2563681507918292,2.0040697445220226,1.2211405624475378,2.299338478532221,0.41369818995709984,1.2885137059459788,1.5631955716816377,0.9631081394446569,-1.2740310493992413,-1.2860490588430924
-1.4740224305825376,1.3296585953609235,0.7945466310609306,-0.7054689621240783,-0.010684955964216718,-0.6991224441542135,-0.6983308925851475,1.569487444015918,0.13337934858853825,1.1125862455731614,1.9810492942559046,1.0915806173788045,2.4742014456373065,0.41369818995709984,1.3162291517635842,1.6582247329616515,0.8893524478237542,-1.2740310493992413,-1.2860490588430924
-1.4740224305825376,1.3296585953609235,0.9390096546438922,-0.7054689621240783,-0.010684955964216718,-0.6991224441542135,-0.6983308925851475,1.4936597857587715,0.25301055297638236,0.8975023754747887,1.8836735941955969,0.8920966447675969,2.0664413580880914,0.41369818995709984,1.405609763347447,1.7931817263848038,1.1109896642537342,-1.2740310493992413,-1.2860490588430924
-1.4740224305825376,1.3296585953609235,1.0834726782268538,-0.7054689621240783,-0.010684955964216718,-0.6991224441542135,-0.6983308925851475,1.4026665379982834,0.4922729617520706,0.6439975079582643,1.701739485057966,0.6502940928503157,1.475607006948315,0.41369818995709984,1.5698648855838377,1.9578699963929613,1.4510951535258327,-1.2740310493992413,-1.2860490588430924
-1.4740224305825376,1.3296585953609235,1.2279357018098151,-0.7054689621240783,-0.010684955964216718,-0.6991224441542135,-0.6983308925851475,1.3268388797411368,0.7315353705277589,0.4856210152494904,1.5486342235648989,0.4400557250146011,1.036448960837358,0.41369818995709984,1.7154128419941157,2.1078042833608457,1.7274955516494777,-1.2740310493992413,-1.2860490588430924
-1.4740224305825376,1.3296585953609235,1.3723987253927767,-0.7054689621240783,-0.010684955964216718,-0.6991224441542135,-0.6983308925851475,1.3116732902377954,0.7315353705277589,0.3790292869804716,1.4243020547476355,0.2685053904116265,0.7085614027084925,0.41369818995709984,1.836780907028965,2.2329067864494583,1.9463883460607614,-1.2740310493992413,-1.2860490588430924
-1.4740224305825376,1.3296585953609235,1.5168617489757383,-0.7054689621240783,-0.010684955964216718,-0.6991224441542135,-0.6983308925851475,1.281342400490673,0.7315353705277589,0.3054616759448865,1.3241273141037415,0.1310620712911938,0.4683375888415008,0.41369818995709984,1.9301651986090462,2.3288610297806995,2.108116372801501,-1.2740310493992413,-1.2860490588430924
-1.4740224305825376,1.3296585953609235,1.6613247725587,-0.7054689621240783,-0.010684955964216718,-0.6991224441542135,-0.6983308925851475,1.2661768109873317,0.7913509727216809,0.21768210204309923,1.2414314032866511,0.014986889860418306,0.2838806613170527,0.41369818995709984,2.017741355093359,2.421993127449615,2.246609131064622,-1.2740310493992413,-1.2860490588430924
-1.4740224305825376,1.4397364473730871,-1.6613247698494156,-0.7054689621240783,-0.010684955964216718,-0.6991224441542135,-0.6983308925851475,1.2661768109873317,0.6717197683338367,0.1501689236490464,1.1663499273803812,-0.08804764967558011,0.1307730601480607,0.41369818995709984,2.0956968075366134,2.501457245379326,2.3607470943064888,-1.2740310493992413,-1.2860490588430924
-1.4740224305825376,1.4397364473730871,-1.516861746266454,-0.7054689621240783,-0.010684955964216718,-0.6991224441542135,-0.6983308925851475,1.2661768109873317,0.6717197683338367,0.11598957437805597,1.1001970098258393,-0.17469742140797612,0.008403528810690156,0.41369818995709984,2.1633805235961256,2.566746954930626,2.4516783948593077,-1.2740310493992413,-1.2860490588430924
-1.4740224305825376,1.4397364473730871,-1.3723987226834924,-0.7054689621240783,-0.010684955964216718,-0.6991224441542135,-0.6983308925851475,1.2661768109873317,0.6119041661399147,0.0739517039853418,1.0416867575460476,-0.2521936820496337,-0.09717028314543133,0.41369818995709984,2.2227813129710787,2.6249062180852096,2.530626470526954,-1.2740310493992413,-1.2860490588430924
-1.4740224305825376,1.4397364473730871,-1.2279356991005308,-0.7054689621240783,-0.010684955964216718,-0.6991224441542135,-0.6983308925851475,1.2510112214839904,0.6717197683338367,0.031380701030998936,0.9899489695728858,-0.32046653144135745,-0.1885879306407856,0.41369818995709984,2.276311228773948,2.676892817469138,2.600215685700332,-1.2740310493992413,-1.2860490588430924
-1.4740224305825376,1.4397364473730871,-1.0834726755175694,-0.6892459220892763,-0.010684955964216718,-0.6991224441542135,-0.6983308925851475,1.220680331736868,0.7315353705277589,-0.006549974972254584,0.9498907889163589,-0.3737619930640112,-0.2582619510084603,0.41369818995709984,2.3186326744813277,2.7179797989360006,2.6540478790023103,-1.2740310493992413,-1.2860490588430924
-1.4740224305825376,1.4397364473730871,-0.9390096519346078,-0.6893823445845638,-0.010684955964216718,-0.6991224441542135,-0.6983308925851475,1.2055147422335266,0.7913509727216809,-0.04760586468683712,0.904213354319712,-0.4341293049389247,-0.3383281707676381,0.41369818995709984,2.368788708069447,2.7542103147692805,2.7178270851484263,-1.2740310493992413,-1.2860490588430924
-1.4740224305825376,1.4397364473730871,-0.7945466283516462,-0.6911698785985236,-0.010684955964216718,-0.6991224441542135,-0.6953748414081862,1.3116732902377954,0.4922729617520706,-0.06801607889061942,0.883384286053603,-0.4653891675957014,-0.38740980571850403,0.41369818995709984,2.3977010109736754,2.7542103147692805,2.761995722965747,-1.2740310493992413,-1.2860490588430924
-1.4740224305825376,1.4397364473730871,-0.6500836047686848,-0.6960348695286092,-0.010684955964216718,-0.6991224441542135,-0.6910503721534386,1.4178321275016248,0.07356374639461619,0.03315803254448378,1.0037063316747143,-0.07603675646748698,-0.2870203546497203,0.41369818995709984,2.2685615791380656,2.445443312042147,2.6685102722303355,-1.2740310493992413,-1.2860490588430924
-1.4740224305825376,1.4397364473730871,-0.5056205811857232,-0.7054689621240783,-0.010684955964216718,-0.6991224441542135,-0.6983308925851475,1.5088253752621128,-0.04606745799322794,0.1499689153229147,1.1767295264380733,0.5173712681715096,-0.12717635442381878,0.41369818995709984,2.090319637512762,2.022944570583511,2.529644771873709,-1.2740310493992413,-1.2860490588430924
-1.4740224305825376,1.4397364473730871,-0.3611575576027617,-0.7054689621240783,-0.010684955964216718,-0.6991224441542135,-0.6983308925851475,1.6149839232663816,-0.2853298667689162,0.3354314854287636,1.3613942175267626,1.1512131251412003,0.07164216670863856,0.41369818995709984,1.9032740398494858,1.608231147559716,2.36019621616597,-1.2740310493992413,-1.2860490588430924
-1.4740224305825376,1.4397364473730871,-0.21669453401980013,-0.7054689621240783,-0.010684955964216718,-0.6991224441542135,-0.6983308925851475,1.7211427605302112,-0.46477667335068235,0.5771044222676366,1.532632547530694,1.6584530071934767,0.2620137767010278,0.41369818995709984,1.7396173461564062,1.3108848205933863,2.2162666243901326,-1.2740310493992413,-1.2860490588430924
-1.4740224305825376,1.4397364473730871,-0.0722315104368386,-0.7054689621240783,-0.010684955964216718,-0.6991224441542135,-0.6983308925851475,1.6453151022730645,-0.3451454689628382,0.8718270591473183,1.6818384900060315,1.8088790022230121,0.4375684950162142,0.3612166874700359,1.5988925307637527,1.2203326261705916,2.0823564267719386,-1.2740310493992413,-1.2860490588430924
-1.4740224305825376,1.4397364473730871,0.07223151314612293,-0.7054689621240783,-0.010684955964216718,-0.6991224441542135,-0.6983308925851475,1.569487444015918,-0.2853298667689162,1.1299970038091356,1.793482521755287,1.6398501879968679,0.5785213985589975,0.41369818995709984,1.4868961462793586,1.2908703477120407,1.9578063899111298,-1.2740310493992413,-1.2860490588430924
-1.4740224305825376,1.4397364473730871,0.21669453672908448,-0.7054689621240783,-0.010684955964216718,-0.6991224441542135,-0.6983308925851475,1.6301495127697232,-0.4049610711567603,1.3189045333784573,1.8711414298882987,1.4839302109427646,0.7938530691844566,0.41369818995709984,1.4091400091493202,1.3611434527597666,1.7961052352748053,-1.2740310493992413,-1.2860490588430924
-1.4740224305825376,1.4397364473730871,0.361157560312046,-0.7054689621240783,-0.010684955964216718,-0.6991224441542135,-0.6983308925851475,1.6908115815235283,-0.5245922755446044,1.4202766463671892,1.9457133477256452,1.3835621067477821,1.291438518716321,0.41369818995709984,1.3292160163607698,1.3926332457835469,1.4603920348115298,-1.2740310493992413,-1.2860490588430924
-1.4740224305825376,1.4397364473730871,0.5056205838950075,-0.7054689621240783,-0.010684955964216718,-0.6991224441542135,-0.6983308925851475,1.6149839232663816,-0.3451454689628382,1.417481212270519,1.9986770392524351,1.3109486279582152,1.8882764318734577,0.41369818995709984,1.2792062116828304,1.4276207095024096,1.1165088477638538,-1.2740310493992413,-1.2860490588430924
-1.4740224305825376,1.4397364473730871,0.6500836074779691,-0.7054689621240783,-0.010684955964216718,-0.6991224441542135,-0.6983308925851475,1.5239909647654544,-0.16569866238107206,1.2865279347393228,2.026588400069298,1.2353942278366454,2.3261532708946766,0.41369818995709984,1.251660159751275,1.4662409489229065,0.8834119790637652,-1.2740310493992413,-1.2860490588430924
-1.4740224305825376,1.4397364473730871,0.7945466310609306,-0.7054689621240783,-0.010684955964216718,-0.6991224441542135,-0.6983308925851475,1.4481633065083077,0.013748144200694123,1.1352052473785723,1.9987906664672503,1.1053850463789365,2.3254271417456494,0.41369818995709984,1.2729941373203268,1.5410684695577215,0.8818997730588329,-1.2740310493992413,-1.2860490588430924
-1.4740224305825376,1.4397364473730871,0.9390096546438922,-0.7054689621240783,-0.010684955964216718,-0.6991224441542135,-0.6983308925851475,1.372335648251161,0.1931949507824603,0.8868069469579994,1.8707624372525482,0.8829354617081663,1.8556266132430121,0.41369818995709984,1.3801973022142622,1.674903316939199,1.1254936659014996,-1.2740310493992413,-1.2860490588430924
-1.4740224305825376,1.4397364473730871,1.0834726782268538,-0.7054689621240783,-0.010684955964216718,-0.6991224441542135,-0.6983308925851475,1.3116732902377954,0.3726417573642265,0.6278255972808049,1.6873984601818999,0.6348060929427327,1.321222391121161,0.41369818995709984,1.5476332651998188,1.8399710857237206,1.4343230595811884,-1.2740310493992413,-1.2860490588430924
-1.4740224305825376,1.4397364473730871,1.2279357018098151,-0.7054689621240783,-0.010684955964216718,-0.6991224441542135,-0.6983308925851475,1.2358456319806488,0.4922729617520706,0.45242431558079926,1.5222593003048859,0.40745582515959006,0.8993841183384992,0.41369818995709984,1.69488867337319,1.985113447666247,1.6869511805599422,-1.2740310493992413,-1.2860490588430924
-1.4740224305825376,1.4397364473730871,1.3723987253927767,-0.7054689621240783,-0.010684955964216718,-0.6991224441542135,-0.6983308925851475,1.2510112214839904,0.4922729617520706,0.3490481057857442,1.3986357136222471,0.2348578406096498,0.5959199896009284,0.41369818995709984,1.815978758697598,2.107969077047181,1.8878522342229473,-1.2740310493992413,-1.2860490588430924
-1.4740224305825376,1.4397364473730871,1.5168617489757383,-0.7054689621240783,-0.010684955964216718,-0.6991224441542135,-0.6983308925851475,1.2510112214839904,0.4324573595581485,0.24973761708175457,1.2963316977789885,0.09314123492767191,0.37068495710577065,0.41369818995709984,1.9105685942302535,2.202873459817959,2.035132170629948,-1.2740310493992413,-1.2860490588430924
-1.4740224305825376,1.4397364473730871,1.6613247725587,-0.7054689621240783,-0.010684955964216718,-0.6991224441542135,-0.6983308925851475,1.2661768109873317,0.4324573595581485,0.19382157698250294,1.2120280677361264,-0.021168541262936016,0.19975281384668866,0.41369818995709984,1.9975207441770653,2.288486576628643,2.1579290193881624,-1.2740310493992413,-1.2860490588430924
-1.4740224305825376,1.5498142993852508,-1.6613247698494156,-0.7054689621240783,-0.010684955964216718,-0.6991224441542135,-0.6983308925851475,1.2661768109873317,0.4324573595581485,0.1275124620902464,1.1447840466157186,-0.11499586592735077,0.06593878279214631,0.41369818995709984,2.0619546071634653,2.354579171346264,2.2510490961877307,-1.2740310493992413,-1.2860490588430924
-1.4740224305825376,1.5498142993852508,-1.516861746266454,-0.7054689621240783,-0.010684955964216718,-0.6991224441542135,-0.6983308925851475,1.2661768109873317,0.4324573595581485,0.09846175441274044,1.087140466508555,-0.19089720952200037,-0.0396886922881527,0.41369818995709984,2.1173990117012673,2.4086525837294728,2.325621353046034,-1.2740310493992413,-1.2860490588430924
-1.4740224305825376,1.5498142993852508,-1.3723987226834924,-0.7054689621240783,-0.010684955964216718,-0.6991224441542135,-0.6983308925851475,1.2661768109873317,0.4324573595581485,0.06260139870840885,1.0377881442874162,-0.2564848698714606,-0.12879966393018882,0.41369818995709984,2.164896864308291,2.45582617482269,2.3892648984069558,-1.2740310493992413,-1.2860490588430924
-1.4740224305825376,1.5498142993852508,-1.2279356991005308,-0.7054689621240783,-0.010684955964216718,-0.6991224441542135,-0.6983308925851475,1.220680331736868,0.5520885639459927,0.022641875704628594,0.9884005341113657,-0.32207338266188656,-0.21298620544262203,0.41369818995709984,2.213898027328552,2.5053783024643654,2.4521178837928135,-1.2740310493992413,-1.2860490588430924
-1.4740224305825376,1.5498142993852508,-1.0834726755175694,-0.7054689621240783,-0.010684955964216718,-0.6991224441542135,-0.6983308925851475,1.1600179737235023,0.7315353705277589,-0.013257277601427536,0.9476739995888135,-0.37673019250691964,-0.28063779681785633,0.41369818995709984,2.262211962731333,2.554707119601582,2.511005933514263,-1.2740310493992413,-1.2860490588430924
-1.4740224305825376,1.5498142993852508,-0.9390096519346078,-0.7054689621240783,-0.010684955964216718,-0.6991224441542135,-0.6983308925851475,1.1145214944730386,0.851166574915603,-0.05537006750092014,0.9014623053548052,-0.43756719935398786,-0.3598881693922728,0.41369818995709984,2.311547570090719,2.606219560650416,2.576428672240116,-1.2740310493992413,-1.2860490588430924
-1.4740224305825376,1.5498142993852508,-0.7945466283516462,-0.6914106205506829,-0.010684955964216718,-0.6991224441542135,-0.6983308925851475,1.1145214944730386,1.0904289836912913,-0.08545827656247389,0.8709819814203792,-0.48017901835229587,-0.41619587940816816,0.41369818995709984,2.3597345807298784,2.6663808734721446,2.647003053435051,-1.2740310493992413,-1.2860490588430924
-1.4740224305825376,1.5498142993852508,-0.6500836047686848,-0.6097011357246401,-0.010684955964216718,-0.6991224441542135,-0.6109838666147633,1.2661768109873317,0.7315353705277589,-0.06105726077440458,0.9048802966675408,-0.43099658438961724,-0.3948178323139479,0.41369818995709984,2.342647515403682,2.665024660157973,2.6659738923103404,-1.1567424503642894,-1.168706928668155
-1.4740224305825376,1.5498142993852508,-0.5056205811857232,-0.7054689621240783,-0.010684955964216718,-0.6991224441542135,-0.6809933210847188,1.3571700587478197,0.6119041661399147,0.06684505362807308,1.0762343711635822,0.002989635707777934,-0.16567461510329906,0.41369818995709984,2.2019342824989634,2.4020130762259893,2.5486745560102975,-1.2740310493992413,-1.2860490588430924
-1.4740224305825376,1.5498142993852508,-0.3611575576027617,-0.7054689621240783,-0.010684955964216718,-0.6991224441542135,-0.6983308925851475,1.372335648251161,0.4922729617520706,0.27889669047442217,1.264835080743109,0.3645754872570557,0.003971290148152961,0.41369818995709984,2.0345123150196613,2.1787718453530744,2.4528807048213834,-1.2740310493992413,-1.2860490588430924
-1.4740224305825376,1.5498142993852508,-0.21669453401980013,-0.7054689621240783,-0.010684955964216718,-0.6991224441542135,-0.6983308925851475,1.4026665379982834,0.4324573595581485,0.406956202056301,1.4012625489858652,0.5190710354573107,0.15377273977602046,0.41369818995709984,1.9199895003544325,2.0954525017587136,2.365364328634532,-1.2740310493992413,-1.2860490588430924
-1.4740224305825376,1.5498142993852508,-0.0722315104368386,-0.7054689621240783,-0.010684955964216718,-0.6991224441542135,-0.6983308925851475,1.4178321275016248,0.07356374639461619,0.4246077729926345,1.4129957939939655,0.44873613136932167,0.17167945352500727,0.41369818995709984,1.9009290686463,2.1224231613945674,2.330866614459531,-1.2740310493992413,-1.2860490588430924
-1.4740224305825376,1.5498142993852508,0.07223151314612293,-0.7054689621240783,-0.010684955964216718,-0.6991224441542135,-0.6983308925851475,1.4178321275016248,0.25301055297638236,0.47161641887526434,1.459924539471777,0.41603223371648324,0.2221965770476219,0.41369818995709984,1.852444291546477,2.1297635799033765,2.2790736671458607,-1.2740310493992413,-1.2860490588430924
-1.4740224305825376,1.5498142993852508,0.21669453672908448,-0.7054689621240783,-0.010684955964216718,-0.6991224441542135,-0.6983308925851475,1.4178321275016248,0.07356374639461619,0.5220546389655105,1.511783012250736,0.41902685882933144,0.28619488354720835,0.41369818995709984,1.7943537711191777,2.1042455142233103,2.2093956006594957,-1.2740310493992413,-1.2860490588430924
-1.4740224305825376,1.5498142993852508,0.361157560312046,-0.7054689621240783,-0.010684955964216718,-0.6991224441542135,-0.6983308925851475,1.2661768109873317,0.4324573595581485,0.5095952574185897,1.5046844872407228,0.37307943833185603,0.2907528951570366,0.41369818995709984,1.7904051079406504,2.11172663125805,2.182035030733053,-1.2740310493992413,-1.2860490588430924
-1.4740224305825376,1.5498142993852508,0.5056205838950075,-0.7054689621240783,-0.010684955964216718,-0.6991224441542135,-0.6983308925851475,1.281342400490673,0.4324573595581485,0.5870225609015995,1.5577992112145342,0.3976118368865553,0.4777412128672962,0.41369818995709984,1.7333739025557453,2.079754504755467,2.0376607489712417,-1.2740310493992413,-1.2860490588430924
-1.4740224305825376,1.5498142993852508,0.6500836074779691,-0.7054689621240783,-0.010684955964216718,-0.6991224441542135,-0.6983308925851475,1.3116732902377954,0.3726417573642265,0.605037357660975,1.5842856444120677,0.41174530809948534,0.6776053264348999,0.41369818995709984,1.7032145517838422,2.0606014338585665,1.8948788561065708,-1.2740310493992413,-1.2860490588430924
-1.4740224305825376,1.5498142993852508,0.7945466310609306,-0.7054689621240783,-0.010684955964216718,-0.6991224441542135,-0.6983308925851475,1.3268388797411368,0.25301055297638236,0.560635509259734,1.5662358554747948,0.3738705035481166,0.746052641323329,0.41369818995709984,1.7104864237924036,2.069787283491894,1.8346883761630457,-1.2740310493992413,-1.2860490588430924
-1.4740224305825376,1.5498142993852508,0.9390096546438922,-0.7054689621240783,-0.010684955964216718,-0.6991224441542135,-0.6983308925851475,1.2661768109873317,0.4324573595581485,0.3937456186690928,1.4239336484983587,0.200969902455318,0.46160370524353705,0.41369818995709984,1.839549121645444,2.1778794638766814,2.0135512702580396,-1.2740310493992413,-1.2860490588430924
-1.4740224305825376,1.5498142993852508,1.0834726782268538,-0.7054689621240783,-0.010684955964216718,-0.6991224441542135,-0.6983308925851475,1.2661768109873317,0.4324573595581485,0.21117614558839334,1.2692192562613236,0.01751182000111184,0.19563836149764025,0.41369818995709984,1.9857268758371909,2.3002049997287255,2.191254763073815,-1.2740310493992413,-1.2860490588430924
-1.4740224305825376,1.5498142993852508,1.2279357018098151,-0.7054689621240783,-0.010684955964216718,-0.6991224441542135,-0.6983308925851475,1.2358456319806488,0.4922729617520706,0.12875866781460554,1.157541348075353,-0.12065777882218076,0.005841114631213488,0.41369818995709984,2.0925695357941474,2.39290682667614,2.3206794863598095,-1.2740310493992413,-1.2860490588430924
-1.4740224305825376,1.5498142993852508,1.3723987253927767,-0.7054689621240783,-0.010684955964216718,-0.6991224441542135,-0.6983308925851475,1.1145214944730386,0.7315353705277589,0.02186926829097598,1.063471423631162,-0.24675425624687697,-0.15009470087919696,0.41369818995709984,2.1725610930956525,2.4669904092334796,2.4171789470001506,-1.2740310493992413,-1.2860490588430924
-1.4740224305825376,1.5498142993852508,1.5168617489757383,-0.7054689621240783,-0.010684955964216718,-0.6991224441542135,-0.6983308925851475,1.1145214944730386,0.6717197683338367,-0.0159563866179542,1.0021677768405695,-0.3240791762544092,-0.2493966351970706,0.41369818995709984,2.213640316971997,2.4988880989012427,2.4660306991434373,-1.2740310493992413,-1.2860490588430924
-1.4740224305825376,1.5498142993852508,1.6613247725587,0.16896039337544572,-0.010684955964216718,0.162798638177636,0.14112825634324003,1.1145214944730386,0.7315353705277589,-0.04419568928008299,0.9459321861343779,-0.37780085835996186,-0.31907652496895217,0.41369818995709984,2.256248429255769,2.523797331510385,2.5034145640168743,0.5350108699239207,0.5238186220002816
-1.4740224305825376,1.6598921513974148,-1.6613247698494156,-0.7054689621240783,-0.010684955964216718,-0.6991224441542135,-0.6983308925851475,1.1145214944730386,0.7315353705277589,-0.06032278203830885,0.8893006645740784,-0.3861607469115424,-0.3405644137704733,0.41369818995709984,2.30421633783149,2.523595534542001,2.513164803709324,-1.2740310493992413,-1.2860490588430924
-1.4740224305825376,1.6598921513974148,-1.516861746266454,-0.7054689621240783,-0.010684955964216718,-0.6991224441542135,-0.4957569199186067,1.1145214944730386,0.7315353705277589,-0.07271125762345726,0.8509603015626471,-0.38708479291846737,-0.3469855419728399,0.41369818995709984,2.3358905815045663,2.5218167953793156,2.5155243478454237,-1.2740310493992413,-1.2860490588430924
-1.4740224305825376,1.6598921513974148,-1.3723987226834924,-0.7054689621240783,-0.010684955964216718,-0.6991224441542135,-0.6632151783420209,1.0841903154663557,0.5520885639459927,-0.0952747387229519,0.8130137521280291,-0.4158862158298828,-0.36819337634505955,0.41369818995709984,2.354771484649705,2.514499181218746,2.50280777456233,-1.2740310493992413,-1.2860490588430924
-1.4740224305825376,1.6598921513974148,-1.2279356991005308,-0.7054689621240783,-0.010684955964216718,-0.6991224441542135,-0.6655405422792395,1.12968708397638,0.4324573595581485,-0.12094671042958395,0.7830994469903848,-0.45462965772539965,-0.39749344214598653,0.41369818995709984,2.3571454120727284,2.4999642059757172,2.4816143525992524,-1.2740310493992413,-1.2860490588430924
-1.4740224305825376,1.6598921513974148,-1.0834726755175694,-0.7054689621240783,-0.010684955964216718,-0.6991224441542135,-0.6705287821482097,1.190349152730185,0.25301055297638236,-0.1448085733385156,0.7624439954624408,-0.49140055122606013,-0.42859373806580625,0.41369818995709984,2.351303977324147,2.4835881023153847,2.4614130313943545,-1.2740310493992413,-1.2860490588430924
-1.4740224305825376,1.6598921513974148,-0.9390096519346078,-0.7054689621240783,-0.010684955964216718,-0.6991224441542135,-0.6727727674037122,1.2358456319806488,0.07356374639461619,-0.1658629615157589,0.7476569308362925,-0.5241888405345125,-0.45936199340477757,0.41369818995709984,2.3279208645979175,2.4532944618973778,2.4300017084377896,-1.2740310493992413,-1.2860490588430924
-1.4740224305825376,1.6598921513974148,-0.7945466283516462,-0.7054689621240783,-0.010684955964216718,-0.6991224441542135,-0.6743034065215399,1.1145214944730386,0.3726417573642265,-0.19763083916231847,0.7169302969765836,-0.5688090104482405,-0.5045069351054331,0.41369818995709984,2.3238476896740883,2.4413600428951012,2.4189672422069006,-1.2740310493992413,-1.2860490588430924
-1.4740224305825376,1.6598921513974148,-0.6500836047686848,-0.7054689621240783,-0.010684955964216718,-0.6991224441542135,-0.604838913933702,0.9628661779587454,0.7315353705277589,-0.21085881457788594,0.7079036381102015,-0.5963479682893091,-0.5316001049245594,0.41369818995709984,2.3060738793340754,2.4336668023946615,2.4112623163973046,-1.2252403587034588,-1.2372360953095007
-1.4740224305825376,1.6598921513974148,-0.5056205811857232,-0.29004456650128474,-0.010684955964216718,-0.6991224441542135,-0.38114690069666335,1.1145214944730386,0.7315353705277589,-0.1707026278688123,0.7580965194173341,-0.5607679348178685,-0.4897361601755702,0.41369818995709984,2.2456523832098454,2.4181318779948637,2.39071772572955,-0.7656904034570229,-0.7774763962540109
-1.4740224305825376,1.6598921513974148,-0.3611575576027617,-0.7054689621240783,-0.010684955964216718,-0.6991224441542135,-0.6396977464677076,1.1145214944730386,0.7315353705277589,-0.07869879784822309,0.8627175423800872,-0.44606092113719864,-0.36599654219904226,0.41369818995709984,2.145456140912957,2.367430497256059,2.3322804338886196,-1.2740310493992413,-1.2860490588430924
-1.4740224305825376,1.6598921513974148,-0.21669453401980013,-0.33837202976705427,-0.010684955964216718,-0.6991224441542135,-0.42970557792680264,1.1145214944730386,0.7315353705277589,0.1256374676482825,1.0121288607530101,-0.2657193628539498,-0.15100445853126904,0.41369818995709984,2.012921109697719,2.280779567465115,2.219356916397919,-0.8469641281493097,-0.8559655663367665
-1.4740224305825376,1.6598921513974148,-0.0722315104368386,-0.7054689621240783,-0.010684955964216718,-0.6991224441542135,-0.6782056840500381,1.2661768109873317,0.1931949507824603,0.2347804726927741,1.1614928932663515,-0.0923840168685943,0.08533129429179827,0.41369818995709984,1.8622633456934237,2.1594380607531436,2.054021959770952,-1.2740310493992413,-1.2860490588430924
-1.4740224305825376,1.6598921513974148,0.07223151314612293,-0.6896382101738393,-0.010684955964216718,-0.6991224441542135,-0.6983308925851475,1.2661768109873317,0.07356374639461619,0.41992864843982064,1.2810470729885868,0.045272412493287936,0.18577356999844422,0.41369818995709984,1.7209700231846243,2.027708528011971,1.948125497584914,-1.2740310493992413,-1.2860490588430924
-1.4740224305825376,1.6598921513974148,0.21669453672908448,-0.690874838724377,-0.010684955964216718,-0.6991224441542135,-0.6983308925851475,1.4178321275016248,1.0904289836912913,0.5056573008435482,1.3847463745690494,0.16162634211987936,0.300719981986696,0.41369818995709984,1.7097813398393569,2.1261626442351336,2.04537737714889,-1.2740310493992413,-1.2860490588430924
-1.4740224305825376,1.6598921513974148,0.361157560312046,-0.6918025470135244,-0.010684955964216718,-0.6991224441542135,-0.6983308925851475,1.2661768109873317,0.07356374639461619,0.48293194009547874,1.3883450402109323,0.15900764347294805,0.30141927957363435,0.41369818995709984,1.6910302570798235,2.1016040822640147,2.0188697798271207,-1.2740310493992413,-1.2860490588430924
-1.4740224305825376,1.6598921513974148,0.5056205838950075,-0.6915979826515046,-0.010684955964216718,-0.6991224441542135,-0.6983308925851475,1.2661768109873317,0.07356374639461619,0.452723993607913,1.382806948567109,0.1418394824217773,0.2886675796909507,0.41369818995709984,1.6825822799421895,2.0815057065919764,1.996163285017033,-1.2740310493992413,-1.2860490588430924
-1.4740224305825376,1.6598921513974148,0.6500836074779691,-0.6911445678812814,-0.010684955964216718,-0.6991224441542135,-0.6983308925851475,1.2661768109873317,0.4324573595581485,0.4036871696489241,1.3497294311511907,0.09848092513743029,0.23880028306267329,0.41369818995709984,1.7027623521507107,2.0935489840867927,2.01281748843908,-1.2740310493992413,-1.2860490588430924
-1.4740224305825376,1.6598921513974148,0.7945466310609306,-0.6905720856551377,-0.010684955964216718,-0.6991224441542135,-0.6983308925851475,1.3268388797411368,0.1931949507824603,0.3312306416558299,1.2854100757338545,0.025645811696755894,0.1460586656755017,0.41369818995709984,1.7620511774756247,2.1409488975795194,2.07392725440624,-1.2740310493992413,-1.2860490588430924
-1.4740224305825376,1.6598921513974148,0.9390096546438922,-0.6906000104208714,-0.010684955964216718,-0.6991224441542135,-0.6983308925851475,1.2661768109873317,0.4324573595581485,0.18751562885392875,1.1612839885732749,-0.12232685823321314,-0.027472785160929016,0.41369818995709984,1.8874861435866717,2.258409792654272,2.2097458048589758,-1.2740310493992413,-1.2860490588430924
-1.4740224305825376,1.6598921513974148,1.0834726782268538,-0.3955847798134715,-0.010684955964216718,-0.6991224441542135,-0.3990154994968194,1.2661768109873317,0.4324573595581485,0.05691019188991843,1.0481324553901965,-0.25744983304474384,-0.20685687047797072,0.41369818995709984,2.0149663840255845,2.3803919724705587,2.3646509176044037,-0.8706743573247584,-0.8771203828206804
-1.4740224305825376,1.6598921513974148,1.2279357018098151,-0.14998947169276872,-0.010684955964216718,-0.6991224441542135,-0.2241903324538653,1.2055147422335266,0.4922729617520706,0.019746102982808537,0.9728851260958424,-0.35091828006255765,-0.26827767004440556,0.41369818995709984,2.094024585840989,2.4540560410744345,2.4156962136258677,-0.5686589318393631,-0.5803549876205137
-1.4740224305825376,1.6598921513974148,1.3723987253927767,-0.21456782266917201,-0.010684955964216718,-0.6991224441542135,-0.32793924457951107,1.1145214944730386,0.7315353705277589,-0.0015544492881353457,0.904978397182195,-0.43810082739857736,-0.2939311588602068,0.41369818995709984,2.1741469287354276,2.530080574856466,2.446476042128668,-0.7003066329456238,-0.7120627866561732
-1.4740224305825376,1.6598921513974148,1.5168617489757383,0.042910745254552164,-0.010684955964216718,0.19925270477605989,-0.03848035855243801,1.1145214944730386,0.7315353705277589,-0.00856142994442204,0.8537805149191806,-0.4867820260733668,-0.2866983759046552,0.41369818995709984,2.23101453147825,2.5707248077509037,2.445429330319579,0.2840159276404646,0.2727091143861668
-1.4740224305825376,1.6598921513974148,1.6613247725587,-0.7054689621240783,-0.010684955964216718,-0.6991224441542135,0.34074308639928946,1.1600179737235023,0.5520885639459927,-0.0056074608200151616,0.8185991296314339,-0.467234702286654,-0.20261916064057703,0.41369818995709984,2.272552711439021,2.5552578661251033,2.382535603356059,-0.6666961104170067,-0.6784369310771989
-1.4740224305825376,1.7699700034095784,-1.6613247698494156,0.07751371668095336,-0.010684955964216718,0.04201106641338965,-0.6983308925851475,1.1145214944730386,0.7315353705277589,-0.008595545076972933,0.787893668544672,-0.4369372454802632,-0.09581277380100309,0.41369818995709984,2.2990785392249635,2.52559586312626,2.298058808915436,-0.2782295056283112,-0.28979299308715184
-1.4740224305825376,1.7699700034095784,-1.516861746266454,-0.7054689621240783,-0.010684955964216718,-0.6991224441542135,-0.5957913888870772,1.1145214944730386,0.7315353705277589,-0.008096527647895141,0.7644074172737211,-0.3780668199412908,-0.06831880752317587,0.41369818995709984,2.320441955617517,2.480054719150418,2.276271600128983,-1.2740310493992413,-1.2860490588430924
-1.4740224305825376,1.7699700034095784,-1.3723987226834924,-0.7054689621240783,-0.010684955964216718,-0.6991224441542135,-0.6545033540726151,1.1751835632268437,0.4922729617520706,-0.014139588578577144,0.7502011923854173,-0.35791682039175887,-0.10012510892045613,0.41369818995709984,2.3282162180402617,2.4558618872925746,2.289939532592594,-1.2740310493992413,-1.2860490588430924
-1.4740224305825376,1.7699700034095784,-1.2279356991005308,-0.7054689621240783,-0.010684955964216718,-0.6991224441542135,-0.6603051547659889,1.1145214944730386,0.7315353705277589,-0.03690976724588015,0.7335840944175545,-0.3899489945635485,-0.16310968546487656,0.41369818995709984,2.346977435476738,2.479979421774155,2.3360763353478333,-1.2740310493992413,-1.2860490588430924
-1.4740224305825376,1.7699700034095784,-1.0834726755175694,-0.7054689621240783,-0.010684955964216718,-0.6991224441542135,-0.6652612316077942,1.1145214944730386,0.7315353705277589,-0.06798664622724218,0.716885834153395,-0.43201098913891683,-0.23574020858020656,0.41369818995709984,2.3675788206838972,2.515135121345125,2.3931981943355196,-1.2740310493992413,-1.2860490588430924
-1.4740224305825376,1.7699700034095784,-0.9390096519346078,-0.6608826914198966,-0.010684955964216718,-0.6991224441542135,-0.6983308925851475,1.1448526734797215,0.6717197683338367,-0.1052992362995736,0.6989927237359295,-0.47303044841311426,-0.3068597793554132,0.41369818995709984,2.390737522706385,2.551804943585057,2.451895972220866,-1.2740310493992413,-1.2860490588430924
-1.4740224305825376,1.7699700034095784,-0.7945466283516462,-0.7054689621240783,-0.010684955964216718,-0.6991224441542135,-0.6983308925851475,1.1145214944730386,0.7315353705277589,-0.13724504777473195,0.6840701533629207,-0.5165006754639808,-0.37412985945719796,0.41369818995709984,2.3977010109736754,2.589835712117097,2.507669024935308,-1.2740310493992413,-1.2860490588430924
-1.4740224305825376,1.7699700034095784,-0.6500836047686848,-0.6377316071316957,-0.010684955964216718,-0.6991224441542135,-0.6854339395626041,1.2661768109873317,0.4324573595581485,-0.12712355619379886,0.7179578822236088,-0.5108711553258511,-0.3878265334171951,0.41369818995709984,2.3664644888238118,2.598171346804738,2.5304340315856555,-1.2277665015102404,-1.2397633921070115
-1.4740224305825376,1.7699700034095784,-0.5056205811857232,-0.7054689621240783,-0.010684955964216718,-0.6991224441542135,-0.6455051642274346,1.2661768109873317,0.6119041661399147,-0.08880958664247354,0.7818678973639707,-0.46370900645211366,-0.362767531398923,0.41369818995709984,2.3114790403704366,2.584488307590281,2.5330544951872094,-1.2515258762947057,-1.263533612997898
-1.4740224305825376,1.7699700034095784,-0.3611575576027617,-0.6224452850931201,-0.010684955964216718,-0.6991224441542135,-0.6592045667638262,1.4178321275016248,0.07356374639461619,0.12968245209015034,1.0026921558505555,-0.1573468379901246,-0.12358595602181646,0.41369818995709984,2.085350267584958,2.358793673063367,2.3541560605670204,-1.19984000773056,-1.2124141235479622
-1.4740224305825376,1.7699700034095784,-0.21669453401980013,-0.7054689621240783,-0.010684955964216718,-0.6991224441542135,-0.6983308925851475,1.569487444015918,0.07356374639461619,0.39597112937491297,1.2586109912558046,0.31345715986104994,0.11609451871287793,0.41369818995709984,1.862481482549534,2.075975006737801,2.2260654072389454,-1.2740310493992413,-1.2860490588430924
-1.4740224305825376,1.7699700034095784,-0.0722315104368386,-0.7054689621240783,-0.010684955964216718,-0.6991224441542135,-0.6983308925851475,1.569487444015918,0.25301055297638236,0.6341348900302174,1.4758372898596046,0.6717142294388867,0.3358223730893175,0.41369818995709984,1.690135027283176,1.8920880571362642,2.125759643034456,-1.2740310493992413,-1.2860490588430924
-1.4740224305825376,1.7699700034095784,0.07223151314612293,-0.7054689621240783,-0.010684955964216718,-0.6991224441542135,-0.6983308925851475,1.7211427605302112,-0.16569866238107206,0.638465505091678,1.5278531469174697,0.6193428138231579,0.4071079641549483,0.41369818995709984,1.6518413917552135,1.9404651154375199,2.091928963838414,-1.2740310493992413,-1.2860490588430924
-1.4740224305825376,1.7699700034095784,0.21669453672908448,-0.7054689621240783,-0.010684955964216718,-0.6991224441542135,-0.6983308925851475,1.8727980770445043,-0.46477667335068235,0.6850540665970145,1.601824463762221,0.6315719319184954,0.4861453612052853,0.41369818995709984,1.6005483439348023,1.9550740972446472,2.061204613228601,-1.2740310493992413,-1.2860490588430924
-1.4740224305825376,1.7699700034095784,0.361157560312046,-0.7054689621240783,-0.010684955964216718,-0.6991224441542135,-0.6983308925851475,1.7969704187873576,-0.16569866238107206,0.6997469859397675,1.6432751071195588,0.6243236263863153,0.5477011570684792,0.41369818995709984,1.5910540820537011,1.9992912982104303,2.0596720364348378,-1.2740310493992413,-1.2860490588430924
-1.4740224305825376,1.7699700034095784,0.5056205838950075,-0.7054689621240783,-0.010684955964216718,-0.6991224441542135,-0.6983308925851475,1.7211427605302112,0.13337934858853825,0.6846981989398169,1.6417217313443513,0.5872407394921728,0.5561338139411875,0.41369818995709984,1.6311637551691485,2.08559413898768,2.1164419575388886,-1.2740310493992413,-1.2860490588430924
-1.4740224305825376,1.7699700034095784,0.6500836074779691,-0.7054689621240783,-0.010684955964216718,-0.6991224441542135,-0.6983308925851475,1.8727980770445043,-0.16569866238107206,0.8280111883169516,1.7280897067495407,0.6660685129224069,1.4242186961441308,0.41369818995709984,1.6081199128186836,2.1112236447846153,1.6294947205301782,-1.2740310493992413,-1.2860490588430924
-1.4740224305825376,1.7699700034095784,0.7945466310609306,-0.7054689621240783,-0.010684955964216718,-0.6991224441542135,-0.6983308925851475,1.569487444015918,0.4324573595581485,0.7212321612809868,1.7069776290850407,0.5894391847429657,1.5666188270670767,0.41369818995709984,1.646612863659862,2.187570881607772,1.565260422293154,-1.2740310493992413,-1.2860490588430924
-1.4740224305825376,1.7699700034095784,0.9390096546438922,-0.7054689621240783,-0.010684955964216718,-0.6991224441542135,-0.6983308925851475,1.8727980770445043,-0.10588306018714999,0.6498064454302637,1.6721519463828027,0.5088127608748981,1.4876921102103557,0.41369818995709984,1.699214732616935,2.269850260868265,1.636799165299775,-1.2740310493992413,-1.2860490588430924
-1.4740224305825376,1.7699700034095784,1.0834726782268538,-0.7054689621240783,-0.010684955964216718,-0.6991224441542135,-0.6983308925851475,1.7818048292840163,-0.10588306018714999,0.4233943445524909,1.5026109670101184,0.3104267322276382,0.9789304765822072,0.41369818995709984,1.885030656144439,2.4347136510600738,1.983093473587187,-1.2740310493992413,-1.2860490588430924
-1.4740224305825376,1.7699700034095784,1.2279357018098151,-0.7054689621240783,-0.010684955964216718,-0.6991224441542135,-0.6983308925851475,1.6908115815235283,-0.04606745799322794,0.3255441173065131,1.3823806700717771,0.16429192501992954,0.6373630142196501,0.41369818995709984,2.0157206935523555,2.5415240549655094,2.216220681760003,-1.2740310493992413,-1.2860490588430924
-1.4740224305825376,1.7699700034095784,1.3723987253927767,-0.7054689621240783,-0.010684955964216718,-0.6991224441542135,-0.6983308925851475,1.569487444015918,-0.04606745799322794,0.25374045930105954,1.2805756259109682,0.03602087069148276,0.3851278838863615,0.41369818995709984,2.115285690256783,2.6125755197484306,2.372753723927765,-1.2740310493992413,-1.2860490588430924
-1.4740224305825376,1.7699700034095784,1.5168617489757383,-0.6910715006706358,-0.010684955964216718,-0.6991224441542135,-0.6983308925851475,1.3875009484949419,-0.10588306018714999,0.1525121650083755,1.190088134649401,-0.08262612513310515,0.1865516852990183,0.41369818995709984,2.186407474818352,2.622744537980388,2.441605689913872,-1.2740310493992413,-1.2860490588430924
-1.4740224305825376,1.7699700034095784,1.6613247725587,0.27151869079100505,-0.010684955964216718,-0.6991224441542135,-0.6983308925851475,1.1600179737235023,-0.3451454689628382,0.07520861249638358,1.0855087514734436,-0.2186467202816211,-0.0157951862481111,0.41369818995709984,2.240015089811119,2.592633762619019,2.462220928210977,-0.5705436840868064,-0.5677765782319918
-1.1496219556365754,-1.5323655569553345,-1.6613247698494156,-0.7054689621240783,-0.010684955964216718,0.1572880902360432,0.0734053147078322,0.9325349989520626,-0.6442234799324486,0.05052597963372748,0.9800866919341976,-0.3635983394288022,-0.2215949444415379,0.41369818995709984,2.279801418471713,2.541996061946996,2.458828108317996,-0.2697786547522961,-0.2727061583515103
-1.1496219556365754,-1.5323655569553345,-1.516861746266454,-0.6850996683471994,-0.010684955964216718,-0.6991224441542135,-0.6983308925851475,0.7202176136839643,-0.9433014909020588,-0.02646117174695909,0.8877021202165839,-0.38646165857246906,-0.27298828616361365,0.41369818995709984,2.276362384762328,2.357454240307334,2.297123919734399,-1.2740310493992413,-1.2860490588430924
-1.1496219556365754,-1.5323655569553345,-1.3723987226834924,-0.6903361120638191,-0.010684955964216718,-0.6991224441542135,-0.6983308925851475,0.5685622971696711,-1.182563899677747,-0.10301218457032835,0.8023941949769383,-0.4313068729011677,-0.337926535822622,0.41369818995709984,2.2455520016477415,2.16214575440355,2.117712314604081,-1.2740310493992413,-1.2860490588430924
-1.1496219556365754,-1.5323655569553345,-1.2279356991005308,-0.6903242388172934,-0.010684955964216718,-0.6991224441542135,-0.6983308925851475,0.49273463891252456,-1.3021951040655912,-0.1858858686264634,0.7207668034345706,-0.5261341108184634,-0.4494116763014236,0.41369818995709984,2.075333345935787,1.797917285945645,1.7669763075094047,-1.2740310493992413,-1.2860490588430924
-1.1496219556365754,-1.5323655569553345,-1.0834726755175694,-0.687362327049389,-0.010684955964216718,-0.6991224441542135,-0.6983308925851475,0.4472381596620609,-1.3620107062595133,-0.21996421034813649,0.6661445780269364,-0.5988422105552339,-0.5321602137831623,0.41369818995709984,1.975613433455228,1.6026488152189604,1.579148099223518,-1.2740310493992413,-1.2860490588430924
-1.1496219556365754,-1.5323655569553345,-0.9390096519346078,-0.5999591138234285,-0.010684955964216718,-0.6991224441542135,-0.6983308925851475,0.38657609090825573,-1.4218263084534353,-0.2584186539746714,0.6155465909974188,-0.6707473109022227,-0.6125182267800554,0.41369818995709984,1.8720196613640556,1.4124235476189904,1.3948492384578848,-1.2071214501891088,-1.2191089187573803
-1.1496219556365754,-1.5323655569553345,-0.7945466283516462,-0.1291586252552962,-0.010684955964216718,-0.6991224441542135,-0.6983308925851475,0.507900228415866,-1.3620107062595133,-0.27401261417126854,0.5938614369451549,-0.718990354920592,-0.6680369211732782,0.41369818995709984,1.7880886103536386,1.299664650988802,1.2867731018669157,-0.8496137889220936,-0.8614380447553565
-1.1496219556365754,-1.5323655569553345,-0.6500836047686848,-0.7054689621240783,-0.010684955964216718,-0.6991224441542135,-0.6983308925851475,0.6595555449301591,-1.5414575128412795,-0.18972214872801987,0.7281920949070652,-0.22273246983069067,-0.630087030543987,0.41369818995709984,1.595146561124089,0.9404402310219547,1.1751498474930961,-1.2740310493992413,-1.2860490588430924
-1.1496219556365754,-1.5323655569553345,-0.5056205811857232,-0.7054689621240783,-0.010684955964216718,-0.6991224441542135,-0.6983308925851475,0.8112108614444523,-1.5414575128412795,-0.054004793274716696,0.8849404848652036,0.4835106081280833,-0.46679936702125596,0.41369818995709984,1.3851111727207113,0.5227482589285684,1.0056141741565263,-1.2740310493992413,-1.2860490588430924
-1.1496219556365754,-1.5323655569553345,-0.3611575576027617,-0.7054689621240783,-0.010684955964216718,-0.6991224441542135,-0.6983308925851475,0.8112108614444523,-1.5414575128412795,0.12333837528401927,1.0447582211415514,1.2035495906773312,-0.29690275436153707,0.41369818995709984,1.1556447129952794,0.12716983543137075,0.8139410878340235,-1.2740310493992413,-1.2860490588430924
-1.1496219556365754,-1.5323655569553345,-0.21669453401980013,-0.7054689621240783,-0.010684955964216718,-0.6991224441542135,-0.6983308925851475,0.8112108614444523,-1.5414575128412795,0.36473103289664077,1.2017825629070984,1.6757422148617906,-0.13463552868449433,0.36559931059894357,0.975717519375425,-0.09746934501570108,0.6782187568519368,-1.2740310493992413,-1.2860490588430924
-1.1496219556365754,-1.5323655569553345,-0.0722315104368386,-0.7054689621240783,-0.010684955964216718,-0.6991224441542135,-0.6983308925851475,0.9628661779587454,-1.5414575128412795,0.6633381124179509,1.337833155791399,1.755690948162049,0.03135289925973348,0.05052544398025252,0.8293018415773455,-0.15182200309716437,0.5654252656729244,-1.2740310493992413,-1.2860490588430924
-1.1496219556365754,-1.5323655569553345,0.07223151314612293,-0.7054689621240783,-0.010684955964216718,-0.6991224441542135,-0.6983308925851475,0.9628661779587454,-1.5414575128412795,0.8995546348211837,1.4441374142034344,1.5395843767177813,0.1581680850406856,-0.09833632902454133,0.6896884624227938,-0.1138256562228443,0.45571231452832206,-1.2740310493992413,-1.2860490588430924
-1.1496219556365754,-1.5323655569553345,0.21669453672908448,-0.7054689621240783,-0.010684955964216718,-0.6991224441542135,-0.6983308925851475,1.2661768109873317,-1.9003511260048118,1.1212561717102623,1.5637007687939468,1.3272004149711532,0.41528152875623714,0.07587820511304212,0.5214021517813382,-0.08882047324280726,0.2776865731700797,-1.2740310493992413,-1.2860490588430924
-1.1496219556365754,-1.5323655569553345,0.361157560312046,-0.7054689621240783,-0.010684955964216718,-0.6991224441542135,-0.6983308925851475,0.9628661779587454,-1.5414575128412795,1.221046947966635,1.6389248080380594,1.1792712195304398,0.9251407409710791,0.41369818995709984,0.392238107158866,-0.08357805477203772,0.011331357755896757,-1.2740310493992413,-1.2860490588430924
-1.1496219556365754,-1.5323655569553345,0.5056205838950075,-0.6907829868070928,-0.010684955964216718,-0.6991224441542135,-0.6983308925851475,0.9628661779587454,-1.5414575128412795,1.2613857509734812,1.7116772789201649,1.0875869314540412,1.6164542612153736,0.41369818995709984,0.3053414566334098,-0.07249406585080836,-0.2706757749277378,-1.2740310493992413,-1.2860490588430924
-1.1496219556365754,-1.5323655569553345,0.6500836074779691,-0.7054689621240783,-0.010684955964216718,-0.6991224441542135,-0.6983308925851475,0.9628661779587454,-1.3021951040655912,1.1504359817521275,1.778080740954579,1.0095979599341525,2.1730909479867093,0.41369818995709984,0.20454775100053796,-0.06422125068850651,-0.4779559194421598,-1.2740310493992413,-1.2860490588430924
-1.1496219556365754,-1.5323655569553345,0.7945466310609306,-0.7054689621240783,-0.010684955964216718,-0.6991224441542135,-0.6983308925851475,0.9628661779587454,-1.3021951040655912,1.0017160783277599,1.7710104463084948,0.8940291284370608,2.198966635676058,0.41369818995709984,0.18470839697877287,-0.03104027859386611,-0.49548888402069885,-1.2740310493992413,-1.2860490588430924
-1.1496219556365754,-1.5323655569553345,0.9390096546438922,-0.7054689621240783,-0.010684955964216718,-0.6991224441542135,-0.6983308925851475,0.8112108614444523,-1.062932695289903,0.7529525453116421,1.6605619704716434,0.6002165958735493,1.7874140745228597,0.41369818995709984,0.22562015738372293,0.0717249351233769,-0.36998532087417757,-1.2740310493992413,-1.2860490588430924
-1.1496219556365754,-1.5323655569553345,1.0834726782268538,-0.5461901463003782,-0.010684955964216718,-0.5476893049981307,-0.6983308925851475,0.8112108614444523,-1.062932695289903,0.48967603355387324,1.4771436499504313,0.2745526066229972,1.207697213437298,0.41369818995709984,0.32567354899607887,0.19675536786613787,-0.17139678516454468,-1.078476066797755,-1.0874737073676346
-1.1496219556365754,-1.5323655569553345,1.2279357018098151,-0.2567766688317689,-0.010684955964216718,-0.30354252512803387,-0.6983308925851475,0.6595555449301591,-1.062932695289903,0.31974120015202273,1.291156366311656,0.054216223106440045,0.8085433494280532,0.41369818995709984,0.4263461211092965,0.26713991303073253,-0.040373171665825845,-0.7190397139080288,-0.7247749991012419
-1.1496219556365754,-1.5323655569553345,1.3723987253927767,0.28280819575986504,-0.010684955964216718,0.14240130137497464,-0.6983308925851475,0.6595555449301591,-1.062932695289903,0.23604607721799553,1.1430584656205423,-0.037775796158611714,0.4619063988033509,0.41369818995709984,0.5059641431748957,0.29118193500068934,0.08369880178900974,-0.052729954100771886,-0.04954560940729366
-1.1496219556365754,-1.5323655569553345,1.5168617489757383,0.44961221944642343,-0.010684955964216718,0.20826881832426328,-0.6983308925851475,0.507900228415866,-0.8236702865142147,0.18563126947361755,1.016019710661561,-0.060841996252138486,0.1799578289157053,0.41369818995709984,0.5546081794838259,0.27650109798307143,0.17750043317234285,0.08446800282988837,0.08368781084968055
-1.1496219556365754,-1.5323655569553345,1.6613247725587,0.9244753402376011,-0.010684955964216718,0.5883778977869132,-0.6983308925851475,0.35624491190157287,-0.5844078777385264,0.18552557945512654,0.905219061034692,0.10436021047853876,-0.048345225007039194,0.41369818995709984,0.5992601182844723,0.18645318084587603,0.2556070218928478,0.6333146436715424,0.6393314359229941
-1.1496219556365754,-1.4222877049431708,-1.6613247698494156,-0.7054689621240783,-0.010684955964216718,1.1619453828701296,-0.6983308925851475,0.35624491190157287,-0.5844078777385264,0.19646516529311342,0.8189738877125948,0.3050563541431111,-0.2797196543026315,0.41369818995709984,0.6433189371821109,0.09382256370287018,0.34730331057943153,-0.2872509889748399,-0.27114877683346544
-1.1496219556365754,-1.4222877049431708,-1.516861746266454,-0.7054689621240783,-0.010684955964216718,-0.6991224441542135,-0.6983308925851475,0.35624491190157287,-0.5844078777385264,0.16334606082787137,0.7516388236685151,0.4524212336644662,-0.43253797769285407,0.41369818995709984,0.6602901776289568,0.019416278104404626,0.39928132867673805,-1.2740310493992413,-1.2860490588430924
-1.1496219556365754,-1.4222877049431708,-1.3723987226834924,-0.7054689621240783,-0.010684955964216718,-0.6991224441542135,-0.6983308925851475,0.05293427887298657,-0.2853298667689162,0.10041969545149472,0.6807410876965622,0.42830056409624734,-0.560050784088114,0.41369818995709984,0.6693563700601247,0.0017611947244103047,0.4273470746335693,-1.2740310493992413,-1.2860490588430924
-1.1496219556365754,-1.4222877049431708,-1.2279356991005308,-0.7054689621240783,-0.010684955964216718,-0.6991224441542135,-0.6983308925851475,-0.09872103764130656,0.013748144200694123,0.02814310805950227,0.6243255284203216,0.3171200986910837,-0.6498082286792262,0.41369818995709984,0.6815783078499323,0.026624818637073482,0.44781256596171326,-1.2740310493992413,-1.2860490588430924
-1.1496219556365754,-1.4222877049431708,-1.0834726755175694,-0.7054689621240783,-0.010684955964216718,-0.6991224441542135,-0.6983308925851475,-0.09872103764130656,0.013748144200694123,-0.05979767656669214,0.5651419819608167,0.1510782376090955,-0.7378409069198202,0.41369818995709984,0.6956080789649371,0.07324981456037682,0.4671346925890802,-1.2740310493992413,-1.2860490588430924
-1.1496219556365754,-1.4222877049431708,-0.9390096519346078,-0.7054689621240783,-0.010684955964216718,-0.6991224441542135,0.2015165604697653,-0.2503763541555997,0.3726417573642265,-0.14945425168294624,0.5191151966105452,-0.049082573128955746,-0.8101192657827352,0.41369818995709984,0.7090312172743432,0.1415780959469177,0.48671102065579724,-0.7336048827050853,-0.8238751674258363
-1.1496219556365754,-1.4222877049431708,-0.7945466283516462,-0.7054689621240783,-0.010684955964216718,-0.6991224441542135,-0.6983308925851475,-0.09872103764130656,0.3726417573642265,-0.2184765229992504,0.49266758016341444,-0.20571007618467138,-0.7386022524940888,0.41369818995709984,0.7026135537509923,0.19550414060801263,0.44061452605718116,-1.2740310493992413,-1.2860490588430924
-1.1496219556365754,-1.4222877049431708,-0.6500836047686848,0.7761417655038061,-0.010684955964216718,-0.6991224441542135,0.5704482559616751,0.35624491190157287,-0.5844078777385264,-0.133880359211379,0.6054979929567974,0.13910911400832646,-0.5202570620515358,0.41369818995709984,0.592342477365258,0.04776810675627731,0.3328511027458219,0.6234310012658576,0.6296125802184501
-1.1496219556365754,-1.4222877049431708,-0.5056205811857232,-0.7054689621240783,-0.010684955964216718,-0.6991224441542135,-0.6983308925851475,0.6595555449301591,-1.062932695289903,0.016628916361491497,0.8046335685956272,0.847083499568636,-0.2614230444170424,0.41369818995709984,0.42784219246757504,-0.22285625705122572,0.2140584142560415,-1.2740310493992413,-1.2860490588430924
-1.1496219556365754,-1.4222877049431708,-0.3611575576027617,-0.7054689621240783,-0.010684955964216718,-0.6991224441542135,-0.6983308925851475,0.9628661779587454,-1.7209043194230456,0.21377424705560263,0.9925616897545392,1.486317045646999,-0.06770587402671074,0.2869589531894965,0.23117782117789568,-0.4733211467442372,0.0907234732779578,-1.2740310493992413,-1.2860490588430924
-1.1496219556365754,-1.4222877049431708,-0.21669453401980013,-0.7054689621240783,-0.010684955964216718,-0.6991224441542135,-0.6983308925851475,1.1145214944730386,-2.1396135347805,0.4828382907120057,1.18779371182105,1.9614701973056745,0.15630999936603893,0.22790702585140596,0.09629395793015988,-0.6275697582366133,-0.01007855801614159,-1.2740310493992413,-1.2860490588430924
-1.1496219556365754,-1.4222877049431708,-0.0722315104368386,-0.7054689621240783,-0.010684955964216718,-0.6991224441542135,-0.6983308925851475,1.1751835632268437,-2.019982330392656,0.7765394803876636,1.3393731221437404,1.995052109153285,0.325086394308552,-0.07709242331853333,-0.0250376705280603,-0.6466619458264213,-0.08792184345547821,-1.2740310493992413,-1.2860490588430924
-1.1496219556365754,-1.4222877049431708,0.07223151314612293,-0.7054689621240783,-0.010684955964216718,-0.6991224441542135,-0.6983308925851475,1.4178321275016248,-2.079797932586578,1.0412187261250252,1.4711630473520168,1.7792856616543704,0.4509331283953629,-0.22484976593526287,-0.12889639203074724,-0.5822159971599851,-0.13628729719305113,-1.2740310493992413,-1.2860490588430924
-1.1496219556365754,-1.4222877049431708,0.21669453672908448,-0.7054689621240783,-0.010684955964216718,-0.6991224441542135,-0.6983308925851475,1.3875009484949419,-2.079797932586578,1.2339832724451008,1.5834472026033686,1.5374183242236887,0.672953404357761,0.05932929850375237,-0.23239098906897573,-0.5133599887335231,-0.22584530318392457,-1.2740310493992413,-1.2860490588430924
-1.1496219556365754,-1.4222877049431708,0.361157560312046,-0.7054689621240783,-0.010684955964216718,-0.6991224441542135,-0.6983308925851475,1.3571700587478197,-1.9601667281987338,1.3518323255317473,1.6813239916234206,1.3913951867824996,1.1766296184837741,0.41369818995709984,-0.32692966861325146,-0.46702671635939746,-0.40319469101086947,-1.2740310493992413,-1.2860490588430924
-1.1496219556365754,-1.4222877049431708,0.5056205838950075,-0.6907643801080459,-0.010684955964216718,-0.6991224441542135,-0.6983308925851475,1.4178321275016248,-1.4816419106473573,1.3887663045251806,1.7643000888025089,1.2875065013987717,1.881940829275249,0.41369818995709984,-0.36119428745263726,-0.3774232688775127,-0.5774453351197681,-1.2740310493992413,-1.2860490588430924
-1.1496219556365754,-1.4222877049431708,0.6500836074779691,-0.7054689621240783,-0.010684955964216718,-0.6991224441542135,-0.6983308925851475,1.2661768109873317,-1.003117093095981,1.2557728082826076,1.8280209605045448,1.1831762515947604,2.46823980793571,0.41369818995709984,-0.38192911257288165,-0.27481273748464935,-0.694325336564617,-1.2740310493992413,-1.2860490588430924
-1.1496219556365754,-1.4222877049431708,0.7945466310609306,-0.7054689621240783,-0.010684955964216718,-0.6991224441542135,-0.6983308925851475,1.2661768109873317,-1.003117093095981,1.1148137630514845,1.8361774184028072,1.0626726393466643,2.6412052805093307,0.41369818995709984,-0.37885154900780355,-0.20013989917421385,-0.717658341486522,-1.2740310493992413,-1.2860490588430924
-1.1496219556365754,-1.4222877049431708,0.9390096546438922,-0.7054689621240783,-0.010684955964216718,-0.6991224441542135,-0.6983308925851475,1.2661768109873317,-0.7638546843202927,0.8927964939552683,1.7714600148540685,0.8000262009336917,2.327520003588573,0.41369818995709984,-0.3204311689761871,-0.025539912825556663,-0.5601405667182416,-1.2740310493992413,-1.2860490588430924
-1.1496219556365754,-1.4222877049431708,1.0834726782268538,-0.6979810959088779,-0.010684955964216718,-0.6895372967077463,-0.6983308925851475,1.1145214944730386,-0.7638546843202927,0.6222855673242067,1.584798025517384,0.46143323955488214,1.639290436011855,0.41369818995709984,-0.20345938201818892,0.13285242085023594,-0.31307605490610096,-1.2740310493992413,-1.2860490588430924
-1.1496219556365754,-1.4222877049431708,1.2279357018098151,-0.26678272504858713,-0.010684955964216718,-0.29487016713613623,-0.6983308925851475,1.1145214944730386,-0.7638546843202927,0.4576419240885832,1.4136359174960615,0.24372493153588007,1.186283111431521,0.41369818995709984,-0.09314052786972252,0.24000811700967625,-0.1348760782901966,-0.7210308522091231,-0.7253868970761463
-1.1496219556365754,-1.4222877049431708,1.3723987253927767,-0.02567928572465115,-0.010684955964216718,-0.13174518698417398,-0.6983308925851475,0.8112108614444523,-1.3021951040655912,0.34009054225654756,1.2519472138503018,0.10167843120013839,0.7769139686432958,0.41369818995709984,-0.010419364244855268,0.2713727012534997,-0.003845096633815449,-0.45069353929305034,-0.4544835016930014
-1.1496219556365754,-1.4222877049431708,1.5168617489757383,0.4911060749902435,-0.010684955964216718,0.289305045211606,-0.6983308925851475,0.7353832031873058,-0.46477667335068235,0.2682313635451778,1.1228370559380108,0.036373781251323116,0.4499395221117635,0.41369818995709984,0.07339103584957155,0.31912844863290796,0.14713213794603533,0.1747308990300738,0.1790134728130455
-1.1496219556365754,-1.4222877049431708,1.6613247725587,0.6427118946009898,-0.010684955964216718,0.3404746667283656,-0.6983308925851475,0.6595555449301591,-0.5245922755446044,0.2576262397910232,1.0136462428142081,0.14348810324963054,0.18938409207201312,0.41369818995709984,0.13859996032029276,0.2865875042365005,0.27170276230619467,0.2838654390772629,0.28371764304309205
-1.1496219556365754,-1.312209852931007,-1.6613247698494156,-0.7054689621240783,-0.010684955964216718,0.9237183937577977,-0.6983308925851475,0.6595555449301591,-0.5245922755446044,0.26185450945483113,0.9272825019636081,0.29949247195934786,-0.012343138088128952,0.41369818995709984,0.19201742946945938,0.22804508500442014,0.369224229756404,-0.40027636042074094,-0.38762618170364144
-1.1496219556365754,-1.312209852931007,-1.516861746266454,-0.7054689621240783,-0.010684955964216718,-0.6991224441542135,-0.6983308925851475,0.6595555449301591,-0.5245922755446044,0.23037694489703803,0.8609362064161507,0.444115048893731,-0.21683569611604395,0.41369818995709984,0.22820401740056914,0.17530077887992798,0.4710963775956962,-1.2740310493992413,-1.2860490588430924
-1.1496219556365754,-1.312209852931007,-1.3723987226834924,-0.7054689621240783,-0.010684955964216718,-0.6991224441542135,-0.6983308925851475,0.6595555449301591,-0.5245922755446044,0.17880289157009732,0.8137971447270661,0.4216054927508702,-0.3306669213049816,0.41369818995709984,0.25320578281572304,0.19034454925113206,0.5309927813642868,-1.2740310493992413,-1.2860490588430924
-1.1496219556365754,-1.312209852931007,-1.2279356991005308,-0.7054689621240783,-0.010684955964216718,-0.6991224441542135,-0.6983308925851475,0.507900228415866,-0.2853298667689162,0.1171093534347265,0.7687760660917746,0.3250682582561838,-0.4259860456253048,0.41369818995709984,0.2782741475365036,0.23282044460700022,0.5790297019543279,-1.2740310493992413,-1.2860490588430924
-1.1496219556365754,-1.312209852931007,-1.0834726755175694,-0.7054689621240783,-0.010684955964216718,-0.6991224441542135,-0.6983308925851475,0.507900228415866,-0.2853298667689162,0.03917166081178854,0.7172683555846365,0.1547394715571977,-0.5290687147387478,0.41369818995709984,0.3062106258322032,0.3077260593777678,0.6316359638476072,-1.2740310493992413,-1.2860490588430924
-1.1496219556365754,-1.312209852931007,-0.9390096519346078,-0.7054689621240783,-0.010684955964216718,-0.6991224441542135,-0.6983308925851475,0.35624491190157287,0.013748144200694123,-0.04151129659524495,0.6618761470008317,-0.019077503573833643,-0.6293164616202503,0.41369818995709984,0.3400126690596826,0.3885765095721555,0.6863193960701036,-1.2740310493992413,-1.2860490588430924
-1.1496219556365754,-1.312209852931007,-0.7945466283516462,-0.7054689621240783,-0.010684955964216718,-0.6991224441542135,-0.6983308925851475,0.507900228415866,-0.2853298667689162,-0.08536462717900084,0.6468110132899801,-0.13040373638414873,-0.6684880268108955,0.41369818995709984,0.3442952939736708,0.43945258022388983,0.7068873914739616,-1.2740310493992413,-1.2860490588430924
-1.1496219556365754,-1.312209852931007,-0.6500836047686848,-0.7054689621240783,-0.010684955964216718,-0.6991224441542135,-0.6983308925851475,0.8112108614444523,-0.5245922755446044,-0.04251401392257418,0.7857679221407985,0.19630108328564264,-0.5871037065641072,0.41369818995709984,0.2509906319981429,0.32188196611515435,0.6957679747194367,-1.2740310493992413,-1.2860490588430924
-1.1496219556365754,-1.312209852931007,-0.5056205811857232,-0.7054689621240783,-0.010684955964216718,-0.6991224441542135,-0.6983308925851475,0.9628661779587454,-1.062932695289903,0.06193046776824126,0.9427096900918525,0.8557084972605797,-0.4287580813835999,0.41369818995709984,0.1314328133068107,0.042753516632542614,0.6092725217898564,-1.2740310493992413,-1.2860490588430924
-1.1496219556365754,-1.312209852931007,-0.3611575576027617,-0.7054689621240783,-0.010684955964216718,-0.6991224441542135,-0.6983308925851475,1.2661768109873317,-1.4816419106473573,0.23327873793636708,1.127991214632396,1.5174294360166924,-0.22461936458073042,0.41369818995709984,0.0037245426366762833,-0.20163788669111996,0.5142501600502918,-1.2740310493992413,-1.2860490588430924
-1.1496219556365754,-1.312209852931007,-0.21669453401980013,-0.7054689621240783,-0.010684955964216718,-0.6991224441542135,-0.6983308925851475,1.4178321275016248,-1.9003511260048118,0.4750801082154316,1.3008146795709554,1.9660068881256512,-0.03152015860475555,0.19294431640552295,-0.12394029370370166,-0.37786988988643083,0.39549799642765415,-1.2740310493992413,-1.2860490588430924
-1.1496219556365754,-1.312209852931007,-0.0722315104368386,-0.7054689621240783,-0.010684955964216718,-0.6991224441542135,-0.6983308925851475,1.569487444015918,-2.259244739168344,0.7684983429681674,1.4594347426576042,2.026934253715094,0.15583541611159396,-0.06197085259212329,-0.23573012381992062,-0.41649615309702853,0.2875126615443473,-1.2740310493992413,-1.2860490588430924
-1.1496219556365754,-1.312209852931007,0.07223151314612293,-0.7054689621240783,-0.010684955964216718,-0.6991224441542135,-0.6983308925851475,1.7211427605302112,-2.019982330392656,1.0307239748585353,1.5915641379921301,1.8322853262618923,0.32332808850542294,-0.159983199795605,-0.3137413169863623,-0.3412026492708277,0.22843672380250843,-1.2740310493992413,-1.2860490588430924
-1.1496219556365754,-1.312209852931007,0.21669453672908448,-0.7054689621240783,-0.010684955964216718,-0.6991224441542135,-0.6983308925851475,1.8727980770445043,-2.378875943556188,1.27311533625348,1.7215310874496743,1.6368981849323097,0.598641716180307,0.17028126444875014,-0.398107193898008,-0.28244875197912955,0.1036140651081937,-1.2740310493992413,-1.2860490588430924
-1.1496219556365754,-1.312209852931007,0.361157560312046,-0.7054689621240783,-0.010684955964216718,-0.6991224441542135,-0.6983308925851475,1.7211427605302112,-1.8405355238108898,1.4147526705906148,1.8346960300556192,1.5365692930217538,1.1691377432568029,0.3557974909048729,-0.45559277063253234,-0.22490025811371675,-0.0970488236939029,-1.2740310493992413,-1.2860490588430924
-1.1496219556365754,-1.312209852931007,0.5056205838950075,-0.7054689621240783,-0.010684955964216718,-0.6991224441542135,-0.6983308925851475,1.6453151022730645,-1.7807199216169676,1.4333708369492237,1.9125941905229311,1.4387065128252516,1.8584238035907654,0.41369818995709984,-0.4951114955614595,-0.17618887946185452,-0.3323114973256758,-1.2740310493992413,-1.2860490588430924
-1.1496219556365754,-1.312209852931007,0.6500836074779691,-0.6905862253447789,-0.010684955964216718,-0.6991224441542135,-0.6983308925851475,1.569487444015918,-1.003117093095981,1.2993211094459085,1.9436694693771666,1.3280716096381988,2.4496421814629374,0.41369818995709984,-0.46201115806137916,-0.03681386627032877,-0.44041017181067077,-1.2740310493992413,-1.2860490588430924
-1.1496219556365754,-1.312209852931007,0.7945466310609306,-0.7054689621240783,-0.010684955964216718,-0.6991224441542135,-0.6983308925851475,1.569487444015918,-1.2423795018716692,1.1591861787893483,1.9542989071556325,1.1928540138794645,2.7166363479176754,0.41369818995709984,-0.4540120023312287,0.04269650576194372,-0.5027506368179582,-1.2740310493992413,-1.2860490588430924
-1.1496219556365754,-1.312209852931007,0.9390096546438922,-0.7054689621240783,-0.010684955964216718,-0.6991224441542135,-0.6983308925851475,1.4178321275016248,-1.5414575128412795,0.977617416263475,1.881955070791403,0.9884753252426449,2.3848238353470133,0.41369818995709984,-0.41844966223945224,0.11325660138091084,-0.4039334571717772,-1.2740310493992413,-1.2860490588430924
-1.1496219556365754,-1.312209852931007,1.0834726782268538,-0.6907082979052385,-0.010684955964216718,-0.6991224441542135,-0.6983308925851475,1.2661768109873317,-0.22551426457499413,0.6944230184893249,1.6992354517774402,0.7338469465539678,1.7036778001617285,0.41369818995709984,-0.2897682212809409,0.26232152635600237,-0.12633443316488774,-1.2740310493992413,-1.2860490588430924
-1.1496219556365754,-1.312209852931007,1.2279357018098151,-0.6906784767279184,-0.010684955964216718,-0.6991224441542135,-0.6983308925851475,1.1448526734797215,-1.182563899677747,0.5088868667250329,1.5155214181940688,0.47152955035379307,1.245370403582549,0.41369818995709984,-0.1921119220674783,0.35275625687182727,0.02974720099079778,-1.2740310493992413,-1.2860490588430924
-1.1496219556365754,-1.312209852931007,1.3723987253927767,-0.5343103513380382,-0.010684955964216718,-0.5399327700424883,-0.6983308925851475,1.038693836215892,-0.8834858887081368,0.3767301946162084,1.3542032380748807,0.17181556898406228,0.8475338015745992,0.41369818995709984,-0.08463246657592535,0.4967226889324914,0.20161402938541514,-1.0649425817062605,-1.0753491756712137
-1.1496219556365754,-1.312209852931007,1.5168617489757383,0.05139729502993502,-0.010684955964216718,-0.029948132211315284,-0.6983308925851475,0.9173696987082818,-0.5844078777385264,0.25951126809550207,1.218667143573191,0.005870033731209213,0.5268429714897287,0.41369818995709984,0.011975134875750356,0.5881887783677545,0.3539966316840945,-0.32105277238671276,-0.31942278862206175
-1.1496219556365754,-1.312209852931007,1.6613247725587,0.5318027256373734,-0.010684955964216718,0.3233679858970065,-0.6983308925851475,0.8112108614444523,-0.22551426457499413,0.2137167195771835,1.1027779708480723,-0.029571904303772226,0.27036258494220883,0.41369818995709984,0.09886961368471875,0.6247663075379246,0.4897005422720255,0.2323068152536832,0.23811190599010268
-1.1496219556365754,-1.2021320009188432,-1.6613247698494156,0.9622854758441438,-0.010684955964216718,0.6254738551596145,-0.6983308925851475,0.8112108614444523,-0.22551426457499413,0.23244793412012763,1.0095210808850443,0.11642139770361397,-0.004863001669571572,0.41369818995709984,0.17960196761040348,0.5862381460518292,0.6517774729491285,0.6915625381325107,0.6993202843867645
-1.1496219556365754,-1.2021320009188432,-1.516861746266454,-0.7054689621240783,-0.010684955964216718,-0.6991224441542135,-0.6983308925851475,0.6595555449301591,0.07356374639461619,0.2431079096560307,0.9213393045973998,0.2199895652842019,-0.1913926673653764,0.41369818995709984,0.2516657945240241,0.5558233844257194,0.763707155997493,-1.2740310493992413,-1.2860490588430924
-1.1496219556365754,-1.2021320009188432,-1.3723987226834924,-0.7054689621240783,-0.010684955964216718,-0.6991224441542135,-0.6983308925851475,0.6595555449301591,-0.8236702865142147,0.22454191938249973,0.8643541977288863,0.19580837240741142,-0.3021734793393481,0.41369818995709984,0.27651119635205473,0.5331216557532386,0.7838213595735597,-1.2740310493992413,-1.2860490588430924
-1.1496219556365754,-1.2021320009188432,-1.2279356991005308,-0.7054689621240783,-0.010684955964216718,-0.6991224441542135,-0.6983308925851475,0.507900228415866,0.3726417573642265,0.1686332374490924,0.8010850118497187,0.0921038142722958,-0.41316391289213816,0.41369818995709984,0.3229429774653886,0.5816673801773229,0.8411586288176095,-1.2740310493992413,-1.2860490588430924
-1.1496219556365754,-1.2021320009188432,-1.0834726755175694,-0.7054689621240783,-0.010684955964216718,-0.6991224441542135,-0.6983308925851475,0.507900228415866,0.3726417573642265,0.09936413311491998,0.7479342941618975,-0.03535230649284814,-0.5061185058033892,0.41369818995709984,0.3719219407171076,0.664049163869533,0.9131958060190348,-1.2740310493992413,-1.2860490588430924
-1.1496219556365754,-1.2021320009188432,-0.9390096519346078,-0.7054689621240783,-0.010684955964216718,-0.6991224441542135,-0.6983308925851475,0.507900228415866,0.3726417573642265,0.0258239479702091,0.6998304597855303,-0.1662105191524917,-0.5883413123654513,0.41369818995709984,0.42142259852956826,0.7509459933778151,0.9817066696474797,-1.2740310493992413,-1.2860490588430924
-1.1496219556365754,-1.2021320009188432,-0.7945466283516462,0.16917406976386884,-0.010684955964216718,-0.6991224441542135,-0.6983308925851475,0.6595555449301591,0.3726417573642265,-0.013457954851726916,0.6868197908096308,-0.2524468570164757,-0.6229313883294405,0.41369818995709984,0.45351960301227406,0.8276559484191975,1.036095808984522,-0.7237735332750105,-0.7355403565830418
-1.1496219556365754,-1.2021320009188432,-0.6500836047686848,-0.7054689621240783,-0.010684955964216718,-0.6991224441542135,0.200374045898281,0.9628661779587454,0.07356374639461619,0.05561047223214611,0.8263151938523999,0.05229311628759986,-0.4915246514860492,0.41369818995709984,0.39515592891117307,0.745684212724578,1.0389992965245165,-0.7320623749322678,-0.7432230186831924
-1.1496219556365754,-1.2021320009188432,-0.5056205811857232,-0.7054689621240783,-0.010684955964216718,-0.6991224441542135,-0.6983308925851475,1.2661768109873317,-0.7638546843202927,0.18295557280295915,0.9996009310003011,0.8248629209131809,-0.2538213274827703,0.41369818995709984,0.2964900228327045,0.41607296002968397,0.9451458713270278,-1.2740310493992413,-1.2860490588430924
-1.1496219556365754,-1.2021320009188432,-0.3611575576027617,-0.7054689621240783,-0.010684955964216718,-0.6991224441542135,-0.6983308925851475,1.569487444015918,-1.003117093095981,0.3561353573421506,1.1792949607601453,1.5596874920141943,-0.01614818898684136,0.41369818995709984,0.21500625500223275,0.16302773681983032,0.8878857510279128,-1.2740310493992413,-1.2860490588430924
-1.1496219556365754,-1.2021320009188432,-0.21669453401980013,-0.7054689621240783,-0.010684955964216718,-0.6991224441542135,-0.6983308925851475,1.7211427605302112,-1.2423795018716692,0.5982524598283528,1.358835840795673,2.0251893070581057,0.19925726843436187,0.41369818995709984,0.1096145429609743,-0.0006685440399064668,0.7993915769771672,-1.2740310493992413,-1.2860490588430924
-1.1496219556365754,-1.2021320009188432,-0.0722315104368386,-0.7054689621240783,-0.010684955964216718,-0.6991224441542135,-0.6983308925851475,1.9637913248049923,-1.7807199216169676,0.9000529833260938,1.5382539187481086,2.091616621758877,0.4026287702587558,0.3743002097472849,0.013968288007908518,-0.006807431558923562,0.7209770426084811,-1.2740310493992413,-1.2860490588430924
-1.1496219556365754,-1.2021320009188432,0.07223151314612293,-0.7054689621240783,-0.010684955964216718,-0.6991224441542135,-0.6983308925851475,1.7211427605302112,-1.003117093095981,1.1609681927720068,1.6685645728864915,1.9035945703737884,0.5574292752982856,0.41369818995709984,-0.014075086999358433,0.13704669984342874,0.7307205642748267,-1.2740310493992413,-1.2860490588430924
-1.1496219556365754,-1.2021320009188432,0.21669453672908448,-0.7054689621240783,-0.010684955964216718,-0.6991224441542135,-0.6983308925851475,1.7211427605302112,-1.003117093095981,1.3466086967064543,1.7570935826504661,1.652717784375588,0.7662660309256341,0.41369818995709984,-0.017649732338316182,0.30782459137299156,0.7064435683300664,-1.2740310493992413,-1.2860490588430924
-1.1496219556365754,-1.2021320009188432,0.361157560312046,-0.7054689621240783,-0.010684955964216718,-0.6991224441542135,-0.6983308925851475,1.7211427605302112,-1.003117093095981,1.4345802518443613,1.8367074434855792,1.5054466733604708,1.2652257595282321,0.41369818995709984,-0.0083868789140843,0.44202947157496,0.5442162405524442,-1.2740310493992413,-1.2860490588430924
-1.1496219556365754,-1.2021320009188432,0.5056205838950075,-0.6907628018675089,-0.010684955964216718,-0.6991224441542135,-0.6983308925851475,1.6453151022730645,-0.9433014909020588,1.4752956591576025,1.9248362878408565,1.418728706350811,1.897161871356414,0.41369818995709984,-0.0373348944894458,0.5087091706920693,0.2903858096116147,-1.2740310493992413,-1.2860490588430924
-1.1496219556365754,-1.2021320009188432,0.6500836074779691,-0.7054689621240783,-0.010684955964216718,-0.6991224441542135,-0.6983308925851475,1.569487444015918,-0.7638546843202927,1.3453457678779035,1.9904408305760724,1.3329092121191022,2.301197402693183,0.41369818995709984,-0.04725988014063191,0.5832247450537962,0.15482666165069645,-1.2740310493992413,-1.2860490588430924
-1.1496219556365754,-1.2021320009188432,0.7945466310609306,-0.7054689621240783,-0.010684955964216718,-0.6991224441542135,-0.6983308925851475,1.569487444015918,-1.003117093095981,1.1601273550932523,1.9436123028902097,1.175688410151191,2.070339480967799,0.41369818995709984,-0.010194229635617549,0.6528281337235056,0.24696113900766897,-1.2740310493992413,-1.2860490588430924
-1.1496219556365754,-1.2021320009188432,0.9390096546438922,-0.7054689621240783,-0.010684955964216718,-0.6991224441542135,-0.6983308925851475,1.4178321275016248,-1.003117093095981,0.9225890385347142,1.8432230114804533,0.9546248944908082,1.7967061798687238,0.41369818995709984,0.058213391919835926,0.7418578151982687,0.34907860315501266,-1.2740310493992413,-1.2860490588430924
-1.1496219556365754,-1.2021320009188432,1.0834726782268538,-0.690667907001552,-0.010684955964216718,-0.6991224441542135,-0.6983308925851475,1.2661768109873317,-0.5245922755446044,0.6517336159573054,1.6501343797952717,0.6842468165180482,1.2571779678742343,0.41369818995709984,0.20049677584525089,0.8913166530188944,0.6085428574707669,-1.2740310493992413,-1.2860490588430924
-1.1496219556365754,-1.2021320009188432,1.2279357018098151,-0.690604771773539,-0.010684955964216718,-0.6991224441542135,-0.6983308925851475,1.2965079899940146,-0.3451454689628382,0.49268217876335796,1.4732012796277096,0.43030209548394094,0.9065766539509176,0.41369818995709984,0.33784481340117056,1.0422233518173714,0.7980479717563905,-1.2740310493992413,-1.2860490588430924
-1.1496219556365754,-1.2021320009188432,1.3723987253927767,-0.6906507481910259,-0.010684955964216718,-0.6991224441542135,-0.6983308925851475,1.2661768109873317,-0.22551426457499413,0.3521224812603307,1.3364181087994447,0.22745780058555776,0.6087765002730212,0.41369818995709984,0.4617648866110446,1.1816112731305422,0.9804462812661833,-1.2740310493992413,-1.2860490588430924
-1.1496219556365754,-1.2021320009188432,1.5168617489757383,-0.37626664469299137,-0.010684955964216718,-0.6991224441542135,-0.6983308925851475,1.1600179737235023,-0.6442234799324486,0.2468779662649884,1.2199735036640178,0.05540793557662558,0.3640919392087729,0.41369818995709984,0.5564753730596903,1.2639857422204868,1.0997250514511576,-1.0486280508658254,-1.0572882475122323
-1.1496219556365754,-1.2021320009188432,1.6613247725587,0.04575613073002935,-0.010684955964216718,-0.6991224441542135,-0.6983308925851475,1.0538594257192335,-0.7638546843202927,0.17829919167184588,1.1172474438800164,-0.09440344951656965,0.09229995405803865,0.41369818995709984,0.6187264196739957,1.2906341290859367,1.1946130526686445,-0.74576020937568,-0.7495302038035054
-1.1496219556365754,-1.0920541489066795,-1.6613247698494156,0.25092008959686896,-0.010684955964216718,0.35568284771951747,-0.6983308925851475,1.0538594257192335,-0.7638546843202927,0.1672646186020506,1.0310573197675814,-0.2023855564180594,-0.08104619130271656,0.41369818995709984,0.6758498023587175,1.3199575090269589,1.2616801908163127,0.0711783866151851,0.07185556352917521
-1.1496219556365754,-1.0920541489066795,-1.516861746266454,-0.7054689621240783,-0.010684955964216718,-0.6991224441542135,-0.6983308925851475,1.0538594257192335,-0.7638546843202927,0.16069110080641058,0.9634194850703602,-0.1971745847941365,-0.2028430364867551,0.41369818995709984,0.7131212833264111,1.268499712359755,1.2837213843315967,-1.2740310493992413,-1.2860490588430924
-1.1496219556365754,-1.0920541489066795,-1.3723987226834924,-0.7054689621240783,-0.010684955964216718,-0.6991224441542135,-0.6983308925851475,1.0538594257192335,-0.7638546843202927,0.13895708567482004,0.9154306894270049,-0.20904141547900978,-0.287598071720944,0.41369818995709984,0.737360534952507,1.235409742522712,1.292776416677554,-1.2740310493992413,-1.2860490588430924
-1.1496219556365754,-1.0920541489066795,-1.2279356991005308,-0.7054689621240783,-0.010684955964216718,-0.6991224441542135,-0.6983308925851475,0.8567073406949159,-0.4049610711567603,0.09663559143501607,0.8668815210596537,-0.2654934659980133,-0.3669364853584642,0.41369818995709984,0.7665706043173992,1.2420668911257773,1.3135879947053077,-1.2740310493992413,-1.2860490588430924
-1.1496219556365754,-1.0920541489066795,-1.0834726755175694,-0.5961891204744946,-0.010684955964216718,-0.6991224441542135,-0.6983308925851475,0.6443899554268178,0.013748144200694123,0.033065721009346065,0.8059109925634264,-0.3475639248621427,-0.46096685621221156,0.41369818995709984,0.8040100313601511,1.259010952138491,1.338904551012014,-1.2740310493992413,-1.2860490588430924
-1.1496219556365754,-1.0920541489066795,-0.9390096519346078,-0.6850475597784257,-0.010684955964216718,-0.6991224441542135,-0.6983308925851475,0.4472381596620609,0.4324573595581485,-0.04254143981344843,0.7356350303570155,-0.45507463190954617,-0.5662874453011204,0.41369818995709984,0.8502618013068276,1.2947754847803847,1.3754406443332452,-1.2740310493992413,-1.2860490588430924
-1.1496219556365754,-1.0920541489066795,-0.7945466283516462,0.20869926786842216,-0.010684955964216718,-0.6991224441542135,-0.6983308925851475,0.9628661779587454,-0.5245922755446044,-0.07160017458096635,0.7183418151730467,-0.5031574170263454,-0.6048360151595171,0.41369818995709984,0.8613621681815903,1.3062396178840603,1.3820433804407655,-0.5963983752878794,-0.6081070836769704
-1.1496219556365754,-1.0920541489066795,-0.6500836047686848,-0.7054689621240783,-0.010684955964216718,-0.6991224441542135,-0.6983308925851475,0.8112108614444523,0.07356374639461619,-0.00628173638102108,0.8267181822974902,-0.08245393205801396,-0.5499118075638235,0.41369818995709984,0.7852777701435122,1.0799275448717922,1.3576708151569146,-1.2740310493992413,-1.2860490588430924
-1.1496219556365754,-1.0920541489066795,-0.5056205811857232,-0.690799751758302,-0.010684955964216718,-0.6991224441542135,-0.6983308925851475,1.1145214944730386,-0.5245922755446044,0.23085923922192422,0.983501154451442,0.5097231678263703,-0.3706987734550976,0.41369818995709984,0.6689268527991996,0.7783649951054733,1.2571526746433341,-1.2740310493992413,-1.2860490588430924
-1.1496219556365754,-1.0920541489066795,-0.3611575576027617,-0.7054689621240783,-0.010684955964216718,-0.6991224441542135,-0.6983308925851475,1.4178321275016248,-1.2423795018716692,0.3916478724792966,1.2089460177541491,1.1840687572859507,-0.12495855811991964,0.41369818995709984,0.49165542714212157,0.44298230608772415,1.0951429242272699,-1.2740310493992413,-1.2860490588430924
-1.1496219556365754,-1.0920541489066795,-0.21669453401980013,-0.7054689621240783,-0.010684955964216718,-0.6991224441542135,-0.6983308925851475,1.7211427605302112,-1.8405355238108898,0.6286911851537629,1.4014728651971382,1.6904135763241392,0.09504515825424499,0.41369818995709984,0.3419676965023878,0.20552858787754552,0.9491814546207865,-1.2740310493992413,-1.2860490588430924
-1.1496219556365754,-1.0920541489066795,-0.0722315104368386,-0.7054689621240783,-0.010684955964216718,-0.6991224441542135,-0.6983308925851475,1.569487444015918,-1.2423795018716692,0.9095697674594581,1.5433600858238141,1.8236978359724438,0.2663822904036042,0.19986104570026464,0.2537878028344598,0.1669698771702235,0.8780791666003984,-1.2740310493992413,-1.2860490588430924
-1.1496219556365754,-1.0920541489066795,0.07223151314612293,-0.7054689621240783,-0.010684955964216718,-0.6991224441542135,-0.6983308925851475,1.7211427605302112,-1.4218263084534353,1.1592229696185699,1.672737726434335,1.6558581768935876,0.43141987486631156,0.13569644802759676,0.17200144250668464,0.24313360353066032,0.802544281614564,-1.2740310493992413,-1.2860490588430924
-1.1496219556365754,-1.0920541489066795,0.21669453672908448,-0.7054689621240783,-0.010684955964216718,-0.6991224441542135,-0.6983308925851475,1.569487444015918,-1.003117093095981,1.361192581409878,1.7786848707426652,1.4968395769288088,0.6762276934189051,0.41369818995709984,0.12359291678576728,0.34419128788962616,0.7189978254340691,-1.2740310493992413,-1.2860490588430924
-1.1496219556365754,-1.0920541489066795,0.361157560312046,-0.7054689621240783,-0.010684955964216718,-0.6991224441542135,-0.6983308925851475,1.569487444015918,-0.7040390821263706,1.4728748225948245,1.8934187158239788,1.4175651244324967,1.1727692274882535,0.41369818995709984,0.08164500631429335,0.43614164702193875,0.5424504832397201,-1.2740310493992413,-1.2860490588430924
-1.1496219556365754,-1.0920541489066795,0.5056205838950075,-0.7054689621240783,-0.010684955964216718,-0.6991224441542135,-0.6983308925851475,1.569487444015918,-1.003117093095981,1.4653654798886215,1.9566639058938065,1.3427804785030424,1.737509046010395,0.41369818995709984,0.04958805793569628,0.478276767966378,0.29875365290030054,-1.2740310493992413,-1.2860490588430924
-1.1496219556365754,-1.0920541489066795,0.6500836074779691,-0.7054689621240783,-0.010684955964216718,-0.6991224441542135,-0.6983308925851475,1.569487444015918,-0.7638546843202927,1.329437413322504,1.9909419195358167,1.2655919490500378,2.15085764485091,0.41369818995709984,0.04257848101849744,0.5414312590622288,0.15235551159706465,-1.2740310493992413,-1.2860490588430924
-1.1496219556365754,-1.0920541489066795,0.7945466310609306,-0.7054689621240783,-0.010684955964216718,-0.6991224441542135,-0.6983308925851475,1.569487444015918,-0.46477667335068235,1.1736262447967238,1.9660194484999645,1.1383600202588988,2.2364486509414263,0.41369818995709984,0.08142156081787949,0.639050004679597,0.15191363884784467,-1.2740310493992413,-1.2860490588430924
-1.1496219556365754,-1.0920541489066795,0.9390096546438922,-0.7054689621240783,-0.010684955964216718,-0.6991224441542135,-0.6983308925851475,1.4178321275016248,-0.22551426457499413,0.9339246274799585,1.8727343281730073,0.9263230019853504,1.9948254034142427,0.41369818995709984,0.17456889399895617,0.7927893907730765,0.2978718577965359,-1.2740310493992413,-1.2860490588430924
-1.1496219556365754,-1.0920541489066795,1.0834726782268538,-0.7054689621240783,-0.010684955964216718,-0.6991224441542135,-0.6983308925851475,1.2661768109873317,0.07356374639461619,0.6727104089310996,1.6800056336279239,0.6662458206432929,1.3999587715843145,0.41369818995709984,0.3227639315060591,0.9510593124286021,0.5891388142670364,-1.2740310493992413,-1.2860490588430924
-1.1496219556365754,-1.0920541489066795,1.2279357018098151,-0.7054689621240783,-0.010684955964216718,-0.6991224441542135,-0.6983308925851475,1.2661768109873317,0.07356374639461619,0.4931143037756693,1.5288503845232708,0.4498127643091245,0.973964960623156,0.41369818995709984,0.4567945514759122,1.104300660161944,0.8337661995771037,-1.2740310493992413,-1.2860490588430924
-1.1496219556365754,-1.0920541489066795,1.3723987253927767,-0.7054689621240783,-0.010684955964216718,-0.6991224441542135,-0.6983308925851475,1.2661768109873317,-0.7638546843202927,0.38184478880217193,1.4052747894593118,0.2715878169439519,0.6496334229573667,0.41369818995709984,0.5398617419278393,1.173575967406509,0.9757120232576205,-1.2740310493992413,-1.2860490588430924
-1.1496219556365754,-1.0920541489066795,1.5168617489757383,-0.7054689621240783,-0.010684955964216718,-0.6991224441542135,-0.6983308925851475,1.1448526734797215,-0.4049610711567603,0.26749956050575274,1.294687279080109,0.11377883070964032,0.3978426903711731,0.41369818995709984,0.6295608719299159,1.2533111558907657,1.1039123321085524,-1.2740310493992413,-1.2860490588430924
-1.1496219556365754,-1.0920541489066795,1.6613247725587,0.15433091654673795,-0.010684955964216718,-0.6991224441542135,-0.6983308925851475,1.0235282467125506,-0.5844078777385264,0.2033022392108133,1.1933212170783998,-0.026171517291204194,0.19526188114208232,0.41369818995709984,0.6951240274899845,1.2997623224425827,1.1847457892956756,-0.6620569764378768,-0.661683323325798
-1.1496219556365754,-0.9819762968945157,-1.6613247698494156,-0.02076042296949058,-0.010684955964216718,0.08715060422308252,-0.6983308925851475,0.8870385197015989,-0.2853298667689162,0.15394165595467477,1.0822241486302737,-0.1992605078374441,-0.008099558846528358,0.41369818995709984,0.7737324426905776,1.3763423357260718,1.2781657934542043,-0.2987905456064727,-0.30372182980212264
-1.1496219556365754,-0.9819762968945157,-1.516861746266454,-0.7054689621240783,-0.010684955964216718,-0.6991224441542135,-0.6983308925851475,0.7353832031873058,0.07356374639461619,0.1288483036530726,0.9804360426878223,-0.23906694361731104,-0.1772457262540772,0.41369818995709984,0.8496209036410877,1.3853053051256614,1.36292084420184,-1.2740310493992413,-1.2860490588430924
-1.1496219556365754,-0.9819762968945157,-1.3723987226834924,-0.6858947778001927,-0.010684955964216718,-0.6991224441542135,-0.6983308925851475,0.598893476176354,0.4324573595581485,0.05422713705341571,0.9034116119841209,-0.29745829733350493,-0.3046419830515141,0.41369818995709984,0.9008343218569453,1.3945462294113409,1.4137793357555122,-1.2740310493992413,-1.2860490588430924
-1.1496219556365754,-0.9819762968945157,-1.2279356991005308,-0.6901763775822,-0.010684955964216718,-0.6991224441542135,-0.6983308925851475,0.5533967076663298,0.4922729617520706,-0.032379812782455476,0.8221307481589848,-0.3874206546589918,-0.43366993421847366,0.41369818995709984,0.9616486573636394,1.4304105848606228,1.474549299628127,-1.2740310493992413,-1.2860490588430924
-1.1496219556365754,-0.9819762968945157,-1.0834726755175694,-0.6902116777490925,-0.010684955964216718,-0.6991224441542135,-0.6983308925851475,0.5230658179192075,0.5520885639459927,-0.11134497292692627,0.7499005390095707,-0.48580257140366495,-0.5446461135039041,0.41369818995709984,1.0162282361356236,1.474410499112048,1.527973210311405,-1.2740310493992413,-1.2860490588430924
-1.1496219556365754,-0.9819762968945157,-0.9390096519346078,-0.23994090704367146,-0.010684955964216718,-0.6991224441542135,-0.6983308925851475,0.47756904940918316,0.6717197683338367,-0.17417501322315923,0.6860992107703364,-0.5818854548635811,-0.639964399337912,0.41369818995709984,1.0655754259829446,1.5213134499214411,1.5761934680009262,-0.9469557904423035,-0.9537438147625416
-1.1496219556365754,-0.9819762968945157,-0.7945466283516462,-0.18564342236634251,-0.010684955964216718,-0.6991224441542135,-0.07538297132361696,0.47756904940918316,0.6717197683338367,-0.180296338281458,0.6524867279579586,-0.6399494712489086,-0.6809965656621497,0.41369818995709984,1.0912417366433727,1.5492130640450161,1.594453496372321,-0.4985255010595927,-0.510189576595291
-1.1496219556365754,-0.9819762968945157,-0.6500836047686848,-0.7054689621240783,-0.010684955964216718,-0.6991224441542135,-0.6983308925851475,0.9628661779587454,0.07356374639461619,-0.08189090397631857,0.788518265346607,-0.16418938162258476,-0.5361698553428015,0.41369818995709984,0.9867860344083662,1.280268907404975,1.5155695670184408,-1.2740310493992413,-1.2860490588430924
-1.1496219556365754,-0.9819762968945157,-0.5056205811857232,-0.6908066463988001,-0.010684955964216718,-0.6991224441542135,-0.6983308925851475,1.2661768109873317,-0.5245922755446044,0.1830846751673184,0.9584671734780692,0.44566052436472264,-0.30692853523326563,0.41369818995709984,0.859345850073562,0.9611569057207902,1.389495621784648,-1.2740310493992413,-1.2860490588430924
-1.1496219556365754,-0.9819762968945157,-0.3611575576027617,-0.7054689621240783,-0.010684955964216718,-0.6991224441542135,-0.6983308925851475,1.4178321275016248,-0.7638546843202927,0.33441739639058404,1.1731245089643063,1.1040356323300784,-0.062680825539275,0.41369818995709984,0.7031193223908232,0.6485755530475493,1.2611990934630668,-1.2740310493992413,-1.2860490588430924
-1.1496219556365754,-0.9819762968945157,-0.21669453401980013,-0.7054689621240783,-0.010684955964216718,-0.6991224441542135,-0.6983308925851475,1.569487444015918,-1.003117093095981,0.563337962897099,1.3587589130539657,1.563439084704671,0.14618779256805386,0.41369818995709984,0.5710046389668946,0.44724069541842065,1.1523315300549564,-1.2740310493992413,-1.2860490588430924
-1.1496219556365754,-0.9819762968945157,-0.0722315104368386,-0.7054689621240783,-0.010684955964216718,-0.6991224441542135,-0.6983308925851475,1.8727980770445043,-1.4218263084534353,0.877966445158144,1.5586136572138936,1.7387197009739777,0.37465686678122256,0.28907304822258145,0.4325929429356053,0.378319716113012,1.0357074637336137,-1.2740310493992413,-1.2860490588430924
-1.1496219556365754,-0.9819762968945157,0.07223151314612293,-0.7054689621240783,-0.010684955964216718,-0.6991224441542135,-0.6983308925851475,1.8727980770445043,-1.182563899677747,1.139052899190979,1.7130866798393334,1.620843311782471,0.5554714097521213,0.30663980910900673,0.3370301784164047,0.4496779639203637,0.9625013499901125,-1.2740310493992413,-1.2860490588430924
-1.1496219556365754,-0.9819762968945157,0.21669453672908448,-0.7054689621240783,-0.010684955964216718,-0.6991224441542135,-0.6983308925851475,1.8727980770445043,-1.182563899677747,1.3682035756111708,1.8511268076215488,1.5218007532893045,0.8279442457908579,0.41369818995709984,0.2608405727795831,0.5236595723167077,0.8542635473516113,-1.2740310493992413,-1.2860490588430924
-1.1496219556365754,-0.9819762968945157,0.361157560312046,-0.7054689621240783,-0.010684955964216718,-0.6991224441542135,-0.6983308925851475,1.7211427605302112,-0.7040390821263706,1.4851315201189428,1.9561120022789895,1.4469044375933307,1.309618579004087,0.41369818995709984,0.22357488305585702,0.6131132855875101,0.6733325847692185,-1.2740310493992413,-1.2860490588430924
-1.1496219556365754,-0.9819762968945157,0.5056205838950075,-0.7054689621240783,-0.010684955964216718,-0.6991224441542135,-0.6983308925851475,1.8727980770445043,-0.7040390821263706,1.5162518791712032,2.017012660624492,1.3856753079019952,1.9573484190667658,0.41369818995709984,0.21377465045180477,0.692877732480829,0.42329133726149887,-1.2740310493992413,-1.2860490588430924
-1.1496219556365754,-0.9819762968945157,0.6500836074779691,-0.7054689621240783,-0.010684955964216718,-0.6991224441542135,-0.6983308925851475,1.569487444015918,-0.22551426457499413,1.347255546376586,2.017306256409356,1.2733772923906705,2.513950727899175,0.41369818995709984,0.25305424526523934,0.8108323632085042,0.2411684668219654,-1.2740310493992413,-1.2860490588430924
-1.1496219556365754,-0.9819762968945157,0.7945466310609306,-0.7054689621240783,-0.010684955964216718,-0.6991224441542135,-0.6983308925851475,1.7211427605302112,-0.16569866238107206,1.193031734900674,2.005277298339097,1.1579968503470204,2.8011649918467403,0.41369818995709984,0.2907764780550724,0.9207682536349239,0.1672816653367773,-1.2740310493992413,-1.2860490588430924
-1.1496219556365754,-0.9819762968945157,0.9390096546438922,-0.7054689621240783,-0.010684955964216718,-0.6991224441542135,-0.6983308925851475,1.569487444015918,0.07356374639461619,1.00899129757528,1.9281709995800007,0.9659112128779731,2.443117919443792,0.41369818995709984,0.3714161720772767,1.0629387357040423,0.3519563021431892,-1.2740310493992413,-1.2860490588430924
-1.1496219556365754,-0.9819762968945157,1.0834726782268538,-0.7054689621240783,-0.010684955964216718,-0.6991224441542135,-0.6983308925851475,1.4178321275016248,0.4324573595581485,0.7257694739102557,1.7468727793898762,0.720535228432067,1.7657777736435352,0.41369818995709984,0.5302062904229753,1.2422110318174802,0.7008468024539728,-1.2740310493992413,-1.2860490588430924
-1.1496219556365754,-0.9819762968945157,1.2279357018098151,-0.7054689621240783,-0.010684955964216718,-0.6991224441542135,-0.6983308925851475,1.2661768109873317,0.7315353705277589,0.5356866445783475,1.5910270553183758,0.5015891761307263,1.2623883218373457,0.41369818995709984,0.6853739856669842,1.4236166101681202,1.0062742743988629,-1.2740310493992413,-1.2860490588430924
-1.1496219556365754,-0.9819762968945157,1.3723987253927767,-0.7054689621240783,-0.010684955964216718,-0.6991224441542135,-0.6983308925851475,1.4178321275016248,0.07356374639461619,0.4351199162874837,1.4707438264476673,0.33272232568808363,0.8899838482579648,0.41369818995709984,0.7943116281291946,1.5429457407156308,1.2273931192662462,-1.2740310493992413,-1.2860490588430924
-1.1496219556365754,-0.9819762968945157,1.5168617489757383,-0.7054689621240783,-0.010684955964216718,-0.6991224441542135,-0.6983308925851475,1.4178321275016248,0.4324573595581485,0.3373660141216496,1.3738148718965404,0.19711345952604808,0.6178220906421947,0.41369818995709984,0.9337155572935875,1.714434869747835,1.4686083974470991,-1.2740310493992413,-1.2860490588430924
-1.1496219556365754,-0.9819762968945157,1.6613247725587,-0.7054689621240783,-0.010684955964216718,-0.6991224441542135,-0.6983308925851475,1.2661768109873317,0.4324573595581485,0.26336226452874717,1.276107465060064,0.06458105280957734,0.3939470829504111,0.41369818995709984,1.0436898324259858,1.8282982713201168,1.633901312233287,-1.2740310493992413,-1.2860490588430924
-1.1496219556365754,-0.8718984448823519,-1.6613247698494156,0.18664691371425887,-0.010684955964216718,-0.6991224441542135,-0.6983308925851475,1.2661768109873317,0.4324573595581485,0.1962691705119877,1.1985791223602251,-0.04268841344450531,0.22456781634721615,0.41369818995709984,1.1442248624949747,1.9364188495725234,1.7783570771504225,-0.6369606683908334,-0.6350451428377212
-1.1496219556365754,-0.8718984448823519,-1.516861746266454,-0.7054689621240783,-0.010684955964216718,-0.6991224441542135,-0.6983308925851475,1.190349152730185,0.3726417573642265,0.18032603189986962,1.1112153208674311,-0.15445194847027474,0.05605889853927538,0.41369818995709984,1.2446556501725479,2.0300836223946574,1.9075070114977164,-1.2740310493992413,-1.2860490588430924
-1.1496219556365754,-0.8718984448823519,-1.3723987226834924,-0.6875420123976171,-0.010684955964216718,-0.6991224441542135,-0.6983308925851475,1.1145214944730386,0.3726417573642265,0.12455180372416286,1.0434596244008052,-0.2459913215824878,-0.07184380399258684,0.41369818995709984,1.3181610142304194,2.0935042359317566,1.9947776379554771,-1.2740310493992413,-1.2860490588430924
-1.1496219556365754,-0.8718984448823519,-1.2279356991005308,-0.6902958332908989,-0.010684955964216718,-0.6991224441542135,-0.6983308925851475,1.1145214944730386,0.7315353705277589,0.0582145940168644,0.974392627529665,-0.33780518068568777,-0.19511806206413781,0.41369818995709984,1.3941083528279328,2.167180782386556,2.0897250178553017,-1.2740310493992413,-1.2860490588430924
-1.1496219556365754,-0.8718984448823519,-1.0834726755175694,-0.6903444868304334,-0.010684955964216718,-0.6991224441542135,-0.6983308925851475,0.9628661779587454,0.3726417573642265,-0.012781003594050341,0.9040404433406453,-0.4303257133495343,-0.31172132301137057,0.41369818995709984,1.461815716466979,2.2240905393659007,2.163691785522178,-1.2740310493992413,-1.2860490588430924
-1.1496219556365754,-0.8718984448823519,-0.9390096519346078,-0.6904190005279653,-0.010684955964216718,-0.6991224441542135,-0.6983308925851475,0.9628661779587454,1.0904289836912913,-0.07357885226891824,0.8452055418756668,-0.5082200639222195,-0.40838705635402345,0.41369818995709984,1.5269710719310006,2.2858318062769807,2.239043766829571,-1.2740310493992413,-1.2860490588430924
-1.1496219556365754,-0.8718984448823519,-0.7945466283516462,-0.6495688821074227,-0.010684955964216718,-0.6991224441542135,-0.6983308925851475,0.9628661779587454,1.0904289836912913,-0.10738828647519016,0.8083698572616652,-0.5589957100499745,-0.47392063129687617,0.41369818995709984,1.5654669183941627,2.3271644723258205,2.2913282136014224,-1.2441746095504682,-1.2566796945397265
-1.1496219556365754,-0.8718984448823519,-0.6500836047686848,-0.6307701927622208,-0.010684955964216718,-0.6991224441542135,-0.6983308925851475,1.2661768109873317,0.4324573595581485,0.009282791152198851,0.9337260825304625,-0.0471850395390895,-0.3933043645148787,0.41369818995709984,1.4822438469587764,2.0030574578357294,2.262642675558878,-1.2304699825330405,-1.242498180972111
-1.1496219556365754,-0.8718984448823519,-0.5056205811857232,-0.690816163497597,-0.010684955964216718,-0.6991224441542135,-0.6983308925851475,1.7211427605302112,-0.46477667335068235,0.2445387384506653,1.113655835829116,0.7660692150611303,-0.1930939560990669,0.41369818995709984,1.3482706568249345,1.5136554916201643,2.142706405657801,-1.2740310493992413,-1.2860490588430924
-1.1496219556365754,-0.8718984448823519,-0.3611575576027617,-0.7054689621240783,-0.010684955964216718,-0.6991224441542135,-0.6983308925851475,1.7818048292840163,-0.5245922755446044,0.3873721091995845,1.3104165321023964,1.5593925474400283,0.015237192280171454,0.41369818995709984,1.1953871247224523,1.0855197734391422,2.0152125731003743,-1.2740310493992413,-1.2860490588430924
-1.1496219556365754,-0.8718984448823519,-0.21669453401980013,-0.7054689621240783,-0.010684955964216718,-0.6991224441542135,-0.6983308925851475,1.8424668980378214,-0.5245922755446044,0.6353449738495227,1.4880596259227794,2.031267211144245,0.21161739520781264,0.41369818995709984,1.070902405225744,0.867523542661326,1.9109349384948529,-1.2740310493992413,-1.2860490588430924
-1.1496219556365754,-0.8718984448823519,-0.0722315104368386,-0.7054689621240783,-0.010684955964216718,-0.6991224441542135,-0.6983308925851475,1.9031292560511872,-0.5844078777385264,0.9091523587788354,1.6380644876973152,2.097272567566946,0.38939494074478975,0.41369818995709984,0.9736625929742798,0.8571720896434523,1.822182445504887,-1.2740310493992413,-1.2860490588430924
-1.1496219556365754,-0.8718984448823519,0.07223151314612293,-0.7054689621240783,-0.010684955964216718,-0.6991224441542135,-0.6983308925851475,2.0244533935587974,-0.9433014909020588,1.1497289289069061,1.745942588898407,1.8881244717264871,0.530053535590912,0.4120111257414338,0.9011663531777503,0.9655861125279226,1.7369181250364731,-1.2740310493992413,-1.2860490588430924
-1.1496219556365754,-0.8718984448823519,0.21669453672908448,-0.7054689621240783,-0.010684955964216718,-0.6991224441542135,-0.6983308925851475,1.8727980770445043,-0.46477667335068235,1.330486286417402,1.8309886775126085,1.6583524191595125,0.7366976495038194,0.41369818995709984,0.8758764733752118,1.124568562498254,1.653491076352212,-1.2740310493992413,-1.2860490588430924
-1.1496219556365754,-0.8718984448823519,0.361157560312046,-0.7054689621240783,-0.010684955964216718,-0.6991224441542135,-0.6983308925851475,1.7211427605302112,-0.16569866238107206,1.5627788996531145,1.9031567798613784,1.4989050413889373,1.2761688444288701,0.41369818995709984,0.8732564180835686,1.2643041425543977,1.3877428671030927,-1.2740310493992413,-1.2860490588430924
-1.1496219556365754,-0.8718984448823519,0.5056205838950075,-0.7054689621240783,-0.010684955964216718,-0.6991224441542135,-0.6983308925851475,1.7211427605302112,-0.2853298667689162,1.4966182859260795,1.9638153628361872,1.403754728345604,1.9595636999117192,0.41369818995709984,0.8483318692546483,1.3311479899517598,1.0247557809211663,-1.2740310493992413,-1.2860490588430924
-1.1496219556365754,-0.8718984448823519,0.6500836074779691,-0.7054689621240783,-0.010684955964216718,-0.6991224441542135,-0.6983308925851475,1.7211427605302112,-0.16569866238107206,1.3529848818726333,2.0018536609535755,1.3161076006832244,2.5243370578864717,0.41369818995709984,0.8756293802992638,1.433403978270106,0.7863343347574512,-1.2740310493992413,-1.2860490588430924
-1.1496219556365754,-0.8718984448823519,0.7945466310609306,-0.7054689621240783,-0.010684955964216718,-0.6991224441542135,-0.6983308925851475,1.569487444015918,-0.22551426457499413,1.194168905985704,1.9858569252330582,1.182337449684415,2.705689909071776,0.41369818995709984,0.8881128892749383,1.4947450934101905,0.6856480268807542,-1.2740310493992413,-1.2860490588430924
-1.1496219556365754,-0.8718984448823519,0.9390096546438922,-0.7054689621240783,-0.010684955964216718,-0.6991224441542135,-0.6983308925851475,1.4178321275016248,0.07356374639461619,0.9602427799325546,1.9033685075908477,0.9731714525836743,2.3537755255787407,0.41369818995709984,0.9678250190550098,1.614490726016114,0.853045634232133,-1.2740310493992413,-1.2860490588430924
-1.1496219556365754,-0.8718984448823519,1.0834726782268538,-0.7054689621240783,-0.010684955964216718,-0.6991224441542135,-0.6983308925851475,1.4178321275016248,0.07356374639461619,0.7066589793642458,1.7297193045073573,0.7312649028685658,1.6955905996509129,0.41369818995709984,1.12078383732907,1.761110207345554,1.1963324339301997,-1.2740310493992413,-1.2860490588430924
-1.1496219556365754,-0.8718984448823519,1.2279357018098151,-0.7054689621240783,-0.010684955964216718,-0.6991224441542135,-0.6983308925851475,1.3875009484949419,0.1931949507824603,0.5426635236470893,1.583018806830742,0.5196754161020614,1.210544712963968,0.41369818995709984,1.252843503935307,1.8990920039408592,1.476719005349162,-1.2740310493992413,-1.2860490588430924
-1.1496219556365754,-0.8718984448823519,1.3723987253927767,-0.7054689621240783,-0.010684955964216718,-0.6991224441542135,-0.6983308925851475,1.4026665379982834,0.1931949507824603,0.43468444665433403,1.4643715275497342,0.3489868993155085,0.851150193052375,0.41369818995709984,1.3735890102436468,2.0202996964584434,1.7047998923653638,-1.2740310493992413,-1.2860490588430924
-1.1496219556365754,-0.8718984448823519,1.5168617489757383,-0.7054689621240783,-0.010684955964216718,-0.6991224441542135,-0.6983308925851475,1.4178321275016248,0.07356374639461619,0.33665427880725446,1.369648070180581,0.21278217691838022,0.5913276000521739,0.41369818995709984,1.4768314468674557,2.108386439647037,1.8680700311627243,-1.2740310493992413,-1.2860490588430924
-1.1496219556365754,-0.8718984448823519,1.6613247725587,-0.7054689621240783,-0.010684955964216718,-0.6991224441542135,-0.6983308925851475,1.4178321275016248,0.07356374639461619,0.2776752349442666,1.2878936420005316,0.09846387631811432,0.3936334890684987,0.41369818995709984,1.5679870747273663,2.189094470232608,2.0016616643172824,-1.2740310493992413,-1.2860490588430924
-1.1496219556365754,-0.7618205928701882,-1.6613247698494156,-0.7054689621240783,-0.010684955964216718,-0.6991224441542135,-0.6983308925851475,1.2661768109873317,0.4324573595581485,0.1911445424635092,1.2072140849270887,-0.016894402260425087,0.22099670313046513,0.41369818995709984,1.664273744742508,2.269125684973257,2.1193112048168055,-1.2740310493992413,-1.2860490588430924
-1.1496219556365754,-0.7618205928701882,-1.516861746266454,-0.7054689621240783,-0.010684955964216718,-0.6991224441542135,-0.6983308925851475,1.1145214944730386,0.7315353705277589,0.11183689314519413,1.1231370035547592,-0.13306846684323315,0.06529817924727714,0.41369818995709984,1.7555254107315466,2.350942092937415,2.227925650338163,-1.2740310493992413,-1.2860490588430924
-1.1496219556365754,-0.7618205928701882,-1.3723987226834924,-0.7054689621240783,-0.010684955964216718,-0.6991224441542135,-0.6983308925851475,1.1448526734797215,0.6119041661399147,0.051288553184865124,1.057099124733229,-0.22479963917275073,-0.058089274476835775,0.41369818995709984,1.819120025946319,2.407749445485042,2.3071875228380163,-1.2740310493992413,-1.2860490588430924
-1.1496219556365754,-0.7618205928701882,-1.2279356991005308,-0.692850637491828,-0.010684955964216718,-0.6991224441542135,-0.6983308925851475,1.1145214944730386,0.7315353705277589,-0.006156647561667799,0.9955823386949705,-0.3094095196739922,-0.16752096196953192,0.41369818995709984,1.8846305777070156,2.467393572899526,2.3848778106506,-1.2740310493992413,-1.2860490588430924
-1.1496219556365754,-0.7618205928701882,-1.0834726755175694,-0.690558461767022,-0.010684955964216718,-0.6991224441542135,-0.6983308925851475,1.008362657209209,0.7913509727216809,-0.06950644193617615,0.9246246131996678,-0.404633142640384,-0.28992906367740506,0.41369818995709984,1.956399051178292,2.5292269177450075,2.4671671291075907,-1.2740310493992413,-1.2860490588430924
-1.1496219556365754,-0.7618205928701882,-0.9390096519346078,-0.690584050007911,-0.010684955964216718,-0.6991224441542135,-0.6983308925851475,0.9022041092049403,1.030613381497369,-0.1306775502966009,0.8558773252000267,-0.4958988822025759,-0.4008155249271012,0.41369818995709984,2.0250783785965556,2.585355303094106,2.538651694484342,-1.2740310493992413,-1.2860490588430924
-1.1496219556365754,-0.7618205928701882,-0.7945466283516462,-0.6905990194652234,-0.010684955964216718,-0.6991224441542135,-0.6983308925851475,1.1751835632268437,0.6119041661399147,-0.13929663819695928,0.8350581375612929,-0.5275235895927141,-0.4482034175211141,0.41369818995709984,2.0532706368341542,2.607549957721298,2.5730891631349273,-1.2740310493992413,-1.2860490588430924
-1.1496219556365754,-0.7618205928701882,-0.6500836047686848,-0.6908179337620712,-0.010684955964216718,-0.6991224441542135,-0.6983308925851475,1.4481633065083077,0.1931949507824603,-0.011572926547248072,0.9647547812842144,-0.027748533077930407,-0.3569870067414255,0.41369818995709984,1.9419585843452567,2.26000566676032,2.5196106414007406,-1.2740310493992413,-1.2860490588430924
-1.1496219556365754,-0.7618205928701882,-0.5056205811857232,-0.6908168320772915,-0.010684955964216718,-0.6991224441542135,-0.6983308925851475,1.7211427605302112,-0.16569866238107206,0.22177324225253595,1.1387328681074809,0.7239185666253191,-0.16079127080314456,0.41369818995709984,1.8020440605043935,1.7949380914699713,2.409794319338346,-1.2740310493992413,-1.2860490588430924
-1.1496219556365754,-0.7618205928701882,-0.3611575576027617,-0.7054689621240783,-0.010684955964216718,-0.6991224441542135,-0.6983308925851475,1.8727980770445043,-0.46477667335068235,0.3730317128931908,1.3392884310519526,1.4706542953414272,0.04758683280974911,0.41369818995709984,1.6350327887431222,1.3696610919626027,2.2811246155022205,-1.2740310493992413,-1.2860490588430924
-1.1496219556365754,-0.7618205928701882,-0.21669453401980013,-0.7054689621240783,-0.010684955964216718,-0.6991224441542135,-0.6983308925851475,2.1761087100730907,-0.9433014909020588,0.6380681641360852,1.5404107185523044,1.9466709696984563,0.26770206786384515,0.41369818995709984,1.455684236916357,1.1126810430046212,2.1289015121458785,-1.2740310493992413,-1.2860490588430924
-1.1496219556365754,-0.7618205928701882,-0.0722315104368386,-0.7054689621240783,-0.010684955964216718,-0.6991224441542135,-0.6983308925851475,1.9637913248049923,-0.6442234799324486,0.9333339674399107,1.7259145572087908,2.057143909102008,0.4873125341561464,0.41369818995709984,1.314163608081832,1.0710927961472099,1.9991573575541703,-1.2740310493992413,-1.2860490588430924
-1.1496219556365754,-0.7618205928701882,0.07223151314612293,-0.7054689621240783,-0.010684955964216718,-0.6991224441542135,-0.6983308925851475,2.0244533935587974,-0.7040390821263706,1.2375854290879746,1.8653760838148448,1.8991141406575545,0.6639992089969523,0.41369818995709984,1.2127005311670465,1.169505176110387,1.9002134022540935,-1.2740310493992413,-1.2860490588430924
-1.1496219556365754,-0.7618205928701882,0.21669453672908448,-0.7054689621240783,-0.010684955964216718,-0.6991224441542135,-0.6983308925851475,1.9789569143083336,-0.7638546843202927,1.4084674591112383,1.927857642540386,1.6910529070484877,0.8627707748957543,0.41369818995709984,1.1764430004973345,1.2893420261092687,1.7798068705257446,-1.2740310493992413,-1.2860490588430924
-1.1496219556365754,-0.7618205928701882,0.361157560312046,-0.7054689621240783,-0.010684955964216718,-0.6991224441542135,-0.6983308925851475,1.9334601457983094,-0.7040390821263706,1.6207786385346412,1.9916328576929856,1.5476962049483145,1.3950561420989087,0.41369818995709984,1.1341756064003186,1.369183921732458,1.4540861921156973,-1.2740310493992413,-1.2860490588430924
-1.1496219556365754,-0.7618205928701882,0.5056205838950075,-0.7054689621240783,-0.010684955964216718,-0.6991224441542135,-0.6983308925851475,1.8727980770445043,-0.7040390821263706,1.5499268596197744,2.042424928474517,1.4549872828310269,2.0692460948126823,0.41369818995709984,1.0907750589003227,1.4073213974034302,1.064228735202392,-1.2740310493992413,-1.2860490588430924
-1.1496219556365754,-0.7618205928701882,0.6500836074779691,-0.7054689621240783,-0.010684955964216718,-0.6991224441542135,-0.6983308925851475,1.8727980770445043,-0.46477667335068235,1.410141107378735,2.076456632191244,1.373146130586697,2.6401026710047457,0.41369818995709984,1.0861068336588295,1.4759409720684273,0.7936127742647104,-1.2740310493992413,-1.2860490588430924
-1.1496219556365754,-0.7618205928701882,0.7945466310609306,-0.7054689621240783,-0.010684955964216718,-0.6991224441542135,-0.6983308925851475,1.569487444015918,-0.22551426457499413,1.2367057938074957,2.0453432423457043,1.2275790490622098,2.7972727383712392,0.41369818995709984,1.103135986545351,1.5383947672943137,0.6991685961911188,-1.2740310493992413,-1.2860490588430924
-1.1496219556365754,-0.7618205928701882,0.9390096546438922,-0.7054689621240783,-0.010684955964216718,-0.6991224441542135,-0.6983308925851475,1.569487444015918,-0.22551426457499413,1.0085999769371963,1.9659404034809627,1.028808569539375,2.440844783043085,0.41369818995709984,1.1702449216410857,1.645053715905781,0.8625982339308167,-1.2740310493992413,-1.2860490588430924
-1.1496219556365754,-0.7618205928701882,1.0834726782268538,-0.7054689621240783,-0.010684955964216718,-0.6991224441542135,-0.6983308925851475,1.4178321275016248,0.07356374639461619,0.7409828162554518,1.7807372182003227,0.7757802225435007,1.7741894683583617,0.41369818995709984,1.3270983514833097,1.7976625656785163,1.2092743861535524,-1.2740310493992413,-1.2860490588430924
-1.1496219556365754,-0.7618205928701882,1.2279357018098151,-0.7054689621240783,-0.010684955964216718,-0.6991224441542135,-0.6983308925851475,1.2661768109873317,0.4324573595581485,0.5620241958318057,1.618234774314302,0.548978074301366,1.2766442661696304,0.41369818995709984,1.4621284436412256,1.939505181457851,1.4911813985771871,-1.2740310493992413,-1.2860490588430924
-1.1496219556365754,-0.7618205928701882,1.3723987253927767,-0.7054689621240783,-0.010684955964216718,-0.6991224441542135,-0.6983308925851475,1.569487444015918,-0.46477667335068235,0.4713180786964859,1.5102049349070903,0.3913608872843589,0.924775999423935,0.41369818995709984,1.5529153623018699,2.025264590313845,1.6890727765456526,-1.2740310493992413,-1.2860490588430924
-1.1496219556365754,-0.7618205928701882,1.5168617489757383,-0.7054689621240783,-0.010684955964216718,-0.6991224441542135,-0.6983308925851475,1.569487444015918,-0.46477667335068235,0.3768827093264359,1.4180624385601701,0.2601446494190802,0.6649701761500394,0.41369818995709984,1.6275982792998058,2.084761565141575,1.8275083232316305,-1.2740310493992413,-1.2860490588430924
-1.1496219556365754,-0.7618205928701882,1.6613247725587,-0.7054689621240783,-0.010684955964216718,-0.6991224441542135,-0.6983308925851475,1.5239909647654544,0.07356374639461619,0.31779998221746003,1.335924783189781,0.14752952586847862,0.46371165984013535,0.41369818995709984,1.7150306198922587,2.176836917918484,1.974766588586683,-1.2740310493992413,-1.2860490588430924
-1.1496219556365754,-0.6517427408580244,-1.6613247698494156,-0.7054689621240783,-0.010684955964216718,-0.6991224441542135,-0.6983308925851475,1.4633286067520885,0.1931949507824603,0.24220753772635417,1.26394864731573,0.04713414356259066,0.3017504816681675,0.41369818995709984,1.800115576263206,2.266651628324626,2.1043326071313784,-1.2740310493992413,-1.2860490588430924
-1.1496219556365754,-0.6517427408580244,-1.516861746266454,-0.7054689621240783,-0.010684955964216718,-0.6991224441542135,-0.6983308925851475,1.4178321275016248,-0.22551426457499413,0.1798310280157978,1.1968853005244695,-0.04451093222938133,0.1636786171046649,0.41369818995709984,1.8491220479237709,2.290693435159222,2.1607410550889363,-1.2740310493992413,-1.2860490588430924
-1.1496219556365754,-0.6517427408580244,-1.3723987226834924,-0.7054689621240783,-0.010684955964216718,-0.6991224441542135,-0.6983308925851475,1.3268388797411368,0.6119041661399147,0.11602970982811585,1.1294189652881186,-0.13732385214449652,0.036809768199535235,0.41369818995709984,1.9267054129421113,2.369050896793232,2.2625377876674495,-1.2740310493992413,-1.2860490588430924
-1.1496219556365754,-0.6517427408580244,-1.2279356991005308,-0.7054689621240783,-0.010684955964216718,-0.6991224441542135,-0.6983308925851475,1.2661768109873317,0.7315353705277589,0.0564553234559065,1.0663650359339116,-0.22331724433322808,-0.07559686873975227,0.41369818995709984,2.010528843335465,2.4649096200243,2.3769483727428224,-1.2740310493992413,-1.2860490588430924
-1.1496219556365754,-0.6517427408580244,-1.0834726755175694,-0.7054689621240783,-0.010684955964216718,-0.6991224441542135,-0.6983308925851475,1.2661768109873317,0.7315353705277589,0.008311513260749852,1.014968835364294,-0.2927460036745739,-0.16705224811929387,0.41369818995709984,2.084275509225317,2.547722104708733,2.4758442183075746,-1.2740310493992413,-1.2860490588430924
-1.1496219556365754,-0.6517427408580244,-0.9390096519346078,-0.7054689621240783,-0.010684955964216718,-0.6991224441542135,-0.6983308925851475,1.2661768109873317,0.7315353705277589,-0.03489095410786839,0.9684240228359206,-0.35517281292285524,-0.2472794572510043,0.41369818995709984,2.147922728239461,2.6184672167379452,2.5600865319661206,-1.2740310493992413,-1.2860490588430924
-1.1496219556365754,-0.6517427408580244,-0.7945466283516462,-0.7054689621240783,-0.010684955964216718,-0.6991224441542135,-0.6983308925851475,1.2661768109873317,0.7315353705277589,-0.0456900658706457,0.943808557007799,-0.38904455469883686,-0.2938624029823544,0.41369818995709984,2.1895612897623358,2.664093984587366,2.615518482322901,-1.2740310493992413,-1.2860490588430924
-1.1496219556365754,-0.6517427408580244,-0.6500836047686848,-0.690850945059695,-0.010684955964216718,-0.6991224441542135,-0.6983308925851475,1.569487444015918,0.07356374639461619,0.07262188274002457,1.068203538384805,0.10131955355353746,-0.211935582089584,0.41369818995709984,2.0918523867495016,2.33163584566366,2.580636757107381,-1.2740310493992413,-1.2860490588430924
-1.1496219556365754,-0.6517427408580244,-0.5056205811857232,-0.6908178720901498,-0.010684955964216718,-0.6991224441542135,-0.6983308925851475,1.918294556294968,-0.6442234799324486,0.3059031658955451,1.2356434729220538,0.8838995724404838,-0.03229408147375325,0.41369818995709984,1.9304885430639,1.806969751655307,2.4430957914458173,-1.2740310493992413,-1.2860490588430924
-1.1496219556365754,-0.6517427408580244,-0.3611575576027617,-0.7054689621240783,-0.010684955964216718,-0.6991224441542135,-0.6983308925851475,2.3277640265873836,-1.3620107062595133,0.4692270217483664,1.4584607951020447,1.6960746367780035,0.20848229487500397,0.41369818995709984,1.7127083310612792,1.3110379969702408,2.249342717557344,-1.2740310493992413,-1.2860490588430924
-1.1496219556365754,-0.6517427408580244,-0.21669453401980013,-0.7054689621240783,-0.010684955964216718,-0.6991224441542135,-0.6983308925851475,2.63107465961597,-1.7807199216169676,0.7435628567701341,1.668071953035926,2.1983550172912674,0.4476856708963076,0.41369818995709984,1.514871715471839,1.0278690902773728,2.0639152284062585,-1.2740310493992413,-1.2860490588430924
-1.1496219556365754,-0.6517427408580244,-0.0722315104368386,-0.7054689621240783,-0.010684955964216718,-0.6991224441542135,-0.6983308925851475,2.9343852926445564,-2.259244739168344,1.06118143006064,1.8565124553001542,2.3386130964807648,0.6782249678218872,0.12300134830208223,1.3286031097075395,0.9192257330983424,1.8631723734224737,-1.2740310493992413,-1.2860490588430924
-1.1496219556365754,-0.6517427408580244,0.07223151314612293,-0.7054689621240783,-0.010684955964216718,-0.6991224441542135,-0.6983308925851475,2.9343852926445564,-2.4386915457501104,1.3467297719808016,2.0007265636736995,2.1713599167863777,0.8569885732656264,0.3190283826039356,1.1755468054933593,0.9424805747833129,1.676237012476845,-1.2740310493992413,-1.2860490588430924
-1.1496219556365754,-0.6517427408580244,0.21669453672908448,-0.7054689621240783,-0.010684955964216718,-0.6991224441542135,-0.6983308925851475,2.9343852926445564,-2.259244739168344,1.6146840704430492,2.162957290306901,2.0441169062626834,1.1676242754577337,0.41369818995709984,1.0277450899723846,0.9764736828647868,1.4529792347821928,-1.2740310493992413,-1.2860490588430924
-1.1496219556365754,-0.6517427408580244,0.361157560312046,-0.7054689621240783,-0.010684955964216718,-0.6991224441542135,-0.6983308925851475,2.9343852926445564,-2.259244739168344,1.7872196810087797,2.320877240368104,2.0161994646328005,1.7148003211338352,0.41369818995709984,0.8822791761849799,0.9570697641372511,1.1082274719724405,-1.2740310493992413,-1.2860490588430924
-1.1496219556365754,-0.6517427408580244,0.5056205838950075,-0.7054689621240783,-0.010684955964216718,-0.6991224441542135,-0.6983308925851475,2.9343852926445564,-2.4386915457501104,1.832460360316272,2.425283712564995,1.9709885531297744,2.2370582304926305,0.41369818995709984,0.7852473661126826,0.9446452667831851,0.8037578605236527,-1.2740310493992413,-1.2860490588430924
-1.1496219556365754,-0.6517427408580244,0.6500836074779691,-0.7054689621240783,-0.010684955964216718,-0.6991224441542135,-0.6983308925851475,2.3277640265873836,-1.3021951040655912,1.675765542965007,2.4330696469366857,1.8577255744451664,2.4424446149326275,0.41369818995709984,0.794516734686378,1.0336915136807259,0.7334014901113153,-1.2740310493992413,-1.2860490588430924
-1.1496219556365754,-0.6517427408580244,0.7945466310609306,-0.7054689621240783,-0.010684955964216718,-0.6991224441542135,-0.6983308925851475,1.7211427605302112,-0.16569866238107206,1.3619417764776625,2.294062629189893,1.5868360318929275,2.1727790310774275,0.41369818995709984,0.9395048708464614,1.2495536016798965,0.9339787782582172,-1.2740310493992413,-1.2860490588430924
-1.1496219556365754,-0.6517427408580244,0.9390096546438922,-0.7054689621240783,-0.010684955964216718,-0.6991224441542135,-0.6983308925851475,1.4178321275016248,-0.22551426457499413,1.0188512398066563,2.074859499351946,1.2448281920051314,1.6251233712289892,0.41369818995709984,1.0804159712534038,1.3696154832661234,1.15649020492378,-1.2740310493992413,-1.2860490588430924
-1.1496219556365754,-0.6517427408580244,1.0834726782268538,-0.7054689621240783,-0.010684955964216718,-0.6991224441542135,-0.6983308925851475,1.2661768109873317,-0.10588306018714999,0.7270665178713575,1.842844724603801,0.9082180083127678,1.1546218681667832,0.41369818995709984,1.2382819035826174,1.4993489901302524,1.3582672025065239,-1.2740310493992413,-1.2860490588430924
-1.1496219556365754,-0.6517427408580244,1.2279357018098151,-0.7054689621240783,-0.010684955964216718,-0.6991224441542135,-0.6983308925851475,1.1145214944730386,-0.22551426457499413,0.552538182210154,1.648209068975296,0.6259995253250741,0.7882612039478958,0.41369818995709984,1.3703825915002912,1.5963952605526632,1.5046217849953443,-1.2740310493992413,-1.2860490588430924
-1.1496219556365754,-0.6517427408580244,1.3723987253927767,-0.7054689621240783,-0.010684955964216718,-0.6991224441542135,-0.6983308925851475,0.9628661779587454,0.07356374639461619,0.37192932586487953,1.4719690242421972,0.3742353482814781,0.48601288036747203,0.41369818995709984,1.469696634299459,1.6596811993539327,1.5998097135717915,-1.2740310493992413,-1.2860490588430924
-1.1496219556365754,-0.6517427408580244,1.5168617489757383,-0.7054689621240783,-0.010684955964216718,-0.6991224441542135,-0.6983308925851475,0.9628661779587454,0.3726417573642265,0.2664493495625193,1.3485119967067414,0.1930251526540811,0.27394040604948205,0.41369818995709984,1.5494676417265338,1.7322016083800589,1.6926883748526589,-1.2740310493992413,-1.2860490588430924
-1.1496219556365754,-0.6517427408580244,1.6613247725587,-0.7054689621240783,-0.010684955964216718,-0.6991224441542135,-0.6983308925851475,0.9628661779587454,0.3726417573642265,0.17801222320391774,1.2444711077227346,0.038268757518291965,0.09926777533796374,0.41369818995709984,1.6125082279350793,1.7936700836537076,1.7681105703683635,-1.2740310493992413,-1.2860490588430924
-1.1496219556365754,-0.5416648888458606,-1.6613247698494156,-0.7054689621240783,-0.010684955964216718,-0.6991224441542135,-0.6983308925851475,0.8870385197015989,0.013748144200694123,0.09340334985686072,1.1472591437732167,-0.10046771454725627,-0.05182494321542538,0.41369818995709984,1.6276108269950689,1.7740467268582063,1.7577825804309801,-1.2740310493992413,-1.2860490588430924
-1.1496219556365754,-0.5416648888458606,-1.516861746266454,-0.7054689621240783,-0.010684955964216718,-0.6991224441542135,-0.6983308925851475,0.8112108614444523,-0.22551426457499413,0.031440904206088756,1.0557751206649466,-0.22667074709267723,-0.18624268441696484,0.41369818995709984,1.6418650088138156,1.7466079326773591,1.736834908196993,-1.2740310493992413,-1.2860490588430924
-1.1496219556365754,-0.5416648888458606,-1.3723987226834924,-0.7054689621240783,-0.010684955964216718,-0.6991224441542135,-0.6983308925851475,0.8112108614444523,-0.9433014909020588,-0.04121897673397552,0.9817953347110163,-0.3285579010887116,-0.2937483688434771,0.41369818995709984,1.5797418521704598,1.600379997704485,1.594813235834658,-1.2740310493992413,-1.2860490588430924
-1.1496219556365754,-0.5416648888458606,-1.2279356991005308,-0.7054689621240783,-0.010684955964216718,-0.6991224441542135,-0.6983308925851475,0.7657143821939886,-0.8236702865142147,-0.10426909308137013,0.91199646565501,-0.4240287319351848,-0.39343684535269197,0.41369818995709984,1.511200549400089,1.4640624882599462,1.4615739739847744,-1.2740310493992413,-1.2860490588430924
-1.1496219556365754,-0.5416648888458606,-1.0834726755175694,-0.7054689621240783,-0.010684955964216718,-0.6991224441542135,-0.6983308925851475,0.7353832031873058,-0.7638546843202927,-0.16069351554804687,0.8489982912695633,-0.5092455504040744,-0.4818200108730704,0.41369818995709984,1.4534550905925219,1.3639165475598412,1.3637534460176826,-1.2740310493992413,-1.2860490588430924
-1.1496219556365754,-0.5416648888458606,-0.9390096519346078,-0.5687793713509159,-0.010684955964216718,-0.6991224441542135,-0.6983308925851475,0.689886723936842,-0.7040390821263706,-0.21213043942061635,0.7899206086747932,-0.5886879337706488,-0.5636680140522051,0.41369818995709984,1.4038511555959736,1.2875284350181415,1.2891976591588592,-1.1849435863343447,-1.195114289919089
-1.1496219556365754,-0.5416648888458606,-0.7945466283516462,-0.7054689621240783,-0.010684955964216718,-0.6991224441542135,-0.6983308925851475,0.6595555449301591,-0.8236702865142147,-0.23290588621994351,0.7332149824091794,-0.6617838941468573,-0.6388550819428048,0.41369818995709984,1.3519321708234053,1.2105048126207847,1.213695280750947,-1.2740310493992413,-1.2860490588430924
-1.1496219556365754,-0.5416648888458606,-0.6500836047686848,0.38183536078504354,-0.010684955964216718,-0.6991224441542135,-0.6983308925851475,0.8112108614444523,-1.3021951040655912,-0.19136235078713348,0.7637955241355543,-0.6175277165255251,-0.614881081216497,0.41369818995709984,1.249617781045393,1.094758546371214,1.1083167567064665,-0.45560709888773165,-0.46725155078877295
-1.1496219556365754,-0.5416648888458606,-0.5056205811857232,-0.7054689621240783,-0.010684955964216718,-0.6991224441542135,-0.14880103524529206,0.9628661779587454,-1.5414575128412795,-0.025940748744516032,0.9221022301825882,-0.17000984853705317,-0.3758294712182579,0.41369818995709984,0.9950356614401124,0.7253995298301297,0.8392697799298209,-0.9435260327799203,-0.9622685345363196
-1.1496219556365754,-0.5416648888458606,-0.3611575576027617,-0.7054689621240783,-0.010684955964216718,-0.6991224441542135,-0.6983308925851475,0.9628661779587454,-1.5414575128412795,0.25404281302484394,1.1172192135160872,0.3396850634967213,-0.15854161201926503,0.1701420407027971,0.7968737709811626,0.44242080279616525,0.6833860024784206,-1.2740310493992413,-1.2860490588430924
-1.1496219556365754,-0.5416648888458606,-0.21669453401980013,-0.7054689621240783,-0.010684955964216718,-0.6991224441542135,-0.6983308925851475,0.9628661779587454,-1.5414575128412795,0.46634395858573197,1.2686158322323355,0.7315837157897742,0.030829683799002645,0.253299565197325,0.5918642171342728,0.19053752566972532,0.5016055346596658,-1.2740310493992413,-1.2860490588430924
-1.1496219556365754,-0.5416648888458606,-0.0722315104368386,-0.7054689621240783,-0.010684955964216718,-0.6991224441542135,-0.6983308925851475,0.9628661779587454,-1.5414575128412795,0.7261835379700401,1.450840714118438,0.9190354841687438,0.24294072848749518,-0.0070874480005084835,0.407657294222414,0.07045692730711312,0.3554314720335724,-1.2740310493992413,-1.2860490588430924
-1.1496219556365754,-0.5416648888458606,0.07223151314612293,-0.7054689621240783,-0.010684955964216718,-0.6991224441542135,-0.6983308925851475,0.9628661779587454,-1.5414575128412795,0.9009319496824051,1.5704873482825419,0.8845457226925587,0.3882386681160272,-0.06881387519783101,0.27887788472011854,0.047183153710396546,0.25136968110545305,-1.2740310493992413,-1.2860490588430924
-1.1496219556365754,-0.5416648888458606,0.21669453672908448,-0.7054689621240783,-0.010684955964216718,-0.6991224441542135,-0.6983308925851475,1.038693836215892,-1.6012731150352015,0.9628254961439077,1.6542447207833726,0.8444656533626705,0.5282080272109944,0.41369818995709984,0.1535823910679562,0.011303523650501185,0.1372622740468328,-1.2740310493992413,-1.2860490588430924
-1.1496219556365754,-0.5416648888458606,0.361157560312046,-0.7054689621240783,-0.010684955964216718,-0.6991224441542135,-0.6983308925851475,1.1145214944730386,-1.7209043194230456,0.8443449786429859,1.6326929552006744,0.7243217712021415,0.5200394935275973,0.41369818995709984,0.10582538029338596,0.014649523916254572,0.09545513076028671,-1.2740310493992413,-1.2860490588430924
-1.1496219556365754,-0.5416648888458606,0.5056205838950075,-0.6764898392039838,-0.010684955964216718,-0.6991224441542135,-0.6983308925851475,0.9628661779587454,-1.3021951040655912,0.8391721880544355,1.6669145081148262,0.6966472752475109,0.6062241479293279,0.41369818995709984,0.044956993176328314,0.009463255774640935,0.04397034580531694,-1.2740310493992413,-1.2860490588430924
-1.1496219556365754,-0.5416648888458606,0.6500836074779691,-0.6908472797852688,-0.010684955964216718,-0.6991224441542135,-0.6983308925851475,0.9628661779587454,-1.182563899677747,0.802635550016595,1.6699760910829549,0.6301551750333392,0.8183226153230914,0.41369818995709984,-0.0017131941470021868,0.026008455828523142,-0.049430587827497416,-1.2740310493992413,-1.2860490588430924
-1.1496219556365754,-0.5416648888458606,0.7945466310609306,-0.6908425730963498,-0.010684955964216718,-0.6991224441542135,-0.6983308925851475,0.9628661779587454,-1.062932695289903,0.7153148580938257,1.6189158318440955,0.5353313468799066,0.8901490300620738,0.41369818995709984,0.016278994350952893,0.07165394045432921,-0.0693053262795386,-1.2740310493992413,-1.2860490588430924
-1.1496219556365754,-0.5416648888458606,0.9390096546438922,-0.38559379397165544,-0.010684955964216718,-0.6991224441542135,-0.6983308925851475,0.9173696987082818,-0.8834858887081368,0.5195274434600737,1.4582194254904495,0.3095572424425243,0.5939000760674339,0.41369818995709984,0.10104712141650994,0.18109824658143395,0.06489417988216138,-1.0553476082266096,-1.063375082767409
-1.1496219556365754,-0.5416648888458606,1.0834726782268538,0.017618260474930217,-0.010684955964216718,-0.6991224441542135,-0.6983308925851475,0.8567073406949159,-0.7040390821263706,0.31052543189410753,1.2627573259579152,0.058015552491001515,0.24242505940360182,0.41369818995709984,0.2274950726182107,0.3091321840956334,0.23277505169198093,-0.7671303053912937,-0.7711150649504016
-1.1496219556365754,-0.5416648888458606,1.2279357018098151,0.23476787696065396,-0.010684955964216718,0.3571738128783403,-0.6983308925851475,0.8112108614444523,-0.5245922755446044,0.20526820733957957,1.1085680184899644,-0.18229693261806484,-0.01930592845016241,0.41369818995709984,0.32548195534148644,0.44558092611023015,0.37779924830171285,0.05837155787238011,0.059259532298596575
-1.1496219556365754,-0.5416648888458606,1.3723987253927767,-0.7054689621240783,-0.010684955964216718,-0.6991224441542135,-0.6983308925851475,0.8112108614444523,-0.5245922755446044,0.18489077042001284,0.998610045226384,-0.19083242400859973,-0.19737526722485482,0.41369818995709984,0.4002739407674775,0.4576803539342021,0.46793348756388387,-1.2740310493992413,-1.2860490588430924
-1.1496219556365754,-0.5416648888458606,1.5168617489757383,0.42298681382063064,-0.010684955964216718,0.3905937590716004,0.544654215631037,0.6595555449301591,-0.22551426457499413,0.1251391191433724,0.9159960024646884,-0.18815234961213098,-0.33348507381061676,0.41369818995709984,0.4551643162990525,0.47594577633264573,0.5521901041167151,0.9017853403721606,0.8919059128369262
-1.1496219556365754,-0.5416648888458606,1.6613247725587,-0.7054689621240783,-0.010684955964216718,-0.6991224441542135,-0.6983308925851475,0.6595555449301591,-0.22551426457499413,0.10797251822859573,0.8412067108250865,-0.1330011240069351,-0.32504067812949455,0.41369818995709984,0.49930469521590043,0.47271444321417244,0.5707426916894082,-1.2740310493992413,-1.2860490588430924
-1.1496219556365754,-0.43158703683369687,-1.6613247698494156,0.5309303482748987,-0.010684955964216718,0.42913253848110405,0.4906627773292959,0.6595555449301591,-0.2853298667689162,0.09117650130270527,0.7981539943147629,-0.10949250705215918,-0.268514961671628,0.41369818995709984,0.5266432275719526,0.47433979086464284,0.556262744909305,0.8790135045938057,0.8679781150907662
-1.1496219556365754,-0.43158703683369687,-1.516861746266454,-0.7054689621240783,-0.010684955964216718,-0.6991224441542135,-0.6983308925851475,0.6595555449301591,-0.2853298667689162,0.08376013905580784,0.7554767416446985,-0.049397123845335185,-0.17548993590989392,0.41369818995709984,0.5539238474883296,0.4579546515191591,0.5231322574017039,-1.2740310493992413,-1.2860490588430924
-1.1496219556365754,-0.43158703683369687,-1.3723987226834924,-0.7054689621240783,-0.010684955964216718,-0.6991224441542135,-0.6983308925851475,0.6595555449301591,-0.2853298667689162,0.06519080416143852,0.7227958608419863,-0.05844237493341725,-0.1614612213690483,0.41369818995709984,0.5721300707112512,0.4623268474556926,0.5167288949721054,-1.2740310493992413,-1.2860490588430924
-1.1496219556365754,-0.43158703683369687,-1.2279356991005308,-0.7054689621240783,-0.010684955964216718,-0.6991224441542135,-0.6983308925851475,0.5382314074225488,0.013748144200694123,0.022693382865538767,0.6859884065919141,-0.127217312053996,-0.21469923298472635,0.41369818995709984,0.6039804647216731,0.49747372647687155,0.545786958397636,-1.2740310493992413,-1.2860490588430924
-1.1496219556365754,-0.43158703683369687,-1.0834726755175694,-0.7054689621240783,-0.010684955964216718,-0.6991224441542135,-0.37137903520029536,0.4320725701587194,0.4324573595581485,-0.03323603571706617,0.6467594928758092,-0.23353801151314552,-0.2994492373010236,0.41369818995709984,0.6337894452335406,0.5463800177655738,0.5860992325208083,-1.2740310493992413,-1.2860490588430924
-1.1496219556365754,-0.43158703683369687,-0.9390096519346078,-0.16749133508549918,-0.010684955964216718,-0.6991224441542135,-0.3500433275769133,0.3107484326511092,0.7913509727216809,-0.09823339031653243,0.6007468227075023,-0.3436529257110617,-0.35590032847683073,0.41369818995709984,0.6690166170806963,0.5980142254285931,0.613205601007901,-0.6717467028092208,-0.683489789381814
-1.1496219556365754,-0.43158703683369687,-0.7945466283516462,-0.7054689621240783,-0.010684955964216718,-0.6991224441542135,0.4945235982879022,0.20458959538727972,0.7315353705277589,-0.1465678438994735,0.5600640452490404,-0.4502736843901721,-0.3627910090157506,0.41369818995709984,0.7003588294329673,0.6490596076092381,0.6164309036693236,-0.5496464299771617,-0.5613337971351554
-1.1496219556365754,-0.43158703683369687,-0.6500836047686848,0.6622491108128328,-0.010684955964216718,-0.6991224441542135,-0.6983308925851475,0.6595555449301591,0.07356374639461619,-0.11193429511863878,0.6129070519700327,-0.4489899082956804,-0.23889291712563598,0.41369818995709984,0.6643604569308024,0.6519329554874225,0.5598126799289088,-0.3138216709177009,-0.3254014083500736
-1.1496219556365754,-0.43158703683369687,-0.5056205811857232,-0.7054689621240783,-0.010684955964216718,-0.6991224441542135,0.37007859699599993,1.1145214944730386,-0.5245922755446044,0.06379275265101951,0.8157676241293288,-0.013438606585080191,0.08974257079645362,0.41369818995709984,0.5120922444998701,0.44784135334563624,0.4059141875464661,-0.6632651151842024,-0.6542097156949304
-1.1496219556365754,-0.43158703683369687,-0.3611575576027617,-0.7054689621240783,-0.010684955964216718,-0.6991224441542135,-0.6983308925851475,1.2661768109873317,-0.7638546843202927,0.37912360528811234,1.0587915350507884,0.5169024256403206,0.32965782169942465,0.41369818995709984,0.3411366529930473,0.23103202435308084,0.31286410824469,-1.2740310493992413,-1.2860490588430924
-1.1496219556365754,-0.43158703683369687,-0.21669453401980013,-0.7054689621240783,-0.010684955964216718,-0.6991224441542135,-0.6983308925851475,1.4178321275016248,-1.003117093095981,0.6233866165041826,1.3024901516701572,0.923417883173911,0.5951217506287878,0.41369818995709984,0.17752194581873237,0.09039717848899984,0.22402861512576333,-1.2740310493992413,-1.2860490588430924
-1.1496219556365754,-0.43158703683369687,-0.0722315104368386,-0.7054689621240783,-0.010684955964216718,-0.6991224441542135,-0.6983308925851475,1.5998186230226008,-1.3021951040655912,0.9177272976841279,1.543195643953926,1.184388422648125,0.8355635709377508,0.41369818995709984,0.02639774537321928,0.014632097952033777,0.15051672283927583,-1.2740310493992413,-1.2860490588430924
-1.1496219556365754,-0.43158703683369687,0.07223151314612293,-0.7054689621240783,-0.010684955964216718,-0.6991224441542135,-0.6983308925851475,1.7211427605302112,-1.6610887172291235,1.1660700773987847,1.6953594228099522,1.1966669823194787,0.9647483190456666,0.41369818995709984,-0.06510101369176725,0.04093497742811817,0.12942992245178234,-1.2740310493992413,-1.2860490588430924
-1.1496219556365754,-0.43158703683369687,0.21669453672908448,-0.7054689621240783,-0.010684955964216718,-0.6991224441542135,-0.6983308925851475,1.569487444015918,-1.4816419106473573,1.3535902582443697,1.799848468821336,1.1672262286837147,1.13678726424091,0.41369818995709984,-0.12807089846354228,0.06936511535130405,0.07655320583019178,-1.2740310493992413,-1.2860490588430924
-1.1496219556365754,-0.43158703683369687,0.361157560312046,-0.6894118560006418,-0.010684955964216718,-0.6991224441542135,-0.6983308925851475,1.569487444015918,-1.003117093095981,1.5463327300669125,1.9456808828071266,1.2040346295868705,1.4657095144828232,0.41369818995709984,-0.19061126597439215,0.11819159142116784,0.008520622318239614,-1.2740310493992413,-1.2860490588430924
-1.1496219556365754,-0.43158703683369687,0.5056205838950075,-0.7054689621240783,-0.010684955964216718,-0.6991224441542135,-0.6983308925851475,1.7211427605302112,-1.6610887172291235,1.6133776615436002,2.00282972578643,1.187332753743991,2.0790228452487747,0.41369818995709984,-0.23138379522228952,0.1205826058205495,-0.2249160484763938,-1.2740310493992413,-1.2860490588430924
-1.1496219556365754,-0.43158703683369687,0.6500836074779691,-0.7054689621240783,-0.010684955964216718,-0.6991224441542135,-0.6983308925851475,1.7211427605302112,-1.6610887172291235,1.4673856308749686,2.001358218066617,1.1235403340685013,2.6141825435406876,0.41369818995709984,-0.22844546281426412,0.1606498456774544,-0.396484466485687,-1.2740310493992413,-1.2860490588430924
-1.1496219556365754,-0.43158703683369687,0.7945466310609306,-0.7054689621240783,-0.010684955964216718,-0.6991224441542135,-0.6983308925851475,1.7211427605302112,-1.8405355238108898,1.2539386182148713,1.9674733122423216,1.025602539067009,2.879785661198386,0.41369818995709984,-0.21186368352423451,0.19809566116361382,-0.4847701650166927,-1.2740310493992413,-1.2860490588430924
-1.1496219556365754,-0.43158703683369687,0.9390096546438922,-0.7054689621240783,-0.010684955964216718,-0.6802620558273514,-0.6983308925851475,1.569487444015918,-1.9003511260048118,1.0403344083753725,1.8613200862773078,0.802092517834786,2.522261804256169,0.41369818995709984,-0.15128630641654522,0.284267054235445,-0.374095669297157,-1.2740310493992413,-1.2860490588430924
-1.1496219556365754,-0.43158703683369687,1.0834726782268538,-0.7054689621240783,-0.010684955964216718,-0.6818037854381195,-0.6983308925851475,1.4178321275016248,-1.2423795018716692,0.7274979739595011,1.6739728048562403,0.47113827995049185,1.8975710526782676,0.41369818995709984,-0.021864310135685967,0.4735586343697576,-0.11736955239503417,-1.2740310493992413,-1.2860490588430924
-1.1496219556365754,-0.43158703683369687,1.2279357018098151,-0.7054689621240783,-0.010684955964216718,-0.6817250584912098,-0.6983308925851475,1.569487444015918,-1.9003511260048118,0.5672163852212184,1.5194094450662268,0.2784934412078811,1.3865773684788603,0.41369818995709984,0.06822983096534262,0.5350163528753688,0.056814995005423065,-1.2740310493992413,-1.2860490588430924
-1.1496219556365754,-0.43158703683369687,1.3723987253927767,-0.5508187025013682,-0.010684955964216718,-0.495855994279301,-0.6983308925851475,1.3116732902377954,-1.6610887172291235,0.4111396538008754,1.378827173012181,0.09842807379755081,0.9707317573914602,0.41369818995709984,0.14578737668766115,0.5913792357676853,0.20285968145138686,-1.0494263737925351,-1.057447510032448
-1.1496219556365754,-0.43158703683369687,1.5168617489757383,0.03925559623654964,-0.010684955964216718,-0.00652256149875899,-0.6983308925851475,1.0690250152225749,-1.4816419106473573,0.3095862623627064,1.2461112918670247,-0.0089402756085644,0.625843889220419,0.41369818995709984,0.21001227228756625,0.6000642502811852,0.3129882833723521,-0.314770414903771,-0.313084253015299
-1.1496219556365754,-0.43158703683369687,1.6613247725587,0.23014198947190392,-0.010684955964216718,0.07313459619786343,-0.6983308925851475,0.8112108614444523,-1.3021951040655912,0.22866650580031964,1.118672371499346,-0.0713236103675901,0.3360068400786777,0.41369818995709984,0.23768283596442347,0.5371842719056521,0.35485610560435266,-0.14304091303585548,-0.14454721389144173
-1.1496219556365754,-0.3215091848215331,-1.6613247698494156,0.7203480975844498,-0.010684955964216718,0.46078790260152425,-0.6983308925851475,0.8112108614444523,-1.3620107062595133,0.22682629541507432,1.019585205625827,-0.029507971231337377,0.10868733060374937,0.41369818995709984,0.2559749626395302,0.4479624745537388,0.38937982504169144,0.4327020482783628,0.43764351133513235
-1.1496219556365754,-0.3215091848215331,-1.516861746266454,-0.7054689621240783,-0.010684955964216718,-0.6991224441542135,-0.6983308925851475,0.8112108614444523,-0.8236702865142147,0.2286357352886071,0.9430773905820311,0.09695335092672035,-0.11349058078592016,0.41369818995709984,0.2687108733314561,0.36183561450158297,0.46166036815649286,-1.2740310493992413,-1.2860490588430924
-1.1496219556365754,-0.3215091848215331,-1.3723987226834924,-0.7054689621240783,-0.010684955964216718,-0.6991224441542135,-0.6983308925851475,0.507900228415866,-1.062932695289903,0.18617778051859954,0.8586770715427113,0.04710942277458252,-0.28147544464681484,0.41369818995709984,0.2516619336947124,0.2959465378352319,0.4485909901476859,-1.2740310493992413,-1.2860490588430924
-1.1496219556365754,-0.3215091848215331,-1.2279356991005308,-0.7054689621240783,-0.010684955964216718,-0.6991224441542135,-0.6983308925851475,0.507900228415866,-1.062932695289903,0.1258434962919232,0.7954325872319818,-0.04871431863173103,-0.4052385402401704,0.41369818995709984,0.2097753138885615,0.23380877645428827,0.39717793637466403,-1.2740310493992413,-1.2860490588430924
-1.1496219556365754,-0.3215091848215331,-1.0834726755175694,-0.7054689621240783,-0.010684955964216718,-0.6991224441542135,-0.6983308925851475,0.507900228415866,-1.5414575128412795,0.05669078476292444,0.7410115031673438,-0.1624683033126387,-0.50538566876384,0.41369818995709984,0.14470489666939704,0.1543891915442525,0.30849674114560716,-1.2740310493992413,-1.2860490588430924
-1.1496219556365754,-0.3215091848215331,-0.9390096519346078,-0.7054689621240783,-0.010684955964216718,-0.6991224441542135,0.12240803822828757,0.507900228415866,-1.3620107062595133,-0.017461465995199554,0.689776215672123,-0.283940288497881,-0.6102702449688064,0.41369818995709984,0.08418639720871099,0.09851251456723228,0.24353841306299998,-0.7842049969869086,-0.83354095269907
-1.1496219556365754,-0.3215091848215331,-0.7945466283516462,-0.7054689621240783,-0.010684955964216718,-0.6991224441542135,-0.6983308925851475,0.35624491190157287,-1.6012731150352015,-0.08423347641148,0.6461024311553556,-0.3982568842162153,-0.576631850972653,0.41369818995709984,0.03678965006928748,0.05180770342509048,0.13207032342112812,-1.2740310493992413,-1.2860490588430924
-1.1496219556365754,-0.3215091848215331,-0.6500836047686848,-0.7054689621240783,-0.010684955964216718,-0.6991224441542135,1.056978040358924,0.507900228415866,-1.5414575128412795,-0.06494036556769758,0.7305944988774454,-0.15310850150817717,-0.3888813492018095,0.41369818995709984,-0.09653829896583864,-0.12217161740780133,-0.026695487228838143,-0.25071205981205386,-0.22678486738262213
-1.1496219556365754,-0.3215091848215331,-0.5056205811857232,-0.7054689621240783,-0.010684955964216718,-0.6991224441542135,-0.6983308925851475,0.6595555449301591,-1.7807199216169676,0.03157803366046,0.8738586555047712,0.5794997230817617,-0.0997008348449276,0.41369818995709984,-0.23616567362664526,-0.4243111602116532,-0.18512973078399983,-1.2740310493992413,-1.2860490588430924
-1.1496219556365754,-0.3215091848215331,-0.3611575576027617,-0.7054689621240783,-0.010684955964216718,-0.6991224441542135,-0.6983308925851475,0.6595555449301591,-2.3190603413622664,0.22324554434556573,1.0334519603878813,1.1988040518207341,0.09182117837201731,0.21548569382801752,-0.39418048918619086,-0.6927932060968022,-0.3404134368069595,-1.2740310493992413,-1.2860490588430924
-1.1496219556365754,-0.3215091848215331,-0.21669453401980013,-0.7054689621240783,-0.010684955964216718,-0.6991224441542135,-0.6983308925851475,0.6595555449301591,-1.9601667281987338,0.5056880713552607,1.1932337029502191,1.619349835210393,0.21379745962752447,-0.1244086078359957,-0.5022383451690008,-0.8177111230458907,-0.39025924010310115,-1.2740310493992413,-1.2860490588430924
-1.1496219556365754,-0.3215091848215331,-0.0722315104368386,-0.7054689621240783,-0.010684955964216718,-0.6991224441542135,-0.6983308925851475,0.7353832031873058,-2.019982330392656,0.8359258990687592,1.3330890431330862,1.6876124553105272,0.37522032958508655,-0.6405601718765334,-0.6122377156919252,-0.8588925489361227,-0.47238255830217013,-1.2740310493992413,-1.2860490588430924
-1.1496219556365754,-0.3215091848215331,0.07223151314612293,-0.7054689621240783,-0.010684955964216718,-0.6991224441542135,-0.6983308925851475,0.8112108614444523,-2.3190603413622664,1.128865853041615,1.4230253365389347,1.422900552437426,0.46121297062061944,-0.8428628042732775,-0.7287867418402937,-0.8446779102452513,-0.5670232928169302,-1.2740310493992413,-1.2860490588430924
-1.1496219556365754,-0.3215091848215331,0.21669453672908448,-0.7054689621240783,-0.010684955964216718,-0.6991224441542135,-0.6983308925851475,0.8112108614444523,-2.1396135347805,1.3473103981583345,1.5017689964059282,1.1945878788038975,0.6316646612210496,-0.8873980237140144,-0.8295847909061411,-0.8225512383920567,-0.6651272781435021,-1.2740310493992413,-1.2860490588430924
-1.1496219556365754,-0.3215091848215331,0.361157560312046,-0.7054689621240783,-0.010684955964216718,-0.6991224441542135,-0.6983308925851475,0.6595555449301591,-2.1396135347805,1.4510799353639763,1.5659514345582073,1.0579177236394435,1.084045636523874,-0.8164547505451129,-0.9084371622588665,-0.824899440854649,-0.8392550473878556,-1.2740310493992413,-1.2860490588430924
-1.1496219556365754,-0.3215091848215331,0.5056205838950075,-0.7054689621240783,-0.010684955964216718,-0.6991224441542135,-0.6983308925851475,0.6595555449301591,-1.9601667281987338,1.4324631068537028,1.6404972393089194,0.9783440643641362,1.6190258987443185,-0.19332787192507597,-0.9890715476407672,-0.8264359376011294,-1.004952994134952,-1.2740310493992413,-1.2860490588430924
-1.1496219556365754,-0.3215091848215331,0.6500836074779691,0.34075405675690684,-0.010684955964216718,-0.6991224441542135,-0.6983308925851475,0.6595555449301591,-1.7807199216169676,1.2528756977124522,1.6727200824568793,0.8882376445154296,1.8950388240061409,0.41369818995709984,-1.0228880689781654,-0.8002610636646916,-1.0728856740974237,-0.5419242155625098,-0.5750008163072433
-1.1496219556365754,-0.3215091848215331,0.7945466310609306,-0.268857054522095,-0.010684955964216718,-0.057963014355881484,-0.6983308925851475,0.507900228415866,-1.9601667281987338,1.0315868870348226,1.5939686592398052,0.6785806414183891,1.6882781604954102,0.41369818995709984,-1.014445883084499,-0.7670717012909819,-1.0447657505107224,-0.5896830031652466,-0.6008761861846627
-1.1496219556365754,-0.3215091848215331,0.9390096546438922,0.32915569880511625,-0.010684955964216718,0.2717447888965807,-0.6983308925851475,0.35624491190157287,-1.6012731150352015,0.7623616326540124,1.4349279637306105,0.4540357568536875,1.1838774941930006,0.41369818995709984,-0.9565734995133099,-0.7090965940052008,-0.9205531319287442,0.03099632014814352,0.03435556646455211
-1.1496219556365754,-0.3215091848215331,1.0834726782268538,-0.7054689621240783,-0.010684955964216718,1.1123579671888608,-0.6983308925851475,0.35624491190157287,-1.7807199216169676,0.6216260080948893,1.234696344212227,0.35026641320517127,0.6871825171279571,0.41369818995709984,-0.8894126845236993,-0.7005051633736273,-0.8034646549641555,-0.2860514907201814,-0.26433537356430303
-1.1496219556365754,-0.3215091848215331,1.2279357018098151,2.255316833476584,-0.010684955964216718,-0.6991224441542135,-0.6983308925851475,0.35624491190157287,-1.7807199216169676,0.4659854152318637,1.0763303544009417,0.49269651197552206,0.37039064840910957,0.41369818995709984,-0.8289496844843687,-0.754514250283972,-0.7231482690765118,0.7882516199998462,0.7752982907501569
-1.1496219556365754,-0.3215091848215331,1.3723987253927767,-0.7054689621240783,-0.010684955964216718,0.7583611705070791,1.282303693006894,0.28041725364442627,-1.7209043194230456,0.46009353116307394,0.9477601021987977,0.514998072522728,0.002717753106818662,0.41369818995709984,-0.7900009144825793,-0.7791534880153723,-0.6296292282105808,0.7443987846562388,0.739199742391891
-1.1496219556365754,-0.3215091848215331,1.5168617489757383,-0.7054689621240783,-0.010684955964216718,-0.6991224441542135,-0.6983308925851475,0.20458959538727972,-1.6012731150352015,0.4195078951383596,0.8530669924708685,0.5598637454346058,-0.007071574624002705,0.41369818995709984,-0.753943664333411,-0.8000201120606509,-0.6354437881587518,-1.2740310493992413,-1.2860490588430924
-1.1496219556365754,-0.3215091848215331,1.6613247725587,-0.7054689621240783,-0.010684955964216718,0.9665212031777111,1.1636429534052632,0.35624491190157287,-1.6012731150352015,0.3365599604996138,0.7984475900996273,0.5152239693786645,0.1515490740679144,0.41369818995709984,-0.7492221113870504,-0.7944853246346214,-0.6920028499273486,0.7215803262249302,0.7118875264451459
-1.1496219556365754,-0.21143133280936935,-1.6613247698494156,-0.7054689621240783,-0.010684955964216718,-0.6991224441542135,-0.6983308925851475,0.20458959538727972,-1.3620107062595133,0.24246708030340802,0.7345481613457389,0.5523776088729683,0.26673026222444285,0.41369818995709984,-0.7383695614937316,-0.8082273109379239,-0.7302871470092258,-1.2740310493992413,-1.2860490588430924
-1.1496219556365754,-0.21143133280936935,-1.516861746266454,-0.7054689621240783,-0.010684955964216718,-0.6991224441542135,-0.6983308925851475,0.20458959538727972,-1.3620107062595133,0.16808070608660142,0.6986200829320631,0.5010862359609055,0.254094273453267,0.41369818995709984,-0.7316319317411747,-0.7949807813704299,-0.7277362474844253,-1.2740310493992413,-1.2860490588430924
-1.1496219556365754,-0.21143133280936935,-1.3723987226834924,-0.7054689621240783,-0.010684955964216718,-0.6991224441542135,-0.6983308925851475,-0.007727789880818559,-1.3021951040655912,0.06525368303319899,0.6394414767862459,0.344124576046597,0.14008948159706766,0.41369818995709984,-0.7182148259775681,-0.7588894581155561,-0.7022950826290179,-1.2740310493992413,-1.2860490588430924
-1.1496219556365754,-0.21143133280936935,-1.2279356991005308,-0.7054689621240783,-0.010684955964216718,-0.6991224441542135,0.3359210691160265,-0.12905207201820915,-1.062932695289903,-0.03350226753579668,0.5806072810803655,0.13860532139753987,-0.04528726541523572,0.41369818995709984,-0.7063666647254981,-0.7102223973480084,-0.6569499234014393,-0.6862489580263262,-0.7405246741182621
-1.1496219556365754,-0.21143133280936935,-1.0834726755175694,-0.7054689621240783,-0.010684955964216718,-0.6991224441542135,-0.6983308925851475,-0.2503763541555997,-0.8834858887081368,-0.13737749475992955,0.5158334168037683,-0.05554322320873842,-0.06777966082245483,0.41369818995709984,-0.6894468215688639,-0.6621882648117889,-0.6601429361954594,-1.2740310493992413,-1.2860490588430924
-1.1496219556365754,-0.21143133280936935,-0.9390096519346078,-0.7054689621240783,-0.010684955964216718,-0.6991224441542135,1.758407678211555,-0.2503763541555997,-0.8834858887081368,-0.2182537712514181,0.4838858197041187,-0.24276227520404514,-0.08386434380835174,0.41369818995709984,-0.6888814513765339,-0.6140142942910816,-0.6643104961955816,0.08678275454545137,0.11949273014204839
-1.1496219556365754,-0.21143133280936935,-0.7945466283516462,-0.7054689621240783,-0.010684955964216718,-0.6991224441542135,-0.6983308925851475,0.03776868936964514,-1.2423795018716692,-0.27789371219205855,0.46623901921193595,-0.3824901361128164,0.07192222113794,0.41369818995709984,-0.6974807247628196,-0.577087815565774,-0.7185106639596373,-1.2740310493992413,-1.2860490588430924
-1.1496219556365754,-0.21143133280936935,-0.6500836047686848,-0.7054689621240783,-0.010684955964216718,1.4458035372630944,0.8331525079808055,0.32591373289489,-1.6012731150352015,-0.23216873178717712,0.5566573460818764,0.05862504778154705,0.29650407279349944,0.41369818995709984,-0.7650997719313611,-0.7148090832392103,-0.7880428842663918,0.759240989217371,0.7468810213823452
-1.1496219556365754,-0.21143133280936935,-0.5056205811857232,-0.7054689621240783,-0.010684955964216718,-0.6991224441542135,-0.6983308925851475,0.6140590656796955,-1.9601667281987338,-0.10031976479547833,0.7512167797277726,0.8835406947938829,0.5005589409648415,0.41369818995709984,-0.8823678775390313,-0.9440420490443887,-0.8472869893713473,-1.2740310493992413,-1.2860490588430924
-1.1496219556365754,-0.21143133280936935,-0.3611575576027617,-0.7054689621240783,-0.010684955964216718,-0.6991224441542135,-0.6983308925851475,0.8112108614444523,-2.1396135347805,0.11952483860416338,0.9379274664422351,1.633617992095919,0.6226215863108219,0.2711365839435414,-0.9980742776901242,-1.126588167510048,-0.8793298067816776,-1.2740310493992413,-1.2860490588430924
-1.1496219556365754,-0.21143133280936935,-0.21669453401980013,-0.7054689621240783,-0.010684955964216718,-0.6991224441542135,-0.6983308925851475,0.9628661779587454,-2.1396135347805,0.4324422128443223,1.1277456104662114,2.098508606967353,0.6824106915077339,-0.31589975589364855,-1.0934398986125968,-1.2139078455698853,-0.8752868553302565,-1.2740310493992413,-1.2860490588430924
-1.1496219556365754,-0.21143133280936935,-0.0722315104368386,-0.7054689621240783,-0.010684955964216718,-0.6991224441542135,-0.6983308925851475,1.1145214944730386,-2.3190603413622664,0.7812353280446691,1.2769522587006472,2.1522831404127856,0.6979897672455208,-0.6811058705298769,-1.1730388578334696,-1.2106566124305425,-0.8615064501070352,-1.2740310493992413,-1.2860490588430924
-1.1496219556365754,-0.21143133280936935,0.07223151314612293,-0.7054689621240783,-0.010684955964216718,-0.6991224441542135,-0.6983308925851475,1.4178321275016248,-2.6181383523318766,1.096791608126265,1.406823224920832,1.898715198285561,0.7930757923701979,-0.9428804413974606,-1.2395763901910748,-1.1398516927710414,-0.8714686326875363,-1.2740310493992413,-1.2860490588430924
-1.1496219556365754,-0.21143133280936935,0.21669453672908448,-0.7054689621240783,-0.010684955964216718,-0.6991224441542135,-0.6983308925851475,1.7211427605302112,-2.8574007611075647,1.3606922261324648,1.5417770681664806,1.7016351091979034,0.9870285774151214,-1.0610299240239962,-1.3070743038399621,-1.0811977258544117,-0.910341732250841,-1.2740310493992413,-1.2860490588430924
-1.1496219556365754,-0.21143133280936935,0.361157560312046,-0.7054689621240783,-0.010684955964216718,-0.6991224441542135,-0.6983308925851475,1.7211427605302112,-2.8574007611075647,1.542175366364877,1.6628182823086899,1.5440145124170332,1.4787429457674388,-0.9712926150988818,-1.3660730843628357,-1.0321578355066834,-1.027298015798547,-1.2740310493992413,-1.2860490588430924
-1.1496219556365754,-0.21143133280936935,0.5056205838950075,-0.7054689621240783,-0.010684955964216718,-0.6991224441542135,-0.6983308925851475,1.7211427605302112,-2.8574007611075647,1.5766202785304304,1.770029441161953,1.4643931164476414,2.0936292768608435,-0.6658918739553132,-1.415382389822536,-1.0078785192338187,-1.1712507955999691,-1.2740310493992413,-1.2860490588430924
-1.1496219556365754,-0.21143133280936935,0.6500836074779691,-0.7054689621240783,-0.010684955964216718,-0.6991224441542135,-0.6983308925851475,1.7211427605302112,-2.8574007611075647,1.504106223058917,1.8387421469657808,1.3731214097986888,2.53414818626149,-0.1256686412342428,-1.445223222176225,-0.9803087076182744,-1.265504376771678,-1.2740310493992413,-1.2860490588430924
-1.1496219556365754,-0.21143133280936935,0.7945466310609306,-0.6737444687655836,-0.010684955964216718,-0.6991224441542135,-0.6983308925851475,1.569487444015918,-2.7377695567197207,1.2417521577283575,1.8207834009521797,1.2153200955330694,2.5456061017597063,0.41369818995709984,-1.4419600975023539,-0.9387406834847736,-1.2669540617917403,-1.2740310493992413,-1.2860490588430924
-1.1496219556365754,-0.21143133280936935,0.9390096546438922,-0.7054689621240783,-0.010684955964216718,-0.6991224441542135,-0.6983308925851475,1.569487444015918,-2.5583227501379544,0.9413858076460895,1.7147296870200166,0.9713404093891403,1.9544958886222046,0.41369818995709984,-1.3909607140114628,-0.8509133935412453,-1.1124847539009868,-1.2740310493992413,-1.2860490588430924
-1.1496219556365754,-0.21143133280936935,1.0834726782268538,-0.11832446090257209,-0.010684955964216718,-0.6991224441542135,-0.6983308925851475,1.4178321275016248,-2.259244739168344,0.6848533893467151,1.5564462710232243,0.7076633698485179,1.4128991308879348,0.41369818995709984,-1.3143980557423995,-0.7538428128230695,-0.9555703012189393,-0.8689720454586607,-0.8735904819705576
-1.1496219556365754,-0.21143133280936935,1.2279357018098151,-0.7054689621240783,-0.010684955964216718,0.19157955307706134,-0.6983308925851475,1.2661768109873317,-1.9003511260048118,0.586024526043444,1.3964175127765053,0.3741671530042142,1.0550541336869679,0.41369818995709984,-1.2346330808611243,-0.6331742495195261,-0.8380633562412344,-0.7570512618667626,-0.7563734719968511
-1.1496219556365754,-0.21143133280936935,1.3723987253927767,0.8347825681385951,-0.010684955964216718,0.45637040325017536,-0.6983308925851475,1.2661768109873317,-1.7209043194230456,0.46861896967995925,1.2748589772152923,0.3381805051920879,0.726831181031993,0.41369818995709984,-1.1616573743244498,-0.582968970922612,-0.7062769217139455,0.524934436547914,0.5312253281028758
-1.1496219556365754,-0.21143133280936935,1.5168617489757383,-0.7054689621240783,-0.010684955964216718,0.9667898796403416,-0.6983308925851475,0.9628661779587454,-0.7638546843202927,0.4317030516390529,1.1578172998827614,0.378851316111274,0.4543264825132759,0.41369818995709984,-1.047645878241187,-0.4827163230835747,-0.5104267401284635,-0.3746984349683792,-0.35863374360730516
-1.1496219556365754,-0.21143133280936935,1.6613247725587,2.2580730974189382,-0.010684955964216718,-0.6991224441542135,-0.6983308925851475,0.8112108614444523,-0.5245922755446044,0.38077049658890255,1.0572127519480443,0.5526444228952629,0.2152128245277066,0.41369818995709984,-0.955883376273846,-0.46454599051458284,-0.3529989002257674,0.8057689567831561,0.7920777677755073
-1.1496219556365754,-0.10135348079720558,-1.6613247698494156,-0.7054689621240783,-0.010684955964216718,0.7386541303906832,1.3066259112911738,0.8112108614444523,-0.22551426457499413,0.40745053701620515,0.9788092679663984,0.605381535685319,-0.031175540729178025,0.41369818995709984,-0.8425745511253104,-0.3569430279401421,-0.1285299274377408,0.7483149074941011,0.7444199057434746
-1.1496219556365754,-0.10135348079720558,-1.516861746266454,-0.7054689621240783,-0.010684955964216718,-0.6991224441542135,-0.6983308925851475,0.8112108614444523,-0.22551426457499413,0.40002012736178677,0.9203646512827419,0.6482243661853583,0.026116552220848733,0.41369818995709984,-0.7341163754032449,-0.2532140078067366,-0.021462144893912755,-1.2740310493992413,-1.2860490588430924
-1.1496219556365754,-0.10135348079720558,-1.3723987226834924,-0.7054689621240783,-0.010684955964216718,-0.6991224441542135,-0.6983308925851475,0.8112108614444523,-0.22551426457499413,0.36411294696571866,0.8871170459241499,0.6005984894262267,0.09051900912439713,0.41369818995709984,-0.6668566266625222,-0.16555108127882182,0.02907344798573409,-1.2740310493992413,-1.2860490588430924
-1.1496219556365754,-0.10135348079720558,-1.2279356991005308,-0.7054689621240783,-0.010684955964216718,-0.6991224441542135,-0.6983308925851475,0.7353832031873058,-0.10588306018714999,0.29944670982924637,0.8483631080811549,0.47849058328049915,0.04182307787855716,0.41369818995709984,-0.5785498082309726,-0.029254870234997253,0.14602344692837504,-1.2740310493992413,-1.2860490588430924
-1.1496219556365754,-0.10135348079720558,-1.0834726755175694,-0.7054689621240783,-0.010684955964216718,-0.6991224441542135,-0.6983308925851475,0.6595555449301591,0.07356374639461619,0.20926770493804622,0.7975364551038102,0.27674252746413214,-0.08014817245905835,0.41369818995709984,-0.46216293691369487,0.16016772733401244,0.3145830560852063,-1.2740310493992413,-1.2860490588430924
-1.1496219556365754,-0.10135348079720558,-0.9390096519346078,-0.7054689621240783,-0.010684955964216718,-0.6991224441542135,-0.16419982798389157,0.6595555449301591,0.07356374639461619,0.12774123415558766,0.7578015121142734,0.11215663555172682,-0.20491745163074246,0.41369818995709984,-0.3586212860182302,0.3217290048736607,0.46837297649738957,-0.9664937422040095,-1.0332833285939318
-1.1496219556365754,-0.10135348079720558,-0.7945466283516462,-0.7054689621240783,-0.010684955964216718,-0.6991224441542135,-0.6983308925851475,0.7353832031873058,0.13337934858853825,0.05289464011142783,0.7286931838668095,-0.025585890347701003,-0.21633763524477131,0.41369818995709984,-0.27503626183487306,0.4586557776598451,0.5527186610737271,-1.2740310493992413,-1.2860490588430924
-1.1496219556365754,-0.10135348079720558,-0.6500836047686848,-0.7054689621240783,-0.010684955964216718,-0.6991224441542135,0.18160634965280087,0.8112108614444523,0.07356374639461619,0.04597127497609921,0.7640778277748469,-0.08286139883966538,-0.18126291419055388,0.41369818995709984,-0.260443050942194,0.5261048008269985,0.5781619930343295,-0.7471557387850355,-0.7589332494607253
-1.1496219556365754,-0.10135348079720558,-0.5056205811857232,-0.7054689621240783,-0.010684955964216718,-0.6991224441542135,-0.6983308925851475,0.9628661779587454,0.07356374639461619,0.13064035149824604,0.9201762136035141,0.2712238246515562,-0.005970642092048234,0.41369818995709984,-0.2820878252708365,0.4552054367441277,0.5879020473323634,-1.2740310493992413,-1.2860490588430924
-1.1496219556365754,-0.10135348079720558,-0.3611575576027617,-0.7054689621240783,-0.010684955964216718,-0.6991224441542135,-0.6983308925851475,1.4178321275016248,-1.003117093095981,0.3040663001311381,1.1375429582678624,0.5559399596690379,0.1707286100434868,0.41369818995709984,-0.3364137958174094,0.40580497953178146,0.5849469826887325,-1.2740310493992413,-1.2860490588430924
-1.1496219556365754,-0.10135348079720558,-0.21669453401980013,-0.7054689621240783,-0.010684955964216718,-0.6991224441542135,-0.6983308925851475,1.569487444015918,-1.003117093095981,0.4583289092087747,1.3054656320283018,0.701744019782017,0.37869166293031997,0.41369818995709984,-0.3794625252463779,0.4061945896701007,0.5541305301081402,-1.2740310493992413,-1.2860490588430924
-1.1496219556365754,-0.10135348079720558,-0.0722315104368386,-0.7054689621240783,-0.010684955964216718,-0.6991224441542135,-0.6983308925851475,1.569487444015918,-0.7638546843202927,0.5006470588277403,1.380597216830546,0.6418702712263004,0.43995063463790696,0.41369818995709984,-0.3444665205542595,0.5262171014853103,0.6217710842903528,-1.2740310493992413,-1.2860490588430924
-1.1496219556365754,-0.10135348079720558,0.07223151314612293,-0.7054689621240783,-0.010684955964216718,-0.6991224441542135,-0.6983308925851475,2.0244533935587974,-1.4218263084534353,0.8578786524031761,1.551774145792931,0.800683432918322,0.6076017809453227,0.30799460825029745,-0.39780966873917617,0.5073004643498746,0.5965457631123474,-1.2740310493992413,-1.2860490588430924
-1.1496219556365754,-0.10135348079720558,0.21669453672908448,-0.7054689621240783,-0.010684955964216718,-0.6991224441542135,-0.6983308925851475,2.479419343101677,-1.9601667281987338,1.2196836805129347,1.7388193623199555,0.922384724723364,0.9008070296155187,0.04709866791389623,-0.48370274494542587,0.476533741273577,0.4837232327237248,-1.2740310493992413,-1.2860490588430924
-1.1496219556365754,-0.10135348079720558,0.361157560312046,-0.7054689621240783,-0.010684955964216718,-0.6991224441542135,-0.6983308925851475,1.8727980770445043,-1.182563899677747,1.4421631762090072,1.836091315792823,0.9779076145896477,1.4080811885203717,0.41369818995709984,-0.49075744530520504,0.5056680172324994,0.31031667608820124,-1.2740310493992413,-1.2860490588430924
-1.1496219556365754,-0.10135348079720558,0.5056205838950075,-0.6905997483152049,-0.010684955964216718,-0.6991224441542135,-0.6983308925851475,1.7211427605302112,-0.7040390821263706,1.5963802984432427,1.9243846020179882,1.0354840347425387,1.931004017527179,0.41369818995709984,-0.42220866217804304,0.6222014637670565,0.2202942594540819,-1.2740310493992413,-1.2860490588430924
-1.1496219556365754,-0.10135348079720558,0.6500836074779691,-0.7054689621240783,-0.010684955964216718,-0.6991224441542135,-0.6983308925851475,1.4178321275016248,0.4324573595581485,1.357973718315076,1.9420412831375462,1.0005007099471566,2.0497865044078085,0.41369818995709984,-0.41912940950014105,0.6653492268545487,0.19469901341932402,-1.2740310493992413,-1.2860490588430924
-1.1496219556365754,-0.10135348079720558,0.7945466310609306,-0.7054689621240783,-0.010684955964216718,-0.6991224441542135,-0.6983308925851475,1.3571700587478197,0.4922729617520706,0.9515561306912621,1.7627897643322934,0.7577945706061296,1.490973107162022,0.41369818995709984,-0.27840990274779115,0.8327847754194908,0.4813953283234694,-1.2740310493992413,-1.2860490588430924
-1.1496219556365754,-0.10135348079720558,0.9390096546438922,-0.7054689621240783,-0.010684955964216718,-0.6991224441542135,-0.6983308925851475,1.1600179737235023,0.851166574915603,0.6325080664544571,1.5741523552796586,0.49304260300763597,1.0148042750948807,0.41369818995709984,-0.07921331003330938,1.0770193450651662,0.8093238535059801,-1.2740310493992413,-1.2860490588430924
-1.1496219556365754,-0.10135348079720558,1.0834726782268538,-0.4827690072592206,-0.010684955964216718,-0.6991224441542135,-0.6983308925851475,0.9628661779587454,1.0904289836912913,0.43148163773955595,1.396123916991641,0.24503428085934573,0.6223390164225746,0.41369818995709984,0.09568008606960172,1.2800653893537048,1.078324020810418,-1.1263241282304115,-1.1354149532085558
-1.1496219556365754,-0.10135348079720558,1.2279357018098151,0.44935602307138717,-0.010684955964216718,-0.6991224441542135,-0.6983308925851475,0.9628661779587454,1.0904289836912913,0.2973322405352586,1.2396415982135358,0.026054130919373114,0.29596157214751734,0.41369818995709984,0.337876665242992,1.5504225550431556,1.4010207206316396,-0.45783859586587744,-0.4541759903038552
-1.1496219556365754,-0.10135348079720558,1.3723987253927767,0.1284618105140582,-0.010684955964216718,-0.6991224441542135,0.2424675485363702,0.9628661779587454,1.0904289836912913,0.27751067959902115,1.1220981261621623,-0.12199099649268876,0.031027566569407257,0.41369818995709984,0.447264576923678,1.6666391071913271,1.5866345808294782,-0.10724389608985865,-0.11176464541693609
-1.1496219556365754,-0.10135348079720558,1.5168617489757383,0.5765147341764407,-0.010684955964216718,-0.6991224441542135,-0.6983308925851475,0.9628661779587454,1.0904289836912913,0.27481023273415917,1.0318407123666185,-0.2409039538986056,0.0008395437606053976,0.41369818995709984,0.5320614189072407,1.760743616690835,1.6246022638423951,-0.38843888683683686,-0.3954688234919986
-1.1496219556365754,-0.10135348079720558,1.6613247725587,0.2010883696738924,-0.010684955964216718,0.556600914469598,0.3394499623938796,0.9628661779587454,1.0904289836912913,0.28994062848256474,0.9607220737969191,-0.32483273406817453,-0.017982797044660388,0.41369818995709984,0.5787267801939315,1.8080204727572127,1.630326022082904,0.8179707710990222,0.811571213382728
-1.1496219556365754,0.008724371214958183,-1.6613247698494156,1.3059643013124362,-0.010684955964216718,-0.6991224441542135,-0.6983308925851475,0.9628661779587454,0.7315353705277589,0.31141844565793975,0.8974472418449657,-0.28220727601441375,0.026184469612385908,0.41369818995709984,0.6254061369868773,1.7800085579753258,1.602016260081138,0.10416202347233099,0.10416295698357085
-1.1496219556365754,0.008724371214958183,-1.516861746266454,-0.7054689621240783,-0.010684955964216718,-0.6991224441542135,-0.41641484562610326,0.8870385197015989,1.030613381497369,0.33443813303978165,0.8501232712721445,-0.2640826761996177,0.007944038309920125,0.41369818995709984,0.6704943494997443,1.7751903864359564,1.6198844758333129,-1.2740310493992413,-1.2860490588430924
-1.1496219556365754,0.008724371214958183,-1.3723987226834924,-0.6916868126446347,-0.010684955964216718,-0.6991224441542135,-0.6983308925851475,0.8112108614444523,1.0904289836912913,0.32108373095652554,0.8030526682155884,-0.30219786910334157,-0.03556585507595153,0.41369818995709984,0.7315630171373457,1.8154727616536117,1.6626284586955715,-1.2740310493992413,-1.2860490588430924
-1.1496219556365754,0.008724371214958183,-1.2279356991005308,-0.6758862645179562,-0.010684955964216718,-0.6991224441542135,-0.6983308925851475,0.8112108614444523,0.7315353705277589,0.2756497325645782,0.7651985732228387,-0.35841890812061383,-0.10407857189697199,0.41369818995709984,0.7705955188748324,1.8560292193208634,1.7102609974562628,-1.2740310493992413,-1.2860490588430924
-1.1496219556365754,0.008724371214958183,-1.0834726755175694,-0.6699423751815028,-0.010684955964216718,-0.6991224441542135,-0.6983308925851475,0.8112108614444523,0.3726417573642265,0.20919679897627377,0.7312515605978991,-0.4233015997913591,-0.1922403770301182,0.41369818995709984,0.8017316594625922,1.901139662304483,1.7696994918971918,-1.2648888445739626,-1.2769026816866975
-1.1496219556365754,0.008724371214958183,-0.9390096519346078,-0.5564412306679007,-0.010684955964216718,-0.6991224441542135,-0.6983308925851475,0.8112108614444523,1.0904289836912913,0.13708409800535915,0.7007662963497854,-0.48951239448681766,-0.2789457314336338,0.41369818995709984,0.8260461972602658,1.9448986249518674,1.826390096951113,-1.1806381069660545,-1.1926134867158769
-1.1496219556365754,0.008724371214958183,-0.7945466283516462,-0.28949772717977873,-0.010684955964216718,-0.6991224441542135,-0.20156155322919098,0.8112108614444523,1.0904289836912913,0.07824151467257488,0.6798934710195861,-0.545378818062318,-0.34859459721185027,0.41369818995709984,0.8419243404082406,1.9816144861590002,1.8719508831455742,-0.6662690361153368,-0.6780096014073242
-1.1496219556365754,0.008724371214958183,-0.6500836047686848,-0.30420775875105743,-0.010684955964216718,-0.6991224441542135,-0.33311580192026313,0.9628661779587454,0.7315353705277589,0.0916066195425136,0.7356103287885774,-0.4181162013964102,-0.3113842515126305,0.41369818995709984,0.8123817571188794,1.9060288285129001,1.855788612602747,-0.7723202257116394,-0.7841092268683774
-1.1496219556365754,0.008724371214958183,-0.5056205811857232,-0.7054689621240783,-0.010684955964216718,-0.6991224441542135,-0.6983308925851475,1.1145214944730386,0.3726417573642265,0.2058401375029328,0.9055415929425839,-0.005550970328551744,-0.12977146956959112,0.41369818995709984,0.704120724993542,1.656567330142429,1.7503853835590457,-1.2740310493992413,-1.2860490588430924
-1.1496219556365754,0.008724371214958183,-0.3611575576027617,-0.6907760164783274,-0.010684955964216718,-0.6991224441542135,-0.6983308925851475,1.190349152730185,0.25301055297638236,0.5352772629877367,1.1034674974870446,0.5323759340514851,0.08734114598950951,0.41369818995709984,0.5731145821857313,1.3480705374283983,1.6237670615003188,-1.2740310493992413,-1.2860490588430924
-1.1496219556365754,0.008724371214958183,-0.21669453401980013,-0.6908871661005065,-0.010684955964216718,-0.6991224441542135,-0.6983308925851475,1.2661768109873317,0.4324573595581485,0.9316924275324617,1.3285009032354826,1.0869177652958897,0.32947083925111864,0.10063078320655525,0.4370734353518175,1.0704547046672237,1.5037267705498913,-1.2740310493992413,-1.2860490588430924
-1.1496219556365754,0.008724371214958183,-0.0722315104368386,-0.7054689621240783,-0.010684955964216718,-0.6991224441542135,-0.6983308925851475,1.2661768109873317,0.4324573595581485,1.1823670768955972,1.546014445792263,1.376474912558138,0.5447228536766268,0.0904054425374006,0.3006872268981717,0.9338579495244307,1.38996154940153,-1.2740310493992413,-1.2860490588430924
-1.1496219556365754,0.008724371214958183,0.07223151314612293,-0.7054689621240783,-0.010684955964216718,-0.6991224441542135,-0.6983308925851475,1.3116732902377954,0.013748144200694123,1.4382024762122652,1.6627103011666606,1.3123747616939951,0.6652812545730059,0.41369818995709984,0.25409232574641905,0.9837203023563084,1.3385097044455214,-1.2740310493992413,-1.2860490588430924
-1.1496219556365754,0.008724371214958183,0.21669453672908448,-0.7054689621240783,-0.010684955964216718,-0.6991224441542135,-0.6983308925851475,1.372335648251161,-0.10588306018714999,1.7638889438889735,1.7670257304398793,1.2377853247457087,0.8878616393940069,0.41369818995709984,0.21976134890323865,1.0385268960489553,1.2287739986963735,-1.2740310493992413,-1.2860490588430924
-1.1496219556365754,0.008724371214958183,0.361157560312046,-0.7054689621240783,-0.010684955964216718,-0.6991224441542135,-0.6983308925851475,1.4178321275016248,-0.22551426457499413,1.8554144931296828,1.8619164527153134,1.2088159709640312,1.3664570508575506,0.41369818995709984,0.19395025714362243,1.0680021615546675,0.9834269177511128,-1.2740310493992413,-1.2860490588430924
-1.1496219556365754,0.008724371214958183,0.5056205838950075,-0.7054689621240783,-0.010684955964216718,-0.6991224441542135,-0.6983308925851475,1.4178321275016248,0.07356374639461619,1.7432693564207122,1.9581262387453424,1.21072714360935,1.778061598162296,0.41369818995709984,0.1781893866859902,1.1029990912294032,0.8078038459223466,-1.2740310493992413,-1.2860490588430924
-1.1496219556365754,0.008724371214958183,0.6500836074779691,-0.7054689621240783,-0.010684955964216718,-0.6991224441542135,-0.6983308925851475,1.2358456319806488,0.25301055297638236,1.4355789556266847,1.9383508688128932,1.09865332007203,1.7063198705411562,0.41369818995709984,0.22131919353050417,1.1744730818608389,0.8542834847194035,-1.2740310493992413,-1.2860490588430924
-1.1496219556365754,0.008724371214958183,0.7945466310609306,-0.7054689621240783,-0.010684955964216718,-0.6991224441542135,-0.6983308925851475,1.0538594257192335,0.6717197683338367,1.0252615401053862,1.7661816425583943,0.829958813006721,1.2490530354792315,0.41369818995709984,0.3800538124548473,1.3456438105591322,1.1144639673020393,-1.2740310493992413,-1.2860490588430924
-1.1496219556365754,0.008724371214958183,0.9390096546438922,-0.7054689621240783,-0.010684955964216718,-0.6991224441542135,-0.6983308925851475,0.9780317674620869,0.6119041661399147,0.7088925171600778,1.5818987671418485,0.5562954275517756,0.8529797701923024,0.41369818995709984,0.5582706586896246,1.5093751584826711,1.3413065704099318,-1.2740310493992413,-1.2860490588430924
-1.1496219556365754,0.008724371214958183,1.0834726782268538,-0.7054689621240783,-0.010684955964216718,-0.6991224441542135,-0.6983308925851475,0.8870385197015989,0.4922729617520706,0.49738739135871074,1.4061393443546455,0.30224415139694366,0.5139311207208278,0.41369818995709984,0.7052336090426355,1.638128078372499,1.5183646992986954,-1.2740310493992413,-1.2860490588430924
-1.1496219556365754,0.008724371214958183,1.2279357018098151,-0.7054689621240783,-0.010684955964216718,-0.6991224441542135,-0.6983308925851475,0.8112108614444523,0.3726417573642265,0.3221004956913758,1.2653749864532562,0.09600543657275303,0.2524525172479609,0.41369818995709984,0.824627825091885,1.7063595488467023,1.6207474171218827,-1.2740310493992413,-1.2860490588430924
-1.1496219556365754,0.008724371214958183,1.3723987253927767,-0.7054689621240783,-0.010684955964216718,-0.6991224441542135,-0.6983308925851475,0.8112108614444523,0.3726417573642265,0.20124730416774766,1.1549653273668075,-0.06538124439501258,0.05468042703696528,0.41369818995709984,0.9148052153249469,1.7462817874704613,1.684336784852934,-1.2740310493992413,-1.2860490588430924
-1.1496219556365754,0.008724371214958183,1.5168617489757383,1.0514043178284853,-0.010684955964216718,-0.6991224441542135,-0.6983308925851475,0.8112108614444523,0.3726417573642265,0.15092213226183676,1.0622031745316398,-0.19587035011646564,-0.10083866077475412,0.41369818995709984,0.9962571313135972,1.7961153121639983,1.7509275932787849,-0.010548423858894318,0.005101669409328197
-1.1496219556365754,0.008724371214958183,1.6613247725587,-0.7054689621240783,-0.010684955964216718,0.6420721950781093,0.5999583770781629,0.8112108614444523,0.07356374639461619,0.14814877266269932,0.9706739828410829,-0.31663310441816406,-0.24860510411545214,0.41369818995709984,1.062149422572487,1.807440467824629,1.7807981044418466,0.35466472774612795,0.3512202605452081
-1.1496219556365754,0.11880222322712194,-1.6613247698494156,0.8169840964426233,-0.010684955964216718,-0.6991224441542135,-0.6983308925851475,0.8112108614444523,0.07356374639461619,0.12455381049666585,0.8976116837148537,-0.28097976102366473,-0.22767480871358808,0.41369818995709984,1.10639645689907,1.707644767491826,1.690180167300196,-0.2009035855766662,-0.21644176816847704
-1.1496219556365754,0.11880222322712194,-1.516861746266454,-0.7054689621240783,-0.010684955964216718,-0.6991224441542135,-0.6621873010530007,0.8112108614444523,0.07356374639461619,0.13744732382840102,0.8390287382479438,-0.24641583718345517,-0.19740880667746577,0.41369818995709984,1.143355210692517,1.6335943157800419,1.6184637216676012,-1.2740310493992413,-1.2860490588430924
-1.1496219556365754,0.11880222322712194,-1.3723987226834924,-0.6907122070640815,-0.010684955964216718,-0.6991224441542135,-0.6983308925851475,0.7808796824377694,0.013748144200694123,0.1027896937775304,0.7884949752963654,-0.2971377795303649,-0.24716290765318125,0.41369818995709984,1.1726029231431985,1.618890244143463,1.6036229518725638,-1.2740310493992413,-1.2860490588430924
-1.1496219556365754,0.11880222322712194,-1.2279356991005308,-0.6806452792590967,-0.010684955964216718,-0.6991224441542135,-0.6983308925851475,0.8112108614444523,0.07356374639461619,0.07135092682146182,0.7532034915892946,-0.3623111535704473,-0.31253800868244724,0.41369818995709984,1.1956752391098369,1.6339553129153812,1.6194506213733137,-1.2740310493992413,-1.2860490588430924
-1.1496219556365754,0.11880222322712194,-1.0834726755175694,-0.6832073102879191,-0.010684955964216718,-0.6991224441542135,-0.6983308925851475,0.7808796824377694,0.13337934858853825,0.022495381311910045,0.716818787039063,-0.4383863951221197,-0.3938133257082499,0.41369818995709984,1.217597993148921,1.649077177422538,1.6386043639270444,-1.2740310493992413,-1.2860490588430924
-1.1496219556365754,0.11880222322712194,-0.9390096519346078,-0.4903162151784437,-0.010684955964216718,-0.6991224441542135,-0.43875147189526775,0.7505487926906471,0.1931949507824603,-0.03183463958580883,0.6820262750144419,-0.5141402664296862,-0.4716240172793413,0.41369818995709984,1.243879140877235,1.6713036720831207,1.6629218847389475,-0.9635117825225289,-0.975388047173809
-1.1496219556365754,0.11880222322712194,-0.7945466283516462,-0.7054689621240783,-0.010684955964216718,-0.6991224441542135,-0.4043709382929316,0.6595555449301591,0.3726417573642265,-0.07851350585378,0.6515960599759903,-0.5845476279997681,-0.5209538441795283,0.41369818995709984,1.2613127156341555,1.6874573257804368,1.6663593469989413,-1.1030124754850277,-1.1149524215473587
-1.1496219556365754,0.11880222322712194,-0.6500836047686848,-0.14012496935543486,-0.010684955964216718,-0.6991224441542135,-0.26589407946745147,0.8112108614444523,-0.22551426457499413,-0.03389358817388047,0.7360224921019446,-0.2262215107037017,-0.400490192236775,0.41369818995709984,1.1699490855950778,1.4241238993487702,1.544454045317868,-0.6036270466186099,-0.6108960987664367
-1.1496219556365754,0.11880222322712194,-0.5056205811857232,-0.7054689621240783,-0.010684955964216718,-0.6991224441542135,-0.6983308925851475,0.9173696987082818,-0.5245922755446044,0.09332107218423798,0.8972962093979441,0.4613795357740369,-0.24883820331109827,0.41369818995709984,1.0179921525274003,1.000413515538387,1.4076377596334455,-1.2740310493992413,-1.2860490588430924
-1.1496219556365754,0.11880222322712194,-0.3611575576027617,-0.7054689621240783,-0.010684955964216718,-0.6991224441542135,-0.6983308925851475,0.9628661779587454,-1.062932695289903,0.30139394808131803,1.063388849816669,1.1050449224335832,-0.05877012536483808,0.41369818995709984,0.8183419123687955,0.5676556141316392,1.1653237591188286,-1.2740310493992413,-1.2860490588430924
-1.1496219556365754,0.11880222322712194,-0.21669453401980013,-0.7054689621240783,-0.010684955964216718,-0.6991224441542135,-0.6983308925851475,0.8112108614444523,-0.5245922755446044,0.5722627491420802,1.2021841398339923,1.5122431851807778,0.076850005212804,0.07870479814012193,0.6853763986853039,0.3484202036758998,1.0446246681891815,-1.2740310493992413,-1.2860490588430924
-1.1496219556365754,0.11880222322712194,-0.0722315104368386,-0.7054689621240783,-0.010684955964216718,-0.6991224441542135,-0.6983308925851475,0.9628661779587454,-1.062932695289903,0.9000670307336148,1.345089065080318,1.6041030760961308,0.22640997078187264,-0.34267985290931785,0.5455212350951077,0.2564349926151457,0.9006066585213958,-1.2740310493992413,-1.2860490588430924
-1.1496219556365754,0.11880222322712194,0.07223151314612293,-0.7054689621240783,-0.010684955964216718,-0.6991224441542135,-0.6983308925851475,0.9628661779587454,-1.062932695289903,1.2029311436579424,1.443078069796989,1.3711556809315588,0.3263231616235808,-0.40618811006535005,0.4179372348684433,0.2740190813260923,0.7555289344133522,-1.2740310493992413,-1.2860490588430924
-1.1496219556365754,0.11880222322712194,0.21669453672908448,-0.7054689621240783,-0.010684955964216718,-0.6991224441542135,-0.6983308925851475,0.9628661779587454,-1.3021951040655912,1.41056654314937,1.5108634081457404,1.153943493554651,0.5106543162007379,-0.2375167869220978,0.3086796261770267,0.27862211750471116,0.5678790788849978,-1.2740310493992413,-1.2860490588430924
-1.1496219556365754,0.11880222322712194,0.361157560312046,-0.7054689621240783,-0.010684955964216718,-0.6991224441542135,-0.6983308925851475,1.008362657209209,-1.2423795018716692,1.5168539109221013,1.5789063485653465,1.040359997066903,0.9990348629635266,-0.06614288518093397,0.22526882191635947,0.2799316464455998,0.2965269523126423,-1.2740310493992413,-1.2860490588430924
-1.1496219556365754,0.11880222322712194,0.5056205838950075,-0.6907853317417448,-0.010684955964216718,-0.6991224441542135,-0.6983308925851475,0.9628661779587454,-1.3021951040655912,1.5692266597052336,1.6385860436709083,0.9606303410948548,1.6913201888472236,0.3881839760769025,0.16742684237600008,0.2886616242494966,-0.012061459269384676,-1.2740310493992413,-1.2860490588430924
-1.1496219556365754,0.11880222322712194,0.6500836074779691,-0.7054689621240783,-0.010684955964216718,-0.6991224441542135,-0.6983308925851475,0.9628661779587454,-1.3021951040655912,1.374740971501757,1.6900739929232957,0.8873843511086659,2.302267311231472,0.41369818995709984,0.09627875591474512,0.27112658640080106,-0.2794815901762929,-1.2740310493992413,-1.2860490588430924
-1.1496219556365754,0.11880222322712194,0.7945466310609306,-0.7054689621240783,-0.010684955964216718,-0.6809636738338984,-0.6983308925851475,0.8112108614444523,-1.062932695289903,1.1094115314734252,1.65910669521109,0.7244718008121219,2.493149559389863,0.41369818995709984,0.09533164622422202,0.31363367638397804,-0.3668913447875599,-1.2740310493992413,-1.2860490588430924
-1.1496219556365754,0.11880222322712194,0.9390096546438922,-0.654274943094138,-0.010684955964216718,-0.5573760454035426,-0.6983308925851475,0.8112108614444523,-1.062932695289903,0.8140902074636837,1.556149852201967,0.46842155059249374,2.0993033137563013,0.41369818995709984,0.136268984623362,0.3920842916291933,-0.2582944528182802,-1.1627049521465862,-1.1712855317917845
-1.1496219556365754,0.11880222322712194,1.0834726782268538,-0.3371580348117113,-0.010684955964216718,-0.3130855325607973,-0.6983308925851475,0.507900228415866,-0.5245922755446044,0.527524431884504,1.364500969077178,0.18017971974047176,1.5051661650206614,0.41369818995709984,0.2600307638314569,0.5155379973130134,-0.04500904309854455,-0.7862669243160879,-0.7925339017074556
-1.1496219556365754,0.11880222322712194,1.2279357018098151,0.5127806830186092,-0.010684955964216718,0.397885129506016,-0.6983308925851475,0.507900228415866,-0.5245922755446044,0.38663963723599176,1.2034989690339977,0.06713922814793699,0.9948097304208621,0.41369818995709984,0.3803621961961183,0.5759409071448646,0.16614393510950667,0.26934815300486153,0.27958501372308836
-1.1496219556365754,0.11880222322712194,1.3723987253927767,0.6368100486953925,-0.010684955964216718,0.374104844895515,-0.6983308925851475,0.20458959538727972,0.013748144200694123,0.2947996936364804,1.0489617223306187,0.028122152702398942,0.5650854938430504,0.41369818995709984,0.47544573527700573,0.5754295303923606,0.3334995006201064,0.3024374558746861,0.30344457805756375
-1.1496219556365754,0.11880222322712194,1.5168617489757383,0.48689830070318957,-0.010684955964216718,0.29528688068066516,0.694109920503988,0.05293427887298657,0.3726417573642265,0.26947355572453097,0.9076355801870369,0.1949806522296216,0.07423812034072617,0.41369818995709984,0.5627221948859992,0.48007680552977794,0.5409556140763463,0.82689585896039,0.8165079929254232
-1.1496219556365754,0.11880222322712194,1.6613247725587,-0.7054689621240783,-0.010684955964216718,-0.6991224441542135,-0.6983308925851475,0.05293427887298657,0.3726417573642265,0.2535197143257302,0.8052066449833912,0.24689430704671686,-0.03637164042492963,0.41369818995709984,0.6125466797569775,0.42911704722271166,0.5653426989650026,-1.2740310493992413,-1.2860490588430924
-1.1496219556365754,0.22888007523928572,-1.6613247698494156,0.5701048013422,-0.010684955964216718,0.4056762213423664,0.5226125197356141,-0.09872103764130656,0.3726417573642265,0.19557415830178418,0.7190052287253844,0.19436178008845229,-0.029890979694178595,0.41369818995709984,0.6495479026728531,0.4194288565220319,0.5276621573903969,0.8352051317802351,0.8239157235537183
-1.1496219556365754,0.22888007523928572,-1.516861746266454,-0.7054689621240783,-0.010684955964216718,-0.6991224441542135,-0.6983308925851475,-0.09872103764130656,0.3726417573642265,0.1702787909015473,0.6472641106310448,0.19201160034574732,0.003964582257630771,0.41369818995709984,0.6684104668787615,0.3806184374426317,0.47051906077180117,-1.2740310493992413,-1.2860490588430924
-1.1496219556365754,0.22888007523928572,-1.3723987226834924,-0.7054689621240783,-0.010684955964216718,-0.6991224441542135,-0.5518189628152075,-0.09872103764130656,0.3726417573642265,0.10807419470208075,0.5981842114218234,0.1086692995606474,-0.08099252817853904,0.41369818995709984,0.6642151932279502,0.3754205519915375,0.4666882689189511,-1.2004189375482148,-1.247111047109516
-1.1496219556365754,0.22888007523928572,-1.2279356991005308,-0.7054689621240783,-0.010684955964216718,-0.6991224441542135,-0.448240416475815,-0.09872103764130656,0.3726417573642265,0.016305825988509496,0.5479299290731446,-0.03350080471513498,-0.19516753275673895,0.41369818995709984,0.6611931290842276,0.39746590267836845,0.47764797002061915,-1.1373400463156107,-1.1503724649535858
-1.1496219556365754,0.22888007523928572,-1.0834726755175694,-0.7054689621240783,-0.010684955964216718,-0.6991224441542135,-0.024533945932574717,-0.2503763541555997,0.4922729617520706,-0.08050021063174387,0.4960022919025587,-0.19947276563792776,-0.28244976574516295,0.41369818995709984,0.6636375166421891,0.43172706941933736,0.4772834629268536,-0.8897266864532378,-0.8918285762363793
-1.1496219556365754,0.22888007523928572,-0.9390096519346078,-0.7054689621240783,-0.010684955964216718,-0.6991224441542135,0.19135676457801468,-0.40203167066989287,0.7315353705277589,-0.18134989384552974,0.4439878463628903,-0.36855357876298567,-0.29117337736927135,0.41369818995709984,0.6650447889262988,0.4670185194029407,0.43928544044120954,-0.7729902238363245,-0.7729354934421706
-1.1496219556365754,0.22888007523928572,-0.7945466283516462,1.006079806191117,-0.010684955964216718,-0.6991224441542135,0.3221472756594725,-0.007727789880818559,-0.22551426457499413,-0.26329845577778466,0.4281181472800547,-0.5012871615473847,-0.1905097412753931,0.41369818995709984,0.6351011619921861,0.48206680761672055,0.3480069696361835,0.5750336273258504,0.5660723158648365
-1.1496219556365754,0.22888007523928572,-0.6500836047686848,-0.7054689621240783,-0.010684955964216718,0.5880025285975339,-0.07806019288255604,0.38657609090825573,-0.9433014909020588,-0.1559689041518318,0.5145757540907195,-0.12923844958390293,0.05211130496696642,0.41369818995709984,0.5224807709702907,0.26714744276835883,0.19346202977413152,-0.15416158583187778,-0.1667759382151127
-1.1496219556365754,0.22888007523928572,-0.5056205811857232,-0.7054689621240783,-0.010684955964216718,-0.6991224441542135,-0.6983308925851475,0.7808796824377694,-1.6012731150352015,-0.012900741020062305,0.7155830028580594,0.6643772700462637,0.22147044789859482,0.41369818995709984,0.33431070676998553,-0.0934271667225589,0.07979367822797799,-1.2740310493992413,-1.2860490588430924
-1.1496219556365754,0.22888007523928572,-0.3611575576027617,-0.7054689621240783,-0.010684955964216718,-0.6991224441542135,-0.6983308925851475,1.2661768109873317,-2.259244739168344,0.2598102771984481,0.9338785264956805,1.4346344023316349,0.35400327186339886,0.21668839980146043,0.11429531589773022,-0.426353655326619,-0.043519808408677176,-1.2740310493992413,-1.2860490588430924
-1.1496219556365754,0.22888007523928572,-0.21669453401980013,-0.7054689621240783,-0.010684955964216718,-0.6991224441542135,-0.6983308925851475,1.569487444015918,-2.5583227501379544,0.603527595814556,1.160854181282452,1.9663606511264573,0.4616716226350742,-0.24741220241176715,-0.06494923483945159,-0.6165774169790638,-0.11407966999880648,-1.2740310493992413,-1.2860490588430924
-1.1496219556365754,0.22888007523928572,-0.0722315104368386,-0.7054689621240783,-0.010684955964216718,-0.6991224441542135,-0.6983308925851475,1.7969704187873576,-2.7377695567197207,0.9760467823177985,1.3430614191910988,2.0559752125378985,0.638896605690286,-0.7091354714167885,-0.201069287372423,-0.6596006166926813,-0.200758893448906,-1.2740310493992413,-1.2860490588430924
-1.1496219556365754,0.22888007523928572,0.07223151314612293,-0.7054689621240783,-0.010684955964216718,-0.6991224441542135,-0.6983308925851475,2.0244533935587974,-2.7975851589136425,1.3147558656906013,1.5041728118945048,1.8796810439602585,0.7734434737843776,-0.7103463670223463,-0.33246103050773834,-0.6272786800935178,-0.27296207090825303,-1.2740310493992413,-1.2860490588430924
-1.1496219556365754,0.22888007523928572,0.21669453672908448,-0.7054689621240783,-0.010684955964216718,-0.6991224441542135,-0.6983308925851475,2.100281051815944,-2.9770319654954087,1.598088730767458,1.640514177527277,1.723905129429375,0.9775335583809611,-0.866954362060375,-0.43843090173842186,-0.6035273059959351,-0.37053944967248825,-1.2740310493992413,-1.2860490588430924
-1.1496219556365754,0.22888007523928572,0.361157560312046,-0.7054689621240783,-0.010684955964216718,-0.6991224441542135,-0.6983308925851475,2.1761087100730907,-3.036847567689331,1.7628146516757044,1.7822905939755305,1.6293694263223821,1.5220633412460585,-0.4581560056240663,-0.5548349054857701,-0.602910728052024,-0.5788879770479473,-1.2740310493992413,-1.2860490588430924
-1.1496219556365754,0.22888007523928572,0.5056205838950075,-0.7054689621240783,-0.010684955964216718,-0.6991224441542135,-0.6983308925851475,2.3277640265873836,-3.156478772077175,1.828764554289925,1.9112666576591575,1.5772980699266144,2.211278130243223,-0.28068550774709417,-0.6600893167846318,-0.6142984881026331,-0.8088083029534963,-1.2740310493992413,-1.2860490588430924
-1.1496219556365754,0.22888007523928572,0.6500836074779691,-0.7054689621240783,-0.010684955964216718,-0.6991224441542135,-0.6983308925851475,2.3277640265873836,-3.276109976465019,1.72050185345008,1.9809511937412503,1.5061644286536726,2.773046353264034,0.41369818995709984,-0.7136662864447374,-0.6119287721039657,-0.975226378756825,-1.2740310493992413,-1.2860490588430924
-1.1496219556365754,0.22888007523928572,0.7945466310609306,-0.6892056377098178,-0.010684955964216718,-0.6991224441542135,-0.6983308925851475,2.1761087100730907,-3.156478772077175,1.4657420841950168,1.9899256264343632,1.3841008494381666,3.022376967001214,0.41369818995709984,-0.7379593483793649,-0.5923607050961774,-1.0517163070020084,-1.2740310493992413,-1.2860490588430924
-1.1496219556365754,0.22888007523928572,0.9390096546438922,-0.6906768256023833,-0.010684955964216718,-0.6991224441542135,-0.6983308925851475,2.0244533935587974,-3.096663169883253,1.1839183120404115,1.9181280476121652,1.1699796130032423,2.606629458812701,0.41369818995709984,-0.7527110945756551,-0.5752245282063135,-0.9887575668826442,-1.2740310493992413,-1.2860490588430924
-1.1496219556365754,0.22888007523928572,1.0834726782268538,-0.690700844012543,-0.010684955964216718,-0.6991224441542135,-0.6983308925851475,1.569487444015918,-2.5583227501379544,0.8728197426121326,1.7312246886638853,0.8688318259290392,2.0034031184194934,0.41369818995709984,-0.6657239558632062,-0.4812075787986311,-0.8298170875539769,-1.2740310493992413,-1.2860490588430924
-1.1496219556365754,0.22888007523928572,1.2279357018098151,-0.6505258341004433,-0.010684955964216718,-0.5967245201209825,-0.6983308925851475,1.4178321275016248,-2.259244739168344,0.6621868939254001,1.5600096487101955,0.4778580720838771,1.475451048493674,0.41369818995709984,-0.5978141399871283,-0.35251683302806014,-0.6786047220604902,-1.184017782403625,-1.1975427552045268
-1.1496219556365754,0.22888007523928572,1.3723987253927767,-0.03175888132112187,-0.010684955964216718,-0.06635894358111144,-0.6983308925851475,1.2661768109873317,-2.259244739168344,0.5187514914255827,1.4118842234142506,0.29704852371040513,1.050709097601219,0.41369818995709984,-0.5391082998882791,-0.30722266444635976,-0.5629430671561586,-0.41169549019976376,-0.41125574001824905
-1.1496219556365754,0.22888007523928572,1.5168617489757383,-0.7054689621240783,-0.010684955964216718,0.708223577750142,-0.6983308925851475,0.9628661779587454,-1.9601667281987338,0.4385026658033636,1.2667893276861122,0.2244052094870353,0.705083361472737,0.41369818995709984,-0.47205775983588344,-0.29123896768403645,-0.45921436029648016,-0.4776856252149247,-0.4594010713788034
-1.1496219556365754,0.22888007523928572,1.6613247725587,1.1434789268147332,-0.010684955964216718,0.45880131556425735,-0.6983308925851475,0.8112108614444523,-1.4218263084534353,0.3192836560213401,1.1450663502550111,0.2813286598601251,0.41254051699160715,0.41369818995709984,-0.41846727727318683,-0.3042449759182113,-0.3525661293183656,0.7244201678195116,0.7185842362369678
-1.1496219556365754,0.33895792725144946,-1.6613247698494156,-0.7054689621240783,-0.010684955964216718,0.5744060910342043,1.2676525498138118,0.6595555449301591,-1.3021951040655912,0.30897687244596395,1.0338436566873999,0.5123759641119335,0.0879012548481124,0.41369818995709984,-0.3696929379749872,-0.3782668146270156,-0.23049136001105883,0.605502701097632,0.6099318513130922
-1.1496219556365754,0.33895792725144946,-1.516861746266454,-0.7054689621240783,-0.010684955964216718,-0.6991224441542135,-0.6983308925851475,0.507900228415866,-1.062932695289903,0.2644385635145195,0.9401004987056902,0.5857898849683847,0.07735728943354463,0.41369818995709984,-0.33074054844571804,-0.3997454987736295,-0.2231567924792542,-1.2740310493992413,-1.2860490588430924
-1.1496219556365754,0.33895792725144946,-1.3723987226834924,-0.7054689621240783,-0.010684955964216718,-0.6991224441542135,-0.6983308925851475,0.35624491190157287,-0.5844078777385264,0.18853172466461127,0.8641170626718805,0.5097180531805755,0.10704473591212804,0.41369818995709984,-0.28993327173401545,-0.36135072121119943,-0.22051639150990843,-1.2740310493992413,-1.2860490588430924
-1.1496219556365754,0.33895792725144946,-1.2279356991005308,-0.7054689621240783,-0.010684955964216718,-0.6991224441542135,-0.635669461600859,0.35624491190157287,-0.5844078777385264,0.11558554418078655,0.8020370808732331,0.36031157754613435,-0.01939480799958143,0.41369818995709984,-0.25947929142526427,-0.2927199595074433,-0.15502343857574377,-1.2740310493992413,-1.2860490588430924
-1.1496219556365754,0.33895792725144946,-1.0834726755175694,-0.7054689621240783,-0.010684955964216718,-0.6991224441542135,-0.36491286493001124,0.20458959538727972,-0.2853298667689162,0.017983487801012315,0.7235376136542278,0.18111569992091792,-0.1514111243941768,0.41369818995709984,-0.2191104601422701,-0.21005075497327041,-0.08430234435912126,-1.0870886118746026,-1.0937027083703923
-1.1496219556365754,0.33895792725144946,-0.9390096519346078,-0.7054689621240783,-0.010684955964216718,-0.6991224441542135,-0.008283953112119418,0.20458959538727972,-0.2853298667689162,-0.06963086183136177,0.6605853136101661,0.0006709962808075054,-0.20422737739327212,0.41369818995709984,-0.18683054887092312,-0.1277337270246462,-0.04701188171957981,-0.8797694648607004,-0.8811296080200022
-1.1496219556365754,0.33895792725144946,-0.7945466283516462,-0.7054689621240783,-0.010684955964216718,-0.6991224441542135,0.19493313598639544,0.35624491190157287,-0.2853298667689162,-0.1331605968069719,0.6274104014386919,-0.15428572248194417,-0.14863321923167477,0.41369818995709984,-0.16424469739755704,-0.04111571294389687,-0.0408772403341366,-0.7708119198850042,-0.7706086931226971
-1.1496219556365754,0.33895792725144946,-0.6500836047686848,-0.7054689621240783,-0.010684955964216718,-0.6991224441542135,-0.008423872106058647,0.8112108614444523,-0.8236702865142147,-0.0960419947432632,0.7313920066584472,0.04996339512807406,0.07903006963251581,0.41369818995709984,-0.21705963587226862,-0.07843029585999843,-0.08878695184924285,-0.8933438572799313,-0.9030955415013743
-1.1496219556365754,0.33895792725144946,-0.5056205811857232,-0.7054689621240783,-0.010684955964216718,-0.6991224441542135,-0.6983308925851475,1.2661768109873317,-1.2423795018716692,0.05034737688096103,0.9296157415423617,0.8024437235126948,0.28350501944781004,0.41369818995709984,-0.309791688600507,-0.2938547985354025,-0.10718134074271533,-1.2740310493992413,-1.2860490588430924
-1.1496219556365754,0.33895792725144946,-0.3611575576027617,-0.7054689621240783,-0.010684955964216718,-0.6991224441542135,-0.6983308925851475,1.7211427605302112,-1.6610887172291235,0.29540038753904324,1.1459725449371405,1.5230674805644802,0.4342807901740257,0.41369818995709984,-0.3999840395471516,-0.4565584448406362,-0.07832676849497647,-1.2740310493992413,-1.2860490588430924
-1.1496219556365754,0.33895792725144946,-0.21669453401980013,-0.7054689621240783,-0.010684955964216718,-0.6991224441542135,-0.6983308925851475,2.0244533935587974,-1.8405355238108898,0.6272088491982182,1.3427473563923855,2.037046760892355,0.621831732201834,0.19437165228840267,-0.4840198155526481,-0.5679871595353041,-0.09260105699209294,-1.2740310493992413,-1.2860490588430924
-1.1496219556365754,0.33895792725144946,-0.0722315104368386,-0.7054689621240783,-0.010684955964216718,-0.6991224441542135,-0.6983308925851475,2.1761087100730907,-2.3190603413622664,1.0252454859253621,1.5327525265773934,2.1304453077509735,0.7764259696078064,-0.33098856809159904,-0.5869483184930506,-0.5871697039766274,-0.14044662219343307,-1.2740310493992413,-1.2860490588430924
-1.1496219556365754,0.33895792725144946,0.07223151314612293,-0.7054689621240783,-0.010684955964216718,-0.6991224441542135,-0.6983308925851475,2.3277640265873836,-2.498507147944032,1.3768253392081997,1.69634607402928,1.9731980801131228,0.9244556976515004,-0.30346906429070025,-0.6552307043977063,-0.5043483987424038,-0.155418935273795,-1.2740310493992413,-1.2860490588430924
-1.1496219556365754,0.33895792725144946,0.21669453672908448,-0.7054689621240783,-0.010684955964216718,-0.6991224441542135,-0.6983308925851475,2.479419343101677,-2.7377695567197207,1.6761896408873063,1.840826959341957,1.8566532037101926,1.1498458501149837,-0.466405305058644,-0.7294983409428039,-0.4611939664587284,-0.23107517815053827,-1.2740310493992413,-1.2860490588430924
-1.1496219556365754,0.33895792725144946,0.361157560312046,-0.7054689621240783,-0.010684955964216718,-0.6991224441542135,-0.6983308925851475,2.479419343101677,-2.6181383523318766,1.8535602353369163,1.9648641208561595,1.7255349965559807,1.6990158162488063,-0.21188674824484716,-0.7884319699710427,-0.41033510663585415,-0.4130088603065656,-1.2740310493992413,-1.2860490588430924
-1.1496219556365754,0.33895792725144946,0.5056205838950075,-0.7054689621240783,-0.010684955964216718,-0.6991224441542135,-0.6983308925851475,2.0244533935587974,-1.6012731150352015,1.8859107459335118,2.0192365075430194,1.6127365981977324,2.3408267814119674,0.28355440612459487,-0.7800032969799671,-0.3046515817500299,-0.5545104274221482,-1.2740310493992413,-1.2860490588430924
-1.1496219556365754,0.33895792725144946,0.6500836074779691,-0.6906791733403045,-0.010684955964216718,-0.6991224441542135,-0.6983308925851475,2.0244533935587974,-1.8405355238108898,1.7296413643528814,2.0660819734472398,1.5178837870514628,2.938300267196082,0.41369818995709984,-0.7701424976160877,-0.21383584651031567,-0.6837047874259353,-1.2740310493992413,-1.2860490588430924
-1.1496219556365754,0.33895792725144946,0.7945466310609306,-0.7054689621240783,-0.010684955964216718,-0.6991224441542135,-0.6983308925851475,1.8727980770445043,-1.5414575128412795,1.4813574499649793,2.062867240754795,1.3736030389443648,3.2092973673199365,0.41369818995709984,-0.7479538289581614,-0.12625187465979637,-0.7324347482572738,-1.2740310493992413,-1.2860490588430924
-1.1496219556365754,0.33895792725144946,0.9390096546438922,-0.7054689621240783,-0.010684955964216718,-0.6991224441542135,-0.6983308925851475,1.7211427605302112,-1.062932695289903,1.185147794660579,1.964082845534417,1.152661422342091,2.7166967189323747,0.41369818995709984,-0.6595562810377871,0.02043709539116601,-0.5343273099008868,-1.2740310493992413,-1.2860490588430924
-1.1496219556365754,0.33895792725144946,1.0834726782268538,-0.6907273040701407,-0.010684955964216718,-0.6991224441542135,-0.6983308925851475,1.569487444015918,-0.5844078777385264,0.8945885418004417,1.8000234970776974,0.8984004457096728,2.0212528150990416,0.41369818995709984,-0.5440928718314983,0.1688938327014157,-0.2636612888332053,-1.2740310493992413,-1.2860490588430924
-1.1496219556365754,0.33895792725144946,1.2279357018098151,-0.6906722899128831,-0.010684955964216718,-0.6991224441542135,-0.6983308925851475,1.4178321275016248,-0.04606745799322794,0.7000105420618273,1.63005271041419,0.641534409485776,1.5487657764422673,0.41369818995709984,-0.42583036137423697,0.31756269347736543,-0.05404153755047591,-1.2740310493992413,-1.2860490588430924
-1.1496219556365754,0.33895792725144946,1.3723987253927767,-0.3119023513496169,-0.010684955964216718,-0.2957271252197025,-0.6983308925851475,1.3420044692444784,-0.2853298667689162,0.5427993152531252,1.4825328264245279,0.3318963103922254,1.1434113061315727,0.41369818995709984,-0.2885535078587515,0.5382935098256819,0.18235193157194426,-0.7559488341356765,-0.7619998597888694
-1.1496219556365754,0.33895792725144946,1.5168617489757383,-0.05556357024004214,-0.010684955964216718,-0.13595802550894165,-0.6983308925851475,1.2661768109873317,-1.003117093095981,0.4555027046003918,1.3555180672748863,0.23334220057246102,0.8062911751852279,0.41369818995709984,-0.2037342248048146,0.5848520289225133,0.32735662423492295,-0.4767871040866696,-0.4806992190082831
-1.1496219556365754,0.33895792725144946,1.6613247725587,0.1750820155831575,-0.010684955964216718,0.018760461261102725,-0.6983308925851475,1.2661768109873317,-1.003117093095981,0.4009686618315352,1.2543291508068335,0.19809632395961313,0.5430014412713696,0.41369818995709984,-0.11788820245580107,0.6202729903932885,0.46350912559817775,-0.22384301089131392,-0.22688977881440148
-1.1496219556365754,0.44903577926361327,-1.6613247698494156,-0.7054689621240783,-0.010684955964216718,0.5163544207361916,-0.6983308925851475,0.6595555449301591,0.07356374639461619,0.34009790042239185,1.1188269327418587,0.1479966635177359,0.2137672741201746,0.41369818995709984,-0.004551627596587713,0.6651977715605802,0.6399275250334361,-0.5963793842072361,-0.5880220769300096
-1.1496219556365754,0.44903577926361327,-1.516861746266454,-0.7054689621240783,-0.010684955964216718,-0.6991224441542135,-0.6983308925851475,1.1145214944730386,-0.5245922755446044,0.30549244645659906,1.0556417321953808,0.2829593794276966,0.041991613627927186,0.41369818995709984,0.06639231751481182,0.6322741013573975,0.7572409475172452,-1.2740310493992413,-1.2860490588430924
-1.1496219556365754,0.44903577926361327,-1.3723987226834924,-0.7054689621240783,-0.010684955964216718,-0.6991224441542135,-0.6983308925851475,1.1145214944730386,-0.5245922755446044,0.2513804948375388,1.006448205771344,0.2655465678193418,-0.0749470418454151,0.41369818995709984,0.12352921310212445,0.6651715250465687,0.8426313935079964,-1.2740310493992413,-1.2860490588430924
-1.1496219556365754,0.44903577926361327,-1.2279356991005308,-0.7054689621240783,-0.010684955964216718,-0.6991224441542135,-0.6983308925851475,1.1145214944730386,-0.5245922755446044,0.1961467573893051,0.9636968483959653,0.18128789299600911,-0.16973540432816997,0.41369818995709984,0.18895048318498842,0.7426727479447918,0.930699514677444,-1.2740310493992413,-1.2860490588430924
-1.1496219556365754,0.44903577926361327,-1.0834726755175694,-0.7054689621240783,-0.010684955964216718,-0.6991224441542135,-0.6983308925851475,0.9628661779587454,-0.5245922755446044,0.13871493512612545,0.9195452649696951,0.07533544803408429,-0.2558504643657329,0.41369818995709984,0.23978554012830075,0.8063859455725116,0.9884259960144802,-1.2740310493992413,-1.2860490588430924
-1.1496219556365754,0.44903577926361327,-0.9390096519346078,-0.7054689621240783,-0.010684955964216718,-0.6991224441542135,-0.6983308925851475,0.9628661779587454,-0.22551426457499413,0.07936865189508974,0.8752031265869024,-0.0332450724253956,-0.3387960461315609,0.41369818995709984,0.3015438484017021,0.8852593018016017,1.0585561206444805,-1.2740310493992413,-1.2860490588430924
-1.1496219556365754,0.44903577926361327,-0.7945466283516462,-0.7054689621240783,-0.010684955964216718,-0.6991224441542135,-0.377241772056643,0.9628661779587454,0.07356374639461619,0.02946757791147818,0.8415144217919155,-0.12907648580040132,-0.3993070880459237,0.41369818995709984,0.36002431258948164,0.9705789739802215,1.1293398442012328,-1.2740310493992413,-1.2860490588430924
-1.1496219556365754,0.44903577926361327,-0.6500836047686848,-0.7054689621240783,-0.010684955964216718,-0.6991224441542135,-0.6797149078976908,1.2661768109873317,-0.5245922755446044,0.05449403779631389,0.9244749922708427,0.19568221114447332,-0.3103680060985187,0.41369818995709984,0.33348883273026025,0.8399840651316474,1.118252067182552,-1.2740310493992413,-1.2860490588430924
-1.1496219556365754,0.44903577926361327,-0.5056205811857232,-0.7054689621240783,-0.010684955964216718,-0.6991224441542135,-0.6983308925851475,1.7211427605302112,-1.003117093095981,0.19089168912813198,1.1054090407662798,0.9495690671226606,-0.11767546598545159,0.41369818995709984,0.2619148485355599,0.5462068338001697,1.0879862760319585,-1.2740310493992413,-1.2860490588430924
-1.1496219556365754,0.44903577926361327,-0.3611575576027617,-0.7054689621240783,-0.010684955964216718,-0.6991224441542135,-0.6983308925851475,2.1761087100730907,-1.4218263084534353,0.4281711320337838,1.3094164714602021,1.6721091114655597,0.10598321223699143,0.41369818995709984,0.19116177317325686,0.31489931771127355,1.0683236971784884,-1.2740310493992413,-1.2860490588430924
-1.1496219556365754,0.44903577926361327,-0.21669453401980013,-0.7054689621240783,-0.010684955964216718,-0.6991224441542135,-0.6983308925851475,2.3277640265873836,-1.6012731150352015,0.7684822887881435,1.507537165515775,2.1808151919790086,0.3202952835030777,0.2788477075534268,0.08746448259616482,0.13887470500372623,0.992429506151356,-1.2740310493992413,-1.2860490588430924
-1.1496219556365754,0.44903577926361327,-0.0722315104368386,-0.7054689621240783,-0.010684955964216718,-0.6991224441542135,-0.6983308925851475,2.63107465961597,-1.9601667281987338,1.1465127415087746,1.6982233932305761,2.28057294844248,0.5464560048902977,0.2658343821228768,0.02666703821770941,0.1669102846752956,0.957764924876355,-1.2740310493992413,-1.2860490588430924
-1.1496219556365754,0.44903577926361327,0.07223151314612293,-0.7054689621240783,-0.010684955964216718,-0.6991224441542135,-0.6983308925851475,2.63107465961597,-2.1396135347805,1.478087079709267,1.8304395969341845,2.0934186819605736,0.7081471904687473,0.36512314198883533,-0.023434943760046435,0.27240298449613415,0.9092065987764448,-1.2740310493992413,-1.2860490588430924
-1.1496219556365754,0.44903577926361327,0.21669453672908448,-0.7054689621240783,-0.010684955964216718,-0.6991224441542135,-0.6983308925851475,2.479419343101677,-1.6012731150352015,1.7291383333787977,1.9363076962235126,1.895774276953558,0.9366841820734532,0.41369818995709984,-0.04816620982155032,0.4049031320995151,0.8485818309518816,-1.2740310493992413,-1.2860490588430924
-1.1496219556365754,0.44903577926361327,0.361157560312046,-0.7054689621240783,-0.010684955964216718,-0.6991224441542135,-0.6983308925851475,2.3277640265873836,-1.6012731150352015,1.903345585439522,2.028639336008759,1.7633518351216753,1.49278843003459,0.41369818995709984,-0.06227102580630105,0.5088074875519323,0.6246882245930746,-1.2740310493992413,-1.2860490588430924
-1.1496219556365754,0.44903577926361327,0.5056205838950075,-0.7054689621240783,-0.010684955964216718,-0.6991224441542135,-0.6983308925851475,2.3277640265873836,-1.6012731150352015,1.9357997792821053,2.1024857334931237,1.6822284381705472,2.1923224701138286,0.41369818995709984,-0.08579723051889478,0.5686723438465463,0.331607617785045,-1.2740310493992413,-1.2860490588430924
-1.1496219556365754,0.44903577926361327,0.6500836074779691,-0.7054689621240783,-0.010684955964216718,-0.6991224441542135,-0.6983308925851475,2.3277640265873836,-1.6012731150352015,1.785908589640157,2.1552913349819094,1.6036359384468737,2.806989117792632,0.41369818995709984,-0.09655036405743765,0.6263976789784961,0.0977988550284642,-1.2740310493992413,-1.2860490588430924
-1.1496219556365754,0.44903577926361327,0.7945466310609306,-0.7054689621240783,-0.010684955964216718,-0.6991224441542135,-0.6983308925851475,2.1761087100730907,-1.4218263084534353,1.537656114688135,2.1441008187203496,1.474520115121321,3.0446069161917526,0.41369818995709984,-0.062256306394550244,0.7125206665941584,0.026789752531452597,-1.2740310493992413,-1.2860490588430924
-1.1496219556365754,0.44903577926361327,0.9390096546438922,-0.7054689621240783,-0.010684955964216718,-0.6991224441542135,-0.6983308925851475,2.0244533935587974,-0.9433014909020588,1.2391132518869208,2.04515339314828,1.254157305934824,2.5830025914209167,0.41369818995709984,0.05798487908495049,0.8864593268438684,0.2674140611256831,-1.2740310493992413,-1.2860490588430924
-1.1496219556365754,0.44903577926361327,1.0834726782268538,-0.7054689621240783,-0.010684955964216718,-0.6991224441542135,-0.6983308925851475,1.7211427605302112,-0.46477667335068235,0.9396586454451795,1.8685597631069675,0.9833964819684208,1.9123175115049875,0.41369818995709984,0.19387497097204456,1.0476537985934369,0.5830537995905541,-1.2740310493992413,-1.2860490588430924
-1.1496219556365754,0.44903577926361327,1.2279357018098151,-0.7054689621240783,-0.010684955964216718,-0.6991224441542135,-0.6983308925851475,1.7211427605302112,-0.46477667335068235,0.7602772649475695,1.7285018700629078,0.7641060435168977,1.4261279294840092,0.41369818995709984,0.31020175813315914,1.1889839619434637,0.8404114109464421,-1.2740310493992413,-1.2860490588430924
-1.1496219556365754,0.44903577926361327,1.3723987253927767,-0.7054689621240783,-0.010684955964216718,-0.6991224441542135,-0.6983308925851475,1.6908115815235283,-0.4049610711567603,0.6343228577213311,1.6110148587393929,0.5824534310282515,1.0622659544846376,0.41369818995709984,0.4177634975494174,1.3189231382124702,1.0568805149078602,-1.2740310493992413,-1.2860490588430924
-1.1496219556365754,0.44903577926361327,1.5168617489757383,-0.7054689621240783,-0.010684955964216718,-0.6991224441542135,-0.6983308925851475,1.6756462812797475,-0.3451454689628382,0.518786944406469,1.5140266204240145,0.4344551878693086,0.7954889559855558,0.41369818995709984,0.5458696749404875,1.4677197893927056,1.2647154383521513,-1.2740310493992413,-1.2860490588430924
-1.1496219556365754,0.44903577926361327,1.6613247725587,-0.7054689621240783,-0.010684955964216718,-0.6991224441542135,-0.6983308925851475,1.6453151022730645,-0.2853298667689162,0.4291925792378077,1.430572018576325,0.30919921723688915,0.5899323588235583,0.41369818995709984,0.6742403191394082,1.6107891069990399,1.4500727132949256,-1.2740310493992413,-1.2860490588430924
-1.1496219556365754,0.559113631275777,-1.6613247698494156,-0.7054689621240783,-0.010684955964216718,-0.6991224441542135,-0.6983308925851475,1.6149839232663816,-0.22551426457499413,0.3696723757231792,1.3555971122938881,0.20084033142851673,0.4251253580975513,0.41369818995709984,0.7804483552782563,1.7253564314716976,1.5964949094658236,-1.2740310493992413,-1.2860490588430924
-1.1496219556365754,0.559113631275777,-1.516861746266454,-0.7054689621240783,-0.010684955964216718,-0.6991224441542135,-0.6983308925851475,1.5998186230226008,-0.16569866238107206,0.32307980067283676,1.2932468247606181,0.11338926518827065,0.29884093415416746,0.41369818995709984,0.909286159823891,1.8547125909130702,1.7482260799429459,-1.2740310493992413,-1.2860490588430924
-1.1496219556365754,0.559113631275777,-1.3723987226834924,-0.7054689621240783,-0.010684955964216718,-0.6991224441542135,-0.6983308925851475,1.569487444015918,-0.10588306018714999,0.25472110213085586,1.213903975419226,0.010011191943055662,0.16484411308289543,0.41369818995709984,1.0581771118144254,1.994108257099228,1.9061560381192773,-1.2740310493992413,-1.2860490588430924
-1.1496219556365754,0.559113631275777,-1.2279356991005308,-0.7054689621240783,-0.010684955964216718,-0.6991224441542135,-0.6983308925851475,1.3116732902377954,0.1931949507824603,0.19573202440535303,1.1400872198169874,-0.09723781572784783,0.034934912798583066,0.41369818995709984,1.1865670601599045,2.102801955952674,2.029649394487101,-1.2740310493992413,-1.2860490588430924
-1.1496219556365754,0.559113631275777,-1.0834726755175694,-0.6900542167187619,-0.010684955964216718,-0.6991224441542135,-0.6983308925851475,1.038693836215892,0.5520885639459927,0.07764951678419171,1.0559734389715496,-0.21968328849603141,-0.10605572262838757,0.41369818995709984,1.302674262653917,2.1867568094026923,2.1266953990575708,-1.2740310493992413,-1.2860490588430924
-1.1496219556365754,0.559113631275777,-0.9390096519346078,-0.6905511410296117,-0.010684955964216718,-0.6991224441542135,-0.6983308925851475,0.7808796824377694,0.851166574915603,-0.025795592200132812,0.9577734122845075,-0.3580745219704315,-0.26633657422454676,0.41369818995709984,1.405151772470348,2.248516577954797,2.2047744655421018,-1.2740310493992413,-1.2860490588430924
-1.1496219556365754,0.559113631275777,-0.7945466283516462,-0.660555748941079,-0.010684955964216718,-0.6991224441542135,-0.6690609690168461,0.9628661779587454,0.7315353705277589,-0.08932666502407827,0.8880070081470199,-0.4522845926284895,-0.41892682933701486,0.41369818995709984,1.4912424748769897,2.2934897645782577,2.2924915156699917,-1.233922832134417,-1.24593659487878
-1.1496219556365754,0.559113631275777,-0.6500836047686848,-0.6484349092735103,-0.010684955964216718,-0.6991224441542135,-0.6532317583337586,0.9628661779587454,0.7315353705277589,-0.10916829368534565,0.854357825861534,-0.5032025963975327,-0.4686172053527695,0.41369818995709984,1.5527951939895437,2.327040554358028,2.3258155256714885,-1.2151777298629671,-1.2274928302801313
-1.1496219556365754,0.559113631275777,-0.5056205811857232,-0.3482640714206123,-0.010684955964216718,-0.6991224441542135,-0.37980745145131256,0.9628661779587454,0.7315353705277589,-0.06320584520094327,0.8763069338165366,-0.48344045748743886,-0.42317292403756124,0.41369818995709984,1.55210265773176,2.307296291489785,2.2871747397850664,-0.821647802582681,-0.8275318021051692
-1.1496219556365754,0.559113631275777,-0.3611575576027617,-0.660642294269844,-0.010684955964216718,-0.6991224441542135,-0.6983308925851475,0.9628661779587454,0.7315353705277589,-0.007086452154721594,0.9261786947339739,-0.421045188554892,-0.34933498062823704,0.41369818995709984,1.5180067088729285,2.2603249276356734,2.2313557444404943,-1.2740310493992413,-1.2860490588430924
-1.1496219556365754,0.559113631275777,-0.21669453401980013,-0.38526063103857255,-0.010684955964216718,-0.6991224441542135,-0.4185653533992434,0.8112108614444523,1.0904289836912913,0.08155603392335298,0.9956776161732317,-0.3333972084515466,-0.25701176791238706,0.41369818995709984,1.472752963303323,2.2007156521496314,2.1676393843450277,-0.8638296028399232,-0.8756603824705128
-1.1496219556365754,0.559113631275777,-0.0722315104368386,-0.43208473469326625,-0.010684955964216718,-0.6991224441542135,-0.49079101402949776,0.8718729301982574,0.851166574915603,0.17588571327491198,1.068828840945838,-0.2451525196721426,-0.1493928878333128,0.41369818995709984,1.4151136773018271,2.1349444696609714,2.087723046076344,-0.9565391757625573,-0.9684122821941853
-1.1496219556365754,0.559113631275777,0.07223151314612293,-0.31117520575576396,-0.010684955964216718,-0.6991224441542135,-0.6983308925851475,0.9628661779587454,0.7315353705277589,0.2649155064460644,1.136560541603124,-0.17156470085866862,-0.047118519527793654,0.41369818995709984,1.3530054813720542,2.0774340547544115,2.0102776411507732,-0.9997491495256215,-1.011641964854627
-1.1496219556365754,0.559113631275777,0.21669453672908448,-0.5128387784883656,-0.010684955964216718,-0.6991224441542135,-0.4693046183660138,1.1145214944730386,0.3726417573642265,0.3317557471274466,1.1848394042358525,-0.12372912362195078,0.030588199740203794,0.41369818995709984,1.3095146869868974,2.0383207250870745,1.951025517756597,-1.0045823120454944,-1.0164773163529262
-1.1496219556365754,0.559113631275777,0.361157560312046,-0.6757395834591788,-0.010684955964216718,-0.6991224441542135,-0.6983308925851475,1.1751835632268437,0.25301055297638236,0.39029330103977583,1.2356999336499124,-0.06934083268114406,0.11631671758642549,0.41369818995709984,1.2692124550095298,1.9945174445553755,1.886594012946846,-1.2740310493992413,-1.2860490588430924
-1.1496219556365754,0.559113631275777,0.5056205838950075,-0.6873469707409327,-0.010684955964216718,-0.6991224441542135,-0.6983308925851475,1.2661768109873317,0.07356374639461619,0.39943481871508024,1.2653157026890047,-0.030554768737337264,0.1754484495121629,0.41369818995709984,1.2552246704132897,1.9661290428921752,1.845060575046403,-1.2740310493992413,-1.2860490588430924
-1.1496219556365754,0.559113631275777,0.6500836074779691,-0.6887539539583007,-0.010684955964216718,-0.6991224441542135,-0.6983308925851475,1.2661768109873317,0.07356374639461619,0.3685251707756344,1.252146237916003,-0.03810654325334132,0.16568343788448447,0.41369818995709984,1.283350329345262,1.9731643994594399,1.8534481389923616,-1.2740310493992413,-1.2860490588430924
-1.1496219556365754,0.559113631275777,0.7945466310609306,-0.688966185261472,-0.010684955964216718,-0.6991224441542135,-0.6983308925851475,1.2661768109873317,0.07356374639461619,0.29985341572318647,1.1916443334610016,-0.10188191410951507,0.07995240457931697,0.41369818995709984,1.3445517129904525,2.013367604864339,1.9078862549068065,-1.2740310493992413,-1.2860490588430924
-1.1496219556365754,0.559113631275777,0.9390096546438922,-0.2805741813816406,-0.010684955964216718,-0.6991224441542135,-0.6983308925851475,1.1145214944730386,0.3726417573642265,0.20244200273119664,1.089246451657678,-0.21793152231131663,-0.04297304318508009,0.41369818995709984,1.441324364895203,2.089387405668434,1.988217810530814,-0.9671418015803211,-0.9790197346523233
-1.1496219556365754,0.559113631275777,1.0834726782268538,0.07456889364184603,-0.010684955964216718,-0.6991224441542135,0.11077490057076861,1.1145214944730386,0.3726417573642265,0.12271159333891754,0.9862190327387319,-0.33935491836150844,-0.1593130194293169,0.41369818995709984,1.5396466571649314,2.1704783771961407,2.0655574607228786,-0.17689615948991838,-0.18841340875675372
-1.1496219556365754,0.559113631275777,1.2279357018098151,-0.7054689621240783,-0.010684955964216718,-0.6991224441542135,-0.6983308925851475,0.9628661779587454,0.7315353705277589,0.07548889172263505,0.9030170926482094,-0.4207809318554946,-0.21979722978159094,0.41369818995709984,1.6236037687732023,2.231225288469832,2.111420774802534,-1.2740310493992413,-1.2860490588430924
-1.1496219556365754,0.559113631275777,1.3723987253927767,0.27483524974683166,-0.010684955964216718,0.40561840754954687,0.2286327566869528,0.9931973569654283,0.6717197683338367,0.0449056787770095,0.8480398704141648,-0.47813230759341496,-0.255774162111043,0.41369818995709984,1.6768002054442748,2.2712723056028263,2.1362167924414495,0.7815446183535159,0.7704649883032597
-1.1496219556365754,0.559113631275777,1.5168617489757383,-0.7054689621240783,-0.010684955964216718,-0.6991224441542135,-0.6983308925851475,0.947700588455404,0.851166574915603,0.027090890343765852,0.7990870078426251,-0.46810845427659686,-0.254604473701236,0.41369818995709984,1.7253428949837732,2.264998097941897,2.1361851527056053,-1.2740310493992413,-1.2860490588430924
-1.1496219556365754,0.559113631275777,1.6613247725587,0.48412786343196407,-0.010684955964216718,0.4628538522089344,0.3794565234534535,0.9780317674620869,0.7913509727216809,0.015959323269659233,0.7638604539725916,-0.40694922474445705,-0.210710553582969,0.41369818995709984,1.7627673613129426,2.2240195446968527,2.107531687819944,0.8973470078191689,0.8863201987152365
-1.1496219556365754,0.6691914832879408,-1.6613247698494156,-0.7054689621240783,-0.010684955964216718,-0.6991224441542135,-0.6983308925851475,1.008362657209209,0.7315353705277589,0.019607635680101966,0.7360443706339898,-0.2982399856991417,-0.1357741931006361,0.41369818995709984,1.7936419307148357,2.150924293986801,2.0580259033288666,-1.2740310493992413,-1.2860490588430924
-1.1496219556365754,0.6691914832879408,-1.516861746266454,-0.5635185209713579,-0.010684955964216718,-0.6991224441542135,-0.6983308925851475,1.038693836215892,0.7315353705277589,0.014792719521252167,0.717492081218776,-0.2641755922648897,-0.13340630774630297,0.41369818995709984,1.8149406782164181,2.1298109096827416,2.0586365935727615,-1.2740310493992413,-1.2860490588430924
-1.1496219556365754,0.6691914832879408,-1.3723987226834924,-0.681274259973518,-0.010684955964216718,-0.6991224441542135,-0.6983308925851475,1.0690250152225749,0.6717197683338367,-0.004297038375560209,0.7016047381584846,-0.289260372565426,-0.17932852626121729,0.41369818995709984,1.8342028382560862,2.1500598801073054,2.093319811952438,-1.2740310493992413,-1.2860490588430924
-1.1496219556365754,0.6691914832879408,-1.2279356991005308,-0.6839011726670399,-0.010684955964216718,-0.6991224441542135,-0.6983308925851475,0.9780317674620869,0.7315353705277589,-0.037891078999844126,0.6813586269075148,-0.3466509605877731,-0.25332158963886714,0.41369818995709984,1.8624018529449804,2.1962885966961063,2.1514003982783043,-1.2740310493992413,-1.2860490588430924
-1.1496219556365754,0.6691914832879408,-1.0834726755175694,-0.682100342747456,-0.010684955964216718,-0.6991224441542135,-0.6983308925851475,0.8112108614444523,0.9707977793034471,-0.08387760875428243,0.6520971489357348,-0.41776840548236466,-0.3424954477545488,0.41369818995709984,1.8920974215958173,2.2456578592811436,2.2140722136698767,-1.2740310493992413,-1.2860490588430924
-1.1496219556365754,0.6691914832879408,-0.9390096519346078,-0.41200330301985066,-0.010684955964216718,-0.6991224441542135,-0.4530652111773097,0.7202176136839643,0.9707977793034471,-0.131730436936505,0.6196773989993684,-0.4941454111359295,-0.42777034450420737,0.41369818995709984,1.9297520898726959,2.304262452632481,2.2797619397557294,-0.9081892795241584,-0.9200403001354338
-1.1496219556365754,0.6691914832879408,-0.7945466283516462,-0.4332309129610996,-0.010684955964216718,-0.6991224441542135,-0.49652718184085975,0.6595555449301591,1.0904289836912913,-0.1659612933684056,0.5937019353889545,-0.5641947475003762,-0.48661699108275175,0.41369818995709984,1.9551230470907797,2.354101140574676,2.3221526844712357,-0.9617360939811022,-0.9736115452214691
-1.1496219556365754,0.6691914832879408,-0.6500836047686848,-0.14730344646247778,-0.010684955964216718,-0.6991224441542135,-0.23901451404319754,0.8112108614444523,1.0904289836912913,-0.11470096547609958,0.6585604907573397,-0.3713811254465375,-0.4339810126414403,0.41369818995709984,1.900992772329943,2.2211122054316697,2.287647168717533,-0.5910199392404847,-0.5962650521360209
-1.1496219556365754,0.6691914832879408,-0.5056205811857232,-0.7054689621240783,-0.010684955964216718,-0.6991224441542135,-0.6794605546872431,0.9628661779587454,1.0904289836912913,0.01912266565854513,0.8179695925158114,-0.0307065032292493,-0.2326856029336642,0.41369818995709984,1.7480493973731297,1.9895396425783292,2.144714878752343,-1.2740310493992413,-1.2860490588430924
-1.1496219556365754,0.6691914832879408,-0.3611575576027617,-0.6908447246054298,-0.010684955964216718,-0.6991224441542135,-0.6983308925851475,1.2661768109873317,0.4324573595581485,0.45866136452010403,1.0458493247074174,0.5668631382047729,0.12089233740887449,0.20910129062074329,1.5525587181942029,1.62682056381145,1.9207298205543153,-1.2740310493992413,-1.2860490588430924
-1.1496219556365754,0.6691914832879408,-0.21669453401980013,-0.7054689621240783,-0.010684955964216718,-0.6991224441542135,-0.6983308925851475,1.4178321275016248,0.07356374639461619,0.6848948626451103,1.289217646068814,1.1324832922406878,0.3003393091995617,0.41369818995709984,1.353428242181684,1.3128115728842684,1.820056515308787,-1.2740310493992413,-1.2860490588430924
-1.1496219556365754,0.6691914832879408,-0.0722315104368386,-0.7054689621240783,-0.010684955964216718,-0.6991224441542135,-0.6983308925851475,1.4178321275016248,0.07356374639461619,0.9975640660190657,1.4648239191317007,1.379993788864952,0.46126244131322064,0.41369818995709984,1.217264996620788,1.1892111448844163,1.7308745020692116,-1.2740310493992413,-1.2860490588430924
-1.1496219556365754,0.6691914832879408,0.07223151314612293,-0.7054689621240783,-0.010684955964216718,-0.6991224441542135,-0.6983308925851475,1.4178321275016248,0.07356374639461619,1.279647380750725,1.5925818426117802,1.2940447236064418,0.5771471194882638,0.335463804311062,1.1253743633806652,1.2486805823859708,1.67192057234984,-1.2740310493992413,-1.2860490588430924
-1.1496219556365754,0.6691914832879408,0.21669453672908448,-0.7054689621240783,-0.010684955964216718,-0.6991224441542135,-0.6983308925851475,1.4178321275016248,0.07356374639461619,1.4910836073628224,1.7204110477607808,1.2270181429067148,0.8079924639189183,0.41369818995709984,1.0375240880152223,1.2999895053835353,1.5451644224007237,-1.2740310493992413,-1.2860490588430924
-1.1496219556365754,0.6691914832879408,0.361157560312046,-0.7054689621240783,-0.010684955964216718,-0.6991224441542135,-0.6983308925851475,1.4178321275016248,0.07356374639461619,1.6872161868670894,1.8441595538038065,1.203829191314113,1.24710355479622,0.41369818995709984,0.9511534754834835,1.3234956251698624,1.2984139241313097,-1.2740310493992413,-1.2860490588430924
-1.1496219556365754,0.6691914832879408,0.5056205838950075,-0.7054689621240783,-0.010684955964216718,-0.6991224441542135,-0.6983308925851475,1.4178321275016248,0.07356374639461619,1.5988018039301886,1.912508087912947,1.1747473153249501,1.6439951827268562,0.41369818995709984,0.9128082013634771,1.352332368924867,1.0915108559207831,-1.2740310493992413,-1.2860490588430924
-1.1496219556365754,0.6691914832879408,0.6500836074779691,-0.7054689621240783,-0.010684955964216718,-0.6991224441542135,-0.6983308925851475,1.2661768109873317,0.4324573595581485,1.410743808053801,1.9177892832450139,1.0895432834705474,1.7914203621372378,0.41369818995709984,0.920494147315717,1.412204970092468,1.0238616333177912,-1.2740310493992413,-1.2860490588430924
-1.1496219556365754,0.6691914832879408,0.7945466310609306,-0.7054689621240783,-0.010684955964216718,-0.6991224441542135,-0.6983308925851475,1.2661768109873317,0.4324573595581485,1.1142779547931851,1.826744948054942,0.9165872737149721,1.6308150163370676,0.41369818995709984,1.0038528303806764,1.5227019335397252,1.1186027048030707,-1.2740310493992413,-1.2860490588430924
-1.1496219556365754,0.6691914832879408,0.9390096546438922,-0.7054689621240783,-0.010684955964216718,-0.6991224441542135,-0.6983308925851475,1.2661768109873317,0.4324573595581485,0.8281396217571433,1.69173252680414,0.6923782508907949,1.3117332414912075,0.41369818995709984,1.1393843477454477,1.679121691092796,1.3155427235910184,-1.2740310493992413,-1.2860490588430924
-1.1496219556365754,0.6691914832879408,1.0834726782268538,-0.7054689621240783,-0.010684955964216718,-0.6991224441542135,-0.6983308925851475,1.1145214944730386,0.3726417573642265,0.5605920291888359,1.5034529376143086,0.4313207624380695,0.8632864439796477,0.41369818995709984,1.2919493614297157,1.8159809113757046,1.5548505157794072,-1.2740310493992413,-1.2860490588430924
-1.1496219556365754,0.6691914832879408,1.2279357018098151,-0.7054689621240783,-0.010684955964216718,-0.6991224441542135,-0.6983308925851475,1.1145214944730386,0.3726417573642265,0.4121925404407795,1.3616130028472144,0.22919848503771717,0.5418174985942031,0.41369818995709984,1.41527727994391,1.9398515493886594,1.7486850728232046,-1.2740310493992413,-1.2860490588430924
-1.1496219556365754,0.6691914832879408,1.3723987253927767,-0.7054689621240783,-0.010684955964216718,-0.6991224441542135,-0.6983308925851475,1.1145214944730386,0.3726417573642265,0.3132693588298677,1.2514186002857264,0.07034696350223468,0.3037217629953761,0.41369818995709984,1.5181954069055372,2.035600983856466,1.8940102803444945,-1.2740310493992413,-1.2860490588430924
-1.1496219556365754,0.6691914832879408,1.5168617489757383,-0.7054689621240783,-0.010684955964216718,-0.6991224441542135,-0.6983308925851475,0.9628661779587454,0.7315353705277589,0.19150643043821575,1.1520209004089852,-0.07229198330473657,0.11122207473482201,0.41369818995709984,1.6085706646408229,2.1156752256692655,2.006846246785325,-1.2740310493992413,-1.2860490588430924
-1.1496219556365754,0.6691914832879408,1.6613247725587,0.41609615396474453,-0.010684955964216718,0.3613692021492752,-0.6983308925851475,0.9628661779587454,0.7315353705277589,0.1250307534282107,1.0680136891873806,-0.19943184847156947,-0.04124995380719248,0.41369818995709984,1.6866819980675365,2.1908344850303583,2.0992620143965826,0.2144096568575078,0.2288185358091717
-1.1496219556365754,0.7792693353001046,-1.6613247698494156,0.5185280575804347,-0.010684955964216718,-0.6991224441542135,0.5936390693473975,0.9628661779587454,0.7315353705277589,0.11961982583597176,0.9862190327387319,-0.19312975241142522,-0.1953897316302865,0.41369818995709984,1.7636399087373837,2.17883939785635,2.1994563893940597,0.4173907370238051,0.4159704897516676
-1.1496219556365754,0.7792693353001046,-1.516861746266454,-0.7054689621240783,-0.010684955964216718,-0.6991224441542135,-0.6983308925851475,0.9628661779587454,0.7315353705277589,0.13313343187113202,0.9193398890721097,-0.2129055303769719,-0.16925746712846393,0.41369818995709984,1.827074299535721,2.1909274235062024,2.1794219352891617,-1.2740310493992413,-1.2860490588430924
-1.1496219556365754,0.7792693353001046,-1.3723987226834924,-0.587862984973502,-0.010684955964216718,-0.6991224441542135,-0.6983308925851475,0.9628661779587454,0.7315353705277589,0.12619668825245012,0.8795491911138125,-0.2601026293303071,-0.15545178994748116,0.41369818995709984,1.8651372505123103,2.223476112775597,2.1694640869190502,-1.2740310493992413,-1.2860490588430924
-1.1496219556365754,0.7792693353001046,-1.2279356991005308,-0.680727403832397,-0.010684955964216718,-0.6991224441542135,-0.6983308925851475,0.9628661779587454,0.3726417573642265,0.09647504963477657,0.8375826378556673,-0.3173627938848871,-0.19775174758041275,0.41369818995709984,1.9055413118627738,2.2639241422210303,2.1996215228099034,-1.2740310493992413,-1.2860490588430924
-1.1496219556365754,0.7792693353001046,-1.0834726755175694,-0.6834869644192831,-0.010684955964216718,-0.6991224441542135,-0.6983308925851475,0.8112108614444523,0.7315353705277589,0.04763288260857808,0.7911733310741542,-0.3912302133351428,-0.27553393061678483,0.41369818995709984,1.950600085552139,2.316480850310948,2.2552610818443464,-1.2740310493992413,-1.2860490588430924
-1.1496219556365754,0.7792693353001046,-0.9390096519346078,-0.6985910242044557,-0.010684955964216718,-0.6991224441542135,-0.6781804760318534,0.8112108614444523,0.7315353705277589,-0.006445622802098906,0.7490557453689874,-0.46647176762226483,-0.36195923059099905,0.41369818995709984,1.9918414642595743,2.3704626150304775,2.3176862806647502,-1.2740310493992413,-1.2860490588430924
-1.1496219556365754,0.7792693353001046,-0.7945466283516462,-0.43542416832543535,-0.010684955964216718,-0.6991224441542135,-0.44284289717328584,0.9628661779587454,0.7315353705277589,-0.04830087689704064,0.7247381098803197,-0.5232341066528188,-0.42331798217010363,0.41369818995709984,2.0158056317972126,2.411536688375695,2.3624604076734985,-0.9205982856297914,-0.9324549903169407
-1.1496219556365754,0.7792693353001046,-0.6500836047686848,-0.6902403117419235,-0.010684955964216718,-0.6991224441542135,-0.6983308925851475,1.1145214944730386,0.07356374639461619,0.0053107194446064526,0.8073655620648816,-0.1655882372474592,-0.34974583892272115,0.41369818995709984,1.9238218560499454,2.128077779216535,2.27716054667989,-1.2740310493992413,-1.2860490588430924
-1.1496219556365754,0.7792693353001046,-0.5056205811857232,-0.7054689621240783,-0.010684955964216718,-0.6991224441542135,-0.6983308925851475,1.2661768109873317,-0.22551426457499413,0.12297247376430674,0.9641725300281734,0.5800657438830515,-0.20810789206035918,0.41369818995709984,1.7606337705145718,1.6141830824502408,2.140241973630273,-1.2740310493992413,-1.2860490588430924
-1.1496219556365754,0.7792693353001046,-0.3611575576027617,-0.7054689621240783,-0.010684955964216718,-0.6991224441542135,-0.6983308925851475,1.2661768109873317,0.07356374639461619,0.32253864102119606,1.119196750509332,1.257452842708599,-0.06428149591513263,0.41369818995709984,1.6173559817395655,1.2147339435424191,2.029278386077751,-1.2740310493992413,-1.2860490588430924
-1.1496219556365754,0.7792693353001046,-0.21669453401980013,-0.7054689621240783,-0.010684955964216718,-0.6991224441542135,-0.6983308925851475,1.2661768109873317,0.07356374639461619,0.6161615665692373,1.2740311217930667,1.7289993166409836,0.08666364904676829,0.41369818995709984,1.482531961346161,0.9653197749513134,1.9261540848569025,-1.2740310493992413,-1.2860490588430924
-1.1496219556365754,0.7792693353001046,-0.0722315104368386,-0.7054689621240783,-0.010684955964216718,-0.6991224441542135,-0.6983308925851475,1.4178321275016248,0.07356374639461619,0.942716966739742,1.40357532155077,1.7991620276538813,0.2243104010484271,0.41369818995709984,1.386124640415029,0.9511853817500019,1.8615964545248143,-1.2740310493992413,-1.2860490588430924
-1.1496219556365754,0.7792693353001046,0.07223151314612293,-0.7054689621240783,-0.010684955964216718,-0.6991224441542135,-0.6983308925851475,1.569487444015918,-0.22551426457499413,1.2619322620184632,1.5261903784820359,1.6009959287757973,0.36626613422427784,0.2821188806096003,1.2850066251199754,1.0603016064519621,1.7782404868909423,-1.2740310493992413,-1.2860490588430924
-1.1496219556365754,0.7792693353001046,0.21669453672908448,-0.7054689621240783,-0.010684955964216718,-0.6991224441542135,-0.6983308925851475,1.6453151022730645,-0.3451454689628382,1.5151300933420295,1.6291041701861668,1.4152405179187657,0.5930548818616379,0.27519396168274374,1.2097450663289506,1.1735109965275623,1.6517101493031243,-1.2740310493992413,-1.2860490588430924
-1.1496219556365754,0.7792693353001046,0.361157560312046,-0.7054689621240783,-0.010684955964216718,-0.6991224441542135,-0.6983308925851475,1.7211427605302112,-0.46477667335068235,1.652153188770614,1.7227647543533833,1.2975235351878633,1.1337695519922397,0.41369818995709984,1.1452383301892923,1.256709864319903,1.3483175891361525,-1.2740310493992413,-1.2860490588430924
-1.1496219556365754,0.7792693353001046,0.5056205838950075,-0.7054689621240783,-0.010684955964216718,-0.6991224441542135,-0.6983308925851475,1.569487444015918,-0.22551426457499413,1.7099221488142966,1.7840796932895475,1.2055630562385462,1.8225885754485946,0.41369818995709984,1.1079943576304445,1.3222129881490676,0.985255087693447,-1.2740310493992413,-1.2860490588430924
-1.1496219556365754,0.7792693353001046,0.6500836074779691,-0.7054689621240783,-0.010684955964216718,-0.6991224441542135,-0.6983308925851475,1.569487444015918,-0.22551426457499413,1.5086448735365212,1.8287203677708923,1.128878319396328,2.3889919508202393,0.41369818995709984,1.0817884960737083,1.377743727466001,0.7132747173251187,-1.2740310493992413,-1.2860490588430924
-1.1496219556365754,0.7792693353001046,0.7945466310609306,-0.7054689621240783,-0.010684955964216718,-0.6991224441542135,-0.6983308925851475,1.5391562650092352,-0.04606745799322794,1.2831050497733831,1.8178142724259194,1.0105322352326669,2.5971277318880186,0.41369818995709984,1.1071343579012662,1.468095415732576,0.6335033583939674,-1.2740310493992413,-1.2860490588430924
-1.1496219556365754,0.7792693353001046,0.9390096546438922,-0.7054689621240783,-0.010684955964216718,-0.6991224441542135,-0.6983308925851475,1.4178321275016248,0.07356374639461619,0.9805205471511393,1.7107619093697586,0.798772260273003,2.0736120930563127,0.41369818995709984,1.2042916449261933,1.6006282639107912,0.8941859592502388,-1.2740310493992413,-1.2860490588430924
-1.1496219556365754,0.7792693353001046,1.0834726782268538,-0.7054689621240783,-0.010684955964216718,-0.6991224441542135,-0.6983308925851475,1.3420044692444784,0.07356374639461619,0.6910857558168462,1.557058164161391,0.5621124847023808,1.4586209511734987,0.41369818995709984,1.3354623555834146,1.737704770908058,1.213279196553545,-1.2740310493992413,-1.2860490588430924
-1.1496219556365754,0.7792693353001046,1.2279357018098151,-0.7054689621240783,-0.010684955964216718,-0.6991224441542135,-0.6983308925851475,1.2661768109873317,0.07356374639461619,0.5189267495575108,1.4310858111998377,0.36416461071154105,1.0053788504248882,0.41369818995709984,1.43941228917859,1.8437570378022088,1.4558532496915382,-1.2740310493992413,-1.2860490588430924
-1.1496219556365754,0.7792693353001046,1.3723987253927767,-0.7054689621240783,-0.010684955964216718,-0.6991224441542135,-0.6983308925851475,1.2661768109873317,0.07356374639461619,0.40055526669591845,1.3250793831272558,0.20174903349805734,0.6727689373684008,0.41369818995709984,1.532199600026352,1.9418703796139425,1.65123251931819,-1.2740310493992413,-1.2860490588430924
-1.1496219556365754,0.7792693353001046,1.5168617489757383,-0.7054689621240783,-0.010684955964216718,-0.6991224441542135,-0.6983308925851475,1.1448526734797215,0.1931949507824603,0.30788318143183235,1.2276648663165457,0.057400090113695394,0.4166549693406556,0.41369818995709984,1.6141191589653805,2.019868995466221,1.796938270511687,-1.2740310493992413,-1.2860490588430924
-1.1496219556365754,0.7792693353001046,1.6613247725587,0.09898693785289182,-0.010684955964216718,0.07366579983788821,-0.6983308925851475,1.0235282467125506,0.3726417573642265,0.20787968729014217,1.1384555047818758,-0.09780554141106927,0.2129707121206645,0.41369818995709984,1.6896813798390529,2.097563409918398,1.9042879934413586,-0.2105513245588154,-0.20349698838928812
-1.1496219556365754,0.8893471873122684,-1.6613247698494156,0.265215685855589,-0.010684955964216718,0.09923920551168453,-0.6983308925851475,0.947700588455404,0.4922729617520706,0.1687763872209726,1.044660120626897,-0.12343503148875049,0.014450692116444648,0.41369818995709984,1.7598649828778823,2.0819093005287446,2.0049651994762376,-0.09664165279386135,-0.09723564154633689
-1.1496219556365754,0.8893471873122684,-1.516861746266454,-0.7054689621240783,-0.010684955964216718,-0.6991224441542135,-0.6983308925851475,0.8870385197015989,0.5520885639459927,0.15995729099448253,0.9634710054845312,-0.10659250288651455,-0.13910214528595774,0.41369818995709984,1.8262509776850038,2.047629632146751,2.087138794515826,-1.2740310493992413,-1.2860490588430924
-1.1496219556365754,0.8893471873122684,-1.3723987226834924,-0.7054689621240783,-0.010684955964216718,-0.6991224441542135,-0.6983308925851475,0.8112108614444523,0.6717197683338367,0.12721813545647395,0.9022979241271114,-0.11795809828349864,-0.24941927432758298,0.41369818995709984,1.871176552763116,2.0339913410873303,2.142225741725594,-1.2740310493992413,-1.2860490588430924
-1.1496219556365754,0.8893471873122684,-1.2279356991005308,-0.7054689621240783,-0.010684955964216718,-0.6991224441542135,-0.6540914839104932,0.8718729301982574,0.6717197683338367,0.08494614160507717,0.8537755746054929,-0.18514408544383001,-0.3778594465875357,0.41369818995709984,1.9125173478253272,2.0679840188980827,2.221428668964149,-1.2740310493992413,-1.2860490588430924
-1.1496219556365754,0.8893471873122684,-1.0834726755175694,-0.7054689621240783,-0.010684955964216718,-0.6991224441542135,-0.6810167686520785,0.9325349989520626,0.6717197683338367,0.028168527177873527,0.8079767494439503,-0.2684284202432557,-0.45775629211102825,0.41369818995709984,1.9538933729550076,2.1180318184109272,2.2719542931599,-1.2740310493992413,-1.2860490588430924
-1.1496219556365754,0.8893471873122684,-0.9390096519346078,-0.7054689621240783,-0.010684955964216718,-0.6991224441542135,-0.6798854734746425,0.9931973569654283,0.6717197683338367,-0.027530781491054788,0.7701388869104598,-0.3509949997494795,-0.5169366562430515,0.41369818995709984,1.9962616312177914,2.1784435487925693,2.31857002616319,-1.2740310493992413,-1.2860490588430924
-1.1496219556365754,0.8893471873122684,-0.7945466283516462,-0.6946365126712626,-0.010684955964216718,-0.6991224441542135,-0.6416826703303237,1.0538594257192335,0.6119041661399147,-0.06734447902628417,0.7505209012569163,-0.40924655314728253,-0.5381293978615963,0.41369818995709984,2.016537741555441,2.2206208362677153,2.335730898779782,-1.2408100859125755,-1.2528129328407673
-1.1496219556365754,0.8893471873122684,-0.6500836047686848,-0.6694543792829264,-0.010684955964216718,-0.6991224441542135,-0.6349665520707259,1.1145214944730386,0.3726417573642265,-0.039212873155149375,0.8155319005905194,-0.12562750965278283,-0.4717045119656076,0.41369818995709984,1.9524774138049465,2.0258945066501224,2.2866182271710414,-1.2191164777382548,-1.2314320163412205
-1.1496219556365754,0.8893471873122684,-0.5056205811857232,-0.7054689621240783,-0.010684955964216718,-0.6991224441542135,-0.6808682193550253,1.2661768109873317,0.4324573595581485,0.0724151851722162,0.9702575849731262,0.18117537078852378,-0.2591641622836948,0.41369818995709984,1.8127453141490604,1.8421564307182248,2.1533429913749242,-1.2740310493992413,-1.2860490588430924
-1.1496219556365754,0.8893471873122684,-0.3611575576027617,-0.7054689621240783,-0.010684955964216718,-0.6991224441542135,-0.6983308925851475,1.4178321275016248,0.07356374639461619,0.3356415276174103,1.1764380479305037,0.7099308628175405,-0.06938200817094303,0.41369818995709984,1.6252238692731187,1.5294167384194715,2.0361706474392967,-1.2740310493992413,-1.2860490588430924
-1.1496219556365754,0.8893471873122684,-0.21669453401980013,-0.7054689621240783,-0.010684955964216718,-0.6991224441542135,-0.6983308925851475,1.569487444015918,-0.22551426457499413,0.6071230632157532,1.3870563240975615,1.1972116920966236,0.1573304372117271,0.41369818995709984,1.4520835309795452,1.275495914291363,1.9122100631914738,-1.2740310493992413,-1.2860490588430924
-1.1496219556365754,0.8893471873122684,-0.0722315104368386,-0.7054689621240783,-0.010684955964216718,-0.6991224441542135,-0.6983308925851475,1.7211427605302112,-0.46477667335068235,0.9516216852596933,1.5504466129291574,1.4458022314245538,0.3450473995299596,0.4073477152257301,1.3202815747298633,1.1589880688647354,1.8110868669075049,-1.2740310493992413,-1.2860490588430924
-1.1496219556365754,0.8893471873122684,0.07223151314612293,-0.7054689621240783,-0.010684955964216718,-0.6991224441542135,-0.6983308925851475,1.8727980770445043,-0.46477667335068235,1.2835452018757065,1.708730734685048,1.4091566467458656,0.5357250570274238,0.41369818995709984,1.2122102058444624,1.2199866885105048,1.7358701129642673,-1.2740310493992413,-1.2860490588430924
-1.1496219556365754,0.8893471873122684,0.21669453672908448,-0.7054689621240783,-0.010684955964216718,-0.6991224441542135,-0.6983308925851475,2.1761087100730907,-1.182563899677747,1.582410486125735,1.8461321504833639,1.3704873672143731,0.8201354227367132,0.41369818995709984,1.1055596221457622,1.2528847576057582,1.571912134978077,-1.2740310493992413,-1.2860490588430924
-1.1496219556365754,0.8893471873122684,0.361157560312046,-0.7054689621240783,-0.010684955964216718,-0.6991224441542135,-0.6983308925851475,2.1761087100730907,-1.182563899677747,1.7419622785970956,1.9333152776470108,1.324534832071103,1.3577946487344572,0.41369818995709984,1.0379149969830306,1.2835751076289894,1.2627594092033236,-1.2740310493992413,-1.2860490588430924
-1.1496219556365754,0.8893471873122684,0.5056205838950075,-0.7054689621240783,-0.010684955964216718,-0.6991224441542135,-0.6983308925851475,1.7211427605302112,-0.16569866238107206,1.8272494410501647,2.015297666015789,1.312920323912106,1.8978142137096972,0.41369818995709984,0.9987772876468006,1.3294720854915127,1.0081197811827554,-1.2740310493992413,-1.2860490588430924
-1.1496219556365754,0.8893471873122684,0.6500836074779691,-0.7054689621240783,-0.010684955964216718,-0.6991224441542135,-0.6983308925851475,1.569487444015918,0.07356374639461619,1.5677048572237966,2.0265552293916813,1.2370633072476778,2.001422613742817,0.41369818995709984,1.0002284768643308,1.3843879679474211,0.9654702841069901,-1.2740310493992413,-1.2860490588430924
-1.1496219556365754,0.8893471873122684,0.7945466310609306,-0.7054689621240783,-0.010684955964216718,-0.6991224441542135,-0.6983308925851475,1.5088253752621128,0.1931949507824603,1.092337911017954,1.84721125614456,0.9603149379375095,1.4578017500434761,0.41369818995709984,1.1962326463417117,1.614427045949332,1.3235215714972373,-1.2740310493992413,-1.2860490588430924
-1.1496219556365754,0.8893471873122684,0.9390096546438922,-0.7054689621240783,-0.010684955964216718,-0.6991224441542135,-0.6983308925851475,0.6595555449301591,0.7315353705277589,0.6750503056695903,1.6019395024952328,0.5953883702432696,0.9327902516253218,0.41369818995709984,1.338251804761108,1.7178421835914024,1.5169664830270098,-1.2740310493992413,-1.2860490588430924
-1.1496219556365754,0.8893471873122684,1.0834726782268538,-0.7054689621240783,-0.010684955964216718,-0.6991224441542135,-0.6983308925851475,0.8112108614444523,0.7315353705277589,0.44688027207919506,1.4175197098136298,0.3216619041568552,0.5494619783305541,0.41369818995709984,1.4785948806555687,1.854885990013835,1.7190624784944282,-1.2740310493992413,-1.2860490588430924
-1.1496219556365754,0.8893471873122684,1.2279357018098151,-0.7054689621240783,-0.010684955964216718,-0.6991224441542135,-0.6983308925851475,0.8112108614444523,0.3726417573642265,0.3131676823563827,1.27842376642046,0.11763868340277345,0.2781093600090233,0.41369818995709984,1.5714584428822362,1.927496325620755,1.835068486414214,-1.2740310493992413,-1.2860490588430924
-1.1496219556365754,0.8893471873122684,1.3723987253927767,-0.7054689621240783,-0.010684955964216718,-0.6991224441542135,-0.6983308925851475,0.8112108614444523,0.7315353705277589,0.1989375090168018,1.172550726817444,-0.034058301106766845,0.0864012028300876,0.41369818995709984,1.6513245232311113,1.9928148633103955,1.9273009169259914,-1.2740310493992413,-1.2860490588430924
-1.1496219556365754,0.8893471873122684,1.5168617489757383,-0.7054689621240783,-0.010684955964216718,-0.6991224441542135,-0.6983308925851475,0.9628661779587454,0.07356374639461619,0.14075782953417315,1.0909423907707285,-0.17377593272394853,-0.08448230822270851,0.41369818995709984,1.7092461323760244,2.0505287962682255,2.006900424415195,-1.2740310493992413,-1.2860490588430924
-1.1496219556365754,0.8893471873122684,1.6613247725587,-0.7054689621240783,-0.010684955964216718,-0.6991224441542135,-0.6983308925851475,0.9628661779587454,0.07356374639461619,0.06176390565049277,1.0191786883852456,-0.3041729748210954,-0.23636488088508553,0.41369818995709984,1.757443277692127,2.102200867754737,2.0744469262319534,-1.2740310493992413,-1.2860490588430924
-1.1496219556365754,0.999425039324432,-1.6613247698494156,-0.7054689621240783,-0.010684955964216718,-0.6991224441542135,-0.6983308925851475,0.9628661779587454,0.07356374639461619,-0.0035197484927339427,0.9564084741885276,-0.3966883928391471,-0.3414783638541217,0.41369818995709984,1.7953913689966936,2.1256721356126227,2.1076279072905932,-1.2740310493992413,-1.2860490588430924
-1.1496219556365754,0.999425039324432,-1.516861746266454,-0.7054689621240783,-0.010684955964216718,-0.6991224441542135,-0.6983308925851475,0.8112108614444523,0.3726417573642265,-0.04301236242748431,0.8926381993496156,-0.4589924505883536,-0.4096607170669243,0.41369818995709984,1.836263073297535,2.1327660089980114,2.1195157795471946,-1.2740310493992413,-1.2860490588430924
-1.1496219556365754,0.999425039324432,-1.3723987226834924,-0.7054689621240783,-0.010684955964216718,-0.6991224441542135,-0.6813565667762408,0.8112108614444523,0.3726417573642265,-0.08801356688295266,0.8382876911948006,-0.5199649955489837,-0.5090146375363449,0.41369818995709984,1.8756329149961302,2.1476495035254564,2.1621145663614016,-1.2740310493992413,-1.2860490588430924
-1.1496219556365754,0.999425039324432,-1.2279356991005308,-0.7054689621240783,-0.010684955964216718,-0.6991224441542135,-0.5913621404650781,0.8112108614444523,0.7315353705277589,-0.13969732377339036,0.7803935666077648,-0.5899503988409955,-0.5869360093010525,0.41369818995709984,1.9204860995246482,2.1799482055056587,2.2011051230262644,-1.218100966827968,-1.2285308477039263
-1.1496219556365754,0.999425039324432,-1.0834726755175694,-0.32613497496993515,-0.010684955964216718,-0.6991224441542135,-0.3725983742081523,0.8112108614444523,0.3726417573642265,-0.21365291082622098,0.728847039350224,-0.6582897386280515,-0.6318185047850273,0.41369818995709984,1.9556442590478575,2.2038755603283353,2.209261240137418,-0.7997342556432564,-0.8060322839491638
-1.1496219556365754,0.999425039324432,-0.9390096519346078,-0.7054689621240783,-0.010684955964216718,-0.6991224441542135,-0.34851362518268747,0.507900228415866,1.0904289836912913,-0.24361001075091246,0.6735247009171441,-0.72925971123556,-0.6559895497954245,0.41369818995709984,1.9986456933177579,2.2363764895476432,2.2091814906662495,-1.0660781988259118,-1.0780012885138879
-1.1496219556365754,0.999425039324432,-0.7945466283516462,0.23523290567500552,-0.010684955964216718,-0.6991224441542135,0.011303448340550774,0.6595555449301591,0.7315353705277589,-0.2611130805220244,0.6308672095018302,-0.7849556466179007,-0.6152952934562422,0.41369818995709984,2.0241117234576422,2.2499119459046253,2.1547056671214153,-0.11757495395467969,-0.1290650937612299
-1.1496219556365754,0.999425039324432,-0.6500836047686848,-0.7054689621240783,-0.010684955964216718,-0.6991224441542135,-0.28996171854852637,0.8112108614444523,1.0904289836912913,-0.20279760943335984,0.6651318137209741,-0.7417573482351237,-0.4298321823534656,0.41369818995709984,1.9875520828942905,2.2217447033922766,2.027850697175416,-1.042121423121306,-1.053199314213375
-1.1496219556365754,0.999425039324432,-0.5056205811857232,0.16585114178051155,-0.010684955964216718,-0.6991224441542135,-0.15805832742407586,0.9628661779587454,0.7315353705277589,0.02772569937887956,0.8156652890600852,-0.30306309668362647,-0.15281223502699928,0.41369818995709984,1.8427333406202575,1.9304639027869481,1.8485977241453577,-0.3163627855139172,-0.3269535647870435
-1.1496219556365754,0.999425039324432,-0.3611575576027617,-0.7054689621240783,-0.010684955964216718,-0.6991224441542135,-0.6810756266642645,1.4178321275016248,0.4324573595581485,0.2834674493120744,1.0531574601696054,0.48165825390940437,0.18791590253396873,0.41369818995709984,1.6512130417847364,1.507295229814935,1.6963091742121328,-1.2740310493992413,-1.2860490588430924
-1.1496219556365754,0.999425039324432,-0.21669453401980013,-0.7054689621240783,-0.010684955964216718,-0.6991224441542135,-0.6983308925851475,1.569487444015918,-0.04606745799322794,0.6892422008107626,1.2926998614594887,1.0509481663030795,0.4200768319932879,0.11153235349891027,1.4432345101971598,1.2008060802874283,1.5697797034663925,-1.2740310493992413,-1.2860490588430924
-1.1496219556365754,0.999425039324432,-0.0722315104368386,-0.7054689621240783,-0.010684955964216718,-0.6991224441542135,-0.6983308925851475,1.7211427605302112,-0.46477667335068235,0.9450120455589993,1.52653196588558,1.2255204041298078,0.657223401083225,0.05802363715515093,1.245873259216721,1.1168464938594735,1.4377886942087144,-1.2740310493992413,-1.2860490588430924
-1.1496219556365754,0.999425039324432,0.07223151314612293,-0.7054689621240783,-0.010684955964216718,-0.6991224441542135,-0.6983308925851475,1.7211427605302112,-0.16569866238107206,1.237166013634849,1.7437159189434863,1.2884561206346705,0.8643773146758189,0.09357717006075052,1.0577297382179338,1.0727609557344697,1.3055315644331147,-1.2740310493992413,-1.2860490588430924
-1.1496219556365754,0.999425039324432,0.21669453672908448,-0.6908003096088647,-0.010684955964216718,-0.6991224441542135,-0.6983308925851475,2.0244533935587974,-0.9433014909020588,1.677692044567881,1.9443180619884413,1.358337526128855,1.1731037835280478,0.08000577969894344,0.9024544223568617,1.0523433191870775,1.1494605490928838,-1.2740310493992413,-1.2860490588430924
-1.1496219556365754,0.999425039324432,0.361157560312046,-0.7054689621240783,-0.010684955964216718,-0.6991224441542135,-0.6983308925851475,2.0244533935587974,-0.9433014909020588,1.7633016284697642,2.105410399196195,1.4166282918110846,1.5582515721269596,0.41369818995709984,0.7923136489603969,1.0516914590440034,0.9735626883254167,-1.2740310493992413,-1.2860490588430924
-1.1496219556365754,0.999425039324432,0.5056205838950075,-0.7054689621240783,-0.010684955964216718,-0.6991224441542135,-0.6983308925851475,1.948625735301651,-0.8834858887081368,1.6863051121507302,2.178119818773309,1.417449192461148,1.8207455825276229,0.41369818995709984,0.7413603541194141,1.059939318504458,0.8477115215056494,-1.2740310493992413,-1.2860490588430924
-1.1496219556365754,0.999425039324432,0.6500836074779691,-0.7054689621240783,-0.010684955964216718,-0.6991224441542135,-0.6983308925851475,1.8727980770445043,-0.7040390821263706,1.5206948734928314,2.161037625559711,1.333774439699387,1.922416240686145,0.41369818995709984,0.7587427728879548,1.113174563522183,0.8056055344127402,-1.2740310493992413,-1.2860490588430924
-1.1496219556365754,0.999425039324432,0.7945466310609306,-0.7054689621240783,-0.010684955964216718,-0.6991224441542135,-0.6983308925851475,1.9031292560511872,-0.8236702865142147,1.2565026045495296,2.062342861744809,1.168798982265612,1.816831528407925,0.41369818995709984,0.8381363842498122,1.2154843356807172,0.8709506907726194,-1.2740310493992413,-1.2860490588430924
-1.1496219556365754,0.999425039324432,0.9390096546438922,-0.7054689621240783,-0.010684955964216718,-0.6991224441542135,-0.6983308925851475,1.7363083500335525,-0.5245922755446044,0.9612327877006982,1.875951178142747,0.9093347059779631,1.3618537609866976,0.41369818995709984,0.9980485561142197,1.3815335519809828,1.1293090713074665,-1.2740310493992413,-1.2860490588430924
-1.1496219556365754,0.999425039324432,1.0834726782268538,-0.7054689621240783,-0.010684955964216718,-0.6991224441542135,-0.6983308925851475,1.569487444015918,-0.22551426457499413,0.7012192880327972,1.6901128096736986,0.6502079963127702,0.9792960566156667,0.41369818995709984,1.1624667983890293,1.556966542446466,1.3673153001158578,-1.2740310493992413,-1.2860490588430924
-1.1496219556365754,0.999425039324432,1.2279357018098151,-0.7054689621240783,-0.010684955964216718,-0.6991224441542135,-0.6983308925851475,1.3875009484949419,0.1931949507824603,0.526028717445606,1.5371374078547062,0.4329480722417778,0.677648089236979,0.41369818995709984,1.3075022297081809,1.7134839714533177,1.570395594762755,-1.2740310493992413,-1.2860490588430924
-1.1496219556365754,0.999425039324432,1.3723987253927767,-0.6907154518481338,-0.010684955964216718,-0.6991224441542135,-0.6983308925851475,1.2661768109873317,0.4324573595581485,0.3922552556235361,1.4096067388042572,0.2523371426133368,0.4384765756956557,0.41369818995709984,1.429352898406991,1.8468881178425725,1.738652676034392,-1.2740310493992413,-1.2860490588430924
-1.1496219556365754,0.999425039324432,1.5168617489757383,-0.39747873573617265,-0.010684955964216718,-0.6991224441542135,-0.6983308925851475,1.2661768109873317,0.6717197683338367,0.2922791873727202,1.2889360481886196,0.08518199363001644,0.22575343599701328,0.41369818995709984,1.5551271348938025,1.9886313410852403,1.9092177243384925,-1.0642107725643632,-1.0732525862767484
-1.1496219556365754,0.999425039324432,1.6613247725587,0.5030106844911846,-0.010684955964216718,-0.6991224441542135,-0.6983308925851475,1.2661768109873317,0.7315353705277589,0.24134261877756383,1.1893633200555171,-0.05035271016799469,0.05949333848663677,0.41369818995709984,1.667475337449224,2.1175469033077956,2.058796959357177,-0.41579783363407613,-0.41149599129512654
-1.1496219556365754,1.1095028913365959,-1.6613247698494156,-0.08636961450742373,-0.010684955964216718,0.12339680395732334,0.08382571627630933,1.220680331736868,0.7315353705277589,0.24346377731322827,1.1000459773788178,-0.15920686417749572,-0.07535286922200761,0.41369818995709984,1.7577338050978313,2.2042808753479894,2.164102235246073,0.18310902576789095,0.17398581784067424
-1.1496219556365754,1.1095028913365959,-1.516861746266454,-0.7054689621240783,-0.010684955964216718,-0.6991224441542135,-0.6983308925851475,1.1600179737235023,0.7315353705277589,0.2326205165553851,1.0275856907633802,-0.17329686090117008,-0.10586790169376624,0.41369818995709984,1.8324379566569815,2.223587983163187,2.1950476305857562,-1.2740310493992413,-1.2860490588430924
-1.1496219556365754,1.1095028913365959,-1.3723987226834924,-0.6849156351285046,-0.010684955964216718,-0.6991224441542135,-0.6983308925851475,1.1145214944730386,0.7315353705277589,0.17749246912564237,0.9732027176900466,-0.20118446709725007,-0.14610518299112435,0.41369818995709984,1.8853844046301225,2.2442840048673904,2.224761676753753,-1.2740310493992413,-1.2860490588430924
-1.1496219556365754,1.1095028913365959,-1.2279356991005308,-0.6901108890097274,-0.010684955964216718,-0.6991224441542135,-0.6983308925851475,1.1145214944730386,0.7315353705277589,0.114469778669122,0.9239746090701966,-0.25499821282710894,-0.21114572798059608,0.41369818995709984,1.943801165134259,2.294205304788114,2.283319459643515,-1.2740310493992413,-1.2860490588430924
-1.1496219556365754,1.1095028913365959,-1.0834726755175694,-0.7054689621240783,-0.010684955964216718,-0.6991224441542135,-0.6779978345810568,1.1145214944730386,0.7315353705277589,0.04624486496067403,0.8712487583595108,-0.3282603991916481,-0.3228237203119107,0.41369818995709984,2.0061641757986033,2.3580002538529192,2.376114470663863,-1.2740310493992413,-1.2860490588430924
-1.1496219556365754,1.1095028913365959,-0.9390096519346078,-0.7054689621240783,-0.010684955964216718,-0.6991224441542135,-0.6718214328789327,0.9628661779587454,0.7315353705277589,0.004811033091360995,0.8246693636353238,-0.3998015072462412,-0.3848868003958452,0.41369818995709984,2.05376482298605,2.405041321563914,2.4173154746274235,-1.2740310493992413,-1.2860490588430924
-1.1496219556365754,1.1095028913365959,-0.7945466283516462,-0.7054689621240783,-0.010684955964216718,-0.6991224441542135,-0.6737029142887025,0.9628661779587454,0.7315353705277589,-0.04345519022647827,0.7803942723668631,-0.4724226580045003,-0.44879371188706685,0.41369818995709984,2.096554394247472,2.4474574092894934,2.454334398986056,-1.267595929317449,-1.279611001370025
-1.1496219556365754,1.1095028913365959,-0.6500836047686848,-0.3955945127639937,-0.010684955964216718,-0.6991224441542135,-0.3963608641125574,1.12968708397638,0.5520885639459927,-0.04361573202671778,0.7960656531430956,-0.47073823465608355,-0.44144521782000745,0.41369818995709984,2.08079352378984,2.439790845573787,2.442389748573351,-0.8566942218176608,-0.8685217435175774
-1.1496219556365754,1.1095028913365959,-0.5056205811857232,-0.7054689621240783,-0.010684955964216718,-0.6991224441542135,-0.6801041656830769,1.2965079899940146,0.31282615517030443,0.07461594568383274,0.9462363683057157,-0.06157339060079313,-0.21557628967050274,0.41369818995709984,1.9441013446132427,2.1599393261436926,2.2869554287393528,-1.2740310493992413,-1.2860490588430924
-1.1496219556365754,1.1095028913365959,-0.3611575576027617,-0.6908731988119187,-0.010684955964216718,-0.6991224441542135,-0.6983308925851475,1.4178321275016248,-0.22551426457499413,0.466876422223193,1.1591441269874367,0.47748555538182336,-0.005136348208350824,0.3113839459984143,1.7370648553777175,1.7946515311694515,2.1271205850967907,-1.2740310493992413,-1.2860490588430924
-1.1496219556365754,1.1095028913365959,-0.21669453401980013,-0.7054689621240783,-0.010684955964216718,-0.6991224441542135,-0.6983308925851475,1.4178321275016248,0.07356374639461619,0.7003583826290128,1.4116336789343784,0.8810899270172138,0.25742474109753444,0.41369818995709984,1.511536441550206,1.5520984595034024,1.9531328108480215,-1.2740310493992413,-1.2860490588430924
-1.1496219556365754,1.1095028913365959,-0.0722315104368386,-0.7054689621240783,-0.010684955964216718,-0.6991224441542135,-0.6983308925851475,1.4178321275016248,-0.22551426457499413,0.9837066329617258,1.612575292105583,1.1176124595923425,0.4794123160936368,0.41369818995709984,1.3303660608919885,1.401040305410957,1.793176175893512,-1.2740310493992413,-1.2860490588430924
-1.1496219556365754,1.1095028913365959,0.07223151314612293,-0.7054689621240783,-0.010684955964216718,-0.6991224441542135,-0.6983308925851475,1.4936597857587715,-0.04606745799322794,1.2575875995494816,1.7981687621675448,1.2006589633623106,0.6840935335424885,0.41369818995709984,1.1791436506008592,1.3596233063007033,1.6697075245249091,-1.2740310493992413,-1.2860490588430924
-1.1496219556365754,1.1095028913365959,0.21669453672908448,-0.7054689621240783,-0.010684955964216718,-0.6991224441542135,-0.6983308925851475,1.569487444015918,-0.22551426457499413,1.546309986645212,1.9472504910415935,1.2303256138540108,0.9576614327089726,0.41369818995709984,1.063293193256074,1.3504413291038695,1.5103117363948142,-1.2740310493992413,-1.2860490588430924
-1.1496219556365754,1.1095028913365959,0.361157560312046,-0.7054689621240783,-0.010684955964216718,-0.6991224441542135,-0.6983308925851475,1.569487444015918,-0.22551426457499413,1.6330801539779933,2.0508947434123943,1.2666140257680296,1.3026515962104772,0.41369818995709984,0.9858792221237839,1.3362824104714324,1.3150360543964739,-1.2740310493992413,-1.2860490588430924
-1.1496219556365754,1.1095028913365959,0.5056205838950075,-0.7054689621240783,-0.010684955964216718,-0.6991224441542135,-0.6983308925851475,1.569487444015918,-0.22551426457499413,1.6547793850528654,2.05757334175896,1.214297166374112,1.8763925653270825,0.41369818995709984,0.9840969667927766,1.3695913881057193,1.0055465604744485,-1.2740310493992413,-1.2860490588430924
-1.1496219556365754,1.1095028913365959,0.6500836074779691,-0.7054689621240783,-0.010684955964216718,-0.6991224441542135,-0.6983308925851475,1.569487444015918,-0.22551426457499413,1.4618556347808855,2.0218351125427083,1.1142751532112434,2.4004968215521107,0.41369818995709984,1.0163546782955812,1.4306653051277516,0.7455407465705136,-1.2740310493992413,-1.2860490588430924
-1.1496219556365754,1.1095028913365959,0.7945466310609306,-0.7054689621240783,-0.010684955964216718,-0.6991224441542135,-0.6983308925851475,1.4178321275016248,0.07356374639461619,1.238238967999783,1.9454698608367553,0.9719584290893438,2.6052149323988343,0.41369818995709984,1.079870629113128,1.5157478981388242,0.6499267651127683,-1.2740310493992413,-1.2860490588430924
-1.1496219556365754,1.1095028913365959,0.9390096546438922,-0.7054689621240783,-0.010684955964216718,-0.6991224441542135,-0.6983308925851475,1.4178321275016248,0.07356374639461619,0.9481934489004121,1.8034774821044428,0.6914269267729644,2.0695135719472546,0.41369818995709984,1.204885247432865,1.6922427967449722,0.9182802682270774,-1.2740310493992413,-1.2860490588430924
-1.1496219556365754,1.1095028913365959,1.0834726782268538,-0.7054689621240783,-0.010684955964216718,-0.6991224441542135,-0.6983308925851475,1.2661768109873317,0.1931949507824603,0.6646585687249208,1.622790449293387,0.37542876563359523,1.4773569278882912,0.41369818995709984,1.3565280055153042,1.8872139504030996,1.2302510975971501,-1.2740310493992413,-1.2860490588430924
-1.1496219556365754,1.1095028913365959,1.2279357018098151,-0.7054689621240783,-0.010684955964216718,-0.6991224441542135,-0.6983308925851475,1.1145214944730386,0.3726417573642265,0.4895730192320529,1.4727199519227157,0.16648610806589348,1.0277152873774662,0.41369818995709984,1.493259758192346,2.0299945563553066,1.494615393468869,-1.2740310493992413,-1.2860490588430924
-1.1496219556365754,1.1095028913365959,1.3723987253927767,-0.7054689621240783,-0.010684955964216718,-0.6991224441542135,-0.6983308925851475,1.1145214944730386,0.4324573595581485,0.37030384013745454,1.3515954582069152,0.02143219600281662,0.6865704221178072,0.41369818995709984,1.6019165253221312,2.127662998241008,1.7035919479297816,-1.2740310493992413,-1.2860490588430924
-1.1496219556365754,1.1095028913365959,1.5168617489757383,-0.7054689621240783,-0.010684955964216718,-0.6991224441542135,-0.6983308925851475,1.1145214944730386,0.3726417573642265,0.2605347220720289,1.2527694231997417,-0.11249224681080218,0.4321828974132107,0.41369818995709984,1.6923863733755533,2.2198119273112935,1.8667402954151942,-1.2740310493992413,-1.2860490588430924
-1.1496219556365754,1.1095028913365959,1.6613247725587,0.4068816961062973,-0.010684955964216718,0.372625442495256,-0.6983308925851475,0.9628661779587454,0.7315353705277589,0.19591932317229913,1.1574630088154492,-0.179068738680588,0.21233765495263282,0.41369818995709984,1.7749275258337631,2.2469985828493413,1.9944768437544387,0.214767607225841,0.23121367199289994
-1.1496219556365754,1.2195807433487595,-1.6613247698494156,0.1734789941469187,-0.010684955964216718,0.06521594611135566,0.23993601042430418,0.9628661779587454,-0.5245922755446044,0.1692867763609007,1.0635427053000834,-0.1465745415053359,-0.02542100914745408,0.41369818995709984,1.7990659132940912,2.083379535584114,2.0179474598562135,0.4211812127120087,0.4191416017013107
-1.1496219556365754,1.2195807433487595,-1.516861746266454,-0.7054689621240783,-0.010684955964216718,-0.6991224441542135,-0.6983308925851475,0.9628661779587454,-0.7638546843202927,0.16610938656449384,0.9880533006350358,-0.07610068953992183,-0.058091789935781596,0.41369818995709984,1.7532986774260313,1.8180298605514928,1.821279196059694,-1.2740310493992413,-1.2860490588430924
-1.1496219556365754,1.2195807433487595,-1.3723987226834924,-0.7054689621240783,-0.010684955964216718,-0.6991224441542135,-0.6983308925851475,0.9628661779587454,-0.7638546843202927,0.14113042029556233,0.9340274416654074,-0.0932134419283157,-0.09726587058537255,0.41369818995709984,1.7144085437694132,1.6723027606984462,1.689089679966172,-1.2740310493992413,-1.2860490588430924
-1.1496219556365754,1.2195807433487595,-1.2279356991005308,-0.7054689621240783,-0.010684955964216718,-0.6991224441542135,-0.6983308925851475,0.8870385197015989,-0.8834858887081368,0.1047228846220811,0.8898963252529859,-0.15315197599743288,-0.165698931206442,0.41369818995709984,1.6808140201174369,1.5893904532066252,1.6115060137291726,-1.2740310493992413,-1.2860490588430924
-1.1496219556365754,1.2195807433487595,-1.0834726755175694,-0.7054689621240783,-0.010684955964216718,-0.6991224441542135,-0.6983308925851475,0.8112108614444523,-0.8236702865142147,0.05386859369954749,0.8410944951284677,-0.23909848393304556,-0.24925409252347405,0.41369818995709984,1.633667985581441,1.5017782986238477,1.5225580478506358,-1.2740310493992413,-1.2860490588430924
-1.1496219556365754,1.2195807433487595,-0.9390096519346078,-0.7054689621240783,-0.010684955964216718,-0.6991224441542135,-0.41998411627655186,0.8112108614444523,-1.3021951040655912,-0.0004232985206145058,0.7971560509498634,-0.3219344347844615,-0.3329568274319943,0.41369818995709984,1.5648829679607703,1.3858246418865132,1.4069629230757845,-1.2740310493992413,-1.2860490588430924
-1.1496219556365754,1.2195807433487595,-0.7945466283516462,-0.7054689621240783,-0.010684955964216718,-0.6991224441542135,-0.6983308925851475,0.6595555449301591,-1.062932695289903,-0.06650431027169743,0.7432445249541485,-0.42367070672954965,-0.41287295814073816,0.41369818995709984,1.4992541783024032,1.2818023922564048,1.2902448043889871,-1.2740310493992413,-1.2860490588430924
-1.1496219556365754,1.2195807433487595,-0.6500836047686848,-0.7054689621240783,-0.010684955964216718,-0.6991224441542135,0.008311802076130276,0.8112108614444523,-1.6012731150352015,-0.055322573885015956,0.7909481939218184,-0.20561204547360462,-0.3737122932721916,0.41369818995709984,1.3442486378894851,1.0022361423146657,1.1054696139015365,-0.8553377546310502,-0.8541575858322643
-1.1496219556365754,1.2195807433487595,-0.5056205811857232,-0.7054689621240783,-0.010684955964216718,-0.6991224441542135,-0.6983308925851475,0.9628661779587454,-1.9601667281987338,0.06083945245078029,0.935604813249955,0.505450733705791,-0.19171800005570264,0.41369818995709984,1.130425775931343,0.5328458522207564,0.8819331464788329,-1.2740310493992413,-1.2860490588430924
-1.1496219556365754,1.2195807433487595,-0.3611575576027617,-0.7054689621240783,-0.010684955964216718,-0.6991224441542135,-0.6983308925851475,0.9628661779587454,-1.7209043194230456,0.2603367205184002,1.0830096585066054,1.1882806680979585,-0.025577806088410277,0.41369818995709984,0.9572284904054222,0.18326444452883128,0.7362776721258554,-1.2740310493992413,-1.2860490588430924
-1.1496219556365754,1.2195807433487595,-0.21669453401980013,-0.7054689621240783,-0.010684955964216718,-0.6991224441542135,-0.6983308925851475,0.9628661779587454,-1.7209043194230456,0.5571256641519979,1.2280015134064022,1.6915848302111456,0.12791969121718405,0.21837780391201642,0.8261079705292529,-0.030326244331535017,0.6410457513139535,-1.2740310493992413,-1.2860490588430924
-1.1496219556365754,1.2195807433487595,-0.0722315104368386,-0.7054689621240783,-0.010684955964216718,-0.6991224441542135,-0.6983308925851475,0.9628661779587454,-1.3021951040655912,0.9055963579035303,1.3514747734011174,1.7897195390757374,0.24975175282646409,0.22436325504055132,0.6880862182584438,-0.10018284732084783,0.5414729020863454,-1.2740310493992413,-1.2860490588430924
-1.1496219556365754,1.2195807433487595,0.07223151314612293,-0.7054689621240783,-0.010684955964216718,-0.6991224441542135,-0.6983308925851475,1.1145214944730386,-1.7209043194230456,1.224214303900527,1.4716676651072524,1.6032182423736325,0.38089688193949,0.31073228527155855,0.553597607411492,-0.06917388182834504,0.4347356030847245,-1.2740310493992413,-1.2860490588430924
-1.1496219556365754,1.2195807433487595,0.21669453672908448,-0.7054689621240783,-0.010684955964216718,-0.6991224441542135,-0.6983308925851475,0.9628661779587454,0.7315353705277589,1.4697616495185133,1.5465599975751962,1.3556557468504546,0.5687790260618315,0.41369818995709984,0.5162826921140419,0.09373113117455119,0.42636645953292174,-1.2740310493992413,-1.2860490588430924
-1.1496219556365754,1.2195807433487595,0.361157560312046,-0.7054689621240783,-0.010684955964216718,-0.6991224441542135,-0.6983308925851475,1.1145214944730386,-1.4816419106473573,1.6138091176317437,1.644784020071578,1.2394680432121938,1.1048845369173732,0.41369818995709984,0.41199783157607756,0.11932363368943726,0.17062962615222566,-1.2740310493992413,-1.2860490588430924
-1.1496219556365754,1.2195807433487595,0.5056205838950075,-0.7054689621240783,-0.010684955964216718,-0.6991224441542135,-0.6983308925851475,1.1145214944730386,-1.7209043194230456,1.6527532137490093,1.724177684068043,1.163862496632676,1.77147361118319,0.41369818995709984,0.3326225591534506,0.12516498900453632,-0.11636054821633474,-1.2740310493992413,-1.2860490588430924
-1.1496219556365754,1.2195807433487595,0.6500836074779691,-0.6906470226463128,-0.010684955964216718,-0.6991224441542135,-0.6983308925851475,0.9628661779587454,-1.4218263084534353,1.4529569365784432,1.7736542198904703,1.077541767113078,2.1503184981501886,0.41369818995709984,0.2742873586685233,0.13820563403179198,-0.2730223164326685,-1.2740310493992413,-1.2860490588430924
-1.1496219556365754,1.2195807433487595,0.7945466310609306,-0.7054689621240783,-0.010684955964216718,-0.6991224441542135,-0.6983308925851475,0.8112108614444523,-1.3021951040655912,1.1324827260161774,1.7121818966754005,0.8809680279591047,1.8915339512082965,0.41369818995709984,0.283354998910683,0.18424438609705007,-0.21111592259589984,-1.2740310493992413,-1.2860490588430924
-1.1496219556365754,1.2195807433487595,0.9390096546438922,-0.653910271415701,-0.010684955964216718,-0.5777077898303505,-0.6983308925851475,0.8112108614444523,-1.062932695289903,0.8071333961199718,1.5664242931540227,0.5361224120961671,1.3727322824410597,0.41369818995709984,0.3632442442354282,0.3150466854333877,-0.030143568304286317,-1.174862630200981,-1.187834362468704
-1.1496219556365754,1.2195807433487595,1.0834726782268538,-0.3367534445804412,-0.010684955964216718,-0.3265915440963577,-0.6983308925851475,0.6595555449301591,-1.3021951040655912,0.5175735159663254,1.3682026755474026,0.21871857580419715,0.8388613376157226,0.41369818995709984,0.44280435386135214,0.387600655575791,0.12260440793023653,-0.7946495963125424,-0.8007598697868308
-1.1496219556365754,1.2195807433487595,1.2279357018098151,0.5133226782910074,-0.010684955964216718,0.38880867938130637,-0.6983308925851475,0.7050520241806228,-1.3021951040655912,0.38144544107407613,1.2166472610340522,0.09268432657000421,0.4514613747739854,0.41369818995709984,0.49237933263806277,0.38219946720878756,0.22765049803783455,0.2633520118083919,0.2737857884453164
-1.1496219556365754,1.2195807433487595,1.3723987253927767,-0.7054689621240783,-0.010684955964216718,0.36723877374427744,0.7425325828469478,0.6595555449301591,-1.3021951040655912,0.3410283739396133,1.0872505649278792,0.11211316106247113,0.111865193738637,0.41369818995709984,0.5522733429575836,0.3365800139616323,0.33999431488892556,0.20931122674319946,0.21224908655252017
-1.1496219556365754,1.2195807433487595,1.5168617489757383,-0.7054689621240783,-0.010684955964216718,-0.6991224441542135,-0.6983308925851475,0.6595555449301591,-1.062932695289903,0.2874816632422297,0.9940459011381203,0.21671704441650358,0.08487767319523515,0.41369818995709984,0.5740899241905961,0.25441078400584366,0.31440405319611575,-1.2740310493992413,-1.2860490588430924
-1.1496219556365754,1.2195807433487595,1.6613247725587,0.5525920388389769,-0.010684955964216718,0.30172838836063326,0.36180126181596656,0.6595555449301591,-1.062932695289903,0.20885564765076484,0.9291308850418766,0.216702552920085,0.10522941303956031,0.41369818995709984,0.595570130669828,0.23386062407622915,0.28440048177409327,0.8517662541523878,0.8401155239374599
-1.1496219556365754,1.3296585953609235,-1.6613247698494156,-0.7054689621240783,-0.010684955964216718,-0.6991224441542135,0.6603597822340833,0.6595555449301591,-1.062932695289903,0.17942432212185772,0.8657981808438682,0.23129634225454593,0.20650682111621896,0.41369818995709984,0.5884435223641186,0.19275019285504477,0.20497217559527905,-0.5308857174424464,-0.5284294125548044
-1.1496219556365754,1.3296585953609235,-1.516861746266454,-0.7054689621240783,-0.010684955964216718,-0.6991224441542135,-0.6983308925851475,0.6595555449301591,-1.062932695289903,0.13810153166437703,0.8143405792327045,0.16051305421854722,0.3026451465665646,0.41369818995709984,0.5618076609427933,0.1836759984739471,0.1259215958519187,-1.2740310493992413,-1.2860490588430924
-1.1496219556365754,1.3296585953609235,-1.3723987226834924,-0.7054689621240783,-0.010684955964216718,-0.6991224441542135,-0.464752482288289,0.6595555449301591,-1.3021951040655912,0.09678476152440528,0.7825595412802376,0.06336888175621265,0.28436866035254205,0.41369818995709984,0.5289925422081139,0.18304715781447323,0.09313654491236892,-1.2740310493992413,-1.2860490588430924
-1.1496219556365754,1.3296585953609235,-1.2279356991005308,-0.7054689621240783,-0.010684955964216718,-0.6991224441542135,-0.6377075035871573,0.507900228415866,-1.062932695289903,0.03163556113887915,0.7361657611988857,-0.05988640992947898,0.2046831133804985,0.41369818995709984,0.48832980529376757,0.1806843261473499,0.07348458487435329,-1.2740310493992413,-1.2860490588430924
-1.1496219556365754,1.3296585953609235,-1.0834726755175694,-0.7054689621240783,-0.010684955964216718,-0.6991224441542135,-0.4787138824857803,0.507900228415866,-1.062932695289903,-0.03540000539946115,0.6921419201693954,-0.18746869195756102,0.09727217790761215,0.41369818995709984,0.45470873844027354,0.18832421307832362,0.0731684042264318,-1.1574956244719101,-1.1694604417080763
-1.1496219556365754,1.3296585953609235,-0.9390096519346078,-0.7054689621240783,-0.010684955964216718,-0.6991224441542135,-0.06492772101694896,0.507900228415866,-1.062932695289903,-0.09944012951499938,0.6522065415959607,-0.30984000236172016,0.0034027964263973393,0.41369818995709984,0.428532315707039,0.20395315163076919,0.07707851212941158,-0.9008971995853085,-0.9127449087502499
-1.1496219556365754,1.3296585953609235,-0.7945466283516462,-0.7054689621240783,-0.010684955964216718,-0.6991224441542135,-0.212023039625851,0.5837278866730126,-1.3620107062595133,-0.1558270922282869,0.620331637683429,-0.42226332669501726,-0.04032174945618441,0.41369818995709984,0.39627267378957837,0.21221542516039427,0.057233463018539175,-1.0017326373913857,-1.0136263686848364
-1.1496219556365754,1.3296585953609235,-0.6500836047686848,-0.7054689621240783,-0.010684955964216718,-0.6991224441542135,0.146364370963622,0.6595555449301591,-1.5414575128412795,-0.15142690905338915,0.661002417237221,-0.30432556175397324,0.008164560210837129,0.41369818995709984,0.3086342614326144,0.11810854917191811,-0.005572496184591477,-0.7863310529651796,-0.7981264801513419
-1.1496219556365754,1.3296585953609235,-0.5056205811857232,-0.7054689621240783,-0.010684955964216718,-0.6991224441542135,-0.4180235734296401,0.6595555449301591,-1.5414575128412795,-0.02975562327270725,0.8206020739522152,0.40667243191202174,0.278151284324787,0.41369818995709984,0.14992135967314948,-0.19230144230526736,-0.1461515266187472,-1.1244523817230296,-1.144026245404066
-1.1496219556365754,1.3296585953609235,-0.3611575576027617,-0.7054689621240783,-0.010684955964216718,-0.6991224441542135,-0.6810127269845102,0.8112108614444523,-1.9601667281987338,0.258029601064125,1.0078646642814948,1.1930730912076746,0.45165087268123727,0.38859930741987164,0.008791639806432848,-0.4789740434833188,-0.2299979101582026,-1.2740310493992413,-1.2860490588430924
-1.1496219556365754,1.3296585953609235,-0.21669453401980013,-0.7054689621240783,-0.010684955964216718,-0.6991224441542135,-0.6983308925851475,0.8112108614444523,-1.9601667281987338,0.6307380931068166,1.190234932541833,1.75482657302273,0.5478847855715242,-0.09576829438280283,-0.1279866841241811,-0.6669470589915912,-0.28290713335771517,-1.2740310493992413,-1.2860490588430924
-1.1496219556365754,1.3296585953609235,-0.0722315104368386,-0.7054689621240783,-0.010684955964216718,-0.6991224441542135,-0.6983308925851475,0.9628661779587454,-2.1396135347805,0.9420092449703529,1.334453981229066,1.8575942985364335,0.6350856853873666,-0.28023624792822055,-0.22604933562269866,-0.7036753980496475,-0.3220372515971234,-1.2740310493992413,-1.2860490588430924
-1.1496219556365754,1.3296585953609235,0.07223151314612293,-0.7054689621240783,-0.010684955964216718,-0.6991224441542135,-0.6983308925851475,0.8870385197015989,-2.079797932586578,1.253626230628572,1.4480353217029676,1.6416931653649232,0.6996164306971518,-0.25831728254645714,-0.33955458046246634,-0.6762740374215708,-0.38500487684778617,-1.2740310493992413,-1.2860490588430924
-1.1496219556365754,1.3296585953609235,0.21669453672908448,-0.7054689621240783,-0.010684955964216718,-0.6991224441542135,-0.6983308925851475,0.8112108614444523,-1.9601667281987338,1.468075291691831,1.5330447108440612,1.3786844395414863,0.829083748693315,-0.20052538860661365,-0.4522888659490566,-0.6449808781175166,-0.479725360833715,-1.2740310493992413,-1.2860490588430924
-1.1496219556365754,1.3296585953609235,0.361157560312046,-0.7054689621240783,-0.010684955964216718,-0.6991224441542135,-0.6983308925851475,0.8112108614444523,-2.1396135347805,1.5980051152465,1.6066165680392135,1.215609073020475,1.2970437997339261,0.20649932750310027,-0.5471035947891179,-0.6400947238041499,-0.6726796397473843,-1.2740310493992413,-1.2860490588430924
-1.1496219556365754,1.3296585953609235,0.5056205838950075,-0.7054689621240783,-0.010684955964216718,-0.6991224441542135,-0.6983308925851475,0.8112108614444523,-2.1396135347805,1.593244381945231,1.665875630722229,1.1123077194621818,1.9158181918712556,0.41369818995709984,-0.5980624395722361,-0.6241947146971586,-0.8644417940933934,-1.2740310493992413,-1.2860490588430924
-1.1496219556365754,1.3296585953609235,0.6500836074779691,-0.1650856816234771,-0.010684955964216718,-0.6991224441542135,-0.6983308925851475,0.8112108614444523,-2.1396135347805,1.4206866968819676,1.6965034583081857,1.0037630015232655,2.4412875038175494,0.41369818995709984,-0.628262811655576,-0.6026426693925288,-1.0116933414223421,-0.9035029153575045,-0.9212020098277639
-1.1496219556365754,1.3296585953609235,0.7945466310609306,-0.48227814361629395,-0.010684955964216718,-0.33535824368653816,-0.6983308925851475,0.7505487926906471,-2.1396135347805,1.2090096575695106,1.6715329956536538,0.8320268347897468,2.647257474732977,0.41369818995709984,-0.6307561834854295,-0.5643257708306904,-1.0742693707643043,-0.9084839562920545,-0.9204928843638374
-1.1496219556365754,1.3296585953609235,0.9390096546438922,-0.17676445976091898,-0.010684955964216718,-0.1745687042535154,-0.6983308925851475,0.6747211344335006,-1.9003511260048118,0.8912185018437474,1.5445775202682637,0.5771001017630404,2.070621212369731,0.41369818995709984,-0.5750813356980862,-0.4929765587084902,-0.9368168229946883,-0.5953218240292337,-0.6004094635015856
-1.1496219556365754,1.3296585953609235,1.0834726782268538,0.3682235827920453,-0.010684955964216718,0.25028504481386976,-0.6983308925851475,0.5837278866730126,-1.6012731150352015,0.651315538352515,1.3632898864646126,0.37707227181565367,1.509134720750852,0.41369818995709984,-0.4833844678290437,-0.430341619508852,-0.785631763026656,0.04769119013089292,0.05073117545858008
-1.1496219556365754,1.3296585953609235,1.2279357018098151,-0.7054689621240783,-0.010684955964216718,0.5721927688130978,0.8438262834577831,0.507900228415866,-1.3620107062595133,0.5655474194228952,1.203944303024982,0.3456248721464014,0.7383410826817561,0.41369818995709984,-0.3988757402328656,-0.42016184450885724,-0.5528083830021513,0.367964964565172,0.3779959323823551
-1.1496219556365754,1.3296585953609235,1.3723987253927767,-0.7054689621240783,-0.010684955964216718,-0.6991224441542135,-0.6983308925851475,0.507900228415866,-1.3620107062595133,0.446886292396704,1.0779056087081946,0.42077436280921726,0.5437762026266827,0.41369818995709984,-0.35207935205140933,-0.4514704935588856,-0.4958460229568021,-1.2740310493992413,-1.2860490588430924
-1.1496219556365754,1.3296585953609235,1.5168617489757383,0.6133349793773373,-0.010684955964216718,0.33838317393612793,0.3535562075723626,0.32591373289489,-1.122748297483825,0.2963475841604563,0.9791727339019877,0.3721818179948708,0.42301908047358355,0.41369818995709984,-0.32627067331011295,-0.4444648256714045,-0.4646832669660805,0.829585932032742,0.8173923635105007
-1.1496219556365754,1.3296585953609235,1.6613247725587,-0.7054689621240783,-0.010684955964216718,0.9205146687076987,0.9221789287072836,0.14392752663347458,-0.8236702865142147,0.25648237946431673,0.8733342764947851,0.4354934609656505,0.44837490664746266,0.41369818995709984,-0.2906002299976093,-0.47405755508408637,-0.4819945366831913,0.5468933460685909,0.5673275647536652
-1.1496219556365754,1.4397364473730871,-1.6613247698494156,-0.7054689621240783,-0.010684955964216718,-0.6991224441542135,-0.6983308925851475,-0.03805896888750143,-0.5245922755446044,0.18527941536142598,0.7836337066277461,0.5226649265691148,0.5241128600471973,0.41369818995709984,-0.24703390813904277,-0.5054653815354206,-0.5102362515818404,-1.2740310493992413,-1.2860490588430924
-1.1496219556365754,1.4397364473730871,-1.516861746266454,-0.7054689621240783,-0.010684955964216718,-0.6991224441542135,-0.5936795291506525,-0.22004531977869715,-0.22551426457499413,0.09744565860205791,0.7131354303053923,0.457506044025451,0.4200734780480268,0.41369818995709984,-0.21344662354202598,-0.4876917585716528,-0.4791298403261836,-1.232708564601847,-1.265378385180815
-1.1496219556365754,1.4397364473730871,-1.3723987226834924,-0.7054689621240783,-0.010684955964216718,-0.6991224441542135,-0.04035191920769855,-0.40203167066989287,0.13337934858853825,-0.003979968320087188,0.6331044658432243,0.30628727889772334,0.2723212889746884,0.41369818995709984,-0.1656358024589241,-0.43898317667948034,-0.4302039731852351,-0.9118919552163074,-0.9157338088039755
-1.1496219556365754,1.4397364473730871,-1.2279356991005308,-0.7054689621240783,-0.010684955964216718,-0.6991224441542135,0.24323694579068322,-0.4475282945501369,0.25301055297638236,-0.10908400924021992,0.5539197065398361,0.10334665817020498,0.18248251121099465,0.41369818995709984,-0.12128886917390096,-0.37287917978773943,-0.4014980643538596,-0.758976966444503,-0.7599355429539845
-1.1496219556365754,1.4397364473730871,-1.0834726755175694,-0.7054689621240783,-0.010684955964216718,-0.6991224441542135,0.8219333104480528,-0.508190363303942,0.31282615517030443,-0.21224549437745466,0.499891730292913,-0.11212484475454326,0.19028881880619353,0.41369818995709984,-0.10228562599994796,-0.30502225997660304,-0.4107687236666996,-0.4585530565205994,-0.4484411564663892
-1.1496219556365754,1.4397364473730871,-0.9390096519346078,-0.7054689621240783,-0.010684955964216718,0.9626475739428139,0.10556341588564933,-0.553686987184186,0.3726417573642265,-0.30965356274860617,0.4428953312788278,-0.3497853860190122,0.27626552860173625,0.41369818995709984,-0.09069589900992903,-0.23214472625163093,-0.45135123580766356,0.13241517115199186,0.11054052701954051
-1.1496219556365754,1.4397364473730871,-0.7945466283516462,0.9687043791396953,-0.010684955964216718,0.3484313162441539,0.1298386276764595,-0.2503763541555997,0.1931949507824603,-0.3842051612348259,0.4154829421444145,-0.21343148645286925,0.3404583639264662,0.41369818995709984,-0.08974927192306989,-0.2801889701498057,-0.47202455252398895,0.8271179916003313,0.8150443555090171
-1.1496219556365754,1.4397364473730871,-0.6500836047686848,-0.7054689621240783,-0.010684955964216718,1.1524885179886672,0.9614082318949074,0.05293427887298657,0.013748144200694123,-0.28595357948824934,0.47186462498394,0.3250861595164656,0.5088197081429188,0.41369818995709984,-0.1273670210196554,-0.450978478988849,-0.5148285642001436,0.6628386636672368,0.6567315706179923
-1.1496219556365754,1.4397364473730871,-0.5056205811857232,-0.7054689621240783,-0.010684955964216718,-0.6991224441542135,-0.6983308925851475,0.6595555449301591,-0.8236702865142147,-0.08509839536027033,0.621196898337861,1.0356076386825794,0.7203463278696656,0.41369818995709984,-0.21695080874604544,-0.6547456570066235,-0.5642337950101821,-1.2740310493992413,-1.2860490588430924
-1.1496219556365754,1.4397364473730871,-0.3611575576027617,-0.7054689621240783,-0.010684955964216718,-0.6991224441542135,-0.6802569466126246,0.9628661779587454,-0.7638546843202927,0.18599382637249176,0.8671998184129561,1.6954122901475785,0.9451696635840239,0.41369818995709984,-0.3506585668647087,-0.80332760309683,-0.592205922022598,-1.2740310493992413,-1.2860490588430924
-1.1496219556365754,1.4397364473730871,-0.21669453401980013,-0.7054689621240783,-0.010684955964216718,-0.6991224441542135,-0.6983308925851475,1.1145214944730386,-1.3021951040655912,0.6499348788704553,1.0964967148738112,2.2191162170132763,0.9689768055335922,-0.20560647036017643,-0.4794379763670042,-0.9153834373680858,-0.5686269506610832,-1.2740310493992413,-1.2860490588430924
-1.1496219556365754,1.4397364473730871,-0.0722315104368386,-0.7054689621240783,-0.010684955964216718,-0.6991224441542135,-0.6983308925851475,1.1145214944730386,-1.4816419106473573,0.957441994442543,1.2590429158239222,2.4045579295948944,0.9649797412686821,-0.057119080537777256,-0.5639616646767651,-0.9349624762792723,-0.5341240354336144,-1.2740310493992413,-1.2860490588430924
-1.1496219556365754,1.4397364473730871,0.07223151314612293,-0.7054689621240783,-0.010684955964216718,-0.6991224441542135,-0.6983308925851475,1.1145214944730386,-1.3021951040655912,1.274417731607923,1.3950059945800422,2.157879415353249,1.0205118514429492,-0.3073895581788395,-0.625515831600311,-0.8356951483924726,-0.5108996024819691,-1.2740310493992413,-1.2860490588430924
-1.1496219556365754,1.4397364473730871,0.21669453672908448,-0.7054689621240783,-0.010684955964216718,-0.6991224441542135,-0.6983308925851475,1.190349152730185,-1.3021951040655912,1.5126865133575509,1.5178158410224198,1.929133701709095,1.1447143138655083,-0.41693173745263234,-0.6801656292054016,-0.739203066659355,-0.5130513212298872,-1.2740310493992413,-1.2860490588430924
-1.1496219556365754,1.4397364473730871,0.361157560312046,-0.7054689621240783,-0.010684955964216718,-0.6991224441542135,-0.6983308925851475,1.2661768109873317,-1.2423795018716692,1.6574992307185896,1.6221284472592457,1.703224059158151,1.586300616345498,0.045473610912814336,-0.7070990157855587,-0.6032069694437775,-0.5787455982366488,-1.2740310493992413,-1.2860490588430924
-1.1496219556365754,1.4397364473730871,0.5056205838950075,-0.7054689621240783,-0.010684955964216718,-0.6991224441542135,-0.6983308925851475,1.2661768109873317,-1.2423795018716692,1.6705659954097498,1.7006074474644024,1.5576441910191767,2.169405800631081,0.41369818995709984,-0.734742794959066,-0.5283136173885726,-0.7245885271889766,-1.2740310493992413,-1.2860490588430924
-1.1496219556365754,1.4397364473730871,0.6500836074779691,-0.6904346609911256,-0.010684955964216718,-0.6991224441542135,-0.6983308925851475,1.1145214944730386,-1.062932695289903,1.4567196350215565,1.7236921218084595,1.3675123482437384,2.6195564023352773,0.41369818995709984,-0.733648008547371,-0.43308524076450383,-0.8205863029767213,-1.2740310493992413,-1.2860490588430924
-1.1496219556365754,1.4397364473730871,0.7945466310609306,-0.7054689621240783,-0.010684955964216718,-0.6991224441542135,-0.6983308925851475,1.1145214944730386,-0.6442234799324486,1.209100631256313,1.7102664664828,1.167799921453697,2.764642204926045,0.41369818995709984,-0.7053616425952998,-0.32444102304403044,-0.8250167328369729,-1.2740310493992413,-1.2860490588430924
-1.1496219556365754,1.4397364473730871,0.9390096546438922,-0.38563487868445884,-0.010684955964216718,-0.45207464699742156,-0.6983308925851475,0.947700588455404,-0.3451454689628382,0.88350714403891,1.5811725410297681,0.7868687746266003,2.1507737962193825,0.41369818995709984,-0.6109747419033397,-0.13752733405209372,-0.6041943479602382,-0.9106624402536179,-0.9167827950560563
-1.1496219556365754,1.4397364473730871,1.0834726782268538,0.17265685136778444,-0.010684955964216718,0.042973928853802634,-0.6983308925851475,0.8567073406949159,-0.22551426457499413,0.6344666764173791,1.4059283223842742,0.49834904801972824,1.5972696943219096,0.41369818995709984,-0.510684874495643,-0.021126841170480522,-0.42086830071655107,-0.20940735946414218,-0.20777786657822217
-1.1496219556365754,1.4397364473730871,1.2279357018098151,0.27482224257793103,-0.010684955964216718,0.1485430708181701,0.24936246309463697,0.7505487926906471,-0.10588306018714999,0.5146188779177508,1.2484508832776624,0.37691201291408366,0.8097180687557518,0.41369818995709984,-0.40484482365056496,0.058770559375782204,-0.11081080852296837,0.5152036228385907,0.5162660234378691
-1.1496219556365754,1.4397364473730871,1.3723987253927767,-0.7054689621240783,-0.010684955964216718,-0.6991224441542135,-0.6983308925851475,0.6595555449301591,0.013748144200694123,0.45800113636661904,1.1231377093138573,0.33262770474088005,0.5865859599393007,0.41369818995709984,-0.3189461975021797,0.10024005151405925,-0.0013336384235603513,-1.2740310493992413,-1.2860490588430924
-1.1496219556365754,1.4397364473730871,1.5168617489757383,0.5402267064451135,-0.010684955964216718,0.40755338263722396,0.3971104225838833,0.5685622971696711,0.13337934858853825,0.3596278104215275,1.0311222496046188,0.29509899122162525,0.3616334973323902,0.41369818995709984,-0.2444150593565594,0.15087086785453793,0.1248250406233493,0.840899395799086,0.8304376492609548
-1.1496219556365754,1.4397364473730871,1.6613247725587,-0.7054689621240783,-0.010684955964216718,-0.6991224441542135,1.2962006361397618,0.507900228415866,0.1931949507824603,0.32908071938095584,0.9389458768209833,0.30166278665826946,0.45233926994607704,0.41369818995709984,-0.1723871864159039,0.1781741267581124,0.11692789258297429,-0.2036439715119546,-0.18247064742827582
-0.8252214806906132,-1.5323655569553345,-1.6613247698494156,-0.7054689621240783,-0.010684955964216718,1.2941672089042475,-0.6983308925851475,0.47756904940918316,0.1931949507824603,0.26804138908156105,0.8624888764322602,0.29237714721783237,0.5905327150252944,0.41369818995709984,-0.11687690647797119,0.19467135162654725,0.07255207950903034,-0.17359009136580064,-0.19951342755877563
-0.8252214806906132,-1.5323655569553345,-1.516861746266454,-0.49674597273218124,-0.010684955964216718,-0.6991224441542135,-0.6983308925851475,0.4472381596620609,0.1931949507824603,0.13809149780186206,0.7958024049994552,0.394642785002681,0.5495734970104855,0.41369818995709984,-0.05975376509508144,0.17474702046135607,0.11125679499869906,-1.1378196498563349,-1.2060762282697626
-0.8252214806906132,-1.5323655569553345,-1.3723987226834924,-0.6891858045805135,-0.010684955964216718,-0.6991224441542135,-0.6983308925851475,0.40174139115203655,0.07356374639461619,0.03359751572263943,0.725714174713174,0.34256631396111836,0.39301217070888084,0.41369818995709984,0.0024656709792345004,0.2160667783885507,0.1962734153433471,-1.2740310493992413,-1.2860490588430924
-0.8252214806906132,-1.5323655569553345,-1.2279356991005308,-0.2397915937151533,-0.010684955964216718,-0.6991224441542135,-0.6983308925851475,0.35624491190157287,0.013748144200694123,-0.06540794356089515,0.6525036661763162,0.18924287208883558,0.18447140075082405,0.41369818995709984,0.058862493847863226,0.2868506147826984,0.2921493998191439,-0.9468968145864196,-0.9564805278149733
-0.8252214806906132,-1.5323655569553345,-1.0834726755175694,0.2121627629805196,-0.010684955964216718,-0.6991224441542135,-0.6983308925851475,0.28041725364442627,-0.04606745799322794,-0.13759355726608521,0.5756316794378329,-0.006516785942800823,-0.03322983220159878,0.41369818995709984,0.1094555250536992,0.3615116206482926,0.3786606726166463,-0.6173126403654937,-0.621427352125565
-0.8252214806906132,-1.5323655569553345,-0.9390096519346078,-0.7054689621240783,-0.010684955964216718,-0.6991224441542135,0.32079671674119464,0.20458959538727972,-0.10588306018714999,-0.1668984561273037,0.4961377976494192,-0.2060357086336062,-0.297472086569608,0.41369818995709984,0.15248446773244537,0.4231524193459025,0.4726530092571219,-0.6734506797700668,-0.6698955627607801
-0.8252214806906132,-1.5323655569553345,-0.7945466283516462,0.771559833275479,-0.010684955964216718,-0.6991224441542135,-0.6983308925851475,0.35624491190157287,-0.5844078777385264,-0.22469484206186055,0.4383269526359747,-0.39151151885385616,-0.31957542432654007,0.41369818995709984,0.17309936584219549,0.4628982469738461,0.4379156132475757,-0.20050774305216795,-0.22034920673940744
-0.8252214806906132,-1.5323655569553345,-0.6500836047686848,-0.7054689621240783,-0.010684955964216718,-0.6991224441542135,0.979473503348342,0.7353832031873058,-1.003117093095981,-0.15755492335336457,0.48583724361072905,-0.24172911675349804,-0.25992718483059396,0.41369818995709984,0.13098543971031903,0.3755360796802606,0.390600121976884,-0.2632580537126588,-0.27481473469667717
-0.8252214806906132,-1.5323655569553345,-0.5056205811857232,-0.7054689621240783,-0.010684955964216718,-0.6991224441542135,-0.6983308925851475,1.1145214944730386,-1.4816419106473573,0.018519964983479322,0.6654141173602667,0.546041415174192,0.010046123502311488,0.41369818995709984,0.00750598364564124,0.0384290807460957,0.2623246145756925,-1.2740310493992413,-1.2860490588430924
-0.8252214806906132,-1.5323655569553345,-0.3611575576027617,-0.7054689621240783,-0.010684955964216718,-0.6991224441542135,-0.6983308925851475,1.7211427605302112,-2.019982330392656,0.2665751073060402,0.8730265655279561,1.2785967884242515,0.1962823189877705,0.41369818995709984,-0.11618605933301128,-0.21921552134124409,0.19974663483905497,-1.2740310493992413,-1.2860490588430924
-0.8252214806906132,-1.5323655569553345,-0.21669453401980013,-0.7054689621240783,-0.010684955964216718,-0.6991224441542135,-0.6983308925851475,1.9789569143083336,-2.4386915457501104,0.5887263107566413,1.061649153639528,1.783489900497686,0.3726285683845753,0.19155441884088273,-0.2376149324295196,-0.3985994727069113,0.11701175955401309,-1.2740310493992413,-1.2860490588430924
-0.8252214806906132,-1.5323655569553345,-0.0722315104368386,-0.7054689621240783,-0.010684955964216718,-0.6991224441542135,-0.6983308925851475,2.236770778826896,-2.6779539545257984,0.9547489057435252,1.2432811978831162,1.8614430694970112,0.5271297338095523,-0.1003638479466975,-0.3465627095686733,-0.4243176142724757,0.053357161956598294,-1.2740310493992413,-1.2860490588430924
-0.8252214806906132,-1.5323655569553345,0.07223151314612293,-0.7054689621240783,-0.010684955964216718,-0.6991224441542135,-0.6983308925851475,2.191274299576432,-2.6181383523318766,1.3069635680614764,1.3915400116486267,1.6938335694789206,0.6411974121393972,-0.40211435306191795,-0.43237663877403343,-0.3690310535899943,0.00792921931057837,-1.2740310493992413,-1.2860490588430924
-0.8252214806906132,-1.5323655569553345,0.21669453672908448,-0.7054689621240783,-0.010684955964216718,-0.6991224441542135,-0.6983308925851475,2.130612230822627,-2.498507147944032,1.5609520677512223,1.519370628315824,1.5518313960734005,0.8535180784067081,-0.12041791710115743,-0.5008243164335957,-0.31501250072377657,-0.06820573710369647,-1.2740310493992413,-1.2860490588430924
-0.8252214806906132,-1.5323655569553345,0.361157560312046,-0.7054689621240783,-0.010684955964216718,-0.6991224441542135,-0.6983308925851475,2.0851154623126025,-2.4386915457501104,1.7100064332594225,1.6200252851465156,1.383136738705849,1.3535670007328469,0.3046859968758845,-0.5502084254612097,-0.24644477368072035,-0.24344393104986606,-1.2740310493992413,-1.2860490588430924
-0.8252214806906132,-1.5323655569553345,0.5056205838950075,-0.6906841295201788,-0.010684955964216718,-0.6991224441542135,-0.6983308925851475,2.1761087100730907,-2.498507147944032,1.7914760454876295,1.7002997364975734,1.2752381710190075,2.0678391147756527,0.41369818995709984,-0.5928734849773295,-0.2036309006731131,-0.48210939325851576,-1.2740310493992413,-1.2860490588430924
-0.8252214806906132,-1.5323655569553345,0.6500836074779691,-0.7054689621240783,-0.010684955964216718,-0.6991224441542135,-0.6983308925851475,2.0244533935587974,-2.019982330392656,1.578354129973017,1.7560737607535215,1.1630407435416468,2.7231757026904955,0.41369818995709984,-0.6100787882011964,-0.1399166273685894,-0.6642604360655817,-1.2740310493992413,-1.2860490588430924
-0.8252214806906132,-1.5323655569553345,0.7945466310609306,-0.7054689621240783,-0.010684955964216718,-0.6991224441542135,-0.6983308925851475,1.9334601457983094,-1.7807199216169676,1.3164515884556311,1.7433842121673175,1.0245148243946507,3.0103631350759716,0.41369818995709984,-0.592251650156316,-0.06551679583094636,-0.729047779548319,-1.2740310493992413,-1.2860490588430924
-0.8252214806906132,-1.5323655569553345,0.9390096546438922,-0.7054689621240783,-0.010684955964216718,-0.6808514690875842,-0.6983308925851475,1.569487444015918,-1.003117093095981,0.9632924052129376,1.6185199009899875,0.6804278809912734,2.4373860269925807,0.41369818995709984,-0.4878755775258631,0.13349051233022208,-0.5054653694954856,-1.2740310493992413,-1.2860490588430924
-0.8252214806906132,-1.5323655569553345,1.0834726782268538,-0.4483177487597382,-0.010684955964216718,-0.3836128149323455,-0.6983308925851475,1.4936597857587715,-1.062932695289903,0.6677068561569685,1.4443809010923243,0.36783863127413025,1.8187533390425326,0.41369818995709984,-0.36535143541399573,0.3038271612348855,-0.2658934071838505,-0.9011303128500767,-0.9063891354985684
-0.8252214806906132,-1.5323655569553345,1.2279357018098151,-0.16001983785973917,-0.010684955964216718,-0.189159171147387,-0.6983308925851475,1.4178321275016248,-0.9433014909020588,0.47994920723186224,1.2938629524533742,0.18421943747738825,1.2756833608523266,0.41369818995709984,-0.23541812055116995,0.45293317706388037,-0.006004833670954314,-0.5681806446235415,-0.572782974296068
-0.8252214806906132,-1.5323655569553345,1.3723987253927767,0.09027661992011121,-0.010684955964216718,-0.02324457037589418,-0.6983308925851475,1.3420044692444784,-0.8236702865142147,0.37213134096351425,1.1602832221719825,0.09781090653831309,0.8413482880268246,0.41369818995709984,-0.13781370123158318,0.5173008164590035,0.19255162888179553,-0.2852571055175389,-0.28880350616515477
-0.8252214806906132,-1.5323655569553345,1.5168617489757383,0.3174444924500358,-0.010684955964216718,0.12478270568719507,-0.6983308925851475,1.2661768109873317,0.07356374639461619,0.31539453091053815,1.0418702549115877,0.07759185927055147,0.4927249633212386,0.41369818995709984,-0.037018547787719486,0.5734223174765578,0.3880316689000056,-0.03674603457300468,-0.03943733148381096
-0.8252214806906132,-1.5323655569553345,1.6613247725587,0.820048047207938,-0.010684955964216718,0.5255132817946658,-0.6983308925851475,1.1751835632268437,-0.6442234799324486,0.2859578539882897,0.9405973531108452,0.10423319677463486,0.21798653725863226,0.41369818995709984,0.0582766129998148,0.6032559984932804,0.5563635153008633,0.562376927125761,0.567843720801814
-0.8252214806906132,-1.4222877049431708,-1.6613247698494156,-0.7054689621240783,-0.010684955964216718,-0.6991224441542135,-0.6983308925851475,1.0538594257192335,-0.7040390821263706,0.2816439620310207,0.8504288649616787,0.1818684052937175,-0.06743336597424676,0.41369818995709984,0.13950677260487512,0.5866210869939652,0.7157705723779711,-1.2740310493992413,-1.2860490588430924
-0.8252214806906132,-1.4222877049431708,-1.516861746266454,-0.7054689621240783,-0.010684955964216718,-0.6991224441542135,-0.6983308925851475,0.9325349989520626,-0.7040390821263706,0.23461725519586393,0.7779085888228914,0.12475827034911793,-0.24124487123997893,0.41369818995709984,0.1974583031769536,0.6138993901956926,0.8041063310389768,-1.2740310493992413,-1.2860490588430924
-0.8252214806906132,-1.4222877049431708,-1.3723987226834924,-0.7054689621240783,-0.010684955964216718,-0.6991224441542135,-0.6983308925851475,0.8112108614444523,-0.7638546843202927,0.14970134565584886,0.7077243752992507,-0.004856230941426413,-0.3897542134560095,0.41369818995709984,0.2508487465209384,0.6546152631652604,0.858431324062253,-1.2740310493992413,-1.2860490588430924
-0.8252214806906132,-1.4222877049431708,-1.2279356991005308,-0.7054689621240783,-0.010684955964216718,-0.6991224441542135,-0.6983308925851475,0.9022041092049403,-0.8236702865142147,0.0723890971296773,0.6549201853286611,-0.14119308168825342,-0.5033297003187887,0.41369818995709984,0.2883605641132846,0.6976173796135244,0.8935171905871232,-1.2740310493992413,-1.2860490588430924
-0.8252214806906132,-1.4222877049431708,-1.0834726755175694,-0.7054689621240783,-0.010684955964216718,-0.6991224441542135,-0.6983308925851475,0.9931973569654283,-0.8834858887081368,-0.004803413970482312,0.6129289305020779,-0.2571796092585859,-0.5930452205941372,0.41369818995709984,0.32492358290228374,0.7463231647460071,0.9322173551558828,-1.2740310493992413,-1.2860490588430924
-0.8252214806906132,-1.4222877049431708,-0.9390096519346078,-0.7054689621240783,-0.010684955964216718,-0.6991224441542135,-0.6983308925851475,1.0841903154663557,-0.9433014909020588,-0.06659528395849981,0.584920880688757,-0.3508074627370039,-0.6540266533313686,0.41369818995709984,0.35395894974082215,0.7953279880299331,0.9672217385254285,-1.2740310493992413,-1.2860490588430924
-0.8252214806906132,-1.4222877049431708,-0.7945466283516462,-0.7054689621240783,-0.010684955964216718,-0.6991224441542135,-0.6983308925851475,1.1751835632268437,-1.003117093095981,-0.1263750300501822,0.5603209415607967,-0.4437064791896647,-0.7084628618915728,0.41369818995709984,0.39233366268433023,0.8580507024567575,1.0129225197154739,-1.2740310493992413,-1.2860490588430924
-0.8252214806906132,-1.4222877049431708,-0.6500836047686848,-0.7054689621240783,-0.010684955964216718,-0.6991224441542135,-0.6983308925851475,1.2661768109873317,-1.062932695289903,-0.12149924179207491,0.616988456835106,-0.10502145418654893,-0.6768921751488846,0.41369818995709984,0.3735724452478536,0.7103706037988173,1.018861688212346,-1.2740310493992413,-1.2860490588430924
-0.8252214806906132,-1.4222877049431708,-0.5056205811857232,-0.7054689621240783,-0.010684955964216718,-0.6991224441542135,-0.6983308925851475,1.3571700587478197,-1.122748297483825,0.011034703547312442,0.7618081065149341,0.6328488884852607,-0.546140296117722,0.41369818995709984,0.2929346816403052,0.3930610061670008,0.976317945870087,-1.2740310493992413,-1.2860490588430924
-0.8252214806906132,-1.4222877049431708,-0.3611575576027617,-0.7054689621240783,-0.010684955964216718,-0.6991224441542135,-0.6983308925851475,1.8727980770445043,-1.8405355238108898,0.29955106199940207,0.9526171363128275,1.3168790597572717,-0.35009632620250564,0.41369818995709984,0.18093781455224703,0.12403531322523516,0.8935132897977726,-1.2740310493992413,-1.2860490588430924
-0.8252214806906132,-1.4222877049431708,-0.21669453401980013,-0.7054689621240783,-0.010684955964216718,-0.6991224441542135,-0.6983308925851475,2.3277640265873836,-1.9601667281987338,0.7088684358900419,1.17119143479425,1.7760037639360484,-0.10449697656829361,-0.08385939934031712,0.08060403021112987,0.005030176531014992,0.8411035843456616,-1.2740310493992413,-1.2860490588430924
-0.8252214806906132,-1.4222877049431708,-0.0722315104368386,-0.7054689621240783,-0.010684955964216718,-0.6991224441542135,-0.6983308925851475,2.5097505221083596,-2.019982330392656,1.0131600329881658,1.4165641119946244,1.7698695987461663,0.17527152889964015,-0.25017561827681783,-0.05081570393669519,0.0444535162531935,0.7449573618520731,-1.2740310493992413,-1.2860490588430924
-0.8252214806906132,-1.4222877049431708,0.07223151314612293,-0.7054689621240783,-0.010684955964216718,-0.6991224441542135,-0.6983308925851475,2.63107465961597,-2.1396135347805,1.3025694052040877,1.6738485912549514,1.7240807322683294,0.48664761450813426,-0.384173208993098,-0.16587372606525677,0.1226758728806524,0.6634570863965095,-1.2740310493992413,-1.2860490588430924
-0.8252214806906132,-1.4222877049431708,0.21669453672908448,-0.7054689621240783,-0.010684955964216718,-0.6991224441542135,-0.6983308925851475,2.0244533935587974,-1.4218263084534353,1.4758468526717583,1.8152015522442662,1.589061755254626,0.7440033807687999,-0.25194925860341266,-0.22262116049575303,0.21556400705047665,0.5836566882557479,-1.2740310493992413,-1.2860490588430924
-0.8252214806906132,-1.4222877049431708,0.361157560312046,-0.7054689621240783,-0.010684955964216718,-0.6991224441542135,-0.6983308925851475,1.9031292560511872,-0.9433014909020588,1.5490746502301698,1.9064265617634852,1.4865258936836194,1.072719363377156,0.41369818995709984,-0.17597992939226018,0.40174645095122224,0.5835929753630207,-1.2740310493992413,-1.2860490588430924
-0.8252214806906132,-1.4222877049431708,0.5056205838950075,-0.6770712063917288,-0.010684955964216718,-0.6991224441542135,-0.6983308925851475,1.7211427605302112,-0.16569866238107206,1.4690947321233518,1.9330223876212447,1.3662925052216814,1.3035680617530714,0.41369818995709984,-0.12306557456277269,0.5603797362310554,0.5835143094444495,-1.2740310493992413,-1.2860490588430924
-0.8252214806906132,-1.4222877049431708,0.6500836074779691,-0.7054689621240783,-0.010684955964216718,-0.6991224441542135,-0.6983308925851475,1.569487444015918,0.07356374639461619,1.2578631963065594,1.8664982407810329,1.1611380953059858,1.4437093105426697,0.41369818995709984,0.05174047027696151,0.8444524265744364,0.7011892050747514,-1.2740310493992413,-1.2860490588430924
-0.8252214806906132,-1.4222877049431708,0.7945466310609306,-0.7054689621240783,-0.010684955964216718,-0.6991224441542135,-0.6983308925851475,1.4481633065083077,-2.4386915457501104,0.952246460432292,1.7199064300055453,0.903293456853353,1.3194632468317165,0.41369818995709984,0.040219031705393024,0.7109146811261555,0.5106384625326361,-1.2740310493992413,-1.2860490588430924
-0.8252214806906132,-1.4222877049431708,0.9390096546438922,-0.7054689621240783,-0.010684955964216718,-0.6991224441542135,-0.6983308925851475,1.3571700587478197,-1.5414575128412795,0.610196769766172,1.5138847628452698,0.5944430132121997,0.8385737368095836,0.41369818995709984,0.19132248019335582,0.8826419650027105,0.7598510090138637,-1.2740310493992413,-1.2860490588430924
-0.8252214806906132,-1.4222877049431708,1.0834726782268538,-0.6906979776698273,-0.010684955964216718,-0.6991224441542135,-0.6983308925851475,1.2661768109873317,0.07356374639461619,0.35390382631882156,1.323680568594561,0.3073357812856548,0.4548891068308246,0.41369818995709984,0.4018245463397836,1.1349131311845837,1.0594455006164267,-1.2740310493992413,-1.2860490588430924
-0.8252214806906132,-1.4222877049431708,1.2279357018098151,-0.09247477591863021,-0.010684955964216718,-0.6991224441542135,-0.6983308925851475,1.2358456319806488,0.1931949507824603,0.21600377130642875,1.1502593256997993,0.04943488172927933,0.12270346784986585,0.41369818995709984,0.5873682814008139,1.3509499090966839,1.3175893377369885,-0.8348650096771116,-0.8393293180044117
-0.8252214806906132,-1.4222877049431708,1.3723987253927767,0.7263957134863476,-0.010684955964216718,-0.6991224441542135,-0.6983308925851475,1.220680331736868,0.25301055297638236,0.13753762859103574,1.0178829146808923,-0.1481149023305328,-0.11359036065743774,0.41369818995709984,0.7870711253587905,1.5879744322621652,1.5798502413066338,-0.2372910361199137,-0.2313096851409572
-0.8252214806906132,-1.4222877049431708,1.5168617489757383,0.8786849028397502,-0.010684955964216718,-0.6991224441542135,-0.6983308925851475,1.190349152730185,0.25301055297638236,0.1462858188557534,0.9116294709239295,-0.3026428432874881,-0.28646611519532433,0.41369818995709984,0.961111036881987,1.775977351585582,1.7819674744049614,-0.15144154105405566,-0.15080563158838856
-0.8252214806906132,-1.4222877049431708,1.6613247725587,-0.7054689621240783,-0.010684955964216718,0.8377326755091794,0.8385427955151086,1.1751835632268437,0.25301055297638236,0.1606964521997519,0.8247420568224417,-0.3959246057337921,-0.38933497029837266,0.41369818995709984,1.0833415146643341,1.8830269860121722,1.8970776010372161,0.6752622506025581,0.6640850013841361
-0.8252214806906132,-1.312209852931007,-1.6613247698494156,0.9596770451041913,-0.010684955964216718,-0.6991224441542135,-0.6983308925851475,1.1448526734797215,0.31282615517030443,0.14229769296813705,0.7572898367680554,-0.3545189907020882,-0.35186050140984165,0.41369818995709984,1.2092658408906374,1.909710655076785,1.9262611398535259,-0.08649276529502131,-0.09895110738004147
-0.8252214806906132,-1.312209852931007,-1.516861746266454,-0.7054689621240783,-0.010684955964216718,-0.6991224441542135,-0.6983308925851475,1.1145214944730386,0.3726417573642265,0.14751530147592093,0.7012815004914945,-0.3507409723416717,-0.35006530220884047,0.41369818995709984,1.3213524722601924,1.9505041919115838,1.9687559056183823,-1.2740310493992413,-1.2860490588430924
-0.8252214806906132,-1.312209852931007,-1.3723987226834924,-0.6030514897380217,-0.010684955964216718,-0.6991224441542135,-0.6983308925851475,1.1751835632268437,0.25301055297638236,0.12885097934974324,0.6707856498569074,-0.3741882135469102,-0.3730549200010169,0.41369818995709984,1.395854895487807,1.9967225820030687,2.0153308970440107,-1.2740310493992413,-1.2860490588430924
-0.8252214806906132,-1.312209852931007,-1.2279356991005308,-0.6768992258287859,-0.010684955964216718,-0.6991224441542135,-0.6983308925851475,1.1600179737235023,0.25301055297638236,0.08233599950284991,0.6347079505144065,-0.43331863358045086,-0.43118885321157857,0.41369818995709984,1.4792155089674222,2.063085817004514,2.082240703354536,-1.2740310493992413,-1.2860490588430924
-0.8252214806906132,-1.312209852931007,-1.0834726755175694,-0.6804976338757285,-0.010684955964216718,-0.6991224441542135,-0.6983308925851475,1.1600179737235023,0.1931949507824603,0.018218280183862588,0.5988179830920354,-0.5080990173050762,-0.5047056563621529,0.41369818995709984,1.5548834200435022,2.12889314223378,2.1485697254728553,-1.2740310493992413,-1.2860490588430924
-0.8252214806906132,-1.312209852931007,-0.9390096519346078,-0.5598623852026112,-0.010684955964216718,-0.6991224441542135,-0.6983308925851475,1.1448526734797215,0.1931949507824603,-0.049911646292777,0.5651130458377892,-0.58578878204597,-0.5810322271552097,0.41369818995709984,1.6220908062866852,2.187944356594035,2.2080454941231347,-1.1792940098583344,-1.1912687711202108
-0.8252214806906132,-1.312209852931007,-0.7945466283516462,-0.5110291449019858,-0.010684955964216718,-0.6991224441542135,-0.6983308925851475,1.12968708397638,0.13337934858853825,-0.11361061908280627,0.5329579555632596,-0.6613781322471375,-0.6552609051874516,0.41369818995709984,1.6803265904168365,2.233244118695115,2.2536370532113623,-1.1428071374077147,-1.1547652597687796
-0.8252214806906132,-1.312209852931007,-0.6500836047686848,-0.015919020147748705,-0.010684955964216718,-0.6991224441542135,-0.6983308925851475,1.1145214944730386,0.07356374639461619,-0.11855798222685367,0.5545739452238968,-0.5402582051807697,-0.6695134955744753,0.41369818995709984,1.6844784297378914,2.131040623404792,2.245724085303065,-0.7621704831641448,-0.773954845288351
-0.8252214806906132,-1.312209852931007,-0.5056205811857232,-0.7054689621240783,-0.010684955964216718,-0.6991224441542135,-0.6983308925851475,1.2965079899940146,-0.2853298667689162,0.020039091768245632,0.6932273776624756,0.22002877756862863,-0.5578757505862938,0.41369818995709984,1.5673548639275776,1.6136766538110339,2.139730970225339,-1.2740310493992413,-1.2860490588430924
-0.8252214806906132,-1.312209852931007,-0.3611575576027617,-0.7054689621240783,-0.010684955964216718,-0.6991224441542135,-0.6983308925851475,1.4178321275016248,-0.46477667335068235,0.30012767463192896,0.8574391700844132,0.9342830957239717,-0.39836211396861015,0.3711635806472845,1.4315207540655028,1.1927720653755596,2.0186313982556925,-1.2740310493992413,-1.2860490588430924
-0.8252214806906132,-1.312209852931007,-0.21669453401980013,-0.7054689621240783,-0.010684955964216718,-0.6991224441542135,-0.6983308925851475,1.569487444015918,-0.7638546843202927,0.6723103922788362,1.0154480457919932,1.4054613151591315,-0.2322688752349731,-0.15262540031410457,1.3010314797817943,0.9333609868410969,1.892381050659043,-1.2740310493992413,-1.2860490588430924
-0.8252214806906132,-1.312209852931007,-0.0722315104368386,-0.7054689621240783,-0.010684955964216718,-0.6991224441542135,-0.6983308925851475,1.569487444015918,-0.9433014909020588,1.0551290041916106,1.1366417038994205,1.4477739273784445,-0.09584212082203766,-0.3695710949322606,1.1871901014900779,0.8652400959423195,1.7452107697748995,-1.2740310493992413,-1.2860490588430924
-0.8252214806906132,-1.312209852931007,0.07223151314612293,-0.7054689621240783,-0.010684955964216718,-0.6991224441542135,-0.6983308925851475,1.569487444015918,-0.46477667335068235,1.3779310708573493,1.2368594958483068,1.2291458355573464,0.030288860125651056,-0.41650938642499336,1.1417462100768718,1.0169707631724711,1.7129958842121018,-1.2740310493992413,-1.2860490588430924
-0.8252214806906132,-1.312209852931007,0.21669453672908448,-0.7054689621240783,-0.010684955964216718,-0.6991224441542135,-0.6983308925851475,1.569487444015918,-0.8834858887081368,1.6237553510807488,1.3194043742183756,1.009215213940509,0.24779891819819147,-0.6497372396349829,1.050893174714265,1.075039239204818,1.512340580278187,-1.2740310493992413,-1.2860490588430924
-0.8252214806906132,-1.312209852931007,0.361157560312046,-0.6908456202499264,-0.010684955964216718,-0.6991224441542135,-0.6983308925851475,1.569487444015918,-0.8236702865142147,1.8354946003407986,1.3793494347448725,0.8729644597312277,0.7668269782705521,-0.797948521860366,1.000569677654751,1.133654589324193,1.1948115595044884,-1.2740310493992413,-1.2860490588430924
-0.8252214806906132,-1.312209852931007,0.5056205838950075,-0.7054689621240783,-0.010684955964216718,-0.6991224441542135,-0.6983308925851475,1.5239909647654544,-0.7040390821263706,1.7668449197858835,1.43510369774607,0.7691925587598141,1.465093227041097,-0.2577287989816305,0.9622938984623549,1.1892378216691495,0.8241464196173812,-1.2740310493992413,-1.2860490588430924
-0.8252214806906132,-1.312209852931007,0.6500836074779691,-0.7054689621240783,-0.010684955964216718,-0.6991224441542135,-0.6983308925851475,1.4936597857587715,-0.5844078777385264,1.4906842596347267,1.441850048966066,0.6630457572576873,2.0042642438652796,0.41369818995709984,0.9692351869611033,1.2595397548552159,0.5742098432905706,-1.2740310493992413,-1.2860490588430924
-0.8252214806906132,-1.312209852931007,0.7945466310609306,-0.7054689621240783,-0.010684955964216718,-0.6799981949908729,-0.6983308925851475,1.4481633065083077,-0.5245922755446044,1.1525665052261393,1.419915056193028,0.4988170381099513,2.333948678167777,0.41369818995709984,0.9879717916107179,1.3488303955225693,0.4223382443968253,-1.2740310493992413,-1.2860490588430924
-0.8252214806906132,-1.312209852931007,0.9390096546438922,-0.7054689621240783,-0.010684955964216718,-0.6817431269439033,-0.6983308925851475,1.2661768109873317,-0.22551426457499413,0.7598183829685516,1.2901040794961929,0.20516220712511235,1.7791574997763588,0.41369818995709984,1.0987684233865056,1.521717904399652,0.6788357317008966,-1.2740310493992413,-1.2860490588430924
-0.8252214806906132,-1.312209852931007,1.0834726782268538,-0.4699198306084062,-0.010684955964216718,-0.30314463483845167,-0.6983308925851475,1.2055147422335266,-0.16569866238107206,0.4675714344333965,1.1291169003940753,-0.05693440686492068,1.1686556136255204,0.41369818995709984,1.2333313551977074,1.6699612274320372,0.9759595066708668,-0.8652254022646432,-0.8673964813270592
-0.8252214806906132,-1.312209852931007,1.2279357018098151,-0.16302956218643008,-0.010684955964216718,-0.13936840858937383,-0.6983308925851475,1.1448526734797215,-0.10588306018714999,0.300422670189869,0.996166001469208,-0.17891700418867595,0.6666203172184981,0.41369818995709984,1.3419041492899635,1.7240776668873965,1.2299533373433844,-0.537007685798818,-0.5417325201979076
-0.8252214806906132,-1.312209852931007,1.3723987253927767,0.09692794786822535,-0.010684955964216718,0.015950553256091838,-0.6983308925851475,0.9780317674620869,0.013748144200694123,0.19131177350542536,0.8701117804522597,-0.24429155429668667,0.2720152414696135,0.41369818995709984,1.4328421228974277,1.7226375507825322,1.4193626655793978,-0.2528908137889818,-0.25641650706379376
-0.8252214806906132,-1.312209852931007,1.5168617489757383,0.6224016937379957,-0.010684955964216718,0.4219612105037792,-0.6983308925851475,0.7960452719411109,0.07356374639461619,0.10231743331515919,0.7570131792015486,-0.25953575608805146,-0.030389879051766492,0.41369818995709984,1.4954922827418287,1.6559757079003652,1.5288053787062086,0.37875063829885175,0.38367241948115083
-0.8252214806906132,-1.312209852931007,1.6613247725587,0.7794673846255566,-0.010684955964216718,0.4631931666147917,-0.6983308925851475,0.6292243659234763,0.13337934858853825,0.09353579684205832,0.6565074375405839,-0.11159633135574853,-0.2684453673074603,0.41369818995709984,1.5641894664956586,1.523589582038182,1.6344820964254938,0.4835734829990448,0.4836979906451467
-0.8252214806906132,-1.2021320009188432,-1.6613247698494156,1.971983018882905,-0.010684955964216718,-0.6991224441542135,-0.6983308925851475,0.5382314074225488,0.25301055297638236,0.11747124140943306,0.574916039712226,-0.01874505159717244,-0.4525585154426461,0.41369818995709984,1.610233716866832,1.4192906683341482,1.6999161040983597,0.5909269116962348,0.5913914195129141
-0.8252214806906132,-1.2021320009188432,-1.516861746266454,-0.7054689621240783,-0.010684955964216718,-0.6991224441542135,-0.6247422401597194,0.4320725701587194,0.3726417573642265,0.18270004377091129,0.49825295766681926,-0.06202177454880285,-0.7080754812139164,0.41369818995709984,1.663781489005268,1.415881633407695,1.8354052545614858,-1.2740310493992413,-1.2860490588430924
-0.8252214806906132,-1.2021320009188432,-1.3723987226834924,-0.7054689621240783,-0.010684955964216718,-0.6991224441542135,-0.6983308925851475,0.3410793223982314,0.4922729617520706,0.1682459303560146,0.44329337941023045,-0.1573468379901246,-0.7766016138159813,0.41369818995709984,1.711922652296351,1.466728445650367,1.8752383817260876,-1.2740310493992413,-1.2860490588430924
-0.8252214806906132,-1.2021320009188432,-1.2279356991005308,-0.7054689621240783,-0.010684955964216718,-0.6991224441542135,-0.6983308925851475,0.3410793223982314,0.5520885639459927,0.05002830005298502,0.3893994973919713,-0.3255189490456419,-0.8527487485375694,0.41369818995709984,1.7530752319296175,1.551672921759838,1.9091267059203108,-1.2740310493992413,-1.2860490588430924
-0.8252214806906132,-1.2021320009188432,-1.0834726755175694,-0.21048675614813303,-0.010684955964216718,-0.6991224441542135,0.11057911878748886,0.32591373289489,0.6119041661399147,-0.08010353860031875,0.34239805872704193,-0.48121302924380877,-0.9396125768546718,0.41369818995709984,1.7789104538724319,1.6165543043964334,1.9352984019368857,-0.4023084960546931,-0.39370438532978763
-0.8252214806906132,-1.2021320009188432,-0.9390096519346078,-0.7054689621240783,-0.010684955964216718,-0.6991224441542135,-0.6983308925851475,0.32591373289489,0.6119041661399147,-0.13891802711806112,0.29308455325630584,-0.6170742179317206,-0.9100307796518129,0.41369818995709984,1.7967716154756215,1.654931440859282,1.866699553837532,-1.2740310493992413,-1.2860490588430924
-0.8252214806906132,-1.2021320009188432,-0.7945466283516462,0.47977171771482957,-0.010684955964216718,-0.6991224441542135,0.518399857531574,0.5230658179192075,0.4922729617520706,-0.184715920257218,0.2749846554230584,-0.724336012217111,-0.8744060115747758,0.41369818995709984,1.794866778813968,1.6952013382260138,1.8149560165223029,0.41458869758026723,0.40334136634094764
-0.8252214806906132,-1.2021320009188432,-0.6500836047686848,-0.7054689621240783,-0.010684955964216718,-0.6991224441542135,-0.6983308925851475,0.7353832031873058,0.31282615517030443,-0.1494569273796169,0.34221244408420703,-0.46794478561116365,-0.6880205655251981,0.41369818995709984,1.7138274889580043,1.5202007698356392,1.6761806677417803,-1.2740310493992413,-1.2860490588430924
-0.8252214806906132,-1.2021320009188432,-0.5056205811857232,0.7312410184587597,-0.010684955964216718,-0.6991224441542135,-0.6983308925851475,0.9325349989520626,0.1931949507824603,0.13548135569963476,0.4958540824919301,0.24769219179070373,-0.531635321349801,0.41369818995709984,1.574490641702902,1.1293961999934965,1.5975628589058217,-0.23333630108491402,-0.24751409589035303
-0.8252214806906132,-1.2021320009188432,-0.3611575576027617,-0.7054689621240783,-0.010684955964216718,-0.6991224441542135,-0.6809408416362195,1.2510112214839904,-0.3451454689628382,0.4179513086002041,0.7042583923678353,1.0862596808702938,-0.3005669395592835,0.2577196266444721,1.3927705754714332,0.7208281185495411,1.4782294776699385,-1.2740310493992413,-1.2860490588430924
-0.8252214806906132,-1.2021320009188432,-0.21669453401980013,-0.7054689621240783,-0.010684955964216718,-0.6991224441542135,-0.6983308925851475,1.569487444015918,-0.7638546843202927,0.9194832236242475,0.9016387451293632,1.5995143863772405,-0.09671330810360712,-0.5455756486606685,1.231463196414515,0.5114420351796837,1.3913957396194496,-1.2740310493992413,-1.2860490588430924
-0.8252214806906132,-1.2021320009188432,-0.0722315104368386,-0.7054689621240783,-0.010684955964216718,-0.6991224441542135,-0.6983308925851475,1.8424668980378214,-1.122748297483825,1.2567915797899607,1.0892909144808667,1.6208578032788896,0.10029995199206576,-0.7985873131653269,1.0871917266954136,0.5279065594732844,1.3079292496206427,-1.2740310493992413,-1.2860490588430924
-0.8252214806906132,-1.2021320009188432,0.07223151314612293,-0.7054689621240783,-0.010684955964216718,-0.6991224441542135,-0.6983308925851475,1.8121360082906992,-0.9433014909020588,1.600575790822835,1.2337202793793727,1.4252618139126865,0.25275688778040534,-0.6996167790044038,0.9971248527013987,0.6749337223113466,1.2876057036827584,-1.2740310493992413,-1.2860490588430924
-0.8252214806906132,-1.2021320009188432,0.21669453672908448,-0.7054689621240783,-0.010684955964216718,-0.6991224441542135,-0.6983308925851475,1.7818048292840163,-0.7638546843202927,1.8341881914413496,1.3323211772342103,1.2121941945114885,0.4659101709587832,-0.33687574363475536,0.9607920358601089,0.8519090181780506,1.2495387672519196,-1.2740310493992413,-1.2860490588430924
-0.8252214806906132,-1.2021320009188432,0.361157560312046,-0.7054689621240783,-0.010684955964216718,-0.6991224441542135,-0.6983308925851475,1.7514739395368941,-0.5844078777385264,2.0775862837086296,1.4109780287321214,1.0597828644726095,1.004680391324265,-0.04979871937451632,0.9462811088921351,1.0126607413551947,1.040498933319319,-1.2740310493992413,-1.2860490588430924
-0.8252214806906132,-1.2021320009188432,0.5056205838950075,-0.7054689621240783,-0.010684955964216718,-0.6991224441542135,-0.6983308925851475,1.6908115815235283,-0.5245922755446044,1.9994412245937154,1.471755179235433,0.9597062950879298,1.6859228524358063,0.41369818995709984,0.9213575252705428,1.1046203513080195,0.7304750312562557,-1.2740310493992413,-1.2860490588430924
-0.8252214806906132,-1.2021320009188432,0.6500836074779691,-0.7054689621240783,-0.010684955964216718,-0.6991224441542135,-0.6983308925851475,1.6301495127697232,-0.5245922755446044,1.7080658842490275,1.4934840903517874,0.8436566868861283,2.253388589968903,0.41369818995709984,0.9405270254067304,1.2173198705786408,0.5076186014436807,-1.2740310493992413,-1.2860490588430924
-0.8252214806906132,-1.2021320009188432,0.7945466310609306,-0.7054689621240783,-0.010684955964216718,-0.6991224441542135,-0.6983308925851475,1.569487444015918,-0.46477667335068235,1.3488475858956277,1.4821044306519013,0.7067691592753959,2.595413027373284,0.41369818995709984,0.9629719566102198,1.311672646284455,0.3710859898292577,-1.2740310493992413,-1.2860490588430924
-0.8252214806906132,-1.2021320009188432,0.9390096546438922,-0.7054689621240783,-0.010684955964216718,-0.6991224441542135,-0.6983308925851475,1.4936597857587715,-0.2853298667689162,0.943799954967191,1.372558620701688,0.39914793550692323,1.978134494822403,0.41369818995709984,1.0739128868815317,1.5177073510045402,0.6742280326357103,-1.2740310493992413,-1.2860490588430924
-0.8252214806906132,-1.2021320009188432,1.0834726782268538,-0.7054689621240783,-0.010684955964216718,-0.6818366522508499,-0.6983308925851475,1.4329977170049664,-0.16569866238107206,0.6214045941953924,1.2338663715127067,0.10508052309463803,1.292329829669457,0.41369818995709984,1.2095848419125155,1.721036083157105,1.0404906983195787,-1.2740310493992413,-1.2860490588430924
-0.8252214806906132,-1.2021320009188432,1.2279357018098151,-0.46567402156539445,-0.010684955964216718,-0.2972659969895754,-0.6983308925851475,1.3571700587478197,0.013748144200694123,0.4219093329002755,1.099622521919879,-0.07547414543006033,0.8452313181528575,0.41369818995709984,1.3454474253907638,1.8613817870963374,1.310095921394405,-0.8581272383601343,-0.8599620105779686
-0.8252214806906132,-1.2021320009188432,1.3723987253927767,-0.15642147186183397,-0.010684955964216718,-0.1354831114799257,-0.6983308925851475,1.281342400490673,0.07356374639461619,0.2875191229956189,0.9828906728314717,-0.16723089098855184,0.46941839770188865,0.41369818995709984,1.4612785785889906,1.9305344671852742,1.5406967183311215,-0.529141598197397,-0.5337258518448252
-0.8252214806906132,-1.2021320009188432,1.5168617489757383,0.1025891162968541,-0.010684955964216718,0.018193360511536343,-0.6983308925851475,1.220680331736868,0.07356374639461619,0.18865346886312623,0.8863195381431481,-0.2050016977420933,0.17898350781735717,0.41369818995709984,1.5666517103891866,1.9612661231977697,1.7271063395564914,-0.2467470641931995,-0.24999846826263578
-0.8252214806906132,-1.2021320009188432,1.6613247725587,0.3336884729054603,-0.010684955964216718,0.15762561767012248,-0.6983308925851475,1.1448526734797215,0.07356374639461619,0.1569324159083032,0.8019742683134905,-0.18342385957484975,-0.05136461422834007,0.41369818995709984,1.64631654501019,1.9328243679651032,1.862536978179358,-0.0002732591745447247,-0.002956532586513051
-0.8252214806906132,-1.0920541489066795,-1.6613247698494156,0.8409978419623916,-0.010684955964216718,-0.6991224441542135,-0.6983308925851475,1.1145214944730386,0.07356374639461619,0.13777242097388603,0.7372067558687773,-0.1360878127440895,-0.22778045798931257,0.41369818995709984,1.7029959323240678,1.8648020090615496,1.9425256977615477,-0.18154375395047234,-0.19008256602877444
-0.8252214806906132,-1.0920541489066795,-1.516861746266454,-0.7054689621240783,-0.010684955964216718,-0.6991224441542135,-0.6983308925851475,0.9628661779587454,-1.5414575128412795,0.13439636069968278,0.66454673942854,-0.1944706420506254,-0.4271481876582742,0.41369818995709984,1.5976068746029612,1.571066944260779,1.7339517914458293,-1.2740310493992413,-1.2860490588430924
-0.8252214806906132,-1.0920541489066795,-1.3723987226834924,-0.7054689621240783,-0.010684955964216718,-0.6991224441542135,-0.6983308925851475,0.9628661779587454,0.25301055297638236,0.1088969714283082,0.6225279599971257,-0.27789392472747615,-0.5249584548212758,0.41369818995709984,1.6130694959962657,1.5849522107143412,1.758775981452277,-1.2740310493992413,-1.2860490588430924
-0.8252214806906132,-1.0920541489066795,-1.2279356991005308,-0.5883197832896009,-0.010684955964216718,-0.6991224441542135,-0.6983308925851475,0.9628661779587454,0.3726417573642265,0.05356623997576309,0.5809269899518645,-0.3691392057064889,-0.613472424206837,0.41369818995709984,1.6333557410108583,1.626296924343383,1.8012074677454453,-1.2740310493992413,-1.2860490588430924
-0.8252214806906132,-1.0920541489066795,-1.0834726755175694,-0.6713398132673823,-0.010684955964216718,-0.6991224441542135,-0.6983308925851475,0.8718729301982574,0.3726417573642265,-0.02311588198446842,0.5321159849590693,-0.48362969938184597,-0.7090732799290922,0.41369818995709984,1.6784796661948584,1.7180405383940143,1.8856257503458087,-1.2651785689506794,-1.2771925376165374
-0.8252214806906132,-1.0920541489066795,-0.9390096519346078,-0.09767418985128586,-0.010684955964216718,-0.6991224441542135,-0.6983308925851475,0.7808796824377694,0.5520885639459927,-0.10256199860549006,0.4804120734226228,-0.6053523022110329,-0.8041098343611681,0.41369818995709984,1.721418844592108,1.8083152082014409,1.9628800165931983,-0.826763423675202,-0.8385773161398995
-0.8252214806906132,-1.0920541489066795,-0.7945466283516462,-0.7054689621240783,-0.010684955964216718,-0.6991224441542135,0.5065639683431371,0.8112108614444523,0.3726417573642265,-0.16248890801405866,0.438065821769629,-0.7102946046284871,-0.8574560107115164,0.41369818995709984,1.7582183391764479,1.8782002090583727,2.0010860811775433,-0.5134817421097062,-0.5251525695528212
-0.8252214806906132,-1.0920541489066795,-0.6500836047686848,-0.030209099572762608,-0.010684955964216718,-0.6991224441542135,-0.6983308925851475,0.9628661779587454,0.07356374639461619,-0.1504108132427066,0.48298385957657874,-0.40743255877206447,-0.7290728555210023,0.41369818995709984,1.7037791980706762,1.67413829559637,1.9029413542733091,-0.7868857095266212,-0.8073452648612423
-0.8252214806906132,-1.0920541489066795,-0.5056205811857232,-0.7054689621240783,-0.010684955964216718,-0.6991224441542135,-0.18724322858686074,1.1751835632268437,-0.16569866238107206,0.004782269352151418,0.6361173514335751,0.4038397705826751,-0.45212585650396486,0.41369818995709984,1.5682182418824033,1.216590991976418,1.7414452077884128,-0.9682486170610819,-0.9766877604780598
-0.8252214806906132,-1.0920541489066795,-0.3611575576027617,-0.7054689621240783,-0.010684955964216718,-0.6991224441542135,-0.6983308925851475,1.569487444015918,-1.003117093095981,0.3846810272730698,0.8357081416907641,1.1618592603630509,-0.20695413489054246,0.013222839644402795,1.3681254541639465,0.801267014798813,1.5631847689375735,-1.2740310493992413,-1.2860490588430924
-0.8252214806906132,-1.0920541489066795,-0.21669453401980013,-0.7054689621240783,-0.010684955964216718,-0.6991224441542135,-0.6983308925851475,1.8727980770445043,-2.199429136974422,0.7326379872638359,1.0256095652883317,1.5907760140368457,0.02245236702310232,-0.6809444177824693,1.0886858676390363,0.431678233692447,1.2200409981823637,-1.2740310493992413,-1.2860490588430924
-0.8252214806906132,-1.0920541489066795,-0.0722315104368386,-0.7054689621240783,-0.010684955964216718,-0.6991224441542135,-0.6983308925851475,2.1761087100730907,-2.5583227501379544,1.1326051391388599,1.2061307447113032,1.6303463236691866,0.22794859317040003,-1.1732103347862264,0.815896076999842,0.25297604628499826,0.9102923184790402,-1.2740310493992413,-1.2860490588430924
-0.8252214806906132,-1.0920541489066795,0.07223151314612293,-0.7054689621240783,-0.010684955964216718,-0.6991224441542135,-0.6983308925851475,1.7211427605302112,-0.46477667335068235,1.4495581328825393,1.2765168053370382,1.3728196456967965,0.2910706814705254,-0.9227772344503115,0.7910448839278439,0.4430771807818152,0.9705798847352924,-1.2740310493992413,-1.2860490588430924
-0.8252214806906132,-1.0920541489066795,0.21669453672908448,-0.7054689621240783,-0.010684955964216718,-0.6991224441542135,-0.6983308925851475,2.63107465961597,-2.8574007611075647,1.7876491303244202,1.4561953083967212,1.2791116627675934,0.6189414698730853,-0.9054631822120026,0.6083982186615703,0.4291213499299266,0.7392019638757201,-1.2740310493992413,-1.2860490588430924
-0.8252214806906132,-1.0920541489066795,0.361157560312046,-0.7054689621240783,-0.010684955964216718,-0.6991224441542135,-0.6983308925851475,2.600743480609287,-2.7975851589136425,1.9740776269283768,1.5752547509910961,1.2058034445909012,1.1933490356103333,-0.8112274253609272,0.49272728987977854,0.4297058727050859,0.4331295614248573,-1.2740310493992413,-1.2860490588430924
-0.8252214806906132,-1.0920541489066795,0.5056205838950075,-0.7054689621240783,-0.010684955964216718,-0.6991224441542135,-0.6983308925851475,2.3884260953411887,-2.378875943556188,2.008265672213547,1.6561418012394191,1.1440151136260024,1.881082219288409,-0.3289399901154332,0.42976295505013906,0.4628960956202386,0.14345716095669148,-1.2740310493992413,-1.2860490588430924
-0.8252214806906132,-1.0920541489066795,0.6500836074779691,-0.6907310268115846,-0.010684955964216718,-0.6991224441542135,-0.6983308925851475,2.1761087100730907,-1.9003511260048118,1.8036457828699515,1.6726325683286984,1.0327391748326693,2.5030613061227145,0.41369818995709984,0.42581091364596396,0.5353082915599072,-0.07988795107731124,-1.2740310493992413,-1.2860490588430924
-0.8252214806906132,-1.0920541489066795,0.7945466310609306,-0.6906676855432884,-0.010684955964216718,-0.6991224441542135,-0.6983308925851475,1.9637913248049923,-1.3620107062595133,1.447309209830851,1.6622755535621498,0.8920156628758461,2.917083209474394,0.41369818995709984,0.4403942311635318,0.62442101528392,-0.21105350996628955,-1.2740310493992413,-1.2860490588430924
-0.8252214806906132,-1.0920541489066795,0.9390096546438922,-0.7054689621240783,-0.010684955964216718,-0.6808579649270898,-0.6983308925851475,1.7211427605302112,-0.7040390821263706,1.0351081038534091,1.5428801696370167,0.5565127999980541,2.314105899516823,0.41369818995709984,0.5516782926399199,0.8468580701783491,0.06076454422294823,-1.2740310493992413,-1.2860490588430924
-0.8252214806906132,-1.0920541489066795,1.0834726782268538,-0.7054689621240783,-0.010684955964216718,-0.681808044278028,-0.6983308925851475,1.7211427605302112,-1.3021951040655912,0.7361291024948774,1.390242826426077,0.2876640011179355,1.6945273990031458,0.41369818995709984,0.6577608518261382,0.977560116436577,0.31001219780833167,-1.2740310493992413,-1.2860490588430924
-0.8252214806906132,-1.0920541489066795,1.2279357018098151,-0.7054689621240783,-0.010684955964216718,-0.539929721678867,-0.6983308925851475,1.7211427605302112,-1.4816419106473573,0.5398252784036883,1.263287351040687,0.1119989339730542,1.1749274912637684,0.41369818995709984,0.7461960428323016,1.061584243472757,0.5350196962372664,-1.1835227036073177,-1.1931821945291998
-0.8252214806906132,-1.0920541489066795,1.3723987253927767,-0.40046536112498826,-0.010684955964216718,-0.3417234634389812,-0.6983308925851475,1.6301495127697232,-1.182563899677747,0.37728205705453166,1.154823469788063,-0.017848283701152996,0.7718763428611308,0.41369818995709984,0.8303954214798808,1.1481146974616807,0.7430139019133754,-0.8329638314949888,-0.8379961539360241
-0.8252214806906132,-1.0920541489066795,1.5168617489757383,-0.11585727007595797,-0.010684955964216718,-0.14801319991369524,-0.6983308925851475,1.5391562650092352,-0.8236702865142147,0.2838955607793798,1.0579763832923308,-0.07306685214264691,0.4545553892773457,0.41369818995709984,0.9216596351641824,1.2243449006485896,0.9474547052015689,-0.5053853314022846,-0.5098314024102317
-0.8252214806906132,-1.0920541489066795,1.6613247725587,0.12932844678129396,-0.010684955964216718,0.009313424724419752,-0.6983308925851475,1.4481633065083077,-0.5245922755446044,0.2141776083287044,0.972143373283601,-0.09219988961998193,0.20695876524015153,0.41369818995709984,1.0346448745560322,1.3313872204729142,1.1735219180707614,-0.23119543926415106,-0.2342461807050781
-0.8252214806906132,-0.9819762968945157,-1.6613247698494156,0.350626677361727,-0.010684955964216718,0.15000507652258974,-0.6983308925851475,1.2661768109873317,-0.22551426457499413,0.18555835673934212,0.8829841206449056,-0.08524908598486544,-0.0061626554582459294,0.41369818995709984,1.13299998387491,1.3763191011071108,1.3436002345481093,0.00830125873845551,0.005761259055612839
-0.8252214806906132,-0.9819762968945157,-1.516861746266454,-0.7054689621240783,-0.010684955964216718,-0.6991224441542135,-0.6983308925851475,1.1145214944730386,0.07356374639461619,0.15786623404636296,0.7965850918393941,-0.08802207644660617,-0.23585508120539908,0.41369818995709984,1.2365773474415078,1.431436780531403,1.5354900313900923,-1.2740310493992413,-1.2860490588430924
-0.8252214806906132,-0.9819762968945157,-1.3723987226834924,-0.6825788425717542,-0.010684955964216718,-0.6991224441542135,-0.6983308925851475,1.1145214944730386,0.07356374639461619,0.08109246947516141,0.7392873336903639,-0.12984623999251688,-0.370684519187738,0.41369818995709984,1.3107313308237427,1.4948027496868717,1.6594198427441489,-1.2740310493992413,-1.2860490588430924
-0.8252214806906132,-0.9819762968945157,-1.2279356991005308,-0.6898849385072889,-0.010684955964216718,-0.6991224441542135,-0.6983308925851475,1.038693836215892,0.1931949507824603,-0.010150124842625466,0.6732882716192365,-0.24410657460710852,-0.5072571702195311,0.41369818995709984,1.39522413249901,1.5979162675531697,1.7826431778047003,-1.2740310493992413,-1.2860490588430924
-0.8252214806906132,-0.9819762968945157,-1.0834726755175694,-0.689938696799963,-0.010684955964216718,-0.6991224441542135,-0.6983308925851475,0.947700588455404,0.25301055297638236,-0.10573871947772925,0.6083824303912699,-0.36795431276402973,-0.6290271838414808,0.41369818995709984,1.4656726849493538,1.6862095406880837,1.8750845172572568,-1.2740310493992413,-1.2860490588430924
-0.8252214806906132,-0.9819762968945157,-0.9390096519346078,-0.46220467322729175,-0.010684955964216718,-0.6991224441542135,-0.6983308925851475,0.8718729301982574,0.3726417573642265,-0.19476650587637864,0.5461450643137169,-0.5025845766973293,-0.7378627075640174,0.41369818995709984,1.5288696347450224,1.7722572309274833,1.9492549928124443,-1.1056140172697124,-1.1166360758580482
-0.8252214806906132,-0.9819762968945157,-0.7945466283516462,-0.25958751803119956,-0.010684955964216718,-0.6991224441542135,-0.12909965483688485,0.8112108614444523,0.3726417573642265,-0.26240142846894643,0.4864639576899587,-0.6315529277357987,-0.8509569032818294,0.41369818995709984,1.5826442306055202,1.8423470406478497,2.0130567368525862,-0.5817088644154264,-0.589351911289869
-0.8252214806906132,-0.9819762968945157,-0.6500836047686848,-0.7054689621240783,-0.010684955964216718,-0.6991224441542135,-0.6983308925851475,1.2661768109873317,-0.5245922755446044,-0.20227986212758745,0.549439547784262,-0.3062623076282662,-0.7335520494171949,0.41369818995709984,1.5208255968741236,1.6195347896842716,1.9149098428431572,-1.2740310493992413,-1.2860490588430924
-0.8252214806906132,-0.9819762968945157,-0.5056205811857232,-0.7054689621240783,-0.010684955964216718,-0.6991224441542135,-0.6983308925851475,1.5391562650092352,-0.7638546843202927,-0.036808759696562804,0.7043967211510888,0.504345117773151,-0.5494665713304131,0.41369818995709984,1.397318149796936,1.17072714495945,1.816034801488275,-1.2740310493992413,-1.2860490588430924
-0.8252214806906132,-0.9819762968945157,-0.3611575576027617,-0.7054689621240783,-0.010684955964216718,-0.6991224441542135,-0.6983308925851475,1.857632487541163,-1.2423795018716692,0.2685410754348065,0.8919387920832681,1.2156499901868332,-0.3369698229368946,0.4094875491026047,1.2491766812965328,0.8181908530876162,1.6980896678401813,-1.2740310493992413,-1.2860490588430924
-0.8252214806906132,-0.9819762968945157,-0.21669453401980013,-0.7054689621240783,-0.010684955964216718,-0.6991224441542135,-0.6983308925851475,2.191274299576432,-1.7209043194230456,0.6751774012614467,1.0869350906109696,1.6713427670373076,-0.11370607176894552,-0.16750479191940307,1.088973016819093,0.6024765630812811,1.5595986432612166,-1.2740310493992413,-1.2860490588430924
-0.8252214806906132,-0.9819762968945157,-0.0722315104368386,-0.7054689621240783,-0.010684955964216718,-0.6991224441542135,-0.6983308925851475,2.5097505221083596,-2.079797932586578,1.0873229865329725,1.3336656483163414,1.748809192245162,0.17268815256228162,-0.3638336726620621,0.8979329086292128,0.5724671164748254,1.393286755612433,-1.2740310493992413,-1.2860490588430924
-0.8252214806906132,-0.9819762968945157,0.07223151314612293,-0.7054689621240783,-0.010684955964216718,-0.6991224441542135,-0.6983308925851475,2.5552470013588233,-2.199429136974422,1.4427886203057736,1.5322761391860868,1.6399371369753795,0.4167346255406066,-0.4682725411808375,0.7427806567024509,0.6125687779894504,1.2398808462407687,-1.2740310493992413,-1.2860490588430924
-0.8252214806906132,-0.9819762968945157,0.21669453672908448,-0.7054689621240783,-0.010684955964216718,-0.6991224441542135,-0.6983308925851475,2.6159090701126284,-2.3190603413622664,1.653068945956147,1.7257127101066967,1.5645711263072508,0.7477346448717682,-0.30209554599028976,0.5834172052039668,0.6197370882096589,1.025447087478308,-1.2740310493992413,-1.2860490588430924
-0.8252214806906132,-0.9819762968945157,0.361157560312046,-0.7054689621240783,-0.010684955964216718,-0.6991224441542135,-0.6983308925851475,2.661405838622653,-2.4386915457501104,1.717602067183254,1.8622665092280364,1.500846049468059,1.1230687896367157,0.016435515328327127,0.47129534376694276,0.6235383148987604,0.8027640260813169,-1.2740310493992413,-1.2860490588430924
-0.8252214806906132,-0.9819762968945157,0.5056205838950075,-0.7054689621240783,-0.010684955964216718,-0.6991224441542135,-0.6983308925851475,2.5704125908621647,-2.1396135347805,1.7088853163544164,1.9160622907316411,1.4186826745386578,1.546378605902683,0.41369818995709984,0.4450412218438105,0.6830187243037132,0.6176863077086719,-1.2740310493992413,-1.2860490588430924
-0.8252214806906132,-0.9819762968945157,0.6500836074779691,-0.6906890436510156,-0.010684955964216718,-0.6991224441542135,-0.6983308925851475,2.479419343101677,-2.1396135347805,1.544987523565739,1.9071746664076108,1.288158618737607,1.9315448412005307,0.41369818995709984,0.4470840831533566,0.7360870242814957,0.4319044968582362,-1.2740310493992413,-1.2860490588430924
-0.8252214806906132,-0.9819762968945157,0.7945466310609306,-0.6906599751514648,-0.010684955964216718,-0.6991224441542135,-0.6983308925851475,1.8424668980378214,-0.6442234799324486,1.1839350351446032,1.7939631437011827,1.0351592547345698,2.0369920417230456,0.41369818995709984,0.5848587423482177,0.9635939590873724,0.47661382742166003,-1.2740310493992413,-1.2860490588430924
-0.8252214806906132,-0.9819762968945157,0.9390096546438922,-0.6906333693238709,-0.010684955964216718,-0.6991224441542135,-0.6983308925851475,1.569487444015918,0.07356374639461619,0.8029004439869902,1.5898286763695786,0.7056064297980474,1.3884891172776845,0.41369818995709984,0.7820337083143676,1.2166439152751627,0.8567375146419963,-1.2740310493992413,-1.2860490588430924
-0.8252214806906132,-0.9819762968945157,1.0834726782268538,-0.6906892973468745,-0.010684955964216718,-0.6991224441542135,-0.6983308925851475,1.569487444015918,0.07356374639461619,0.5294308657623481,1.3927179235835754,0.4079672897390688,0.9520083579713968,0.41369818995709984,1.027306885845508,1.531125773725274,1.2230073317730077,-1.2740310493992413,-1.2860490588430924
-0.8252214806906132,-0.9819762968945157,1.2279357018098151,-0.6905873774884035,-0.010684955964216718,-0.6991224441542135,-0.6983308925851475,1.5391562650092352,0.013748144200694123,0.3666729197553711,1.2305401288827411,0.16234068764921802,0.5812808570225635,0.41369818995709984,1.1862060726192618,1.7174854891632778,1.4722261628593,-1.2740310493992413,-1.2860490588430924
-0.8252214806906132,-0.9819762968945157,1.3723987253927767,-0.10506907933745169,-0.010684955964216718,-0.6991224441542135,-0.6983308925851475,1.47849419625543,0.013748144200694123,0.2240281856217333,1.0998194287082854,-0.03808864199305956,0.28900716664863657,0.41369818995709984,1.3333910206576949,1.890686665396335,1.6955844942349911,-0.8445568061662508,-0.8492692663552249
-0.8252214806906132,-0.9819762968945157,1.5168617489757383,0.24974899587274485,-0.010684955964216718,-0.6991224441542135,-0.6983308925851475,1.4178321275016248,-0.22551426457499413,0.1509723015744116,0.9868697426273014,-0.20866293169019548,0.057206786304885175,0.41369818995709984,1.436804298978546,2.008481020280251,1.8501459040965236,-0.5881690720185156,-0.5907232901669027
-0.8252214806906132,-0.9819762968945157,1.6613247725587,0.07495830136734759,-0.010684955964216718,0.3014115687759821,-0.6983308925851475,1.3268388797411368,0.013748144200694123,0.13882597653795778,0.8978982219087357,-0.32450454429634235,-0.1801628201449147,0.41369818995709984,1.5413792043185508,2.1055948432059375,2.027488357186845,-0.0704412519209835,-0.07769117455920797
-0.8252214806906132,-0.8718984448823519,-1.6613247698494156,1.4473660417729284,-0.010684955964216718,-0.6991224441542135,-0.6983308925851475,1.1145214944730386,0.3726417573642265,0.11837161333910962,0.8124597312359173,-0.3512788625910902,-0.352075992392867,0.41369818995709984,1.6472301137460679,2.130424045460881,2.1528276537596005,0.2685840095230539,0.2789958089924604
-0.8252214806906132,-0.8718984448823519,-1.516861746266454,-0.7054689621240783,-0.010684955964216718,-0.6991224441542135,-0.6399631340201634,1.1145214944730386,0.7315353705277589,0.14244552520919093,0.7401356561264384,-0.3867770617298143,-0.5159841357889006,0.41369818995709984,1.7715290308321512,2.212216788535356,2.3280493777062894,-1.2740310493992413,-1.2860490588430924
-0.8252214806906132,-0.8718984448823519,-1.3723987226834924,-0.7054689621240783,-0.010684955964216718,-0.6991224441542135,-0.6983308925851475,1.0841903154663557,0.1931949507824603,0.10873442285556571,0.6789781014691797,-0.45626463949780016,-0.5745180269718477,0.41369818995709984,1.844143991130015,2.2329424989193427,2.342044976475355,-1.2740310493992413,-1.2860490588430924
-0.8252214806906132,-0.8718984448823519,-1.2279356991005308,-0.7054689621240783,-0.010684955964216718,-0.6991224441542135,-0.6983308925851475,0.9628661779587454,0.7315353705277589,0.0190343676684134,0.6203295204061343,-0.5488635967305,-0.6535361388369334,0.41369818995709984,1.9129550693485398,2.2806035867400207,2.3819652212687874,-1.2740310493992413,-1.2860490588430924
-0.8252214806906132,-0.8718984448823519,-1.0834726755175694,-0.7054689621240783,-0.010684955964216718,-0.6991224441542135,-0.6983308925851475,0.9628661779587454,0.7315353705277589,-0.0740785386221637,0.5692607920580962,-0.636690589436663,-0.7269867015686011,0.41369818995709984,1.9834658776715344,2.3523404727822936,2.4456867824167214,-1.2740310493992413,-1.2860490588430924
-0.8252214806906132,-0.8718984448823519,-0.9390096519346078,-0.7054689621240783,-0.010684955964216718,-0.6991224441542135,-0.6983308925851475,0.9325349989520626,0.7913509727216809,-0.1268981287492959,0.5300756354060817,-0.7082427792238115,-0.7858828188397466,0.41369818995709984,2.0365030551334997,2.409782474644135,2.4956636955771487,-1.2740310493992413,-1.2860490588430924
-0.8252214806906132,-0.8718984448823519,-0.7945466283516462,-0.7054689621240783,-0.010684955964216718,-0.6991224441542135,-0.6983308925851475,0.8112108614444523,0.7315353705277589,-0.19454843659771998,0.4799032211127978,-0.7965377620201975,-0.8607152070189856,0.41369818995709984,2.091082633905484,2.4469875536616144,2.5244640901950173,-1.2740310493992413,-1.2860490588430924
-0.8252214806906132,-0.8718984448823519,-0.6500836047686848,0.3589055161054584,-0.010684955964216718,-0.6991224441542135,0.4229809729261886,0.8112108614444523,0.5520885639459927,-0.24186612544581085,0.44951535162024014,-0.8604742442189071,-0.8910357106656007,0.41369818995709984,2.099656570599412,2.417837572821357,2.470175504539014,0.3172607593602967,0.30596921428989465
-0.8252214806906132,-0.8718984448823519,-0.5056205811857232,-0.7054689621240783,-0.010684955964216718,-0.6991224441542135,-0.6983308925851475,0.8415420404511351,0.25301055297638236,-0.2328175882298118,0.4595159580421818,-0.8731116815368617,-0.8178434017190372,0.41369818995709984,2.044729517189376,2.324968370563279,2.313004466601902,-1.2740310493992413,-1.2860490588430924
-0.8252214806906132,-0.8718984448823519,-0.3611575576027617,0.6068383918868343,-0.010684955964216718,-0.6991224441542135,0.4879789528515417,0.9628661779587454,0.07356374639461619,-0.14905022148567681,0.5290727517274947,-0.8029080533576056,-0.6227234437232526,0.41369818995709984,1.9401232426112136,2.196734787434303,2.09567805582542,0.4743456179088429,0.4743010409158476
-0.8252214806906132,-0.8718984448823519,-0.21669453401980013,-0.7054689621240783,-0.010684955964216718,-0.6991224441542135,-0.6983308925851475,0.6595555449301591,1.0904289836912913,-0.06387209367193722,0.601370713750339,-0.7403508206415571,-0.46787095253217587,0.41369818995709984,1.8592827854648017,2.1361569725541614,1.9723311957687653,-1.2740310493992413,-1.2860490588430924
-0.8252214806906132,-0.8718984448823519,-0.0722315104368386,0.8208548504982307,-0.010684955964216718,-0.6991224441542135,0.5972019204934426,0.7808796824377694,0.31282615517030443,0.06519080416143852,0.6697255996913635,-0.6686861086469233,-0.2580011817644101,0.41369818995709984,1.75557946234191,2.0234716522173497,1.7715528002597858,0.6824844415645382,0.681549271388015
-0.8252214806906132,-0.8718984448823519,0.07223151314612293,-0.7054689621240783,-0.010684955964216718,-0.6991224441542135,-0.6983308925851475,0.6595555449301591,0.7315353705277589,0.134972304408042,0.7265519107627749,-0.6289308193250043,-0.10943985339683254,0.41369818995709984,1.6687523067440644,1.94244005804921,1.6252159880335628,-1.2740310493992413,-1.2860490588430924
-0.8252214806906132,-0.8718984448823519,0.21669453672908448,0.7276042140341377,-0.010684955964216718,0.9819136524939769,-0.6983308925851475,0.7960452719411109,0.1931949507824603,0.20700874802384286,0.7877179345292123,-0.5317815322168749,-0.03185974556244143,0.41369818995709984,1.5781608425673241,1.8254967786524232,1.526914796134264,0.8870678829094718,0.8760362146340374
-0.8252214806906132,-0.8718984448823519,0.361157560312046,1.2571172689275454,-0.010684955964216718,-0.6991224441542135,-0.6983308925851475,0.9325349989520626,-0.16569866238107206,0.34830426211130117,0.8597561772039075,-0.2993285528124656,0.06288082320034284,0.41369818995709984,1.477161065169941,1.6256467852831948,1.4190870097986192,0.1113960951103534,0.11262553927358504
-0.8252214806906132,-0.8718984448823519,0.5056205838950075,-0.7054689621240783,-0.010684955964216718,-0.18729378284306725,-0.15627805474164008,0.9628661779587454,-0.22551426457499413,0.409225861757187,0.8830264661907995,-0.11388087314408704,0.0716245584960178,0.41369818995709984,1.401469989117991,1.441863100654818,1.344050992428628,-0.6315534307045484,-0.6704629450939774
-0.8252214806906132,-0.8718984448823519,0.6500836074779691,-0.6336098932078422,-0.010684955964216718,-0.6991224441542135,-0.6983308925851475,0.9628661779587454,-0.22551426457499413,0.398874929186745,0.8620491885140619,-0.09655330563231208,0.03812535322819979,0.41369818995709984,1.385680645044185,1.3897018113579598,1.3222741857471099,-1.2420244603262272,-1.2540278602399773
-0.8252214806906132,-0.8718984448823519,0.7945466310609306,0.45546158815335264,-0.010684955964216718,-0.6991224441542135,-0.6983308925851475,0.8718729301982574,-0.16569866238107206,0.31999204671489695,0.7901281018496732,-0.1719517090571409,-0.07637414555401106,0.41369818995709984,1.3941850868105026,1.371366685102633,1.3276273689993077,-0.42781729757371817,-0.4394490992941136
-0.8252214806906132,-0.8718984448823519,0.9390096546438922,-0.06551459267671861,-0.010684955964216718,0.17928313748226976,0.16423113561966274,0.8112108614444523,0.07356374639461619,0.182682651742552,0.6582407818858408,-0.35755112321743154,-0.277972248821601,0.41369818995709984,1.4676315732213707,1.440108026381815,1.407196970436823,0.30021882962891944,0.2887797220790159
-0.8252214806906132,-0.8718984448823519,1.0834726782268538,0.7855435265944227,-0.010684955964216718,-0.6991224441542135,-0.6983308925851475,0.8112108614444523,-0.22551426457499413,0.12845564516665348,0.5762908584355811,-0.41751011586972786,-0.3458745476051021,0.41369818995709984,1.5079424920646898,1.4346564963403958,1.4070829807035765,-0.2170901066330022,-0.22862563270955535
-0.8252214806906132,-0.8718984448823519,1.2279357018098151,-0.7054689621240783,-0.010684955964216718,0.8780023998757005,0.8624746031234155,0.7808796824377694,-0.10588306018714999,0.09249561976133985,0.508204866710983,-0.4263729445911292,-0.37565590455099623,0.41369818995709984,1.5096036138760427,1.3779924239430286,1.3630651734078136,0.6837238120880355,0.6725994246746194
-0.8252214806906132,-0.8718984448823519,1.3723987253927767,1.3669765350993466,-0.010684955964216718,-0.6991224441542135,-0.6983308925851475,0.8112108614444523,-0.22551426457499413,0.06505434363123494,0.4639417733471921,-0.33576187969067006,-0.3144925202833504,0.41369818995709984,1.4922385688394049,1.2704535717060914,1.2717303578677228,0.18925070524587806,0.17790063299665163
-0.8252214806906132,-0.8718984448823519,1.5168617489757383,-0.7054689621240783,-0.010684955964216718,0.9566368315773449,0.9458232473265453,0.8112108614444523,-0.22551426457499413,0.062396038988935816,0.4313102956813562,-0.2616455474784014,-0.24643510153152362,0.41369818995709984,1.481571580054879,1.1928254189450256,1.1965560791863032,0.7422989651708944,0.7312014751495565
-0.8252214806906132,-0.8718984448823519,1.6613247725587,1.3011249168444892,-0.010684955964216718,-0.6991224441542135,-0.6983308925851475,0.8112108614444523,-0.2853298667689162,0.05972368693911574,0.4074245847608062,-0.168989476700993,-0.15778026644499643,0.41369818995709984,1.4605648077699926,1.1063762861224655,1.1110798158298378,0.117357044304304,0.10597411351774604
-0.8252214806906132,-0.7618205928701882,-1.6613247698494156,-0.7054689621240783,-0.010684955964216718,0.8298161803004039,0.8224655266661978,0.8112108614444523,-0.22551426457499413,0.07751506302649112,0.3902104145958394,-0.11172504994158403,-0.10422195305688381,0.41369818995709984,1.4376068688717127,1.0482105689070593,1.0541382599943587,0.5651525050635685,0.5539738967672191
-0.8252214806906132,-0.7618205928701882,-1.516861746266454,-0.7054689621240783,-0.010684955964216718,-0.6991224441542135,-0.6983308925851475,0.8112108614444523,-0.22551426457499413,0.053237129285272106,0.37705788804119544,-0.03552364712697352,-0.031592268427869094,0.41369818995709984,1.413328526348836,0.9864576846864985,0.9932989487555102,-1.2740310493992413,-1.2860490588430924
-0.8252214806906132,-0.7618205928701882,-1.3723987226834924,-0.5131695418230477,-0.010684955964216718,-0.6991224441542135,-0.6983308925851475,0.7202176136839643,-0.10588306018714999,-0.00318929995390763,0.3601613094704329,-0.057591638849550895,-0.054807439038854204,0.41369818995709984,1.3879440562281613,0.974097297669936,0.981691499911116,-1.2740310493992413,-1.2860490588430924
-0.8252214806906132,-0.7618205928701882,-1.2279356991005308,-0.6768623263968377,-0.010684955964216718,-0.6991224441542135,-0.6983308925851475,0.6595555449301591,0.07356374639461619,-0.07310458503404405,0.3376934685782301,-0.15346482183188073,-0.15026826754645864,0.41369818995709984,1.3757573485058228,1.0083494287257535,1.0168064056455965,-1.2740310493992413,-1.2860490588430924
-0.8252214806906132,-0.7618205928701882,-1.0834726755175694,-0.16712677553782854,-0.010684955964216718,-0.6991224441542135,-0.6983308925851475,0.8112108614444523,-0.5245922755446044,-0.13807852728764206,0.3267647889421139,-0.28055268809979994,-0.276165310812186,0.41369818995709984,1.3375090777222725,1.0350752643210734,1.0442064168865848,-0.8831435768566964,-0.8949831677090943
-0.8252214806906132,-0.7618205928701882,-0.9390096519346078,-0.7054689621240783,-0.010684955964216718,-0.6991224441542135,-0.6983308925851475,0.7505487926906471,-1.003117093095981,-0.20086241181630615,0.3062243761471816,-0.43528691977047834,-0.4290968298549705,0.41369818995709984,1.2647010759588242,1.0011600352401915,1.0104628553193744,-1.2740310493992413,-1.2860490588430924
-0.8252214806906132,-0.7618205928701882,-0.7945466283516462,0.40669071498499054,-0.010684955964216718,-0.6991224441542135,-0.6983308925851475,0.8112108614444523,-1.3021951040655912,-0.23823788076039804,0.29747649212460103,-0.5518283864095453,-0.5441497296052621,0.41369818995709984,1.1997247664541322,0.9650155735512121,0.9742951698812595,-0.45079749520841994,-0.4624397121553111
-0.8252214806906132,-0.7618205928701882,-0.6500836047686848,-0.7054689621240783,-0.010684955964216718,-0.6991224441542135,0.6319203820479948,0.9325349989520626,-1.3620107062595133,-0.19805560600878547,0.36116419314902,-0.3484351195291882,-0.5670194438543543,0.41369818995709984,1.0600824310797428,0.7539101283782362,0.8773809253066335,-0.4701246549754976,-0.4665745442055718
-0.8252214806906132,-0.7618205928701882,-0.5056205811857232,-0.7054689621240783,-0.010684955964216718,-0.6991224441542135,-0.6983308925851475,1.0538594257192335,-1.5414575128412795,-0.03764491490614355,0.5202013598627235,0.4196730090814063,-0.37489958989461925,0.41369818995709984,0.8798328582123626,0.343542009370881,0.7219648091562715,-1.2740310493992413,-1.2860490588430924
-0.8252214806906132,-0.7618205928701882,-0.3611575576027617,-0.7054689621240783,-0.010684955964216718,-0.6991224441542135,-0.6983308925851475,1.1145214944730386,-1.4816419106473573,0.23116426864237927,0.6877655080012612,1.0314400548007934,-0.2342586032611178,0.1533778637636304,0.717790473775232,0.06918182002394457,0.6284080606599509,-1.2740310493992413,-1.2860490588430924
-0.8252214806906132,-0.7618205928701882,-0.21669453401980013,-0.7054689621240783,-0.010684955964216718,-0.6991224441542135,-0.6983308925851475,1.008362657209209,-0.9433014909020588,0.5740166683096968,0.8335922759142659,1.3890697278278028,-0.08715456410948605,-0.3466003467974571,0.5999188722857789,-0.04933366858920733,0.5800408732382221,-1.2740310493992413,-1.2860490588430924
-0.8252214806906132,-0.7618205928701882,-0.0722315104368386,-0.7054689621240783,-0.010684955964216718,-0.6991224441542135,-0.6983308925851475,0.9022041092049403,-0.46477667335068235,0.8223260018159703,0.9348016593961674,1.2252390986110944,-0.010529492188191769,-0.5643135269395222,0.5294539113108604,0.05029099913179907,0.5871320748566505,-1.2740310493992413,-1.2860490588430924
-0.8252214806906132,-0.7618205928701882,0.07223151314612293,-0.7054689621240783,-0.010684955964216718,-0.6991224441542135,-0.6983308925851475,1.1145214944730386,-1.3021951040655912,1.11824935757661,1.1112195554220206,1.0080439600535027,0.14222594472838526,-0.7863707219448105,0.3554839773189383,0.11253697359920023,0.4873533506355363,-1.2740310493992413,-1.2860490588430924
-0.8252214806906132,-0.7618205928701882,0.21669453672908448,-0.7054689621240783,-0.010684955964216718,-0.6991224441542135,-0.6983308925851475,1.1448526734797215,-1.3021951040655912,1.3360176203598206,1.233876252140082,0.848940115992144,0.36973914454214185,-0.7958168776156063,0.22601734019916267,0.15069359631727947,0.3547637869230541,-1.2740310493992413,-1.2860490588430924
-0.8252214806906132,-0.7618205928701882,0.361157560312046,-0.6897172287249107,-0.010684955964216718,-0.6991224441542135,-0.6983308925851475,1.1751835632268437,-1.5414575128412795,1.5433152131465775,1.3267964950132534,0.7618922543287204,0.8152562708681351,-0.7616614319067618,0.11050036198617436,0.1408436238253153,0.11683232324388355,-1.2740310493992413,-1.2860490588430924
-0.8252214806906132,-0.7618205928701882,0.5056205838950075,-0.7054689621240783,-0.010684955964216718,-0.6991224441542135,-0.6983308925851475,1.1145214944730386,-1.4816419106473573,1.4622817394756877,1.357446201131255,0.6476677222346923,1.322974827520083,-0.1898940761740498,0.0573529095869938,0.1579866850467233,-0.11143103402972047,-1.2740310493992413,-1.2860490588430924
-0.8252214806906132,-0.7618205928701882,0.6500836074779691,-0.7054689621240783,-0.010684955964216718,-0.6991224441542135,-0.6983308925851475,1.1145214944730386,-1.7209043194230456,1.234066887966059,1.3469621497270248,0.5299490346218583,1.6564156805150068,0.41369818995709984,0.0166508404740347,0.14753842111651183,-0.28532410578147693,-1.2740310493992413,-1.2860490588430924
-0.8252214806906132,-0.7618205928701882,0.7945466310609306,-0.18287495859660538,-0.010684955964216718,-0.075058500334631,-0.6983308925851475,0.9628661779587454,-1.4816419106473573,0.8603670503068884,1.2643036441421405,0.2972079301710094,1.699088764558235,0.41369818995709984,0.0008392966316865577,0.17352526674765364,-0.3595554769926384,-0.5091893978638395,-0.5086035083576189
-0.8252214806906132,-0.7618205928701882,0.9390096546438922,0.3332447041844153,-0.010684955964216718,0.26622903771363415,-0.6983308925851475,0.8112108614444523,-0.8236702865142147,0.5206519049859178,1.0969942750380646,0.0691356448898358,1.0320586464905845,0.41369818995709984,0.10822995304907071,0.2954095599747985,-0.09691164593507198,0.0756888132705241,0.08048463124559709
-0.8252214806906132,-0.7618205928701882,1.0834726782268538,0.8001754254476844,-0.010684955964216718,0.5753833543648287,-0.6983308925851475,0.8112108614444523,-0.8236702865142147,0.3470426711310857,0.9228044604853286,-0.011680873313604815,0.5551720701375685,0.41369818995709984,0.2132346169518326,0.3371393658995837,0.09773189147794484,0.5816225422527306,0.5883450947936492
-0.8252214806906132,-0.7618205928701882,1.2279357018098151,-0.7054689621240783,-0.010684955964216718,1.1285500338178145,-0.6983308925851475,0.7808796824377694,-0.7638546843202927,0.2993804863366476,0.7917492304983111,0.17016268595138004,0.18340484615779581,0.41369818995709984,0.29763572393094745,0.26344066050262677,0.25974554268335964,-0.2760843235617147,-0.260098857338221
-0.8252214806906132,-0.7618205928701882,1.3723987253927767,2.243007745875139,-0.010684955964216718,-0.6991224441542135,-0.6983308925851475,0.8112108614444523,-0.8236702865142147,0.21572750562518328,0.7026125621507593,0.32364809160716446,-0.10520130507312359,0.41369818995709984,0.34611229676848326,0.20693170070036063,0.3971480303229758,0.8235618892485973,0.8005532590893537
-0.8252214806906132,-0.7618205928701882,1.5168617489757383,-0.7054689621240783,-0.010684955964216718,0.6136579772991404,1.2937057809100019,0.7657143821939886,-0.5245922755446044,0.23697186826604333,0.6277470485285483,0.3570757116399653,-0.3194622286739781,0.41369818995709984,0.40115614026519786,0.2162569580474542,0.5223068070330041,0.7144474203435099,0.7061026445271875
-0.8252214806906132,-0.7618205928701882,1.6613247725587,-0.7054689621240783,-0.010684955964216718,-0.6991224441542135,-0.6983308925851475,0.7202176136839643,-0.2853298667689162,0.21757574310044056,0.5797963638764975,0.3671848090533632,-0.329305219528977,0.41369818995709984,0.4429250047773423,0.23954987869127758,0.5573846552686536,-1.2740310493992413,-1.2860490588430924
-0.8252214806906132,-0.6517427408580244,-1.6613247698494156,1.1208477087921844,-0.010684955964216718,-0.6991224441542135,0.9246916013370207,0.6595555449301591,-0.22551426457499413,0.17740350221134296,0.5372779070035352,0.2987235702081981,-0.23862879393632472,0.41369818995709984,0.47769804657671083,0.29831388734493103,0.546223846804908,0.8539774999781888,0.8429309205637261
-0.8252214806906132,-0.6517427408580244,-1.516861746266454,-0.7054689621240783,-0.010684955964216718,-0.6991224441542135,-0.6983308925851475,0.6747211344335006,-0.22551426457499413,0.1509682880294056,0.494878723418174,0.14270215267916483,-0.09420874947988435,0.41369818995709984,0.5159279784210307,0.3937113603625497,0.5064214925340724,-1.2740310493992413,-1.2860490588430924
-0.8252214806906132,-0.6517427408580244,-1.3723987226834924,-0.7054689621240783,-0.010684955964216718,-0.6991224441542135,-0.6983308925851475,0.689886723936842,-0.2853298667689162,0.10637713408871566,0.4665551992879437,-0.03741606607104497,-0.1091916614475115,0.41369818995709984,0.5376707212934573,0.4922145274479635,0.5311696171481826,-1.2740310493992413,-1.2860490588430924
-0.8252214806906132,-0.6517427408580244,-1.2279356991005308,-0.7054689621240783,-0.010684955964216718,-0.6991224441542135,-0.6983308925851475,0.8112108614444523,-0.8236702865142147,0.04268551946453069,0.44896627104181597,-0.18026386091463673,-0.1860909183939003,0.41369818995709984,0.5407661411941019,0.5539297629803931,0.5633788682374736,-1.2740310493992413,-1.2860490588430924
-0.8252214806906132,-0.6517427408580244,-1.0834726755175694,-0.7054689621240783,-0.010684955964216718,-0.6991224441542135,-0.6983308925851475,0.6595555449301591,0.07356374639461619,-0.05625572309890808,0.39479502569795183,-0.3740552327562457,-0.3397586284214952,0.41369818995709984,0.5966796364932738,0.6883635472062001,0.6805291077001143,-1.2740310493992413,-1.2860490588430924
-0.8252214806906132,-0.6517427408580244,-0.9390096519346078,0.5406577371110971,-0.010684955964216718,-0.6991224441542135,0.3942574376145801,0.5685622971696711,0.4922729617520706,-0.19015761836116954,0.35127227362820596,-0.5342868562153551,-0.48394557368228946,0.41369818995709984,0.6585460479874025,0.8342924440276307,0.8199387681711553,0.34552740780818736,0.30827275787595615
-0.8252214806906132,-0.6517427408580244,-0.7945466283516462,-0.7054689621240783,-0.010684955964216718,-0.6991224441542135,0.4055727442989749,0.507900228415866,1.0904289836912913,-0.21687177392102303,0.3194284231159965,-0.6488140048522415,-0.44938819868459595,0.41369818995709984,0.7235706178584906,0.9712983866265713,0.8787340657902674,-0.6259221252682092,-0.6376443133147977
-0.8252214806906132,-0.6517427408580244,-0.6500836047686848,1.7078967643053438,-0.010684955964216718,-0.6991224441542135,-0.6983308925851475,0.507900228415866,1.0904289836912913,-0.21868388949122644,0.30601476569500685,-0.7430155511006415,-0.3638877491161287,0.41369818995709984,0.7891496993394698,1.1223905321060152,0.9306548723104311,0.4893476715658162,0.47813461118373807
-0.8252214806906132,-0.6517427408580244,-0.5056205811857232,-0.7054689621240783,-0.010684955964216718,1.397423273575898,0.9556615963610587,0.507900228415866,0.7913509727216809,-0.15760977513511307,0.3313162293666094,-0.7465241981158659,-0.2810570399754932,0.41369818995709984,0.8215348182095602,1.2100921829988651,0.9680812124456866,0.8487926649472097,0.8377435420345736
-0.8252214806906132,-0.6517427408580244,-0.3611575576027617,1.927295409998603,-0.010684955964216718,-0.6991224441542135,-0.6983308925851475,0.507900228415866,1.0904289836912913,-0.01927826403457661,0.4138385234455349,-0.48128378184397,-0.07213140479872575,0.41369818995709984,0.8253382176852354,1.1680388134915112,0.9573362714688234,0.6151096677597272,0.5988175916038269
-0.8252214806906132,-0.6517427408580244,-0.21669453401980013,-0.7054689621240783,-0.010684955964216718,0.9955430964772071,0.8163495469116436,0.507900228415866,0.7315353705277589,0.1265632586963303,0.5103482570923122,-0.17288683679662126,0.11460285155800588,0.41369818995709984,0.7888953672085625,1.048500571373351,0.9053391828458026,0.6452455425715968,0.6474092063597239
-0.8252214806906132,-0.6517427408580244,-0.0722315104368386,0.7493649384910871,-0.010684955964216718,-0.6991224441542135,-0.6983308925851475,0.598893476176354,0.7315353705277589,0.2837243161924576,0.6040300140324757,0.04707873489981379,0.2636664332284325,0.41369818995709984,0.761917822393153,0.9819019782872447,0.8762124221855967,-0.25485859576103853,-0.29022554783810145
-0.8252214806906132,-0.6517427408580244,0.07223151314612293,-0.7054689621240783,-0.010684955964216718,-0.6991224441542135,0.21945407068453934,0.6140590656796955,0.7315353705277589,0.38724501360772823,0.7150565065707787,0.15380519625868314,0.387524277775414,0.41369818995709984,0.7236087435479436,0.9779249860084099,0.8627564326100372,-0.7562100740009234,-0.759932930413447
-0.8252214806906132,-0.6517427408580244,0.21669453672908448,-0.13426680959642107,-0.010684955964216718,-0.6991224441542135,-0.6983308925851475,0.6443899554268178,0.7315353705277589,0.44058970920647716,0.7862069042998985,0.15466019454737848,0.4434873699157318,0.41369818995709984,0.7059787490997911,1.0172680802410285,0.8724611630933958,-0.9154993604873146,-0.9273537231729547
-0.8252214806906132,-0.6517427408580244,0.361157560312046,0.7628485285919542,-0.010684955964216718,-0.6991224441542135,-0.6983308925851475,0.6595555449301591,0.7913509727216809,0.4485539203466919,0.8138345499592724,0.10547008861600769,0.4079942441901927,0.41369818995709984,0.7389545748545695,1.1003460419606275,0.9459004573558575,-0.2156230231520287,-0.22715789719034538
-0.8252214806906132,-0.6517427408580244,0.5056205838950075,-0.7054689621240783,-0.010684955964216718,0.3460234243312128,0.13810370029297914,0.6747211344335006,0.7913509727216809,0.4417937727082734,0.8121858967058034,0.03580008848134109,0.32429234776798777,0.41369818995709984,0.7952401575786553,1.193473836922328,1.0438544790029491,-0.13400205870087104,-0.14549971543563375
-0.8252214806906132,-0.6517427408580244,0.6500836074779691,0.3462131206922034,-0.010684955964216718,-0.6991224441542135,-0.6983308925851475,0.6747211344335006,0.7913509727216809,0.38929994865079387,0.7765697638135461,-0.014058331167215303,0.24226826246264563,0.41369818995709984,0.8826966283543061,1.274347952006398,1.140249051751862,-0.5500267016156349,-0.5617142547542107
-0.8252214806906132,-0.6517427408580244,0.7945466310609306,0.10597151843870195,-0.010684955964216718,0.21598222944626164,0.1395077114111888,0.689886723936842,0.7913509727216809,0.30156385481990483,0.6930685818653735,-0.10847213521609904,0.11903089778896671,0.41369818995709984,1.0063015613716135,1.3735769857989841,1.2537754579077558,0.42492056549118207,0.41367811349574674
-0.8252214806906132,-0.6517427408580244,0.9390096546438922,1.1299826883634179,-0.010684955964216718,-0.6991224441542135,-0.6983308925851475,0.6595555449301591,0.7315353705277589,0.1638919029486857,0.5599652389752879,-0.1733684659422971,-0.005729158033249386,0.41369818995709984,1.1683207808328742,1.4357231374589972,1.3498193930361497,0.008796556922246752,0.0038837132560147728
-0.8252214806906132,-0.6517427408580244,1.0834726782268538,-0.7054689621240783,-0.010684955964216718,1.0031910203393388,0.9431426719040811,0.8112108614444523,0.3726417573642265,0.1309968880796113,0.4858802949157212,-0.2126873054897276,-0.0822217491167304,0.41369818995709984,1.2548323136344897,1.4615832683626568,1.3975763236350225,0.7703611219826642,0.7592763480281038
-0.8252214806906132,-0.6517427408580244,1.2279357018098151,0.7663609127181954,-0.010684955964216718,-0.6991224441542135,-0.6983308925851475,0.7505487926906471,0.7913509727216809,0.10119430963765033,0.4315678977522107,-0.16827768849455174,-0.06973249545072747,0.41369818995709984,1.3568305980126076,1.473447122966607,1.4279535039926288,-0.28189154400808847,-0.29345669699382143
-0.8252214806906132,-0.6517427408580244,1.3723987253927767,0.3855073294180038,-0.010684955964216718,0.414416615656814,0.3890320134341845,0.7353832031873058,0.7913509727216809,0.09738813112363875,0.3982454819292061,-0.1444400293269778,-0.0699647561600583,0.41369818995709984,1.44374751789195,1.5037889537054223,1.4723865286437154,0.8473200011487012,0.8362702740765784
-0.8252214806906132,-0.6517427408580244,1.5168617489757383,1.4407849525368779,-0.010684955964216718,-0.6991224441542135,-0.6983308925851475,0.7353832031873058,0.7913509727216809,0.11664110651736129,0.37427649143506475,-0.11601197555858192,-0.05993394437043809,0.41369818995709984,1.5145594709012564,1.522205401127113,1.5016398482472977,0.21078056035221127,0.19944026133385
-0.8252214806906132,-0.6517427408580244,1.6613247725587,-0.7054689621240783,-0.010684955964216718,1.0700054746570185,1.0478276525800039,0.7202176136839643,0.7913509727216809,0.1536212412783634,0.3539428660559143,-0.10772113472523104,-0.06551574777121563,0.41369818995709984,1.569749060704487,1.5379563214291039,1.5257614627495908,0.7839675562251605,0.7728890161117553
-0.8252214806906132,-0.5416648888458606,-1.6613247698494156,1.5673834583330724,-0.010684955964216718,-0.6991224441542135,-0.6983308925851475,0.7657143821939886,0.7913509727216809,0.16039944986930882,0.3402948966143118,-0.03506418144640843,-0.004800115195926039,0.41369818995709984,1.6109846481679548,1.5108608832840145,1.5051856657670315,0.2895075001256252,0.2782031334576197
-0.8252214806906132,-0.5416648888458606,-1.516861746266454,-0.7054689621240783,-0.010684955964216718,-0.6991224441542135,-0.4417348383091106,0.8112108614444523,1.0904289836912913,0.18569147264870736,0.33925954801720604,-0.030091893292908976,-0.002386951580568103,0.41369818995709984,1.6604129154308214,1.5593962812107829,1.5553675870788868,-1.2740310493992413,-1.2860490588430924
-0.8252214806906132,-0.5416648888458606,-1.3723987226834924,-0.6655113709647297,-0.010684955964216718,-0.6991224441542135,-0.6983308925851475,0.8718729301982574,0.7913509727216809,0.15748227157412348,0.33862789362428874,-0.11209586176170613,-0.06428149591513263,0.41369818995709984,1.7266826027549285,1.67466279560588,1.6590895759124613,-1.2740310493992413,-1.2860490588430924
-0.8252214806906132,-0.5416648888458606,-1.2279356991005308,-0.6724313137702572,-0.010684955964216718,-0.6991224441542135,-0.6983308925851475,0.8112108614444523,1.0904289836912913,0.07921479933652688,0.3295475970664411,-0.23715150876716304,-0.17392112801401668,0.41369818995709984,1.8038876065007237,1.8210822010498218,1.796785706305973,-1.2740310493992413,-1.2860490588430924
-0.8252214806906132,-0.5416648888458606,-1.0834726755175694,-0.3781418299253997,-0.010684955964216718,-0.6991224441542135,-0.6983308925851475,0.8112108614444523,1.0904289836912913,-0.03682815849742507,0.3215788710883082,-0.39295640629088363,-0.3254129660534761,0.41369818995709984,1.8898383538448167,1.9949072698290555,1.969053665872148,-1.0499500460908893,-1.062603000199158
-0.8252214806906132,-0.5416648888458606,-0.9390096519346078,-0.1837131136491794,-0.010684955964216718,-0.6991224441542135,-0.13800819761317218,0.9022041092049403,0.851166574915603,-0.08530643077641402,0.31513740779874844,-0.5061435177295357,-0.42815185577765696,0.41369818995709984,1.9179852473380032,2.088405097611247,2.0563663341706877,-0.5407441134115415,-0.5524273903114809
-0.8252214806906132,-0.5416648888458606,-0.7945466283516462,-0.7054689621240783,-0.010684955964216718,-0.6991224441542135,-0.6983308925851475,0.8112108614444523,1.0904289836912913,-0.13563561622733092,0.3032545418618231,-0.6188336560851275,-0.49526681591111604,0.41369818995709984,1.9800089876265832,2.2048346337665614,2.1415110304323486,-1.2740310493992413,-1.2860490588430924
-0.8252214806906132,-0.5416648888458606,-0.6500836047686848,0.2182251801435801,-0.010684955964216718,-0.6991224441542135,0.13301258786594164,0.6595555449301591,1.0904289836912913,-0.15869008766589138,0.3151486999443201,-0.687959798883615,-0.5189448309681323,0.41369818995709984,1.9972350428080003,2.2558294591374297,2.160527811937768,-0.05737115819769705,-0.06883384251660993
-0.8252214806906132,-0.5416648888458606,-0.5056205811857232,-0.7054689621240783,-0.010684955964216718,-0.6991224441542135,0.18126215940853388,0.8718729301982574,0.851166574915603,-0.05269503975442941,0.4478829308260305,-0.35020734429708217,-0.3365279406487453,0.41369818995709984,1.8889783541156386,2.029181774962391,2.0396254465408488,-0.7623736697260036,-0.7628291621175197
-0.8252214806906132,-0.5416648888458606,-0.3611575576027617,-0.6221003091837985,-0.010684955964216718,-0.6991224441542135,-0.6983308925851475,0.9628661779587454,0.7315353705277589,0.2221271031372305,0.6230339892705578,0.014674896466936255,-0.1316295552442378,0.3989276034641848,1.7552218530269152,1.8149319113566849,1.9259261053904095,-1.2241810378002667,-1.253858227598682
-0.8252214806906132,-0.5416648888458606,-0.21669453401980013,-0.5902575487027285,-0.010684955964216718,-0.6991224441542135,-0.6983308925851475,1.1145214944730386,0.3726417573642265,0.5977260165084008,0.8613582503568932,0.3357808838733667,0.06863451629575151,0.311826186132618,1.568938769152697,1.6351282309021933,1.8152550770391855,-1.2007901692972942,-1.2128643577705391
-0.8252214806906132,-0.5416648888458606,-0.0722315104368386,-0.690831284331444,-0.010684955964216718,-0.6991224441542135,-0.6983308925851475,1.1448526734797215,0.25301055297638236,0.9408526750844608,1.0778844359352475,0.561204635073806,0.3204956817324281,0.2756174826578277,1.3946015737725006,1.5032188449994333,1.658022059893502,-1.2740310493992413,-1.2860490588430924
-0.8252214806906132,-0.5416648888458606,0.07223151314612293,-0.7054689621240783,-0.010684955964216718,-0.6991224441542135,-0.6983308925851475,1.1145214944730386,0.07356374639461619,1.4189120410651535,1.1944017342577924,0.5648607543761134,0.42554460125518817,-0.38093362451793905,1.287734783632346,1.471717864936894,1.5626885018479642,-1.2740310493992413,-1.2860490588430924
-0.8252214806906132,-0.5416648888458606,0.21669453672908448,-0.7054689621240783,-0.010684955964216718,-0.6991224441542135,-0.6983308925851475,1.1600179737235023,0.13337934858853825,1.7002408093356869,1.2610091606715954,0.5043783629708172,0.5969496507960846,-0.6020525216723508,1.2363085372006817,1.5056873081286852,1.457435236483743,-1.2740310493992413,-1.2860490588430924
-0.8252214806906132,-0.5416648888458606,0.361157560312046,-0.7054689621240783,-0.010684955964216718,-0.6991224441542135,-0.6983308925851475,1.2055147422335266,0.013748144200694123,1.7154608409225596,1.2694309839907931,0.4191359712729536,0.9928074250999883,0.10042019266645824,1.2382963816925363,1.5442761377865124,1.2171201738008106,-1.2740310493992413,-1.2860490588430924
-0.8252214806906132,-0.5416648888458606,0.5056205838950075,-0.7054689621240783,-0.010684955964216718,-0.6991224441542135,-0.6983308925851475,1.2661768109873317,0.07356374639461619,1.6306900879269277,1.3158445253268956,0.3984830315536008,1.5402425630475094,0.41369818995709984,1.2235402920632703,1.5824144739989277,0.9456625092054683,-1.2740310493992413,-1.2860490588430924
-0.8252214806906132,-0.5416648888458606,0.6500836074779691,-0.7054689621240783,-0.010684955964216718,-0.44519840587444715,-0.6983308925851475,1.1448526734797215,-0.04606745799322794,1.3224357840595586,1.321063613858318,0.32558654236338896,1.7534302241648134,0.41369818995709984,1.2052607130834267,1.5810931126131977,0.7989334509389863,-1.125596718088829,-1.1371585806924658
-0.8252214806906132,-0.5416648888458606,0.7945466310609306,-0.7054689621240783,-0.010684955964216718,-0.559947156165212,-0.6983308925851475,1.0235282467125506,0.07356374639461619,0.8888712469394123,1.2401010473864846,0.15163232423686415,1.4534391057451066,0.41369818995709984,1.2573794957728748,1.6445330883327647,0.9146906751824087,-1.1982058353667822,-1.2091502856190957
-0.8252214806906132,-0.5416648888458606,0.9390096546438922,-0.4820216332751118,-0.010684955964216718,-0.3374474764850566,-0.6983308925851475,0.9628661779587454,0.07356374639461619,0.5044826700051291,1.0800334723893628,-0.09487143960679272,0.9619704138831645,0.41369818995709984,1.365421425834774,1.7284814877219603,1.1155683241093102,-0.8968031591234574,-0.9014331973252651
-0.8252214806906132,-0.5416648888458606,1.0834726782268538,0.11672180897817014,-0.010684955964216718,0.11975563872755418,-0.6983308925851475,0.9325349989520626,0.13337934858853825,0.26186721901401677,0.9215369171449046,-0.250888594930997,0.5118315509873822,0.41369818995709984,1.4751761163000703,1.7658074728121815,1.3138272431188138,-0.1644786028977398,-0.16207018921798627
-0.8252214806906132,-0.5416648888458606,1.2279357018098151,0.6153370069326802,-0.010684955964216718,0.45335725348440703,-0.6983308925851475,0.9173696987082818,0.13337934858853825,0.17770384916262438,0.799635382661951,-0.25362919263603745,0.15407459484951902,0.41369818995709984,1.5692915524310522,1.7329507097061922,1.493307762194326,0.3954833104326447,0.4015965990721953
-0.8252214806906132,-0.5416648888458606,1.3723987253927767,0.47712991685880085,-0.010684955964216718,0.21488355715071616,-0.6983308925851475,0.9628661779587454,0.07356374639461619,0.1621928355628176,0.7132525863156988,-0.11120847071631046,-0.10814858447131091,0.41369818995709984,1.6364526087224949,1.6246076814907697,1.6358599419083484,0.11139627512059647,0.1047532886924699
-0.8252214806906132,-0.5416648888458606,1.5168617489757383,1.1062716062082758,-0.010684955964216718,-0.6991224441542135,-0.6983308925851475,0.8112108614444523,0.3726417573642265,0.14608380375711869,0.6354271190355045,-0.04829662255849003,-0.3151708557124069,0.41369818995709984,1.6852689345394591,1.5518828938719305,1.7324564888614165,-0.010131610141079082,-0.01956522117751175
-0.8252214806906132,-0.5416648888458606,1.6613247725587,-0.7054689621240783,-0.010684955964216718,0.6422673954658655,1.0667198610088546,0.8718729301982574,0.13337934858853825,0.1628885166971888,0.5763896647093336,-0.04200049358510636,-0.4880390638734561,0.41369818995709984,1.7118353010331742,1.5076605296574892,1.8022580803438848,0.634941576248357,0.626752924081902
-0.8252214806906132,-0.43158703683369687,-1.6613247698494156,0.31172591306901803,-0.010684955964216718,-0.6991224441542135,-0.6983308925851475,0.8112108614444523,0.07356374639461619,0.1406414367289995,0.5352841375510309,-0.007759644870934237,-0.4707922388545897,0.41369818995709984,1.7228198430285862,1.4481644153712017,1.7492134130696972,-0.6012049637956198,-0.6129158999596145
-0.8252214806906132,-0.43158703683369687,-1.516861746266454,-0.7054689621240783,-0.010684955964216718,-0.6991224441542135,-0.5398354905306352,0.8112108614444523,0.07356374639461619,0.11792744769178032,0.49920290941303896,-0.034196396543226114,-0.41015458550662054,0.41369818995709984,1.7233975196143472,1.4183612835757058,1.6621495284475205,-1.2740310493992413,-1.2860490588430924
-0.8252214806906132,-0.43158703683369687,-1.3723987226834924,-0.7054689621240783,-0.010684955964216718,-0.6991224441542135,-0.6983308925851475,0.7808796824377694,0.13337934858853825,0.07092080858165349,0.4671071029027608,-0.12917025430663912,-0.42711632517829384,0.41369818995709984,1.721023592191324,1.4351603433552738,1.631927512821862,-1.2740310493992413,-1.2860490588430924
-0.8252214806906132,-0.43158703683369687,-1.2279356991005308,-0.7054689621240783,-0.010684955964216718,-0.6991224441542135,-0.6983308925851475,0.6595555449301591,0.3726417573642265,-0.008675815977092686,0.4275570687969606,-0.28659223234247844,-0.5161216475446054,0.41369818995709984,1.7480479495621377,1.5130307385325446,1.6720228597150346,-1.2740310493992413,-1.2860490588430924
-0.8252214806906132,-0.43158703683369687,-1.0834726755175694,-0.36714868657209504,-0.010684955964216718,-0.6991224441542135,-0.3141285586241806,0.507900228415866,0.7315353705277589,-0.14429684635025217,0.3851190684611967,-0.4338505567431088,-0.6382832342757881,0.41369818995709984,1.7855187458430473,1.5989187983342674,1.746979127613857,-0.7928842358588115,-0.8099327557453276
-0.8252214806906132,-0.43158703683369687,-0.9390096519346078,-0.7054689621240783,-0.010684955964216718,-0.6991224441542135,0.1130915293966381,0.2955828431477677,0.851166574915603,-0.210190559334389,0.3275545333730351,-0.5752415299761519,-0.6778597883567105,0.41369818995709984,1.8412826340063913,1.6872292822980413,1.77332679257225,-0.7883380771702242,-0.7855675879774234
-0.8252214806906132,-0.43158703683369687,-0.7945466283516462,0.9242543080709031,-0.010684955964216718,-0.6991224441542135,-0.6983308925851475,0.20458959538727972,1.0904289836912913,-0.3147641433895637,0.27479551198473234,-0.7206244842520267,-0.6585259708991277,0.41369818995709984,1.8926586896570037,1.779648851652151,1.7608525016499355,-0.0741841148998966,-0.08432200734845748
-0.8252214806906132,-0.43158703683369687,-0.6500836047686848,-0.7054689621240783,-0.010684955964216718,1.1016985754167516,0.9172649946017848,0.507900228415866,0.7315353705277589,-0.2465419053777864,0.3198419979475602,-0.3731354489541497,-0.5451014115730978,0.41369818995709984,1.8546111819976612,1.5669092382789138,1.6921461651329195,0.8679063325660132,0.8651323925037513
-0.8252214806906132,-0.43158703683369687,-0.5056205811857232,-0.7054689621240783,-0.010684955964216718,-0.6991224441542135,-0.6983308925851475,0.9931973569654283,-0.16569866238107206,-0.0665237090725597,0.4824912397260131,0.5221321509654911,-0.30335658353019934,0.41369818995709984,1.6869672168329373,1.0466560007902759,1.528006150310366,-1.2740310493992413,-1.2860490588430924
-0.8252214806906132,-0.43158703683369687,-0.3611575576027617,-0.7054689621240783,-0.010684955964216718,-0.6991224441542135,-0.6983308925851475,1.1145214944730386,-0.5245922755446044,0.22156587576055992,0.6521599614954774,1.2622375938496229,-0.1463273818646719,0.3062127782915878,1.507987856809102,0.6522657698905037,1.4041500205329325,-1.2740310493992413,-1.2860490588430924
-0.8252214806906132,-0.43158703683369687,-0.21669453401980013,-0.7054689621240783,-0.010684955964216718,-0.6991224441542135,-0.6983308925851475,1.2661768109873317,-0.5245922755446044,0.5894614584169047,0.8108421313827705,1.7090803285931828,-0.059178468200376415,-0.11152748646672882,1.3703700438050281,0.46112359538301473,1.3679346587805319,-1.2740310493992413,-1.2860490588430924
-0.8252214806906132,-0.43158703683369687,-0.0722315104368386,-0.7054689621240783,-0.010684955964216718,-0.6991224441542135,-0.6983308925851475,1.3268388797411368,-0.6442234799324486,0.9638389162579195,0.9501702695192586,1.6849911993406985,0.0964521382912744,-0.20396737398975473,1.2395965159632467,0.4727161642970584,1.2782403418729056,-1.2740310493992413,-1.2860490588430924
-0.8252214806906132,-0.43158703683369687,0.07223151314612293,-0.7054689621240783,-0.010684955964216718,-0.6991224441542135,-0.6983308925851475,1.4178321275016248,-0.7638546843202927,1.3106292725002784,1.0666960369509821,1.4408597787048574,0.1915691874096166,-0.20588842769441743,1.1342740575477666,0.586690145444766,1.2281620081893616,-1.2740310493992413,-1.2860490588430924
-0.8252214806906132,-0.43158703683369687,0.21669453672908448,-0.7054689621240783,-0.010684955964216718,-0.6991224441542135,-0.6983308925851475,1.4178321275016248,-0.7638546843202927,1.5795849504415198,1.1663040530389963,1.226519464941723,0.38929935330484855,-0.3102348703650391,1.0478059590759077,0.6890683306480189,1.1197369676620297,-1.2740310493992413,-1.2860490588430924
-0.8252214806906132,-0.43158703683369687,0.361157560312046,-0.7054689621240783,-0.010684955964216718,-0.6991224441542135,-0.6983308925851475,1.5391562650092352,-1.182563899677747,1.7279790877962349,1.2497240726908723,1.059256908396712,0.9008883627881002,-0.05326995344378197,0.9623493978837104,0.7489551307494294,0.8269983300537396,-1.2740310493992413,-1.2860490588430924
-0.8252214806906132,-0.43158703683369687,0.5056205838950075,-0.6907722811221723,-0.010684955964216718,-0.6991224441542135,-0.6983308925851475,1.5543218545125765,-1.3620107062595133,1.8407597024644866,1.3380350028934933,0.952162192540618,1.6125276298009465,0.22451534820839916,0.8750222648900011,0.7773314848324276,0.46274847167480254,-1.2740310493992413,-1.2860490588430924
-0.8252214806906132,-0.43158703683369687,0.6500836074779691,-0.7054689621240783,-0.010684955964216718,-0.6991224441542135,-0.6983308925851475,1.5543218545125765,-1.5414575128412795,1.6238269259666889,1.4067985233523939,0.8480101028984585,2.255270153260377,0.41369818995709984,0.8001453412191529,0.7965168260334407,0.1586925606077023,-1.2740310493992413,-1.2860490588430924
-0.8252214806906132,-0.43158703683369687,0.7945466310609306,-0.7054689621240783,-0.010684955964216718,-0.6804360359252433,-0.6983308925851475,1.569487444015918,-1.7807199216169676,1.2699178787320433,1.3992998329336832,0.6694629328482142,2.5011353030565306,0.41369818995709984,0.7926263761346435,0.8673471316655105,0.04584922600920957,-1.2740310493992413,-1.2860490588430924
-0.8252214806906132,-0.43158703683369687,0.9390096546438922,-0.7054689621240783,-0.010684955964216718,-0.6816783180106399,-0.6983308925851475,1.2661768109873317,-1.182563899677747,0.8757121707131144,1.2778563361054818,0.3518800839534268,1.8005590244874068,0.41369818995709984,0.8742250036371378,1.0119697265764638,0.31786838756052493,-1.2740310493992413,-1.2860490588430924
-0.8252214806906132,-0.43158703683369687,1.0834726782268538,-0.4839240438575984,-0.010684955964216718,-0.363472171369803,-0.6983308925851475,0.9628661779587454,-0.5245922755446044,0.5384472946182992,1.1139282588410333,0.04784593176903195,1.2319294679487103,0.41369818995709984,0.9989544031914742,1.1654206161511769,0.565054907395133,-0.9151130585056988,-0.9200706773224675
-0.8252214806906132,-0.43158703683369687,1.2279357018098151,0.11759750541132981,-0.010684955964216718,0.09493397003439252,-0.6983308925851475,0.8112108614444523,0.013748144200694123,0.3261588586165969,0.9679730427721506,-0.11771430016728043,0.7402159380827082,0.41369818995709984,1.115377228481717,1.2575609398070322,0.8045167807628721,-0.18115196165644304,-0.17917382617512367
-0.8252214806906132,-0.43158703683369687,1.3723987253927767,0.9070089550193549,-0.010684955964216718,0.6998021053400845,-0.6983308925851475,0.6595555449301591,0.07356374639461619,0.2029095807243942,0.8374125499129935,-0.17302834199694372,0.3406923016084276,0.41369818995709984,1.200824137600635,1.2585453992178268,0.9843661411425396,0.764996996749593,0.7789925255227154
-0.8252214806906132,-0.43158703683369687,1.5168617489757383,0.40609633221853736,-0.010684955964216718,0.21475973051809535,0.6512103377292796,0.6595555449301591,0.07356374639461619,0.1902903263014015,0.7285287419969215,-0.00576067080613804,-0.09098896202923304,0.41369818995709984,1.2819049313716993,1.151319353795421,1.2085644424917357,0.8669254567515562,0.8561225085842787
-0.8252214806906132,-0.43158703683369687,1.6613247725587,-0.7054689621240783,-0.010684955964216718,-0.6991224441542135,-0.6983308925851475,0.47756904940918316,0.31282615517030443,0.16559230818288911,0.6330875276248669,0.04410883057497373,-0.19900193067648594,0.41369818995709984,1.341270008075519,1.095152674352109,1.2405513485880402,-1.2740310493992413,-1.2860490588430924
-0.8252214806906132,-0.3215091848215331,-1.6613247698494156,0.5470422835398282,-0.010684955964216718,0.39631143806546765,0.5205615273817588,0.507900228415866,0.07356374639461619,0.1068146104943683,0.56876040885745,0.00719046478723024,-0.22152367310473964,0.41369818995709984,1.3684975415888603,1.077518889372829,1.2145135796725037,0.8856206005552354,0.8742926767961262
-0.8252214806906132,-0.3215091848215331,-1.516861746266454,-0.7054689621240783,-0.010684955964216718,-0.6991224441542135,-0.6983308925851475,0.507900228415866,0.07356374639461619,0.06874346041590522,0.5075972081274055,0.00613343798964078,-0.1907914726773251,0.41369818995709984,1.3775931728435298,1.02386972392102,1.141076452515237,-1.2740310493992413,-1.2860490588430924
-0.8252214806906132,-0.3215091848215331,-1.3723987226834924,-0.7054689621240783,-0.010684955964216718,-0.6991224441542135,-0.6983308925851475,0.38657609090825573,0.4324573595581485,0.007269998331696068,0.45278160472685597,-0.08776890147976418,-0.25436131266980666,0.41369818995709984,1.3832932047185709,1.0302411727650085,1.131789539913436,-1.2740310493992413,-1.2860490588430924
-0.8252214806906132,-0.3215091848215331,-1.2279356991005308,-0.4009492950865523,-0.010684955964216718,-0.6991224441542135,-0.48004164561291074,0.35624491190157287,0.3726417573642265,-0.06133887784899138,0.4118814534661387,-0.20854444239594958,-0.3490180328010635,0.41369818995709984,1.397453278822845,1.0695210172015663,1.1588644853752041,-0.9945606017833792,-1.0064510517118062
-0.8252214806906132,-0.3215091848215331,-1.0834726755175694,-0.7054689621240783,-0.010684955964216718,-0.6991224441542135,-0.019774079932761906,0.35624491190157287,0.3726417573642265,-0.1515071799535089,0.3560806103644578,-0.3678315612649548,-0.46601202837121386,0.41369818995709984,1.4070035227289657,1.1145178687147095,1.18271391146503,-0.8733259532076554,-0.8726206915551616
-0.8252214806906132,-0.3215091848215331,-0.9390096519346078,0.3975796865454568,-0.010684955964216718,-0.6991224441542135,-0.6983308925851475,0.35624491190157287,0.3726417573642265,-0.27022851015478994,0.3119127944789283,-0.5246670599163251,-0.4959392819359656,0.41369818995709984,1.41453648331973,1.1695925210668516,1.1679268858788237,-0.4709029292613858,-0.48962222314831333
-0.8252214806906132,-0.3215091848215331,-0.7945466283516462,-0.7054689621240783,-0.010684955964216718,-0.6991224441542135,1.1510359900307507,0.20458959538727972,0.7315353705277589,-0.3023188092501638,0.2570160287820821,-0.67946692954137,-0.5430387352375243,0.41369818995709984,1.4367705167220686,1.2306806370226933,1.1689974358450554,-0.18878259585993595,-0.16049733736185676
-0.8252214806906132,-0.3215091848215331,-0.6500836047686848,1.3112177622744894,-0.010684955964216718,-0.6991224441542135,-0.6983308925851475,0.6595555449301591,0.07356374639461619,-0.2306402400640635,0.31383739953980583,-0.5894568355217985,-0.36417199597700656,0.41369818995709984,1.3722874281619446,1.1764691077378824,1.0653014522738187,0.20484472258716813,0.17268723151469445
-0.8252214806906132,-0.3215091848215331,-0.5056205811857232,-0.7054689621240783,-0.010684955964216718,0.8333506002454308,0.3738632223676446,0.7202176136839643,0.31282615517030443,-0.03684822622245501,0.46812833631790196,0.47329154583009747,-0.06686067982091477,0.41369818995709984,1.240267817659816,0.6484206555878089,0.9252531459018697,0.3288735801608566,0.3309680512038489
-0.8252214806906132,-0.3215091848215331,-0.3611575576027617,-0.7054689621240783,-0.010684955964216718,-0.6991224441542135,-0.6983308925851475,1.2661768109873317,-1.003117093095981,0.3893126582099795,0.6930812855291416,1.125554652070682,0.13798823489099157,-0.1593198395942994,1.0267794000407988,0.3460683439121748,0.8110956787132495,-1.2740310493992413,-1.2860490588430924
-0.8252214806906132,-0.3215091848215331,-0.21669453401980013,-0.7054689621240783,-0.010684955964216718,-0.6991224441542135,-0.6983308925851475,1.4026665379982834,-1.062932695289903,0.7318546770635006,0.8665180551240643,1.6171496850776685,0.24782239581501914,-0.5315912668507824,0.8888647857833892,0.16030885613066478,0.7773945924078572,-1.2740310493992413,-1.2860490588430924
-0.8252214806906132,-0.3215091848215331,-0.0722315104368386,-0.7054689621240783,-0.010684955964216718,-0.6991224441542135,-0.6983308925851475,1.5391562650092352,-1.3021951040655912,1.1195751652769212,1.0260266689153867,1.6681887354638552,0.39447700630166416,-0.976769139088849,0.7576694623393059,0.14342782977865098,0.7082615528779851,-1.2740310493992413,-1.2860490588430924
-0.8252214806906132,-0.3215091848215331,0.07223151314612293,-0.7054689621240783,-0.010684955964216718,-0.6991224441542135,-0.6983308925851475,1.7059771710268696,-1.6610887172291235,1.4690131233748966,1.1700297553185608,1.4816712423834,0.5111548925309563,-1.0956802575020685,0.6203846458633651,0.20868333280759166,0.6391677379521388,-1.2740310493992413,-1.2860490588430924
-0.8252214806906132,-0.3215091848215331,0.21669453672908448,-0.7054689621240783,-0.010684955964216718,-0.6991224441542135,-0.6983308925851475,1.8727980770445043,-2.199429136974422,1.7407100525552275,1.3186943805655547,1.335330996902934,0.7468198563018046,-1.4292135549077072,0.4505139473931261,0.19722285700504882,0.4488464918501529,-1.2740310493992413,-1.2860490588430924
-0.8252214806906132,-0.3215091848215331,0.361157560312046,-0.7054689621240783,-0.010684955964216718,-0.6991224441542135,-0.6983308925851475,1.9637913248049923,-2.199429136974422,1.840708864227744,1.4535783536604785,1.2523919006946567,1.2008224641383685,-1.1386208385752932,0.33326635244117436,0.2148764344375179,0.23161174962341163,-1.2740310493992413,-1.2860490588430924
-0.8252214806906132,-0.3215091848215331,0.5056205838950075,-0.7054689621240783,-0.010684955964216718,-0.6991224441542135,-0.6983308925851475,2.0244533935587974,-2.019982330392656,1.815254292875603,1.5467590216408975,1.169457066691208,1.6983148416892375,-0.4029134271668416,0.24872191217386314,0.2530188582217876,0.031925791843131414,-1.2740310493992413,-1.2860490588430924
-0.8252214806906132,-0.3215091848215331,0.6500836074779691,-0.6892237580416657,-0.010684955964216718,-0.6991224441542135,-0.6983308925851475,2.0244533935587974,-2.498507147944032,1.5910730540969917,1.5753246211418213,1.0521790910576916,2.07419987196332,0.41369818995709984,0.17514946620670102,0.22408207652403414,-0.18100616301933212,-1.2740310493992413,-1.2860490588430924
-0.8252214806906132,-0.3215091848215331,0.7945466310609306,-0.6906347625486432,-0.010684955964216718,-0.6991224441542135,-0.6983308925851475,1.8121360082906992,-2.259244739168344,1.2210583196774853,1.520428561204073,0.842860507024073,2.1712018383183973,0.41369818995709984,0.16719036658065928,0.25959253430488155,-0.26058681669334083,-1.2740310493992413,-1.2860490588430924
-0.8252214806906132,-0.3215091848215331,0.9390096546438922,-0.7054689621240783,-0.010684955964216718,-0.6814817938184231,-0.6983308925851475,1.4178321275016248,-1.4816419106473573,0.8078859358085945,1.351975862360862,0.405895005751214,1.4799948058361425,0.41369818995709984,0.2764228798815499,0.45556643387946716,0.0005744977004620954,-1.2740310493992413,-1.2860490588430924
-0.8252214806906132,-0.3215091848215331,1.0834726782268538,-0.48639811951326856,-0.010684955964216718,-0.37987008138019107,-0.6983308925851475,1.2661768109873317,-1.003117093095981,0.5019146701254648,1.1794932790667483,0.10964875423034924,0.9863016097797791,0.41369818995709984,0.3997237725905622,0.6444509779112397,0.24808738357740714,-0.927565784599116,-0.9322530306881369
-0.8252214806906132,-0.3215091848215331,1.2279357018098151,0.11764119155791337,-0.010684955964216718,0.08666076372392045,-0.6983308925851475,1.1145214944730386,-0.5245922755446044,0.3388817962855776,1.0262235757037932,-0.052190572890255076,0.5828681116173767,0.41369818995709984,0.514779381700804,0.7242937340758718,0.4274233567364263,-0.18689626852286584,-0.1849402666304646
-0.8252214806906132,-0.3215091848215331,1.3723987253927767,0.9069606939375028,-0.010684955964216718,0.6934400653462466,-0.6983308925851475,0.9628661779587454,-0.22551426457499413,0.2559572739927,0.8959150388427048,-0.07965281104440189,0.24785509678131482,0.41369818995709984,0.6193827606569824,0.7542663925356391,0.5998997918223412,0.7602171847655084,0.7739991921613266
-0.8252214806906132,-0.3215091848215331,1.5168617489757383,-0.7054689621240783,-0.010684955964216718,0.6339766873435672,1.227561094083758,0.8112108614444523,0.07356374639461619,0.22604097844223608,0.7827550365504478,0.010427183134365062,-0.11742727403613056,0.41369818995709984,0.7067359542485456,0.7140814736364036,0.78523431216057,0.6813305759064965,0.6854682870993665
-0.8252214806906132,-0.3215091848215331,1.6613247725587,1.4234769856653802,-0.010684955964216718,-0.6991224441542135,-0.6983308925851475,0.8112108614444523,0.1931949507824603,0.17190093200813397,0.6999652597732926,0.17027094595403638,-0.1322668048438459,0.41369818995709984,0.7784064591760381,0.6582981654059492,0.8153063641067483,0.247605795806591,0.21656285201645536
-0.8252214806906132,-0.21143133280936935,-1.6613247698494156,-0.7054689621240783,-0.010684955964216718,0.977849553090736,1.1289497506353845,0.6595555449301591,0.3726417573642265,0.1619112184882308,0.6233275850554221,0.19832477813844696,-0.052696968983310104,0.41369818995709984,0.843089828256706,0.668487406361817,0.7991792006680768,0.7744718358932791,0.7674141556709105
-0.8252214806906132,-0.21143133280936935,-1.516861746266454,-0.7054689621240783,-0.010684955964216718,-0.6991224441542135,-0.6983308925851475,0.6595555449301591,0.3726417573642265,0.1229049124233726,0.564180032309927,0.2546498149535466,0.05726883429221544,0.41369818995709984,0.8989960845009185,0.6671862676999977,0.7699163458016374,-1.2740310493992413,-1.2860490588430924
-0.8252214806906132,-0.21143133280936935,-1.3723987226834924,-0.7054689621240783,-0.010684955964216718,-0.6991224441542135,-0.6983308925851475,0.507900228415866,0.6717197683338367,0.06294522573058846,0.5194017348044272,0.20276855289315168,0.03145854853545798,0.41369818995709984,0.9408272048857139,0.7093160102604181,0.8006354953589832,-1.2740310493992413,-1.2860490588430924
-0.8252214806906132,-0.21143133280936935,-1.2279356991005308,-0.3742962155876157,-0.010684955964216718,-0.6991224441542135,-0.6223245696446404,0.507900228415866,0.7315353705277589,-0.014709511969427385,0.47755798362937424,0.07897451851707575,-0.06786015550872113,0.41369818995709984,0.9845689531761302,0.7966644088909156,0.8790552307801369,-1.0944204628265295,-1.106356484430792
-0.8252214806906132,-0.21143133280936935,-1.0834726755175694,-0.7054689621240783,-0.010684955964216718,-0.6991224441542135,-0.49730677169604215,0.416906980655378,0.6119041661399147,-0.10848866673099843,0.41938437843943877,-0.1103594395143757,-0.26201585424194096,0.41369818995709984,1.0335175123970197,0.9033465921213439,0.9931888598116142,-1.1627792176224905,-1.173362424679649
-0.8252214806906132,-0.21143133280936935,-0.9390096519346078,0.27411187174672924,-0.010684955964216718,-0.6991224441542135,0.008364677830768734,0.32591373289489,0.7315353705277589,-0.24125339090823006,0.3623886851844518,-0.30576362966327436,-0.4084122109434816,0.41369818995709984,1.075718789792073,1.004323815855389,1.0719197915387415,-0.11166440762878707,-0.11533030221402284
-0.8252214806906132,-0.21143133280936935,-0.7945466283516462,-0.7054689621240783,-0.010684955964216718,-0.6991224441542135,0.11412410012943906,0.35624491190157287,0.7315353705277589,-0.2692324820691373,0.31627509146509775,-0.4782414200370371,-0.4193225948778241,0.41369818995709984,1.1104561189203086,1.0979348048373352,1.0787240684293782,-0.804434233084542,-0.8053306887491394
-0.8252214806906132,-0.21143133280936935,-0.6500836047686848,0.5563360402762628,-0.010684955964216718,-0.6991224441542135,0.023328044756394085,0.6595555449301591,0.3726417573642265,-0.2380666361734759,0.3504747658472043,-0.40601494944594246,-0.3275494291847937,0.41369818995709984,1.0870054416811246,1.0745353921899403,1.0440213461029488,0.09436199582454945,0.08296859380759944
-0.8252214806906132,-0.21143133280936935,-0.5056205811857232,-0.7054689621240783,-0.010684955964216718,-0.6991224441542135,-0.11331018940172466,1.0841903154663557,-0.2853298667689162,-0.039422246419628396,0.525840375057594,0.41752400540662965,0.005484757947222132,0.41369818995709984,0.9692482172600303,0.7029729592840488,0.916725586960327,-0.9440774491569868,-0.9532535023751997
-0.8252214806906132,-0.21143133280936935,-0.3611575576027617,-0.7054689621240783,-0.010684955964216718,-0.6991224441542135,-0.6983308925851475,1.569487444015918,-1.2423795018716692,0.39327670282755994,0.7432565228588185,1.2108703536916041,0.16783331679684646,-0.07773823430816415,0.794528799777977,0.3469065112776589,0.8388380925750164,-1.2740310493992413,-1.2860490588430924
-0.8252214806906132,-0.21143133280936935,-0.21669453401980013,-0.7054689621240783,-0.010684955964216718,-0.6991224441542135,-0.6983308925851475,1.8727980770445043,-1.6610887172291235,0.752874950108193,0.9344685411018021,1.6575758454396705,0.27188192214548496,-0.46446085240508167,0.6508856800293524,0.1677342531069702,0.7937319650504245,-1.2740310493992413,-1.2860490588430924
-0.8252214806906132,-0.21143133280936935,-0.0722315104368386,-0.7054689621240783,-0.010684955964216718,-0.6991224441542135,-0.6983308925851475,1.9941222145521145,-2.259244739168344,1.1631268110610604,1.1102357272390857,1.6870830894707667,0.45454616592787767,-0.6138701608141277,0.4989620466144883,0.1246112305859644,0.6655208206735186,-1.2740310493992413,-1.2860490588430924
-0.8252214806906132,-0.21143133280936935,0.07223151314612293,-0.7054689621240783,-0.010684955964216718,-0.6991224441542135,-0.6983308925851475,2.0851154623126025,-2.6181383523318766,1.5342767097930934,1.2525315823836376,1.486438944705108,0.5769919995199381,-0.7429680116308176,0.34866720056549183,0.13160743251757245,0.5228032908331331,-1.2740310493992413,-1.2860490588430924
-0.8252214806906132,-0.21143133280936935,0.21669453672908448,-0.7054689621240783,-0.010684955964216718,-0.6991224441542135,-0.6983308925851475,2.1761087100730907,-3.036847567689331,1.8243362762999853,1.3914503802431513,1.3390501968367106,0.8031611057703109,-0.8008242526801351,0.16495494640919278,0.05823745395184233,0.2756531783657978,-1.2740310493992413,-1.2860490588430924
-0.8252214806906132,-0.21143133280936935,0.361157560312046,-0.7054689621240783,-0.010684955964216718,-0.6991224441542135,-0.6983308925851475,2.3277640265873836,-3.3359255786589412,1.9858727667768068,1.5103580846314066,1.2358886435968082,1.3433944847559454,-0.6261195105631037,-0.019849922442313532,-0.06270024368800008,-0.10890483950414072,-1.2740310493992413,-1.2860490588430924
-0.8252214806906132,-0.21143133280936935,0.5056205838950075,-0.7054689621240783,-0.010684955964216718,-0.6991224441542135,-0.6983308925851475,2.3277640265873836,-3.4555567830467853,1.9995763472755839,1.5967098275773366,1.163992920100443,1.9819462536116375,-0.42240943139004444,-0.16400315426374465,-0.1685511438844883,-0.4589460726733638,-1.2740310493992413,-1.2860490588430924
-0.8252214806906132,-0.21143133280936935,0.6500836074779691,-0.6904787452019298,-0.010684955964216718,-0.6991224441542135,-0.6983308925851475,2.1761087100730907,-3.276109976465019,1.7675533104794403,1.6354976418570468,1.061303619155593,2.4748898429021464,0.2853116671869599,-0.25922085716321325,-0.2257962968912428,-0.6935577479046184,-1.2740310493992413,-1.2860490588430924
-0.8252214806906132,-0.21143133280936935,0.7945466310609306,-0.6905895836612321,-0.010684955964216718,-0.6991224441542135,-0.6983308925851475,2.0244533935587974,-3.216294374271097,1.4162958786454172,1.6018294040759087,0.8766972987204569,2.7295096283160736,0.41369818995709984,-0.26652240929710835,-0.1965221829478325,-0.7961831815096235,-1.2740310493992413,-1.2860490588430924
-0.8252214806906132,-0.21143133280936935,0.9390096546438922,-0.7054689621240783,-0.010684955964216718,-0.6120831877869439,-0.6983308925851475,1.7969704187873576,-2.259244739168344,0.9744674523579423,1.4692320904592553,0.5112209066032773,1.9635087780250824,0.41369818995709984,-0.18036679669766398,-0.020464869665451066,-0.5366060210132202,-1.2292338662572186,-1.2511740438999246
-0.8252214806906132,-0.21143133280936935,1.0834726782268538,-0.5187071645732736,-0.010684955964216718,-0.3759402413712752,-0.6983308925851475,1.5846530335192595,-1.8405355238108898,0.6625166735400587,1.3070246538762953,0.2362669255261138,1.3989324643344194,0.41369818995709984,-0.08639348734571836,0.12703365474801565,-0.316307425462069,-0.9486210201983301,-0.9529824384878655
-0.8252214806906132,-0.21143133280936935,1.2279357018098151,0.09147570148352499,-0.010684955964216718,0.08797776192434996,-0.6983308925851475,1.3571700587478197,-1.3620107062595133,0.46719416120283364,1.1587651343516865,0.08154718535185397,0.921786795709984,0.41369818995709984,0.01873206877486571,0.24381192532310683,-0.0958389288636454,-0.20736280312341862,-0.20552093891155482
-0.8252214806906132,-0.21143133280936935,1.3723987253927767,0.5921053959346,-0.010684955964216718,0.42616406300978715,-0.6983308925851475,1.1145214944730386,-0.7638546843202927,0.3561313437971447,1.0181193439787999,0.02651189171800661,0.5258091178629961,0.41369818995709984,0.1336310729961522,0.3256687787350856,0.11504879566856217,0.356150172271894,0.3619632321404419
-0.8252214806906132,-0.21143133280936935,1.5168617489757383,-0.7054689621240783,-0.010684955964216718,1.31082136541181,-0.6983308925851475,0.9931973569654283,-0.7638546843202927,0.3063493383153774,0.9006048080504538,0.08859857702093463,0.22417792021061383,0.41369818995709984,0.23197266941243913,0.3631733261747299,0.3064494768680785,-0.16276823557326497,-0.13741671991782903
-0.8252214806906132,-0.21143133280936935,1.6613247725587,2.2553005072369983,-0.010684955964216718,-0.6991224441542135,-0.6983308925851475,0.8718729301982574,-0.5245922755446044,0.22437870188558956,0.8008372904062394,0.2848236678198967,-0.030140010129814907,0.41369818995709984,0.3145036871937058,0.3291425694051248,0.4747423153754297,0.8464215700255676,0.8316644163352965
-0.8252214806906132,-0.10135348079720558,-1.6613247698494156,-0.7054689621240783,-0.010684955964216718,0.7890490470836607,1.4168709688423595,0.8112108614444523,-0.5245922755446044,0.24496216744879698,0.7133281025392095,0.34177695362678945,-0.28302748281638657,0.41369818995709984,0.3800021738628035,0.3297825971033577,0.6228440180722988,0.8007184093935028,0.7910319319399569
-0.8252214806906132,-0.10135348079720558,-1.516861746266454,-0.7054689621240783,-0.010684955964216718,-0.6991224441542135,-0.6983308925851475,0.8112108614444523,-0.5245922755446044,0.22760492314623593,0.6489035890162368,0.40121425240801745,-0.245223488805953,0.41369818995709984,0.4306441893405315,0.3286027947850017,0.6312755742537118,-1.2740310493992413,-1.2860490588430924
-0.8252214806906132,-0.10135348079720558,-1.3723987226834924,-0.7054689621240783,-0.010684955964216718,-0.6991224441542135,-0.6983308925851475,0.8718729301982574,-0.5844078777385264,0.18328802811428846,0.6136233974547377,0.3479759043300722,-0.19350229893460524,0.41369818995709984,0.4604613741146864,0.36919518005749874,0.6248321203780094,-1.2740310493992413,-1.2860490588430924
-0.8252214806906132,-0.10135348079720558,-1.2279356991005308,-0.7054689621240783,-0.010684955964216718,-0.6991224441542135,-0.6983308925851475,0.7657143821939886,-0.4049610711567603,0.1102047181760925,0.5723668378494134,0.21942951156967266,-0.2466396921924504,0.41369818995709984,0.49539077950117827,0.44328349559277497,0.6691546226641613,-1.2740310493992413,-1.2860490588430924
-0.8252214806906132,-0.10135348079720558,-1.0834726755175694,-0.7054689621240783,-0.010684955964216718,-0.6991224441542135,-0.6983308925851475,0.6595555449301591,0.07356374639461619,0.01280400797078531,0.5204822519838197,0.011556667414047348,-0.37072308955824057,0.41369818995709984,0.5466428060101527,0.5675147004703476,0.7620354510502233,-1.2740310493992413,-1.2860490588430924
-0.8252214806906132,-0.10135348079720558,-0.9390096519346078,-0.7054689621240783,-0.010684955964216718,-0.6991224441542135,0.1540359145444279,0.689886723936842,-0.22551426457499413,-0.0760986896085108,0.48084399799074057,-0.16640572813365942,-0.4914961429513298,0.41369818995709984,0.5852525469380098,0.6722617411308247,0.8453550113168226,-0.7642636872730565,-0.8277909046549445
-0.8252214806906132,-0.10135348079720558,-0.7945466283516462,-0.7054689621240783,-0.010684955964216718,-0.6991224441542135,-0.6983308925851475,0.35624491190157287,0.013748144200694123,-0.18785116783106198,0.40989474160461675,-0.34630913176048816,-0.5116332302989449,0.41369818995709984,0.6309015449083991,0.7483222025181013,0.8431840053326708,-1.2740310493992413,-1.2860490588430924
-0.8252214806906132,-0.10135348079720558,-0.6500836047686848,1.076285327547781,-0.010684955964216718,-0.6991224441542135,0.7321192558343439,0.6595555449301591,-0.22551426457499413,-0.19138776990550474,0.43502117701985793,-0.27802093843138004,-0.45536828308512856,0.41369818995709984,0.6111548507901146,0.7147116051080421,0.8140971194080492,0.9262044498847963,0.9151907182531573
-0.8252214806906132,-0.10135348079720558,-0.5056205811857232,-0.7054689621240783,-0.010684955964216718,-0.6991224441542135,-0.5378615584316817,0.9628661779587454,-0.6442234799324486,-0.0028160402683507827,0.5923461721612516,0.4905142631030793,-0.09882629361809704,0.41369818995709984,0.5006728766032293,0.3729288542433246,0.6505348548304295,-1.1904801107523906,-1.2158345026006514
-0.8252214806906132,-0.10135348079720558,-0.3611575576027617,-0.7054689621240783,-0.010684955964216718,-0.6991224441542135,-0.6983308925851475,1.1145214944730386,-1.062932695289903,0.3909100491223626,0.7707317245529743,1.2017756610275059,0.02543905527810752,0.033822104308224965,0.36774645381651866,0.07252911110186247,0.5849816563718493,-1.2740310493992413,-1.2860490588430924
-0.8252214806906132,-0.10135348079720558,-0.21669453401980013,-0.7054689621240783,-0.010684955964216718,-0.6991224441542135,-0.6983308925851475,1.2661768109873317,-1.4816419106473573,0.7366816338573684,0.9237452373632713,1.6179381929710317,0.16459172870199804,-0.4222737174864264,0.2450854935659184,-0.10467874608981294,0.4964900828473376,-1.2740310493992413,-1.2860490588430924
-0.8252214806906132,-0.10135348079720558,-0.0722315104368386,-0.7054689621240783,-0.010684955964216718,-0.6991224441542135,-0.6983308925851475,1.569487444015918,-1.6012731150352015,1.1346767972861171,1.082371652281804,1.643727089509317,0.3044789161380684,-0.5409625458850992,0.14105689557351725,-0.10512364601584508,0.442447463630944,-1.2740310493992413,-1.2860490588430924
-0.8252214806906132,-0.10135348079720558,0.07223151314612293,-0.7054689621240783,-0.010684955964216718,-0.6991224441542135,-0.6983308925851475,1.4178321275016248,-1.003117093095981,1.4567758246516405,1.1695907731594608,1.389512144689052,0.35853780585639944,-0.38701969112674256,0.10682099165213711,0.031190206127561015,0.4648514305558376,-1.2740310493992413,-1.2860490588430924
-0.8252214806906132,-0.10135348079720558,0.21669453672908448,-0.7054689621240783,-0.010684955964216718,-0.6991224441542135,-0.6983308925851475,1.4178321275016248,-0.7638546843202927,1.7210276278458643,1.2571655966226263,1.153935821585959,0.5394143968146284,0.02751023784253969,0.0654430361078009,0.1559444050671183,0.41708453127306877,-1.2740310493992413,-1.2860490588430924
-0.8252214806906132,-0.10135348079720558,0.361157560312046,-0.7054689621240783,-0.010684955964216718,-0.6991224441542135,-0.6983308925851475,1.5391562650092352,-0.8834858887081368,1.8574908337461136,1.341547565925392,1.0131364423831797,1.0363860743637123,0.41369818995709984,0.06103831246683055,0.29894638530553763,0.28517998951266327,-1.2740310493992413,-1.2860490588430924
-0.8252214806906132,-0.10135348079720558,0.5056205838950075,-0.6907568196911223,-0.010684955964216718,-0.6991224441542135,-0.6983308925851475,1.4178321275016248,-0.7638546843202927,1.8858351575025658,1.3920785058405776,0.8872999594530518,1.6909730555127003,0.41369818995709984,0.05421815748773633,0.39424575659865413,0.05324858998633875,-1.2740310493992413,-1.2860490588430924
-0.8252214806906132,-0.10135348079720558,0.6500836074779691,-0.7054689621240783,-0.010684955964216718,-0.6991224441542135,-0.6983308925851475,1.47849419625543,-0.8236702865142147,1.627516042751359,1.434728939664909,0.7709954714024767,2.2909678696468427,0.41369818995709984,0.07340816827964215,0.518443185224589,-0.11409353947205321,-1.2740310493992413,-1.2860490588430924
-0.8252214806906132,-0.10135348079720558,0.7945466310609306,-0.7054689621240783,-0.010684955964216718,-0.6180179969913437,-0.6983308925851475,1.5391562650092352,-0.8834858887081368,1.2757662827299348,1.4218467188448878,0.5987077753640869,2.5578756720111073,0.41369818995709984,0.11088716882283896,0.6422013074438712,-0.17649771737206774,-1.234487974292517,-1.2560572471517448
-0.8252214806906132,-0.10135348079720558,0.9390096546438922,-0.5535500509874319,-0.010684955964216718,-0.3798704230071486,-0.6983308925851475,1.372335648251161,-0.5245922755446044,0.8419723046202795,1.3014738585687038,0.3064671439415067,1.7730399036201214,0.41369818995709984,0.21654479548293984,0.822591231756408,0.1557091068860195,-0.9780478571640501,-0.9824669050520928
-0.8252214806906132,-0.10135348079720558,1.0834726782268538,-0.23300203095823982,-0.010684955964216718,-0.1821756854387323,-0.6983308925851475,1.190349152730185,-0.16569866238107206,0.547733968837987,1.1471342244128298,0.08158554519531488,1.2145233305299419,0.41369818995709984,0.3558411040302693,0.9853888922142897,0.4362818326412151,-0.6206994430836258,-0.6259284008876376
-0.8252214806906132,-0.10135348079720558,1.2279357018098151,0.33113260906878894,-0.010684955964216718,0.2483329358203207,-0.6983308925851475,1.0235282467125506,0.25301055297638236,0.38660418425510557,1.0080213428013023,-0.014343898890757616,0.7488464777258212,0.41369818995709984,0.4627093419814159,1.0500628843631217,0.6669443920759835,0.06126036225307495,0.06456852202845427
-0.8252214806906132,-0.10135348079720558,1.3723987253927767,0.8097635927243393,-0.010684955964216718,0.5704854749531428,-0.6983308925851475,0.9628661779587454,0.3726417573642265,0.31713440267063375,0.8916190832117692,0.001825201348497932,0.37316268416740467,0.41369818995709984,0.5695240109258628,1.0713673088675277,0.8838536351024657,0.5862273842805569,0.5929017753012844
-0.8252214806906132,-0.10135348079720558,1.5168617489757383,-0.7054689621240783,-0.010684955964216718,0.5894367311234067,1.1953470253083651,0.9628661779587454,0.3726417573642265,0.29809280731389326,0.7978208760203975,0.18654574887305087,-0.026254464544836216,0.41369818995709984,0.6728426989285776,1.015957475623336,1.1419402606458846,0.6264125109217304,0.6285583432721518
-0.8252214806906132,-0.10135348079720558,1.6613247725587,0.8795383525288591,-0.010684955964216718,-0.6991224441542135,-0.6983308925851475,0.9022041092049403,0.5520885639459927,0.2383083787530372,0.722368170828458,0.28248371736878136,-0.0509864569001516,0.41369818995709984,0.7535460966344247,0.9941057467611807,1.1856663755824273,-0.151553237409877,-0.1894712315430055
-0.8252214806906132,0.008724371214958183,-1.6613247698494156,-0.7054689621240783,-0.010684955964216718,0.7258763361336786,0.8863750730694094,0.8112108614444523,0.7315353705277589,0.21303709262283624,0.6546696408487889,0.2774347095283601,0.008508339600099378,0.41369818995709984,0.8354516600671982,1.030819456614706,1.187567793680346,0.5048607743028489,0.5236256013582188
-0.8252214806906132,0.008724371214958183,-1.516861746266454,-0.7054689621240783,-0.010684955964216718,-0.6991224441542135,-0.6983308925851475,0.8112108614444523,0.7315353705277589,0.16123426723055423,0.6024434675796511,0.3068609716677054,0.08949689430607839,0.41369818995709984,0.9070657003660073,1.048471312964289,1.1763551914024444,-1.2740310493992413,-1.2860490588430924
-0.8252214806906132,0.008724371214958183,-1.3723987226834924,-0.7054689621240783,-0.010684955964216718,-0.6991224441542135,-0.6983308925851475,0.6595555449301591,0.6717197683338367,0.0974021785311597,0.5610436388773858,0.2430412738813101,0.05661565345261716,0.41369818995709984,0.952194451586647,1.0915242013576902,1.2040742005281075,-1.2740310493992413,-1.2860490588430924
-0.8252214806906132,0.008724371214958183,-1.2279356991005308,-0.4979664039935147,-0.010684955964216718,-0.6991224441542135,-0.6983308925851475,0.6595555449301591,0.7315353705277589,0.019561479912533108,0.5216213471683655,0.12057363764801579,-0.050370169458425366,0.41369818995709984,0.9913866951369047,1.163193534896687,1.2704790713282446,-1.2740310493992413,-1.2860490588430924
-0.8252214806906132,0.008724371214958183,-1.0834726755175694,-0.6264471088015549,-0.010684955964216718,-0.6991224441542135,-0.6983308925851475,0.6595555449301591,0.3726417573642265,-0.10502899093583712,0.47189920717975337,-0.07046690719696316,-0.2516270087956988,0.41369818995709984,1.0382219329133098,1.264803256591339,1.3834134243449188,-1.2273804920452696,-1.2420666859649332
-0.8252214806906132,0.008724371214958183,-0.9390096519346078,-0.30458258947692896,-0.010684955964216718,-0.6991224441542135,-0.4234409276906733,0.6292243659234763,0.4324573595581485,-0.21198327610373013,0.42544049726136407,-0.2559282259207945,-0.43754709494029964,0.41369818995709984,1.0820322109240086,1.3619368719702147,1.4861558816304432,-0.8167560692299711,-0.8230199445969514
-0.8252214806906132,0.008724371214958183,-0.7945466283516462,-0.7054689621240783,-0.010684955964216718,-0.6991224441542135,0.038614116238078526,0.6595555449301591,0.7315353705277589,-0.24945908367297173,0.386028086179719,-0.4242623007598134,-0.5215080836339242,0.41369818995709984,1.1339275481170428,1.4705651696739925,1.5476639615324075,-0.8361583832735282,-0.8331420023911121
-0.8252214806906132,0.008724371214958183,-0.6500836047686848,0.33818384018213826,-0.010684955964216718,-0.6991224441542135,-0.07461860486459164,0.9628661779587454,0.3726417573642265,-0.22973250996854264,0.4221079027995145,-0.36349689895387227,-0.442028804295438,0.41369818995709984,1.1416554805880472,1.4741299626016293,1.5388984544404756,-0.11002703445787479,-0.12151372462965863
-0.8252214806906132,0.008724371214958183,-0.5056205811857232,-0.7054689621240783,-0.010684955964216718,-0.6991224441542135,-0.6408675635844513,1.4178321275016248,-0.16569866238107206,-0.037028835747724455,0.600395354676583,0.4007385903491022,-0.15089042439239178,0.41369818995709984,1.0402720332778153,1.1021570514274257,1.4255012077541918,-1.2498995146878809,-1.2681062264810048
-0.8252214806906132,0.008724371214958183,-0.3611575576027617,-0.7054689621240783,-0.010684955964216718,-0.6991224441542135,-0.6983308925851475,1.8727980770445043,-0.9433014909020588,0.39793642857951156,0.8219444277570517,1.210440723444842,0.029640710203944425,0.14775392639559537,0.8854098261530937,0.719700163853126,1.3510416403660177,-1.2740310493992413,-1.2860490588430924
-0.8252214806906132,0.008724371214958183,-0.21669453401980013,-0.7054689621240783,-0.010684955964216718,-0.6991224441542135,-0.6983308925851475,2.0244533935587974,-1.182563899677747,0.7603755968002162,1.011116802206146,1.6820920476160197,0.19528284329996415,-0.23980052433470533,0.7627686526527159,0.5294512313634734,1.2892722075775604,-1.2740310493992413,-1.2860490588430924
-0.8252214806906132,0.008724371214958183,-0.0722315104368386,-0.7054689621240783,-0.010684955964216718,-0.6991224441542135,-0.6983308925851475,2.2064398890797734,-1.2423795018716692,1.1679651395657784,1.175683591454494,1.721508065433551,0.34391963543591636,-0.2207058120851318,0.6966973154344966,0.5792346295179556,1.285319407702243,-1.2740310493992413,-1.2860490588430924
-0.8252214806906132,0.008724371214958183,0.07223151314612293,-0.7054689621240783,-0.010684955964216718,-0.6991224441542135,-0.6983308925851475,2.3277640265873836,-1.6012731150352015,1.5286865105239205,1.3219747488541351,1.5332729038070132,0.4690251476200253,-0.11496011227031001,0.6236465640280762,0.703450559784915,1.256606564134244,-1.2740310493992413,-1.2860490588430924
-0.8252214806906132,0.008724371214958183,0.21669453672908448,-0.7054689621240783,-0.010684955964216718,-0.6991224441542135,-0.6983308925851475,2.479419343101677,-2.1396135347805,1.8499734639498988,1.4716888378801993,1.4297388338650572,0.7355606620603082,-0.17415594314413352,0.5087955788713538,0.7395799619986417,1.0930573021877932,-1.2740310493992413,-1.2860490588430924
-0.8252214806906132,0.008724371214958183,0.361157560312046,-0.7054689621240783,-0.010684955964216718,-0.6991224441542135,-0.6983308925851475,2.5097505221083596,-2.079797932586578,2.0375063543546696,1.6282325576998506,1.3475405088560581,1.263574779973458,0.41369818995709984,0.39292533477634617,0.7750458867598138,0.8122620147290915,-1.2740310493992413,-1.2860490588430924
-0.8252214806906132,0.008724371214958183,0.5056205838950075,-0.7054689621240783,-0.010684955964216718,-0.6991224441542135,-0.6983308925851475,2.2671019578335785,-1.7209043194230456,2.0218481774379766,1.7427236216513726,1.307815054967942,1.7709353029687842,0.41369818995709984,0.31821539197322846,0.7966829105319402,0.5692580079204498,-1.2740310493992413,-1.2860490588430924
-0.8252214806906132,0.008724371214958183,0.6500836074779691,-0.6903804709950009,-0.010684955964216718,-0.6991224441542135,-0.6983308925851475,2.0244533935587974,-0.7040390821263706,1.6033611910569905,1.7005961553188307,1.116858901778577,1.807322255106405,0.41369818995709984,0.37375631724382263,0.9302466873588718,0.588074765616389,-1.2740310493992413,-1.2860490588430924
-0.8252214806906132,0.008724371214958183,0.7945466310609306,-0.6906522521449301,-0.010684955964216718,-0.6991224441542135,-0.6983308925851475,1.5391562650092352,-0.46477667335068235,1.0501348163558266,1.5384945826006056,0.7895539636688639,1.4536621431049694,0.41369818995709984,0.4952421375726783,1.1019862339509896,0.75885630772945,-1.2740310493992413,-1.2860490588430924
-0.8252214806906132,0.008724371214958183,0.9390096546438922,-0.6907117052789019,-0.010684955964216718,-0.6991224441542135,-0.6983308925851475,1.569487444015918,-0.22551426457499413,0.6518085354640838,1.3444715258693654,0.4539692664583553,0.8672155908530206,0.41369818995709984,0.6660997605357172,1.320923466796729,1.0948005216064913,-1.2740310493992413,-1.2860490588430924
-0.8252214806906132,0.008724371214958183,1.0834726782268538,-0.6905324922815272,-0.010684955964216718,-0.6991224441542135,-0.6983308925851475,1.4329977170049664,-0.4049610711567603,0.43497743543977113,1.1623256890022649,0.16134333171923443,0.516838152775882,0.41369818995709984,0.8152976484565306,1.4914487894127704,1.2914427801406734,-1.2740310493992413,-1.2860490588430924
-0.8252214806906132,0.008724371214958183,1.2279357018098151,0.24769099263882258,-0.010684955964216718,-0.6991224441542135,-0.6983308925851475,1.2965079899940146,-0.6442234799324486,0.2320726676620678,0.9918460500289323,-0.09988634980858206,0.20054853735988348,0.41369818995709984,0.9563626994322765,1.625479409972531,1.4543700828962163,-0.5897936644621703,-0.5892692320658007
-0.8252214806906132,0.008724371214958183,1.3723987253927767,0.05097065988999368,-0.010684955964216718,0.26241669109912563,-0.6983308925851475,1.1145214944730386,-0.22551426457499413,0.12367350629201924,0.8519067245133757,-0.36869593640427395,-0.05974863889476258,0.41369818995709984,1.0793595518329935,1.7623575621671856,1.5832066538323417,-0.11828860456330785,-0.12464293347813205
-0.8252214806906132,0.008724371214958183,1.5168617489757383,0.9027790236928632,-0.010684955964216718,0.7592023086346101,-0.6983308925851475,1.1145214944730386,-0.22551426457499413,0.07567083909623983,0.7438020746417515,-0.3630374332733072,-0.26579575055119514,0.41369818995709984,1.1800905189895503,1.7323900669560763,1.6869780526643576,0.8056069475643983,0.8194102693311317
-0.8252214806906132,0.008724371214958183,1.6613247725587,-0.7054689621240783,-0.010684955964216718,-0.6991224441542135,2.1921773114537277,1.008362657209209,0.07356374639461619,0.07241852979305453,0.6567396322839022,-0.24042573451679297,-0.43718906128367774,0.41369818995709984,1.2727600745433059,1.6522891483585436,1.794202083492731,0.4241517417430547,0.4339576776733218
-0.8252214806906132,0.11880222322712194,-1.6613247698494156,-0.7054689621240783,-0.010684955964216718,-0.6991224441542135,-0.6983308925851475,-0.40203167066989287,0.3726417573642265,-0.030021186167270095,0.4912998190310416,-0.33086034413733184,-0.44316243779368814,0.41369818995709984,1.3625687555771016,1.5767460875138721,1.6632915928851808,-1.2740310493992413,-1.2860490588430924
-0.8252214806906132,0.11880222322712194,-1.516861746266454,0.4500297944204409,-0.010684955964216718,-0.6991224441542135,-0.002718373804510482,0.12876193713013315,1.0904289836912913,-0.12611615639729598,0.4341135708195321,-0.4261359660026373,-0.2135437988422791,0.41369818995709984,1.3734553290287297,1.5410185581540274,1.427710354789772,-0.017098636583515698,-0.05926067436674399
-0.8252214806906132,0.11880222322712194,-1.3723987226834924,-0.7054689621240783,-0.010684955964216718,-0.6991224441542135,-0.1749740097501529,0.6595555449301591,0.7913509727216809,-0.13602493009291172,0.41290974447226214,-0.5275338188843037,-0.1526898160249693,0.41369818995709984,1.3947873761831255,1.5976327191477004,1.386289606359459,-0.9815527241003519,-0.9919182314829709
-0.8252214806906132,0.11880222322712194,-1.2279356991005308,0.23568098021747966,-0.010684955964216718,-0.6991224441542135,-0.6983308925851475,0.6595555449301591,0.7315353705277589,-0.1561595475396162,0.39049977582611434,-0.6105939617097245,-0.15376307850851975,0.41369818995709984,1.4193687938069697,1.6536320232803485,1.3912843504124368,-0.6254746198039515,-0.6371965955834736
-0.8252214806906132,0.11880222322712194,-1.0834726755175694,-0.7054689621240783,-0.010684955964216718,-0.6991224441542135,0.5153081194025753,0.507900228415866,0.7315353705277589,-0.18358476948969718,0.3548158900604268,-0.7128280591788386,-0.20056990008604791,0.41369818995709984,1.4547016558565327,1.7162583570655567,1.4177009293160243,-0.5356086461897227,-0.5472895988262553
-0.8252214806906132,0.11880222322712194,-0.9390096519346078,0.7738323202393423,-0.010684955964216718,-0.6991224441542135,-0.6983308925851475,0.6292243659234763,0.6717197683338367,-0.20722521849913184,0.3293266944686946,-0.798049992293523,-0.19388967961226172,0.41369818995709984,1.479723208021909,1.7678159765401489,1.4111454361017508,-0.2250194678348602,-0.23655863766473803
-0.8252214806906132,0.11880222322712194,-0.7945466283516462,-0.7054689621240783,-0.010684955964216718,0.8785880010389692,0.3799451394457716,0.6595555449301591,0.3726417573642265,-0.21208093903220918,0.3089366083616856,-0.8455829529873826,-0.20666737257071882,0.41369818995709984,1.4971394090469268,1.7909004310194048,1.4118549463425287,0.39739501921398684,0.3861398871793676
-0.8252214806906132,0.11880222322712194,-0.6500836047686848,1.6441384929019731,-0.010684955964216718,-0.6991224441542135,-0.6983308925851475,0.9628661779587454,0.3726417573642265,-0.13005545082067282,0.36582784927013434,-0.5349977919808305,-0.13656153175067817,0.41369818995709984,1.4621289262448895,1.61533233554737,1.3892455378451678,0.43407534642269985,0.4221709192939395
-0.8252214806906132,0.11880222322712194,-0.5056205811857232,-0.7054689621240783,-0.010684955964216718,0.321650285554344,0.12726097394092287,1.2661768109873317,0.4324573595581485,0.09447496637345941,0.54609989573143,0.45216550137472683,0.05944638325298144,0.41369818995709984,1.372724667081493,1.1548372472144142,1.3857174905880314,-0.15657165297114328,-0.17075447886969042
-0.8252214806906132,0.11880222322712194,-0.3611575576027617,-0.7054689621240783,-0.010684955964216718,-0.6991224441542135,-0.6983308925851475,1.569487444015918,-0.46477667335068235,0.5263196994585401,0.7646015010257348,1.1936092765751614,0.19603496552476474,0.08362559709372198,1.196031883217504,0.7862656260936768,1.3210562726276316,-1.2740310493992413,-1.2860490588430924
-0.8252214806906132,0.11880222322712194,-0.21669453401980013,-0.7054689621240783,-0.010684955964216718,-0.6991224441542135,-0.6983308925851475,1.569487444015918,-0.46477667335068235,0.8545159706123261,0.9392613511378929,1.6803854608024922,0.32777877386689613,-0.20754507327651386,1.0833120758408326,0.5943545578068654,1.2901767572858704,-1.2740310493992413,-1.2860490588430924
-0.8252214806906132,0.11880222322712194,-0.0722315104368386,-0.7054689621240783,-0.010684955964216718,-0.6991224441542135,-0.6983308925851475,1.4178321275016248,-0.04606745799322794,1.2212670240177967,1.069575534071767,1.7275663633774772,0.42456357226631786,-0.10113016352316162,1.0275013751220843,0.6319896924104853,1.3052524412840243,-1.2740310493992413,-1.2860490588430924
-0.8252214806906132,0.11880222322712194,0.07223151314612293,-0.7054689621240783,-0.010684955964216718,-0.6991224441542135,-0.6983308925851475,1.569487444015918,-0.46477667335068235,1.555661546509163,1.1814178841276257,1.5226838821298712,0.49452854738539254,0.026050143431200448,0.9753256452002887,0.7705159966038501,1.3133318428712821,-1.2740310493992413,-1.2860490588430924
-0.8252214806906132,0.11880222322712194,0.21669453672908448,-0.7054689621240783,-0.010684955964216718,-0.6991224441542135,-0.6983308925851475,1.569487444015918,-1.003117093095981,1.7806862986631995,1.2594529618599948,1.3225418250930674,0.6468278477464606,0.34544228606932514,0.9157766965005,0.851417218743375,1.2074960596306985,-1.2740310493992413,-1.2860490588430924
-0.8252214806906132,0.11880222322712194,0.361157560312046,-0.7054689621240783,-0.010684955964216718,-0.6991224441542135,-0.6983308925851475,1.569487444015918,-1.2423795018716692,1.8905865258654875,1.3262262416618822,1.1386856527078335,1.1056735525400458,0.41369818995709984,0.8435473365301408,0.8869610225051386,0.9014509627052903,-1.2740310493992413,-1.2860490588430924
-0.8252214806906132,0.11880222322712194,0.5056205838950075,-0.6907346346189931,-0.010684955964216718,-0.6991224441542135,-0.6983308925851475,1.4936597857587715,-1.2423795018716692,1.927583383730681,1.388978106122046,1.006903394041265,1.7483934368689638,0.41369818995709984,0.7795511950669531,0.9180674443160615,0.5530640976417784,-1.2740310493992413,-1.2860490588430924
-0.8252214806906132,0.11880222322712194,0.6500836074779691,-0.7054689621240783,-0.010684955964216718,-0.6991224441542135,-0.6983308925851475,1.4178321275016248,-1.2423795018716692,1.6725386527801929,1.430751987146374,0.8737316566004458,2.3130242521701194,0.41369818995709984,0.7232742992088187,0.9319583042890033,0.25693870803505314,-1.2740310493992413,-1.2860490588430924
-0.8252214806906132,0.11880222322712194,0.7945466310609306,-0.7054689621240783,-0.010684955964216718,-0.6796793979117173,-0.6983308925851475,1.3571700587478197,-1.3620107062595133,1.2805082861545092,1.394773799836724,0.6494288652700309,2.4476298143062802,0.41369818995709984,0.7281013010557548,1.001209516373164,0.1632868236206808,-1.2740310493992413,-1.2860490588430924
-0.8252214806906132,0.11880222322712194,0.9390096546438922,-0.7054689621240783,-0.010684955964216718,-0.6646119163115282,-0.6983308925851475,1.1145214944730386,-1.062932695289903,0.8282038384772391,1.2510022024177696,0.2948927005079021,1.672936376384846,0.41369818995709984,0.8273415054943367,1.167007454572073,0.4763669941399722,-1.2633715234687088,-1.2765715261653585
-0.8252214806906132,0.11880222322712194,1.0834726782268538,-0.2243033297728567,-0.010684955964216718,-0.11072582632876767,-0.6983308925851475,0.8112108614444523,-0.5245922755446044,0.49931456188575246,1.078043937491448,-0.0013254204610912974,1.1175104638527658,0.41369818995709984,0.9380116951101666,1.2790150985225206,0.692293454960612,-0.5660953609653245,-0.5640509929729836
-0.8252214806906132,0.11880222322712194,1.2279357018098151,0.6260262086306219,-0.010684955964216718,0.5302146994267521,-0.6983308925851475,0.8112108614444523,-0.8236702865142147,0.34018686733669123,0.9391540757549617,-0.09707244218048303,0.6578237572849609,0.41369818995709984,1.0263884910729906,1.286107681095745,0.8810827744003928,0.4605724941812691,0.4724079223255948
-0.8252214806906132,0.11880222322712194,1.3723987253927767,0.7552300952099233,-0.010684955964216718,0.49038814406118963,-0.6983308925851475,0.6595555449301591,-0.5245922755446044,0.2671865039952857,0.8119099448983949,-0.07667779207376703,0.27394962939895007,0.41369818995709984,1.1033994881458735,1.2226328534477366,1.0357334689959512,0.48246425988128294,0.48390187125963974
-0.8252214806906132,0.11880222322712194,1.5168617489757383,-0.7054689621240783,-0.010684955964216718,0.5721644926126097,1.2017363449402179,0.35624491190157287,0.013748144200694123,0.2256837729367032,0.6826219356933494,0.09563121498876773,-0.18520631533128645,0.41369818995709984,1.1549063293894193,1.0320160394912006,1.1938840384811134,0.6186789108592048,0.6191704093690212
-0.8252214806906132,0.11880222322712194,1.6613247725587,1.3297112653128216,-0.010684955964216718,-0.6991224441542135,-0.6983308925851475,0.32591373289489,0.013748144200694123,0.11992485525642682,0.5880311610346637,0.169255688763771,-0.22922684688315986,0.41369818995709984,1.1755719008838854,0.9025544637230604,1.1232446441303348,0.17069866958543495,0.13957425350162592
-0.8252214806906132,0.22888007523928572,-1.6613247698494156,-0.7054689621240783,-0.010684955964216718,1.0661382574973248,1.2369414311306202,0.05293427887298657,0.013748144200694123,0.10654704082730246,0.49548708776084965,0.17053349777150215,-0.13512688166524475,0.41369818995709984,1.2458428551858916,0.8867101746745035,1.0551858386455255,0.7680618511480046,0.7612317577809756
-0.8252214806906132,0.22888007523928572,-1.516861746266454,-0.7054689621240783,-0.010684955964216718,-0.6991224441542135,-0.6983308925851475,0.11359634762679172,0.4922729617520706,0.05260900949183504,0.4268640133624972,0.20662755314531903,-0.0269361539191538,0.41369818995709984,1.2764104886575054,0.8285315493374523,0.9552268112722039,-1.2740310493992413,-1.2860490588430924
-0.8252214806906132,0.22888007523928572,-1.3723987226834924,-0.7054689621240783,-0.010684955964216718,-0.6991224441542135,-0.6394377630898774,0.17425856101037715,0.3726417573642265,-0.02204225869536674,0.379010017706904,0.13157524075260416,-0.08527300081801169,0.41369818995709984,1.2689436447687037,0.8034807576609362,0.9214113018125262,-1.2740310493992413,-1.2860490588430924
-0.8252214806906132,0.22888007523928572,-1.2279356991005308,-0.7054689621240783,-0.010684955964216718,-0.6991224441542135,-0.34989979269886107,0.11359634762679172,0.3726417573642265,-0.12392476082402676,0.32419723734274736,-0.02792498835785058,-0.21637452864264337,0.41369818995709984,1.2547710229691666,0.8070489927543449,0.9120186344772189,-1.0781108260145777,-1.0888432549049778
-0.8252214806906132,0.22888007523928572,-1.0834726755175694,-0.7054689621240783,-0.010684955964216718,-0.6991224441542135,0.0688283390783744,0.05293427887298657,0.3726417573642265,-0.2314001379185305,0.2687069282442884,-0.22477918058957155,-0.3200978013009556,0.41369818995709984,1.2313604018340913,0.8201137329420046,0.8785043526396185,-0.8322294797084082,-0.8341361509050487
-0.8252214806906132,0.22888007523928572,-0.9390096519346078,-0.7054689621240783,-0.010684955964216718,-0.6991224441542135,0.28935917218010576,0.20458959538727972,-0.04606745799322794,-0.32555857268316735,0.23122900285089612,-0.4162425361535863,-0.32510775703471645,0.41369818995709984,1.1724494551780589,0.8119454735650276,0.7754051898390298,-0.7129530725618586,-0.7127680701487211
-0.8252214806906132,0.22888007523928572,-0.7945466283516462,-0.7054689621240783,-0.010684955964216718,-0.6991224441542135,0.09919642040788584,0.20458959538727972,0.013748144200694123,-0.40497927018581775,0.20074303284368422,-0.5836423356940906,-0.25880529014075765,0.41369818995709984,1.1289765171284687,0.8225090500486013,0.6691862624000053,-0.8290980665226235,-0.8389782642729742
-0.8252214806906132,0.22888007523928572,-0.6500836047686848,0.647032068768268,-0.010684955964216718,0.5210750745938888,0.03145985370190717,0.35624491190157287,-0.2853298667689162,-0.40964434733111066,0.22933262815394784,-0.5290741797095005,-0.17683570644590832,0.41369818995709984,1.0535528035063528,0.7456351618623269,0.5815582802956218,0.9166381655376337,0.9056200089649736
-0.8252214806906132,0.22888007523928572,-0.5056205811857232,-0.7054689621240783,-0.010684955964216718,-0.6991224441542135,0.8008565839737524,0.6292243659234763,-0.5245922755446044,-0.2219856991828189,0.39693771032018293,0.18725412731562896,0.15204629645287174,0.41369818995709984,0.8802228019728429,0.3899877975386791,0.4087390091678894,-0.4451628145800232,-0.427846755540906
-0.8252214806906132,0.22888007523928572,-0.3611575576027617,-0.7054689621240783,-0.010684955964216718,-0.6991224441542135,-0.6983308925851475,1.2661768109873317,-3.036847567689331,0.21715231410230887,0.6273786422792714,1.098734301963781,0.367568303471898,-0.4652365275611057,0.5612917576260192,-0.1735883232211018,0.10672646158896718,-1.2740310493992413,-1.2860490588430924
-0.8252214806906132,0.22888007523928572,-0.21669453401980013,-0.7054689621240783,-0.010684955964216718,-0.6991224441542135,-0.6983308925851475,1.5391562650092352,-2.019982330392656,0.5730942218824873,0.8079104080887164,1.5845924072709474,0.48638600677776883,-0.8351891189816316,0.44851017698036083,-0.28713418500091586,0.12290151805244376,-1.2740310493992413,-1.2860490588430924
-0.8252214806906132,0.22888007523928572,-0.0722315104368386,-0.7054689621240783,-0.010684955964216718,-0.6991224441542135,-0.6983308925851475,1.8121360082906992,-2.378875943556188,0.9908841892807669,0.993971796432806,1.632032451899535,0.5560097179665271,-1.4034524821166183,0.28845660224241276,-0.3209087155558671,0.07398952038474196,-1.2740310493992413,-1.2860490588430924
-0.8252214806906132,0.22888007523928572,0.07223151314612293,-0.7054689621240783,-0.010684955964216718,-0.6991224441542135,-0.6983308925851475,2.0244533935587974,-2.498507147944032,1.3779946186532774,1.1472563207368238,1.4459019670175521,0.6896996530464089,-1.4806081762183816,0.14941269541133478,-0.26854326280165663,0.00721884222772254,-1.2740310493992413,-1.2860490588430924
-0.8252214806906132,0.22888007523928572,0.21669453672908448,-0.7054689621240783,-0.010684955964216718,-0.6991224441542135,-0.6983308925851475,2.1154466413192856,-2.6779539545257984,1.6750344088497493,1.2847092569493106,1.2953608924576339,0.8748927715556674,-1.41740761524038,0.018472186701822813,-0.23782946302410363,-0.08877611632326884,-1.2740310493992413,-1.2860490588430924
-0.8252214806906132,0.22888007523928572,0.361157560312046,-0.7054689621240783,-0.010684955964216718,-0.6991224441542135,-0.6983308925851475,2.2064398890797734,-2.7975851589136425,1.8462743133027135,1.413942216944694,1.2261094408371742,1.3151467192806872,-1.2021407952057752,-0.11767899376747407,-0.24849716502228064,-0.28674269284199383,-1.2740310493992413,-1.2860490588430924
-0.8252214806906132,0.22888007523928572,0.5056205838950075,-0.7054689621240783,-0.010684955964216718,-0.6991224441542135,-0.6983308925851475,2.1761087100730907,-3.156478772077175,1.8599364205030953,1.498629779936994,1.1227501212932067,1.8867965035269996,-1.0594036970754692,-0.2583910201630326,-0.32307900107511867,-0.5814531794670335,-1.2740310493992413,-1.2860490588430924
-0.8252214806906132,0.22888007523928572,0.6500836074779691,-0.690181584654664,-0.010684955964216718,-0.6991224441542135,-0.6983308925851475,2.0851154623126025,-2.917216363301487,1.6420591230805552,1.5342042730424557,1.0041645012181561,2.322404398579087,-0.1281290407110428,-0.2985523318705236,-0.2902798942458105,-0.7192828035405449,-1.2740310493992413,-1.2860490588430924
-0.8252214806906132,0.22888007523928572,0.7945466310609306,-0.7054689621240783,-0.010684955964216718,-0.6991224441542135,-0.6983308925851475,1.9941222145521145,-2.9770319654954087,1.3081208068715362,1.5066267362790562,0.8212852261797269,2.5867078624481117,0.41369818995709984,-0.309755252023878,-0.25862853456610657,-0.8205767677138641,-1.2740310493992413,-1.2860490588430924
-0.8252214806906132,0.22888007523928572,0.9390096546438922,-0.7054689621240783,-0.010684955964216718,-0.6365178719741689,-0.6983308925851475,1.4178321275016248,-2.079797932586578,0.8431536247003752,1.3456444974906263,0.40462316383024344,1.9131400665802711,0.41369818995709984,-0.2149540360864076,-0.09372964703977417,-0.6143546039555441,-1.2459801151010625,-1.2645546681180562
-0.8252214806906132,0.22888007523928572,1.0834726782268538,0.09566876421402926,-0.010684955964216718,0.1507845115657843,-0.6983308925851475,1.569487444015918,-1.4816419106473573,0.5919859782256709,1.221065312988982,0.21835373107083564,1.3292944988783015,0.41369818995709984,-0.08487907704820934,0.17212344473700303,-0.25782462441204723,-0.16001344881853147,-0.1502943932636044
-0.8252214806906132,0.22888007523928572,1.2279357018098151,0.2899649194982293,-0.010684955964216718,0.1696499930907013,-0.6983308925851475,1.3875009484949419,-2.259244739168344,0.45531540583344565,1.0913058567063179,0.12612047101246307,0.857287912880179,0.41369818995709984,-0.09582404554317663,0.0604144086672772,-0.2207140315036743,-0.027918152242891535,-0.02876607668764511
-0.8252214806906132,0.22888007523928572,1.3723987253927767,-0.7054689621240783,-0.010684955964216718,0.6910087325682168,-0.6983308925851475,1.220680331736868,-1.9601667281987338,0.3972915856818829,0.970254056177635,0.12951403849730472,0.49131295236631756,0.41369818995709984,-0.03564047302527938,0.0521248129468368,-0.08985165063144868,-0.48844609751457546,-0.47844121558962976
-0.8252214806906132,0.22888007523928572,1.5168617489757383,1.22064283501018,-0.010684955964216718,0.5093470736985004,-0.6983308925851475,1.038693836215892,-1.7209043194230456,0.2654680378085553,0.863107121402311,0.2099631546444864,0.18822195003904366,0.41369818995709984,0.0020033366691600404,-0.002981464303335687,0.006237360284997082,0.8226512174289353,0.8119420916864791
-0.8252214806906132,0.22888007523928572,1.6613247725587,-0.7054689621240783,-0.010684955964216718,0.6324762617459193,1.4592214612730623,0.8718729301982574,-1.3620107062595133,0.24714486700788657,0.7660821836138246,0.42661443586589903,-0.055504221166846716,0.41369818995709984,0.056175356646929415,-0.08983462133338536,0.1017926131919633,0.7697724884878441,0.7605350803043159
-0.8252214806906132,0.33895792725144946,-1.6613247698494156,-0.7054689621240783,-0.010684955964216718,-0.6991224441542135,-0.6983308925851475,0.5382314074225488,-0.6442234799324486,0.18141771614149824,0.6715732770105338,0.49173154880223874,-0.11304115212093342,0.41369818995709984,0.1134507594857988,-0.10548442801582376,0.135401814237096,-1.2740310493992413,-1.2860490588430924
-0.8252214806906132,0.33895792725144946,-1.516861746266454,-0.7054689621240783,-0.010684955964216718,-0.6991224441542135,-0.6368431369707594,0.20458959538727972,0.3726417573642265,0.0813874650331015,0.5786509168600676,0.3858225783295696,-0.13113987923611795,0.41369818995709984,0.17733759121909934,-0.034094770445802496,0.17683188121974666,-1.2740310493992413,-1.2860490588430924
-0.8252214806906132,0.33895792725144946,-1.3723987226834924,-0.7054689621240783,-0.010684955964216718,-0.6991224441542135,0.1401482993444896,0.26525166414108486,0.25301055297638236,-0.031587137643772925,0.5009284904082152,0.20434301135698052,-0.22516354219934312,0.41369818995709984,0.24079852521895448,0.08254043511438956,0.2660279806430883,-0.7875481472210976,-0.7826894903782579
-0.8252214806906132,0.33895792725144946,-1.2279356991005308,-0.7054689621240783,-0.010684955964216718,-0.6991224441542135,-0.4537007683153228,0.05293427887298657,0.7315353705277589,-0.15287178525554468,0.4159282761353986,-0.022468513735777892,-0.27641685670676813,0.41369818995709984,0.30596884139655883,0.21461375416204145,0.32961301416374994,-1.140943513862551,-1.1606916158794707
-0.8252214806906132,0.33895792725144946,-1.0834726755175694,-0.7054689621240783,-0.010684955964216718,-0.6991224441542135,1.2089945248415508,0.507900228415866,-1.062932695289903,-0.238359624958913,0.38481418053076066,-0.2181130922370316,-0.23957041406837717,0.41369818995709984,0.27958103825850944,0.24684877607546166,0.2612196076368634,-0.18689986872772713,-0.1566944004124253
-0.8252214806906132,0.33895792725144946,-0.9390096519346078,-0.7054689621240783,-0.010684955964216718,-0.6991224441542135,-0.6983308925851475,0.507900228415866,-0.7638546843202927,-0.31327444926817466,0.3532956849628359,-0.39548645107737196,-0.13812111629708743,0.41369818995709984,0.25881653301293145,0.2846938827911741,0.17918947496117088,-1.2740310493992413,-1.2860490588430924
-0.8252214806906132,0.33895792725144946,-0.7945466283516462,-0.7054689621240783,-0.010684955964216718,0.9578602765493937,0.5008250886186904,0.35624491190157287,-0.5844078777385264,-0.37295586350721033,0.3200127916493323,-0.5084110106985582,-0.12644687132953059,0.41369818995709984,0.24877596378422673,0.30212199836557657,0.14365956858188592,0.44153587094649704,0.4303009405414188
-0.8252214806906132,0.33895792725144946,-0.6500836047686848,-0.7054689621240783,-0.010684955964216718,-0.6991224441542135,-0.6983308925851475,0.507900228415866,-0.8236702865142147,-0.39209378394409455,0.34298383877857413,-0.3373968614630706,-0.061281391879083054,0.41369818995709984,0.1944347912222391,0.20522094431167223,0.09388874712548441,-1.2740310493992413,-1.2860490588430924
-0.8252214806906132,0.33895792725144946,-0.5056205811857232,0.7486367164418769,-0.010684955964216718,0.34833271744839983,0.22448130249224652,0.598893476176354,-0.8236702865142147,-0.1635953085873759,0.4773977763140757,0.5086448300046359,0.07387086333463626,0.12877503894307515,0.09381723592671298,-0.11815934292980348,0.05112157623764139,0.9178409939817889,0.9051415554626205
-0.8252214806906132,0.33895792725144946,-0.3611575576027617,-0.7054689621240783,-0.010684955964216718,-0.6991224441542135,-0.6983308925851475,0.6292243659234763,-0.9433014909020588,0.09742893549786628,0.6464221400268545,1.0706540441094308,0.19071309288172206,-0.32785193899159865,-0.03092036788991064,-0.32201085400899215,0.0005833828317607803,-1.2740310493992413,-1.2860490588430924
-0.8252214806906132,0.33895792725144946,-0.21669453401980013,-0.7054689621240783,-0.010684955964216718,-0.6991224441542135,-0.6983308925851475,0.6595555449301591,-1.062932695289903,0.44761341296695545,0.7911980326425924,1.4401906125467059,0.23771025085281736,-1.0148053004727033,-0.14221528794873778,-0.4556903736600077,-0.03069596341844114,-1.2740310493992413,-1.2860490588430924
-0.8252214806906132,0.33895792725144946,-0.0722315104368386,-0.7054689621240783,-0.010684955964216718,-0.6991224441542135,-0.6983308925851475,0.8112108614444523,-1.3021951040655912,0.825750893554413,0.9102849998417983,1.4616908785860618,0.24008735955661853,-1.5917847720728162,-0.24260915644601805,-0.47292938525231043,-0.043746921033092336,-1.2740310493992413,-1.2860490588430924
-0.8252214806906132,0.33895792725144946,0.07223151314612293,-0.7054689621240783,-0.010684955964216718,-0.6991224441542135,-0.6983308925851475,0.8112108614444523,-1.5414575128412795,1.146302699320128,1.0103969279259497,1.190167972396235,0.29937337296436634,-2.031269680043594,-0.35436906513507144,-0.43340019893264264,-0.1223060013182718,-1.2740310493992413,-1.2860490588430924
-0.8252214806906132,0.33895792725144946,0.21669453672908448,-0.7054689621240783,-0.010684955964216718,-0.6991224441542135,-0.6983308925851475,0.8112108614444523,-1.3021951040655912,1.3770648140602237,1.111470805660991,0.9829540651071716,0.46857068803714685,-2.1870306331314544,-0.41654120605031925,-0.3511707310758439,-0.17170364726012854,-1.2740310493992413,-1.2860490588430924
-0.8252214806906132,0.33895792725144946,0.361157560312046,-0.7054689621240783,-0.010684955964216718,-0.6991224441542135,-0.6983308925851475,0.5382314074225488,-0.6442234799324486,1.4417430918317138,1.1586578589687553,0.7987313431066446,0.7997903907829103,-1.7686948651236414,-0.44308923360480357,-0.26034359366201,-0.26493272945099516,-1.2740310493992413,-1.2860490588430924
-0.8252214806906132,0.33895792725144946,0.5056205838950075,1.5472280876323026,-0.010684955964216718,-0.6991224441542135,-0.6983308925851475,0.598893476176354,-0.9433014909020588,1.3924975635324137,1.18149198883294,0.6409939619134601,1.2226474244386296,-1.1416474926154652,-0.46549338479868846,-0.20042710488081583,-0.40866208070683335,0.3517865439697739,0.34186879975703216
-0.8252214806906132,0.33895792725144946,0.6500836074779691,-0.7054689621240783,-0.010684955964216718,-0.6991224441542135,-0.6983308925851475,0.6595555449301591,-1.5414575128412795,1.2567608092782483,1.172992532012937,0.47794502106238845,1.4770634576779453,-0.4338515174019818,-0.50857903340795,-0.20837915322023862,-0.5525496306418921,-1.2740310493992413,-1.2860490588430924
-0.8252214806906132,0.33895792725144946,0.7945466310609306,0.7044140465673133,-0.010684955964216718,0.9073426894996517,-0.6983308925851475,0.507900228415866,-1.182563899677747,0.9133859798359847,1.0726999295996384,0.21799059121940573,1.3508100577282267,0.41369818995709984,-0.49566383545486264,-0.16566187598960835,-0.5581422790181155,0.7427974135339394,0.7383475419138239
-0.8252214806906132,0.33895792725144946,0.9390096546438922,-0.7054689621240783,-0.010684955964216718,1.9722273431295312,-0.6983308925851475,0.35624491190157287,-1.6012731150352015,0.7175249835437896,0.8909958979280307,0.12411297253800889,0.718035459584771,0.41369818995709984,-0.4608519440605453,-0.24010150756899024,-0.4496229694148096,0.1731080166837282,0.21390277348645623
-0.8252214806906132,0.33895792725144946,1.0834726782268538,1.508427433687822,-0.010684955964216718,0.4288394751095023,-0.6983308925851475,0.3107484326511092,-1.3021951040655912,0.39798726681625407,0.7317491207621524,0.5084436539367075,0.27914992152627804,0.41369818995709984,-0.3942386429276981,-0.3990011304254326,-0.3232521307693289,0.7599896518182752,0.7461978676449383
-0.8252214806906132,0.33895792725144946,1.2279357018098151,-0.7054689621240783,-0.010684955964216718,0.6240836962322716,1.7498161279425106,0.26525166414108486,-1.4816419106473573,0.3439629442631579,0.6089957350476332,0.6838521363508837,-0.1764944425155919,0.41369818995709984,-0.36392847851080723,-0.5101443604963846,-0.21553334982498257,0.7307414075149552,0.7203523626917022
-0.8252214806906132,0.33895792725144946,1.3723987253927767,-0.7054689621240783,-0.010684955964216718,-0.6991224441542135,-0.6983308925851475,0.20458959538727972,-1.6012731150352015,0.25476792682259236,0.5210630917216643,0.7138853364578771,-0.21979052189106874,0.41369818995709984,-0.35895669556468296,-0.5749474338616668,-0.2620636988835979,-1.2740310493992413,-1.2860490588430924
-0.8252214806906132,0.33895792725144946,1.5168617489757383,-0.7054689621240783,-0.010684955964216718,-0.6991224441542135,2.1400762992895763,0.20458959538727972,-1.6012731150352015,0.15652637893853077,0.4693295383030921,0.6074947368395321,0.01630542384583025,0.41369818995709984,-0.39737170591413173,-0.6157108517459605,-0.4272879164351106,0.28520237515250096,0.2845766053907855
-0.8252214806906132,0.33895792725144946,1.6613247725587,-0.7054689621240783,-0.010684955964216718,-0.6991224441542135,-0.6983308925851475,0.20458959538727972,-1.6610887172291235,0.03830272831799223,0.4137933548632481,0.3987703041590747,0.1899475548758771,0.41369818995709984,-0.43371465743236476,-0.6198711393521548,-0.5571064027350006,-1.2740310493992413,-1.2860490588430924
-0.8252214806906132,0.44903577926361327,-1.6613247698494156,0.7964550163236459,-0.010684955964216718,0.4885234915687785,0.22488858729408012,0.20458959538727972,-1.6610887172291235,-0.10247905200869965,0.37265748006372146,0.12888493706454582,0.24913378841210732,0.41369818995709984,-0.4744548522347768,-0.5953586163482365,-0.635365772371739,0.8800840255093088,0.8635120026550968
-0.8252214806906132,0.44903577926361327,-1.516861746266454,-0.7054689621240783,-0.010684955964216718,-0.6991224441542135,0.09979906776005856,0.20458959538727972,-1.6610887172291235,-0.12908417292922383,0.33854884860528683,0.07553150945621782,0.25956120422885204,0.41369818995709984,-0.49271319665340624,-0.6117357956853725,-0.6711067547969976,-0.8466395696810648,-0.8584625147620286
-0.8252214806906132,0.44903577926361327,-1.3723987226834924,-0.7054689621240783,-0.010684955964216718,-0.6991224441542135,0.11449480685720165,0.20458959538727972,-1.6610887172291235,-0.16539672137089667,0.3052094945639246,-0.02237900743436911,0.26096147637535927,0.41369818995709984,-0.5139634424867607,-0.6141801636542203,-0.7034932750912234,-0.8353280860273944,-0.847145834387394
-0.8252214806906132,0.44903577926361327,-1.2279356991005308,-0.7054689621240783,-0.010684955964216718,-0.6991224441542135,0.11975424130990685,0.20458959538727972,-1.6012731150352015,-0.2354591697679193,0.26695029384878993,-0.19740985850069673,0.23868037951958912,0.41369818995709984,-0.5307942452673942,-0.5872929765383373,-0.7233014834137842,-0.8318708092991027,-0.843769868523842
-0.8252214806906132,0.44903577926361327,-1.0834726755175694,-0.7054689621240783,-0.010684955964216718,1.0726148739169323,0.4003137814833279,0.1894240058839383,-1.4218263084534353,-0.29698949040637995,0.24275052012952686,-0.30581733344411965,0.24257179450877472,0.41369818995709984,-0.5283404469379854,-0.5574175592616293,-0.728585102589229,0.42348876401784913,0.41224562166065015
-0.8252214806906132,0.44903577926361327,-0.9390096519346078,-0.7054689621240783,-0.010684955964216718,-0.6991224441542135,-0.6983308925851475,0.17425856101037715,-1.3021951040655912,-0.3654685952985404,0.21601424821121945,-0.2988298748474738,0.23320506388085135,0.41369818995709984,-0.5334261243488044,-0.5653954238443422,-0.7311960309279255,-1.2740310493992413,-1.2860490588430924
-0.8252214806906132,0.44903577926361327,-0.7945466283516462,-0.7054689621240783,-0.010684955964216718,1.3433970199979306,1.1062853890148732,0.05293427887298657,-1.122748297483825,-0.42367570067204335,0.19401785439663538,-0.2641858215564793,0.19568028581340394,0.41369818995709984,-0.5245358409531503,-0.5742704028813848,-0.7179964098969109,0.7553660887251703,0.7442744230939368
-0.8252214806906132,0.44903577926361327,-0.6500836047686848,-0.7054689621240783,-0.010684955964216718,-0.6991224441542135,-0.6983308925851475,0.20458959538727972,-1.122748297483825,-0.43851176978667655,0.22931357265829558,-0.0003434084684920571,0.2599821243591195,0.41369818995709984,-0.5466205085214931,-0.6559076030900373,-0.7372998994196025,-1.2740310493992413,-1.2860490588430924
-0.8252214806906132,0.44903577926361327,-0.5056205811857232,-0.7054689621240783,-0.010684955964216718,1.136586151019733,1.028062181935796,0.47756904940918316,-1.8405355238108898,-0.288225914885806,0.39112507838714755,1.076419954802088,0.4247203692072741,0.41369818995709984,-0.6444804664811471,-0.9594769355014373,-0.7886496737209362,0.7329636339655832,0.7225917709688829
-0.8252214806906132,0.44903577926361327,-0.3611575576027617,-0.7054689621240783,-0.010684955964216718,-0.6991224441542135,-0.6983308925851475,0.6595555449301591,-1.9601667281987338,0.07960277535377235,0.5823441542211135,1.7467786778646315,0.5773299095049934,0.12154476373307795,-0.7566308015343448,-1.1228509435907699,-0.8317889365707265,-1.2740310493992413,-1.2860490588430924
-0.8252214806906132,0.44903577926361327,-0.21669453401980013,-0.7054689621240783,-0.010684955964216718,-0.6991224441542135,-0.6983308925851475,0.6595555449301591,-2.1396135347805,0.4267175598174487,0.7592214994199153,2.093207276601056,0.656687608327765,-0.32033034686780054,-0.8597627219191067,-1.2087634212559377,-0.8630546300582012,-1.2740310493992413,-1.2860490588430924
-0.8252214806906132,0.44903577926361327,-0.0722315104368386,-0.7054689621240783,-0.010684955964216718,-0.6991224441542135,-0.6983308925851475,0.5382314074225488,-1.9003511260048118,0.818080340123803,0.891014953423683,2.103391388819444,0.6514311376173136,-0.5073780345294066,-0.94258330189875,-1.2158812822340501,-0.8674956787339073,-1.2740310493992413,-1.2860490588430924
-0.8252214806906132,0.44903577926361327,0.07223151314612293,-0.7054689621240783,-0.010684955964216718,-0.6991224441542135,-0.6983308925851475,0.6595555449301591,-1.9601667281987338,1.1805268665103519,1.0044233829185176,1.8242331688989648,0.647215228424117,-0.7318289420071309,-1.0178159044699373,-1.154715932683699,-0.8677973397770236,-1.2740310493992413,-1.2860490588430924
-0.8252214806906132,0.44903577926361327,0.21669453672908448,-0.7054689621240783,-0.010684955964216718,-0.6991224441542135,-0.6983308925851475,0.6595555449301591,-1.7807199216169676,1.4231162294589255,1.0784384568273595,1.4553478653595593,0.7271062045434027,-1.0582337496304859,-1.0613621982764494,-1.0519175881209004,-0.8719042208316914,-1.2740310493992413,-1.2860490588430924
-0.8252214806906132,0.44903577926361327,0.361157560312046,-0.7054689621240783,-0.010684955964216718,-0.6991224441542135,-0.6983308925851475,0.6595555449301591,-2.079797932586578,1.5610978932197732,1.140303182101046,1.2196769213092629,1.1527126348269048,-0.6612144240702698,-1.1089312349239069,-0.9984616142230455,-0.9909912022069257,-1.2740310493992413,-1.2860490588430924
-0.8252214806906132,0.44903577926361327,0.5056205838950075,-0.7054689621240783,-0.010684955964216718,-0.6991224441542135,-0.6983308925851475,0.6595555449301591,-1.9601667281987338,1.5566294797797737,1.1764563976670577,1.029602192078533,1.699155843463457,-0.1110852463325251,-1.1320385396561827,-0.9471868977478404,-1.1241387955070692,-1.2740310493992413,-1.2860490588430924
-0.8252214806906132,0.44903577926361327,0.6500836074779691,0.9730676115212653,-0.010684955964216718,0.724891924915942,-0.6983308925851475,0.6292243659234763,-1.7209043194230456,1.3437443634205146,1.185565630347933,0.8073887335552886,2.1109465347301932,0.41369818995709984,-1.1381992167284745,-0.8784765359606065,-1.2106952524478833,0.8416169166279401,0.7930981953736737
-0.8252214806906132,0.44903577926361327,0.7945466310609306,-0.7054689621240783,-0.010684955964216718,1.0733551006969966,-0.6983308925851475,0.598893476176354,-1.5414575128412795,1.1456558496499962,1.1372726525332397,0.7609545692663426,2.256376116710223,0.41369818995709984,-1.1133743255561621,-0.8513352739836771,-1.2309880254920016,-0.3099512706815768,-0.29019880771730616
-0.8252214806906132,0.44903577926361327,0.9390096546438922,1.0874214376282265,-0.010684955964216718,0.18601618435202885,-0.6983308925851475,0.35624491190157287,-0.5844078777385264,0.688236138862595,0.98904136337256,0.6954444810447701,1.446998692357489,0.41369818995709984,-1.0278907385587832,-0.798453066092944,-1.0079078420680634,0.48420837912633236,0.45816209735874375
-0.8252214806906132,0.44903577926361327,1.0834726782268538,-0.7054689621240783,-0.010684955964216718,0.6980783082701792,1.4601152659025107,0.35624491190157287,-0.5844078777385264,0.5752106979489781,0.8340764266556527,0.7986162635762619,0.5496229677030867,0.41369818995709984,-0.9242308497656482,-0.7629340028976666,-0.6956507381017574,0.7313903444412018,0.7228329443188913
-0.8252214806906132,0.44903577926361327,1.2279357018098151,-0.7054689621240783,-0.010684955964216718,-0.6991224441542135,-0.6983308925851475,0.32591373289489,-0.4049610711567603,0.43490719840216635,0.7165209566996092,0.8127659311675421,0.40503187203833046,0.41369818995709984,-0.8524780609134502,-0.7379053701633076,-0.6207213423073504,-1.2740310493992413,-1.2860490588430924
-0.8252214806906132,0.44903577926361327,1.3723987253927767,0.7481520424172546,-0.010684955964216718,0.28229895956575823,0.45360006997890934,0.20458959538727972,-0.2853298667689162,0.24431264208199466,0.6227248667855323,0.654524757363571,0.3163678136023353,0.41369818995709984,-0.7829565901015753,-0.6493274729461208,-0.5481631930170949,0.8403219229393359,0.8262649609860432
-0.8252214806906132,0.44903577926361327,1.5168617489757383,-0.7054689621240783,-0.010684955964216718,1.0360762415070115,1.1561282029442574,0.05293427887298657,0.013748144200694123,0.16277011711951217,0.5283197067696815,0.5847797424239142,0.32892917709145175,0.41369818995709984,-0.7030014693766994,-0.5721691758129341,-0.493961074858364,0.6831708206213422,0.6765965092443847
-0.8252214806906132,0.44903577926361327,1.6613247725587,-0.7054689621240783,-0.010684955964216718,-0.6991224441542135,-0.6983308925851475,-0.007727789880818559,0.13337934858853825,0.06906922648555787,0.4530462643886928,0.6057838878211756,0.3889756975871529,0.41369818995709984,-0.6390038801025199,-0.5364588572819494,-0.47007134061191463,-1.2740310493992413,-1.2860490588430924
-0.8252214806906132,0.559113631275777,-1.6613247698494156,0.859480759856377,-0.010684955964216718,0.2986116993477244,0.3517805464522739,-0.2503763541555997,0.7315353705277589,-0.07347918256793622,0.38018581236455784,0.46292756856792594,0.30555134013530355,0.41369818995709984,-0.5758913859480445,-0.45485736954318157,-0.40510911173995684,0.8569057266021147,0.8413146288178754
-0.8252214806906132,0.559113631275777,-1.516861746266454,-0.7054689621240783,-0.010684955964216718,-0.6991224441542135,0.4312950957967633,-0.2503763541555997,0.013748144200694123,-0.11793053135758427,0.30820897073140885,0.3801436166154237,0.26571653226927683,0.41369818995709984,-0.5340921174050703,-0.4264508965096782,-0.3902594568136206,-0.6674467081280239,-0.6715584191997399
-0.8252214806906132,0.559113631275777,-1.3723987226834924,-0.7054689621240783,-0.010684955964216718,-0.6991224441542135,-0.07093417616576042,-0.2503763541555997,0.4324573595581485,-0.18402157697118215,0.2494665237082987,0.20886180091667544,0.26495183274974715,0.41369818995709984,-0.49439820734612544,-0.3597126805744447,-0.3808683064519497,-0.9419332796480075,-0.9620915221083345
-0.8252214806906132,0.559113631275777,-1.2279356991005308,-0.7054689621240783,-0.010684955964216718,-0.6991224441542135,0.8414391710937682,-0.2503763541555997,0.3726417573642265,-0.26822909581764043,0.19555782074897674,-0.018939408137374374,0.23582030269819027,0.41369818995709984,-0.44870818806429935,-0.2617475670262681,-0.35255052616096305,-0.4469212446393962,-0.4401409614999788
-0.8252214806906132,0.559113631275777,-1.0834726755175694,-0.7054689621240783,-0.010684955964216718,0.9685654988918107,0.14245423773037272,-0.40203167066989287,0.7315353705277589,-0.3609988440102056,0.15296102461611072,-0.2867158362825191,0.29594228696226604,0.41369818995709984,-0.41652986486421617,-0.1540299373045473,-0.3640077946153575,0.1608314081118689,0.1386560735684164
-0.8252214806906132,0.559113631275777,-0.9390096519346078,1.0153613631001688,-0.010684955964216718,0.34076005663292036,0.13271398920396946,-0.2655419436589411,0.4324573595581485,-0.42188565959937285,0.125803414516159,-0.25453959958750966,0.3008994180581646,0.41369818995709984,-0.3948981208345006,-0.15824250280340393,-0.35846282255341966,0.8512156028188543,0.8401675698430692
-0.8252214806906132,0.559113631275777,-0.7945466283516462,-0.7054689621240783,-0.010684955964216718,1.2667916421922787,1.0812756287079408,-0.2503763541555997,0.3726417573642265,-0.4471569457295738,0.09885470910928387,-0.15664613151623868,0.2989138824635963,0.41369818995709984,-0.3669589882186492,-0.18217416033329573,-0.3461614666256502,0.6817282185334254,0.6706028289885686
-0.8252214806906132,0.559113631275777,-0.6500836047686848,2.2906281573803917,-0.010684955964216718,-0.6991224441542135,-0.6983308925851475,-0.09872103764130656,0.013748144200694123,-0.37677073803540156,0.11711199122143695,0.13602327771213787,0.37088283987617526,0.41369818995709984,-0.3648980292717045,-0.27687459478208265,-0.3608498889254932,0.9048932172186647,0.8853212861567905
-0.8252214806906132,0.559113631275777,-0.5056205811857232,-0.7054689621240783,-0.010684955964216718,1.1683511511145364,1.0725427969379,-0.09872103764130656,0.7315353705277589,-0.17290338838042882,0.1966651567741021,0.9789322486305368,0.42690127211330114,0.03644512647987768,-0.3358957207841474,-0.4603172898636699,-0.2762012430429224,0.6968692400980443,0.692466617257554
-0.8252214806906132,0.559113631275777,-0.3611575576027617,-0.7054689621240783,-0.010684955964216718,-0.6991224441542135,-0.6983308925851475,-0.2503763541555997,0.7315353705277589,0.09642889386720771,0.3385897826329842,1.4330215840243452,0.5534129258481242,-0.04249356752804016,-0.4319311955921976,-0.6198238095727896,-0.3408145679785172,-1.2740310493992413,-1.2860490588430924
-0.8252214806906132,0.559113631275777,-0.21669453401980013,-0.7054689621240783,-0.010684955964216718,-0.6991224441542135,0.18013499924350057,-0.2503763541555997,1.0904289836912913,0.44849037255076374,0.5033217195103186,1.5475666339215133,0.6671971958034065,-0.5766950807497812,-0.49782662377490305,-0.62014780342608,-0.34236664871903383,-0.7965355186265657,-0.8419095859823053
-0.8252214806906132,0.559113631275777,-0.0722315104368386,-0.7054689621240783,-0.010684955964216718,-0.6991224441542135,-0.6983308925851475,0.05293427887298657,0.7315353705277589,0.7191819087070948,0.6791291339162012,1.3945722342620286,0.7131915241414344,-0.99814758875103,-0.5402190122208849,-0.5023917426363775,-0.2801445076553826,-1.2740310493992413,-1.2860490588430924
-0.8252214806906132,0.559113631275777,0.07223151314612293,-0.7054689621240783,-0.010684955964216718,-0.6991224441542135,-0.6983308925851475,0.507900228415866,-0.2853298667689162,0.9456588952291309,0.8604478211201745,1.2158656577511802,0.7388911297045757,-1.1714390343545216,-0.5530442045906435,-0.34971856739077767,-0.18728470018971013,-1.2740310493992413,-1.2860490588430924
-0.8252214806906132,0.559113631275777,0.21669453672908448,-0.7054689621240783,-0.010684955964216718,-0.6991224441542135,-0.6983308925851475,0.35624491190157287,-0.2853298667689162,1.1431527354145954,0.9410589195610888,0.9767943266883156,0.7383058662565146,-1.3784097570567495,-0.5748962571929572,-0.25587028410592366,-0.17484681663466817,-1.2740310493992413,-1.2860490588430924
-0.8252214806906132,0.559113631275777,0.361157560312046,1.583615149256501,-0.010684955964216718,-0.6991224441542135,-0.6983308925851475,0.689886723936842,-0.7040390821263706,1.3525340269836275,1.0200813542718836,0.8266325883581774,1.0756289108911559,-1.5373049993497205,-0.5667636615497216,-0.1626671917679606,-0.2582331237412673,0.3825718957386193,0.3495536645874398
-0.8252214806906132,0.559113631275777,0.5056205838950075,-0.7054689621240783,-0.010684955964216718,-0.6991224441542135,-0.6983308925851475,0.9628661779587454,-1.5414575128412795,1.3749483379937328,1.0845115138676422,0.6965739653244524,1.4856847739715904,-1.6092006097388385,-0.6055365225159973,-0.1661566873193346,-0.44729311461987886,-1.2740310493992413,-1.2860490588430924
-0.8252214806906132,0.559113631275777,0.6500836074779691,1.0722749931141777,-0.010684955964216718,-0.6991224441542135,-0.6983308925851475,0.8112108614444523,-1.7209043194230456,1.215167773457031,1.0639696895545134,0.5021603115778109,1.7406198302400606,-1.2882980649492404,-0.6384891832949057,-0.19385127744411434,-0.6153690258972305,-0.037199390370161955,-0.04209279964815573
-0.8252214806906132,0.559113631275777,0.7945466310609306,-0.7054689621240783,-0.010684955964216718,1.469590233948799,-0.6983308925851475,0.7808796824377694,-1.9601667281987338,1.0342920163688583,0.9967708370163925,0.3142507824002078,1.8022712135431957,-0.8039398227261259,-0.6460465153707,-0.2135903770636993,-0.7078242348230336,-0.021282164637450047,-0.01848660051953028
-0.8252214806906132,0.559113631275777,0.9390096546438922,1.165826678259861,-0.010684955964216718,0.6170844431255752,-0.6983308925851475,0.6595555449301591,-1.9601667281987338,0.6255873770157991,0.8502933592148183,0.25238658418935306,1.1676259524303643,0.38230382021841613,-0.6175832751757871,-0.2879751491260898,-0.5982025188071324,0.7768038685921762,0.7669143920339772
-0.8252214806906132,0.559113631275777,1.0834726782268538,-0.7054689621240783,-0.010684955964216718,0.7277225933283744,1.446739429314861,0.507900228415866,-2.378875943556188,0.5213408968786124,0.6977449416502559,0.4500113830541554,0.27182322810341575,0.19545502362245726,-0.6788891425142253,-0.5825972170192351,-0.5311886914472562,0.7361951778490724,0.726681472662016
-0.8252214806906132,0.559113631275777,1.2279357018098151,-0.7054689621240783,-0.010684955964216718,-0.6991224441542135,-0.6983308925851475,0.26525166414108486,-2.019982330392656,0.37890085354028,0.5704979877572962,0.47815898374480376,0.12665944628532755,0.24649983064708164,-0.6759032736452997,-0.6786730118293003,-0.575015576775357,-1.2740310493992413,-1.2860490588430924
-0.8252214806906132,0.559113631275777,1.3723987253927767,-0.7054689621240783,-0.010684955964216718,1.094895468741694,1.2680665423426958,0.05293427887298657,-2.259244739168344,0.20043322345569983,0.46964077806541227,0.3947646840607901,0.13670115839704633,0.309712091099533,-0.725974610290394,-0.7936202653490435,-0.7236102959040434,0.7245618358808031,0.7140257115830708
-0.8252214806906132,0.559113631275777,1.5168617489757383,-0.7054689621240783,-0.010684955964216718,1.5782456864058483,-0.6983308925851475,0.05293427887298657,-2.019982330392656,0.05487331779937972,0.390818778938515,0.4929965711954829,0.19269527453102928,0.3267313165817061,-0.8299749759684535,-0.9727987624451939,-0.8987706907737196,-0.10669828504313096,-0.09047346456222301
-0.8252214806906132,0.559113631275777,1.6613247725587,1.0338993596266026,-0.010684955964216718,-0.10789410675646575,0.5628754417383904,0.05293427887298657,-2.5583227501379544,-0.12440973084558359,0.3303373414973622,0.6888133427718278,0.13088122488273102,0.3246581697091956,-0.9494613693175195,-1.1683299134473548,-1.039291859499174,0.8156641198443971,0.7987955827967692
-0.8252214806906132,0.6691914832879408,-1.6613247698494156,-0.7054689621240783,-0.010684955964216718,0.9643169209314818,1.2858210573788795,-0.09872103764130656,-2.259244739168344,-0.1548069828725984,0.27052708095862765,0.7134275756592436,0.18324721073052433,0.17194843955785144,-1.0481765009697122,-1.2801541545027626,-1.1671050150070548,0.644534142091007,0.6376930144220024
-0.8252214806906132,0.6691914832879408,-1.516861746266454,-0.7054689621240783,-0.010684955964216718,-0.6991224441542135,-0.6983308925851475,-0.09872103764130656,-2.259244739168344,-0.20440904775326385,0.22091151059384845,0.6844283864437631,0.22920213021173433,-0.1608758696961273,-1.1359580053130405,-1.3500621748432948,-1.2594348568973386,-1.2740310493992413,-1.2860490588430924
-0.8252214806906132,0.6691914832879408,-1.3723987226834924,-0.7054689621240783,-0.010684955964216718,-0.6991224441542135,0.9437979329903043,-0.12905207201820915,-2.5583227501379544,-0.2654062358300958,0.19610548980920445,0.5920357199247863,0.24921009066679722,-0.21297128952634672,-1.2395486404803973,-1.409504290154034,-1.3467724469056188,-0.4274751881067746,-0.43910675403113436
-0.8252214806906132,0.6691914832879408,-1.2279356991005308,-0.7054689621240783,-0.010684955964216718,-0.6991224441542135,-0.6983308925851475,-0.2503763541555997,-2.4386915457501104,-0.3507281823398833,0.15054097666827457,0.34856494103743857,0.2569887282135921,0.028522242382450307,-1.3112324170086487,-1.4249361647160321,-1.4143913300358832,-1.2740310493992413,-1.2860490588430924
-0.8252214806906132,0.6691914832879408,-1.0834726755175694,-0.7054689621240783,-0.010684955964216718,1.1996702491927207,0.9699462251557849,-0.2503763541555997,-2.4386915457501104,-0.4272209987606657,0.12695733064176767,0.07215925299552113,0.17416304999084822,0.3976933089097273,-1.374381830343417,-1.4173734038118875,-1.4452446234047873,0.7312821582851202,0.7203367899010474
-0.8252214806906132,0.6691914832879408,-0.9390096519346078,-0.7054689621240783,-0.010684955964216718,-0.6991224441542135,-0.6983308925851475,-0.7053423036984792,-1.6610887172291235,-0.5134479996693034,0.08191437347443095,0.039130575334713695,0.1581555077459565,0.41369818995709984,-1.395185426485776,-1.4310365430054748,-1.462172423857678,-1.2740310493992413,-1.2860490588430924
-0.8252214806906132,0.6691914832879408,-0.7945466283516462,-0.7054689621240783,-0.010684955964216718,1.3115361541230335,1.235823756110869,-0.8569976202127723,-1.2423795018716692,-0.6002977689780369,0.03601391900274285,-0.015118767728667954,0.09424608079578908,0.41369818995709984,-1.4121865883597875,-1.4299034250604017,-1.459054067837619,0.7326999189594942,0.7215979810389418
-0.8252214806906132,0.6691914832879408,-0.6500836047686848,-0.7054689621240783,-0.010684955964216718,1.288343362763566,1.250622259682587,-0.553686987184186,-1.182563899677747,-0.6321659852497461,0.04787278913032831,0.2963750953474248,0.2384447648649972,0.41369818995709984,-1.4347693029093378,-1.4744779658603915,-1.471676155334219,0.6301597841515987,0.6225986772696079
-0.8252214806906132,0.6691914832879408,-0.5056205811857232,-0.7054689621240783,-0.010684955964216718,-0.6991224441542135,-0.6983308925851475,-0.09872103764130656,-1.7807199216169676,-0.4919220199538566,0.15958175071662128,1.0121748889737596,0.4550559656075641,0.41369818995709984,-1.486221368637024,-1.5793868958798334,-1.4872255685279565,-1.2740310493992413,-1.2860490588430924
-0.8252214806906132,0.6691914832879408,-0.3611575576027617,-0.7054689621240783,-0.010684955964216718,-0.6991224441542135,1.5022873747169703,0.35624491190157287,-2.9770319654954087,-0.1984368927843543,0.3712734864720893,1.5523547948264005,0.7228710101649549,-0.6672209342528144,-1.6369672078099917,-1.717124298705326,-1.590914183941531,-0.11355532522705533,-0.13824822497673647
-0.8252214806906132,0.6691914832879408,-0.21669453401980013,-0.7054689621240783,-0.010684955964216718,-0.6991224441542135,-0.6983308925851475,0.35624491190157287,-2.5583227501379544,0.28375241100749954,0.537704185498867,1.9071322003818498,0.8752449358080824,-1.7874573122988395,-1.728962807347026,-1.7537759420072747,-1.5987682065885296,-1.2740310493992413,-1.2860490588430924
-0.8252214806906132,0.6691914832879408,-0.0722315104368386,-0.7054689621240783,-0.010684955964216718,-0.6991224441542135,-0.6983308925851475,0.5685622971696711,-2.7377695567197207,0.6073812679444717,0.7431337207757261,1.854761637207087,0.9773658611179064,-2.334370304510325,-1.8164598168304495,-1.7371542613326456,-1.6069027610029951,-1.2740310493992413,-1.2860490588430924
-0.8252214806906132,0.6691914832879408,0.07223151314612293,-0.7054689621240783,-0.010684955964216718,-0.6991224441542135,-0.6983308925851475,0.6595555449301591,-3.096663169883253,0.9772127171420378,0.8974733549316003,1.599609007324444,0.974133496372526,-2.900726653309989,-1.9107875985735743,-1.7142788108563587,-1.6242392774956254,-1.2740310493992413,-1.2860490588430924
-0.8252214806906132,0.6691914832879408,0.21669453672908448,-0.7054689621240783,-0.010684955964216718,-0.6991224441542135,-0.6983308925851475,0.8112108614444523,-3.3359255786589412,1.2621750814913255,0.9979967405700207,1.2807202188700542,0.9806258959116908,-3.33045770943194,-1.978306988085508,-1.68905816981253,-1.651864667676873,-1.2740310493992413,-1.2860490588430924
-0.8252214806906132,0.6691914832879408,0.361157560312046,-0.7054689621240783,-0.010684955964216718,-0.6991224441542135,-0.6983308925851475,0.9325349989520626,-3.5751879874346293,1.3790729244115527,1.0377507390552099,1.0621995346106465,1.3441910467554554,-3.3824010360943118,-2.058520181119687,-1.7137441994848936,-1.7700827482242518,-1.2740310493992413,-1.2860490588430924
-0.8252214806906132,0.6691914832879408,0.5056205838950075,-0.7054689621240783,-0.010684955964216718,-0.6991224441542135,-0.6983308925851475,0.947700588455404,-3.4555567830467853,1.377026016458499,1.0907137248229015,0.8704037270699706,1.8206910809171302,-3.132165656876599,-2.099097738487344,-1.6942951023316004,-1.8501819901713765,-1.2740310493992413,-1.2860490588430924
-0.8252214806906132,0.6691914832879408,0.6500836074779691,-0.7054689621240783,-0.010684955964216718,-0.6991224441542135,-0.6983308925851475,0.947700588455404,-3.3359255786589412,1.2270833196556405,1.120613209019483,0.7088099029475161,2.127852095818743,-2.5551417272735764,-2.118679140850722,-1.6649303088336338,-1.88973924484468,-1.2740310493992413,-1.2860490588430924
-0.8252214806906132,0.6691914832879408,0.7945466310609306,1.1122475481243004,-0.010684955964216718,0.8954041412824132,-0.6983308925851475,0.9628661779587454,-3.216294374271097,0.8183151325066532,1.0582001089264703,0.4500863978591456,2.194641723261876,-1.164105803769366,-2.1153862154006013,-1.6106759676120335,-1.8898295047760434,0.8994209058295118,0.8790061097360099
-0.8252214806906132,0.6691914832879408,0.9390096546438922,-0.7054689621240783,-0.010684955964216718,2.202301851642397,-0.6983308925851475,0.507900228415866,-2.378875943556188,0.6260181641797752,0.8972298680427103,0.3546223865403988,1.525200957037813,-0.09637432715930422,-2.051054664390961,-1.5586056805727728,-1.7641826959761457,0.2725044526067498,0.327268079087365
-0.8252214806906132,0.6691914832879408,1.0834726782268538,1.64445676486928,-0.010684955964216718,0.2792028732862905,-0.6983308925851475,0.2955828431477677,-2.199429136974422,0.3054275608123356,0.7435684683802368,0.7375849001889918,0.8939364727481655,0.41369818995709984,-1.9915608531597797,-1.591155768222012,-1.6290295551734735,0.7719659132995819,0.7565713952724022
-0.8252214806906132,0.6691914832879408,1.2279357018098151,-0.7054689621240783,-0.010684955964216718,0.7303823431460349,1.748558429120585,0.08326531324988914,-1.6610887172291235,0.26283314551212444,0.6048966862051041,0.8388514771619252,0.15720131031917495,0.41369818995709984,-1.9292567201424387,-1.574765035357149,-1.4566641842287922,0.7115636562496208,0.7025553267401481
-0.8252214806906132,0.6691914832879408,1.3723987253927767,-0.7054689621240783,-0.010684955964216718,-0.6991224441542135,-0.6983308925851475,0.08326531324988914,-1.6610887172291235,0.1830231341438933,0.5071292898452779,0.8615204397653902,0.18712520993866555,0.41369818995709984,-1.88623417196224,-1.556766380806036,-1.438516845327527,-1.2740310493992413,-1.2860490588430924
-0.8252214806906132,0.6691914832879408,1.5168617489757383,-0.7054689621240783,-0.010684955964216718,1.1131692523760996,1.4377638616721886,-0.053224413761062565,-1.4218263084534353,0.07685617272134149,0.4311140946520478,0.7211259700213649,0.17126356431263148,0.41369818995709984,-1.8353745022320656,-1.4814755661718444,-1.3813216298289963,0.7102040388837567,0.6993807314031217
-0.8252214806906132,0.6691914832879408,1.6613247725587,-0.7054689621240783,-0.010684955964216718,2.4683415848564003,-0.6983308925851475,-0.18971428540179458,-1.122748297483825,-0.05430647807433343,0.3501310611663655,0.8108019071823437,0.23066361185925652,0.41369818995709984,-1.7722340170650805,-1.438977511873819,-1.329446982649482,0.302846259136685,0.3436648957634031
-0.8252214806906132,0.7792693353001046,-1.6613247698494156,1.2021439496950612,-0.010684955964216718,-0.33231534609646446,0.6356166540773992,0.05293427887298657,-1.6012731150352015,-0.18581897620969692,0.3147146580989077,1.1178519955037316,0.2256662334202248,0.41369818995709984,-1.7337924635141138,-1.456870965233525,-1.2828686322108018,0.8033200974365102,0.7836145707700726
-0.8252214806906132,0.7792693353001046,-1.516861746266454,-0.7054689621240783,-0.010684955964216718,-0.6991224441542135,-0.4064158255670888,-0.14421766152155058,-1.182563899677747,-0.20439901389074888,0.2734743309528428,1.0886524826612887,0.2215408807490778,0.41369818995709984,-1.6964539006371295,-1.419250997672838,-1.2458632522596365,-1.166365246677134,-1.1783341149356048
-0.8252214806906132,0.7792693353001046,-1.3723987226834924,-0.7054689621240783,-0.010684955964216718,-0.6991224441542135,0.6566470553117588,-0.34136960191608773,-0.8236702865142147,-0.2508578041075584,0.206800563183806,0.8531443548354595,0.14112668916906132,0.41369818995709984,-1.6404559496967646,-1.3295007203072409,-1.1800736226243036,-0.5322533902666876,-0.5276308459971831
-0.8252214806906132,0.7792693353001046,-1.2279356991005308,-0.7054689621240783,-0.010684955964216718,-0.6991224441542135,0.706670244213854,-0.40203167066989287,-0.8834858887081368,-0.3262335171683409,0.14859731611174476,0.5556884895841274,0.1604328365782401,0.41369818995709984,-1.6026799065983999,-1.2476035290151213,-1.1649750756663444,-0.5274234904324704,-0.5256610416582127
-0.8252214806906132,0.7792693353001046,-1.0834726755175694,-0.7054689621240783,-0.010684955964216718,-0.6991224441542135,0.8762845554210998,-0.5233559528072834,-0.6442234799324486,-0.41636703521613994,0.10911926943396416,0.2375140466590762,0.2556261879512722,0.41369818995709984,-1.5662380213290548,-1.1508605994513688,-1.162542066664141,-0.4534224945779041,-0.452886419804044
-0.8252214806906132,0.7792693353001046,-0.9390096519346078,-0.7054689621240783,-0.010684955964216718,1.5416712094443792,0.6787001753048142,-0.644680234944674,-0.46477667335068235,-0.5132834443240579,0.06386952485084559,-0.07929734316166415,0.35630491679882537,0.41369818995709984,-1.5371995175667006,-1.0624463126760326,-1.1748001888432742,0.6881376632479705,0.6768249784757011
-0.8252214806906132,0.7792693353001046,-0.7945466283516462,-0.7054689621240783,-0.010684955964216718,1.380242275741769,1.1099729619607592,-0.553686987184186,-0.6442234799324486,-0.5891922899464692,0.03141236968227287,-0.035808362409550036,0.42316916952401756,0.41369818995709984,-1.5120162931738974,-1.0614624986713204,-1.1793941267904735,0.6320882338855458,0.6209403799700175
-0.8252214806906132,0.7792693353001046,-0.6500836047686848,-0.7054689621240783,-0.010684955964216718,1.2705039183872158,1.1134712512339455,-0.2503763541555997,-0.8834858887081368,-0.600481054199977,0.06159133448175401,0.48011533576131005,0.6941587232710349,0.41369818995709984,-1.4936686670774353,-1.1496186230137557,-1.2078986031939922,0.5778759890638347,0.5683369274742611
-0.8252214806906132,0.7792693353001046,-0.5056205811857232,-0.7054689621240783,-0.010684955964216718,-0.6991224441542135,-0.6983308925851475,0.02260324449608401,-1.182563899677747,-0.4161141818807627,0.18400242703363084,1.1948240049514236,0.8935599923926075,0.41369818995709984,-1.527121063950375,-1.2894662885928505,-1.2338868537558274,-1.2740310493992413,-1.2860490588430924
-0.8252214806906132,0.7792693353001046,-0.3611575576027617,-0.7054689621240783,-0.010684955964216718,-0.6991224441542135,0.4702025328942093,0.20458959538727972,-0.8236702865142147,-0.05616474941210569,0.3945106047813645,1.7339775718812436,1.062472222118195,-0.04236136346675705,-1.5777577707877994,-1.358164817935243,-1.226541775763828,-0.6643256005286546,-0.7183397994945926
-0.8252214806906132,0.7792693353001046,-0.21669453401980013,-0.7054689621240783,-0.010684955964216718,-0.6991224441542135,-0.6983308925851475,0.6595555449301591,-1.7807199216169676,0.55635171889001,0.6202935266921245,2.0930103627379566,1.134542636374922,-1.3230981517002707,-1.632458483079438,-1.3957404676116154,-1.205573082609451,-1.2740310493992413,-1.2860490588430924
-0.8252214806906132,0.7792693353001046,-0.0722315104368386,-0.7054689621240783,-0.010684955964216718,-0.6991224441542135,-0.6983308925851475,1.0841903154663557,-2.199429136974422,0.9704030691152122,0.8093191032487866,2.0663408946820017,1.1394385579698056,-1.979691376984057,-1.6621144782298298,-1.345911460760654,-1.1562763154144124,-1.2740310493992413,-1.2860490588430924
-0.8252214806906132,0.7792693353001046,0.07223151314612293,-0.7054689621240783,-0.010684955964216718,-0.6991224441542135,-0.6983308925851475,1.2661768109873317,-1.9003511260048118,1.317245601442649,1.008367870518534,1.8409844863178604,1.1243483197538235,-2.2628408876714867,-1.6719137456265543,-1.216344145962705,-1.0610654155229,-1.2740310493992413,-1.2860490588430924
-0.8252214806906132,0.7792693353001046,0.21669453672908448,-0.7054689621240783,-0.010684955964216718,-0.6991224441542135,-0.6983308925851475,1.2661768109873317,-1.4816419106473573,1.4172624740676925,1.1672561220625106,1.6250714189728288,1.2147849382603073,-1.989261547084021,-1.6613109431293351,-1.073061091375465,-0.9828251164118759,-1.2740310493992413,-1.2860490588430924
-0.8252214806906132,0.7792693353001046,0.361157560312046,-0.7054689621240783,-0.010684955964216718,-0.6991224441542135,-0.6983308925851475,1.2358456319806488,-1.062932695289903,1.0927941173003013,1.1567755994537716,1.2886786077267438,1.0612866024683978,-0.3372477869222601,-1.5287194472854133,-0.8165412169541291,-0.7625806984905947,-1.2740310493992413,-1.2860490588430924
-0.8252214806906132,0.7792693353001046,0.5056205838950075,-0.7054689621240783,-0.010684955964216718,-0.6991224441542135,-0.6983308925851475,1.1145214944730386,-0.7638546843202927,0.9399870872115028,1.1968119015782532,1.1033903345189695,0.9876809197684044,0.41369818995709984,-1.4747841444048166,-0.6713678755196544,-0.6456716578361356,-1.2740310493992413,-1.2860490588430924
-0.8252214806906132,0.7792693353001046,0.6500836074779691,-0.7054689621240783,-0.010684955964216718,-0.6991224441542135,-0.6983308925851475,1.1145214944730386,-0.5245922755446044,0.8204329464214793,1.1801940978512921,0.8681541353612299,1.0038670595984494,0.41369818995709984,-1.3729846927362506,-0.4728592511247058,-0.5243298035057105,-1.2740310493992413,-1.2860490588430924
-0.8252214806906132,0.7792693353001046,0.7945466310609306,1.7210521252268487,-0.010684955964216718,-0.6991224441542135,-0.6983308925851475,0.9022041092049403,-0.46477667335068235,0.5652383764574342,1.0832199747178786,0.5782338482475516,0.8411587901195726,0.41369818995709984,-1.280636068619029,-0.31505273103623693,-0.4107195303787776,0.5000417200857763,0.43765703507438514
-0.8252214806906132,0.7792693353001046,0.9390096546438922,-0.7054689621240783,-0.010684955964216718,1.1570585406370728,1.145694962366973,0.8112108614444523,-0.8236702865142147,0.4317170990465739,0.901815184903921,0.185659210268621,0.2979093758578983,0.41369818995709984,-1.1486005321959898,-0.12542274297946374,-0.1690082018188348,0.8301500841345053,0.8223365196382428
-0.8252214806906132,0.7792693353001046,1.0834726782268538,-0.7054689621240783,-0.010684955964216718,-0.6991224441542135,-0.6983308925851475,0.8112108614444523,-0.5245922755446044,0.31022374709449074,0.769587689054741,0.13019854859284047,0.21842758106046628,0.41369818995709984,-1.0834782350829497,-0.09781829457083847,-0.1322044710060457,-1.2740310493992413,-1.2860490588430924
-0.8252214806906132,0.7792693353001046,1.2279357018098151,0.6850684394090689,-0.010684955964216718,0.4453366934485564,0.43376301531008693,0.6595555449301591,-0.2853298667689162,0.22122137981421264,0.6945351492714986,0.13130331208451462,0.19101410946890535,0.41369818995709984,-1.0506713206105576,-0.10131854689025001,-0.12481680939696846,0.8937750645660452,0.8827466530702522
-0.8252214806906132,0.7792693353001046,1.3723987253927767,-0.7054689621240783,-0.010684955964216718,1.191268538588209,1.1778121883330777,0.6595555449301591,-0.5245922755446044,0.14963846678408838,0.6216316459423716,0.19317262494116416,0.22381150169083922,0.41369818995709984,-0.9965615565054391,-0.10901802631615164,-0.12172218317879235,0.7258640299791298,0.7147588621746851
-0.8252214806906132,0.7792693353001046,1.5168617489757383,-0.7054689621240783,-0.010684955964216718,-0.6991224441542135,-0.6983308925851475,0.507900228415866,0.07356374639461619,0.07403197488546155,0.5547129797662484,0.29136274246853283,0.31146686108956,0.41369818995709984,-0.924465636448165,-0.10966493834592855,-0.11884990195360286,-1.2740310493992413,-1.2860490588430924
-0.8252214806906132,0.7792693353001046,1.6613247725587,0.8693010826717552,-0.010684955964216718,0.3790578050843599,0.37158018458114406,0.47756904940918316,-0.04606745799322794,0.006215773843456657,0.5039696063624951,0.3033957991417367,0.3168834826862286,0.41369818995709984,-0.8519221014925674,-0.07325284826817557,-0.07974037121354528,0.8650097877448666,0.8539681359402785
-0.8252214806906132,0.8893471873122684,-1.6613247698494156,-0.7054689621240783,-0.010684955964216718,1.1940173216468115,1.1848754249170121,0.35624491190157287,0.013748144200694123,-0.0411587735588857,0.4506311567545443,0.32914207363173226,0.3363338497416345,0.41369818995709984,-0.7702327445012483,-0.044806360057572645,-0.04876311942749865,0.6963295693893378,0.6852109262432827
-0.8252214806906132,0.8893471873122684,-1.516861746266454,-0.7054689621240783,-0.010684955964216718,-0.6991224441542135,-0.6983308925851475,0.20458959538727972,0.7315353705277589,-0.09542524666067644,0.3968741920013421,0.40251081511699616,0.40405755093998236,0.41369818995709984,-0.6790553994764598,-0.02585874343018899,-0.02785922271844638,-1.2740310493992413,-1.2860490588430924
-0.8252214806906132,0.8893471873122684,-1.3723987226834924,-0.7054689621240783,-0.010684955964216718,-0.6991224441542135,0.6099452393818988,0.14392752663347458,0.9707977793034471,-0.15994432048026253,0.35345095196444687,0.3558354100347293,0.3886579112736641,0.41369818995709984,-0.5938138382165572,0.04097757422954678,0.02713887317833507,-0.6030365680187985,-0.6147483154020847
-0.8252214806906132,0.8893471873122684,-1.2279356991005308,-0.7054689621240783,-0.010684955964216718,-0.6991224441542135,-0.47725327492058395,0.05293427887298657,1.0904289836912913,-0.25176218958224095,0.30019084161639975,0.18485024379207873,0.35745615850969625,0.41369818995709984,-0.509908123898498,0.1512677925951227,0.08089651806161231,-1.163109401410831,-1.1910042321809347
-0.8252214806906132,0.8893471873122684,-1.0834726755175694,1.3971298437494482,-0.010684955964216718,-0.6991224441542135,0.397450525306979,-0.09872103764130656,1.0904289836912913,-0.3573157475430443,0.2521646407408381,-0.022539266335939123,0.2724755704566988,0.41369818995709984,-0.4700853586612756,0.24697721188582974,0.12469263049594695,0.85578282270588,0.8440853561235794
-0.8252214806906132,0.8893471873122684,-0.9390096519346078,-0.7054689621240783,-0.010684955964216718,1.2763403784463305,0.6286407227533534,-0.068390003264404,0.9707977793034471,-0.3560896095437151,0.1999829302948888,-0.2743938021219097,0.2400907135018796,0.41369818995709984,-0.4174026535904893,0.36423179214962265,0.14568191114967438,0.6483402786703572,0.6612982914774971
-0.8252214806906132,0.8893471873122684,-0.7945466283516462,1.5777183268092376,-0.010684955964216718,-0.6991224441542135,0.4128006346203465,-0.09872103764130656,1.0904289836912913,-0.34707251176359627,0.16490458583548395,-0.2410821140604574,0.27668141781411204,0.41369818995709984,-0.3792940965676556,0.35517029075480927,0.13575331869969273,0.8145980991849707,0.803533399448336
-0.8252214806906132,0.8893471873122684,-0.6500836047686848,-0.7054689621240783,-0.010684955964216718,1.4332234661775325,0.8332287035677672,0.20458959538727972,1.0904289836912913,-0.24449299065222974,0.1984570791245121,-0.011212883223381738,0.41669940911536507,0.41369818995709984,-0.3268044329624536,0.3165547843122491,0.13626518894670478,0.7009048897373014,0.6932151357346829
-0.8252214806906132,0.8893471873122684,-0.5056205811857232,2.254302274302333,-0.010684955964216718,-0.6991224441542135,-0.6983308925851475,0.4472381596620609,0.6119041661399147,0.1515315221785792,0.34572571287520387,0.7635451373614026,0.5944073602881745,0.1913789267241352,-0.37367369429716796,0.03404311614647413,0.0996692835220971,0.8510118312237056,0.833626792862935
-0.8252214806906132,0.8893471873122684,-0.3611575576027617,-0.7054689621240783,-0.010684955964216718,-0.6991224441542135,0.5069053287650548,0.9628661779587454,-0.22551426457499413,0.6007141007653586,0.5645209139543729,1.5842787089955337,0.8473199875642043,-0.3391115132021186,-0.4785680832627148,-0.2464824223688517,0.021813645583150108,-0.6224648035373567,-0.6202818299393101
-0.8252214806906132,0.8893471873122684,-0.21669453401980013,-0.7054689621240783,-0.010684955964216718,-0.6991224441542135,-0.6983308925851475,1.1145214944730386,-0.5245922755446044,1.3120567566740748,0.7619146761387671,2.2078682584695724,0.9455603982069414,-0.9281391035906702,-0.5867427293322033,-0.45168283215994637,-0.013840002502758013,-1.2740310493992413,-1.2860490588430924
-0.8252214806906132,0.8893471873122684,-0.0722315104368386,-0.7054689621240783,-0.010684955964216718,-0.6991224441542135,-0.6983308925851475,1.1145214944730386,-0.4049610711567603,1.6792446175610305,0.9130515755068662,2.127570876814303,0.9661527836237501,-1.237894389124467,-0.6004062042662619,-0.3665393558417813,0.04717636123050582,-1.2740310493992413,-1.2860490588430924
-0.8252214806906132,0.8893471873122684,0.07223151314612293,-0.7054689621240783,-0.010684955964216718,-0.6991224441542135,-0.6983308925851475,1.2661768109873317,-0.7638546843202927,2.0269861839698082,1.0356525172561672,1.8286147154631665,0.9338031430941724,-1.504630707106225,-0.6203005751057185,-0.22866168476107945,0.1018405062167684,-1.2740310493992413,-1.2860490588430924
-0.8252214806906132,0.8893471873122684,0.21669453672908448,-0.7054689621240783,-0.010684955964216718,-0.6991224441542135,-0.6983308925851475,1.2510112214839904,-0.7638546843202927,2.2668898163852087,1.1291077255257984,1.5557347232557892,1.081102549557263,-1.5528383915767647,-0.6185294196589823,-0.08970510984621353,0.08672017985160155,-1.2740310493992413,-1.2860490588430924
-0.8252214806906132,0.8893471873122684,0.361157560312046,-0.7054689621240783,-0.010684955964216718,-0.6991224441542135,-0.6983308925851475,1.2358456319806488,-0.8236702865142147,2.377206114419784,1.2258298926611435,1.3199717155811865,1.5163607958158816,-1.0280608050243647,-0.5831330952276084,0.06183860475544588,-0.02244449367871613,-1.2740310493992413,-1.2860490588430924
-0.8252214806906132,0.8893471873122684,0.5056205838950075,-0.46283049746063926,-0.010684955964216718,-0.6991224441542135,-0.6983308925851475,0.9628661779587454,0.07356374639461619,2.246559873081546,1.2332932951249427,1.071770741774626,1.9971035707328415,-0.23135350378192543,-0.4879170814409637,0.26005808722554574,-0.11354071093685943,-1.1173577842714615,-1.1690293597128216
-0.8252214806906132,0.8893471873122684,0.6500836074779691,-0.31542639707556214,-0.010684955964216718,-0.03173047888594875,-0.6983308925851475,0.9628661779587454,0.07356374639461619,1.9115820487159763,1.2492300413221102,0.808834473433282,2.451145587426223,0.41369818995709984,-0.3728930828707113,0.4812419786436029,-0.18846577252087676,-0.6080439129501163,-0.6163786431500388
-0.8252214806906132,0.8893471873122684,0.7945466310609306,-0.03833405005270738,-0.010684955964216718,0.05775286871226599,-0.6983308925851475,1.2358456319806488,-0.8236702865142147,1.4932281782443553,1.2330709810089997,0.7150369842026701,2.4222622493239876,0.41369818995709984,-0.32890834363549076,0.5267269722902891,-0.17585213673453645,-0.3645652083606858,-0.3683369240686242
-0.8252214806906132,0.8893471873122684,0.9390096546438922,-0.35093670823739687,-0.010684955964216718,-0.3283113993167526,-0.6983308925851475,0.9628661779587454,0.07356374639461619,0.9842531440067078,1.0899303322238645,0.46252521643206934,1.7083649386641089,0.41369818995709984,-0.1607067299370603,0.7205366101357241,0.16131345763029484,-0.822189318396379,-0.8392943816780085
-0.8252214806906132,0.8893471873122684,1.0834726782268538,0.31908321632229164,-0.010684955964216718,0.2587651719446424,-0.6983308925851475,0.8112108614444523,0.7315353705277589,0.6773440466405123,0.9438720753266399,0.27281959413952994,1.0821296952934734,0.41369818995709984,0.08078790220709894,0.9524865204118212,0.5564267947725514,0.014046825676579758,0.013641193579485265
-0.8252214806906132,0.8893471873122684,1.2279357018098151,0.36404038756898294,-0.010684955964216718,0.2659758133010845,0.5816369542979961,0.9022041092049403,0.4324573595581485,0.5513254226941782,0.8340644287509827,0.3179384420182498,0.3579449960315009,0.41369818995709984,0.20718518002408381,0.9660804935869274,0.9523996058350662,0.8393855096549159,0.8292448964398852
-0.8252214806906132,0.8893471873122684,1.3723987253927767,-0.7054689621240783,-0.010684955964216718,-0.6991224441542135,-0.6983308925851475,0.8112108614444523,0.7315353705277589,0.48349718101715533,0.7416466863557521,0.3164108678075398,0.19441920239523217,0.41369818995709984,0.34724400236047137,1.0285411731443577,1.1029024610877751,-1.2740310493992413,-1.2860490588430924
-0.8252214806906132,0.8893471873122684,1.5168617489757383,0.5105128606946275,-0.010684955964216718,0.4048425464499084,0.4900476577971391,0.8112108614444523,0.7315353705277589,0.3758231334448552,0.6808278960656446,0.24436937690602334,0.11217878762054939,0.41369818995709984,0.45687948972076925,1.114840141485114,1.1975165402086392,0.8592563003560475,0.8478644216241782
-0.8252214806906132,0.8893471873122684,1.6613247725587,-0.7054689621240783,-0.010684955964216718,-0.6991224441542135,1.14956594972439,0.8112108614444523,0.7913509727216809,0.31338307593837067,0.6239931158850545,0.22453904271866557,0.18623892990342117,0.41369818995709984,0.6261691333795993,1.2142197700302253,1.24522839501946,-0.26011822504801085,-0.2480491032113997
-0.8252214806906132,0.999425039324432,-1.6613247698494156,1.3038892542020233,-0.010684955964216718,-0.6991224441542135,-0.6983308925851475,0.8112108614444523,0.7315353705277589,0.25462076350570617,0.5851608387821559,0.14571382661132898,0.2931987597386902,0.41369818995709984,0.7553978468930423,1.3170148875626126,1.2424432314231015,0.1023004475436822,0.09091071704152076
-0.8252214806906132,0.999425039324432,-1.516861746266454,-0.7054689621240783,-0.010684955964216718,-0.6991224441542135,-0.5317033278573284,0.8112108614444523,0.7315353705277589,0.2230682794411346,0.5480329699014864,0.013439709507495025,0.28671055263110173,0.41369818995709984,0.9056540846489219,1.4558481899157685,1.3068123236032423,-1.2740310493992413,-1.2860490588430924
-0.8252214806906132,0.999425039324432,-1.3723987226834924,-0.6858631302930152,-0.010684955964216718,-0.6991224441542135,-0.6983308925851475,0.7505487926906471,1.030613381497369,0.14919296328842377,0.5069853149892387,-0.16018802372912916,0.14565451527153972,0.41369818995709984,1.0552921071112678,1.6283501762263863,1.4556443407507593,-1.2740310493992413,-1.2860490588430924
-0.8252214806906132,0.999425039324432,-1.2279356991005308,-0.25600377388523093,-0.010684955964216718,-0.6991224441542135,-0.40577458258231824,0.6595555449301591,1.0904289836912913,0.033124586336100555,0.4551508380196194,-0.33107686414264453,-0.05660096126722482,0.41369818995709984,1.1738982313772692,1.7653092193166833,1.6085318785598275,-0.7844467057407831,-0.7915901086317219
-0.8252214806906132,0.999425039324432,-1.0834726755175694,-0.7054689621240783,-0.010684955964216718,-0.6991224441542135,0.12063426365643175,0.6595555449301591,1.0904289836912913,-0.01669621674739125,0.4147856521553617,-0.4709564595433278,-0.16396661847908636,0.41369818995709984,1.2553906860736923,1.8667864176291127,1.6872246692355262,-0.8000124164713514,-0.7974302124849625
-0.8252214806906132,0.999425039324432,-0.9390096519346078,0.17004357657872407,-0.010684955964216718,-0.6991224441542135,-0.26770168089720536,0.6595555449301591,0.9707977793034471,-0.0687137667974936,0.3865072966074182,-0.5739952612841552,-0.16516313845098204,0.41369818995709984,1.287425917287411,1.933678455347283,1.6872740792339675,-0.3949259159661427,-0.40654271688864574
-0.8252214806906132,0.999425039324432,-0.7945466283516462,-0.7054689621240783,-0.010684955964216718,-0.6991224441542135,0.3536159482664041,0.6595555449301591,0.7315353705277589,-0.11329020440649493,0.3596891566337159,-0.6749302387213933,-0.15941363778714976,0.41369818995709984,1.3127886702432077,1.999370898293908,1.6821198362386525,-0.6508616443935437,-0.6625952024259466
-0.8252214806906132,0.999425039324432,-0.6500836047686848,0.2116760257497959,-0.010684955964216718,-0.6991224441542135,-0.4019461473683765,0.8112108614444523,1.0904289836912913,-0.11702413911039873,0.38076382906600953,-0.6421368347671461,-0.0962118932870734,0.41369818995709984,1.3274052874135889,2.005254420139714,1.668258597991665,-0.4685152733973818,-0.48016559479693277
-0.8252214806906132,0.999425039324432,-0.5056205811857232,-0.7054689621240783,-0.010684955964216718,0.8810519197729517,0.2650090749052734,0.8263764509477938,0.6119041661399147,0.07010070755209669,0.5238543689551702,0.5527705841582011,0.11223161225841163,0.41369818995709984,1.2449495558039,1.2744142136975092,1.5413797898885229,0.2848907774217568,0.2905660850912276
-0.8252214806906132,0.999425039324432,-0.3611575576027617,-0.7054689621240783,-0.010684955964216718,-0.6991224441542135,-0.6983308925851475,0.8415420404511351,0.6119041661399147,0.4484301693756739,0.6758812305461395,0.994727979726773,0.22818756177025307,0.19329062084923804,1.159994419818558,1.0358420067467884,1.4717875407678724,-1.2740310493992413,-1.2860490588430924
-0.8252214806906132,0.999425039324432,-0.21669453401980013,-0.7054689621240783,-0.010684955964216718,-0.6991224441542135,-0.6983308925851475,0.8567073406949159,0.6119041661399147,0.6339977605758462,0.8620760073597947,1.0662281706150076,0.3166185210106021,0.15133396557724446,1.0415533460056312,1.0063340406662422,1.4274672055869153,-1.2740310493992413,-1.2860490588430924
-0.8252214806906132,0.999425039324432,-0.0722315104368386,-0.7054689621240783,-0.010684955964216718,-0.6991224441542135,-0.6983308925851475,0.8718729301982574,0.5520885639459927,0.49275509149763336,0.8693883773765723,0.7068620753406678,0.25817937878128083,0.41369818995709984,1.0865633767249365,1.1996361741956667,1.463944353646848,-1.2740310493992413,-1.2860490588430924
-0.8252214806906132,0.999425039324432,0.07223151314612293,-0.5591419113893582,-0.010684955964216718,-0.6991224441542135,-0.6983308925851475,0.9628661779587454,0.07356374639461619,0.6221979382582427,1.002775435424147,0.595087458582343,0.31304992325279696,0.41369818995709984,0.9850245310349093,1.2237390794727159,1.3917433432926958,-1.179093714711005,-1.2295361891611458
-0.8252214806906132,0.999425039324432,0.21669453672908448,-0.6117069757260402,-0.010684955964216718,-0.6991224441542135,-0.6983308925851475,0.9628661779587454,0.07356374639461619,0.9015226097224529,1.125055962542851,0.52049120210633,0.43584205169306545,0.18588836336482825,0.8988387557064673,1.219876969476522,1.27384068490642,-1.2165458470874961,-1.2278631066750332
-0.8252214806906132,0.999425039324432,0.361157560312046,-0.17163003682046005,-0.010684955964216718,-0.6991224441542135,-0.6983308925851475,0.9628661779587454,0.07356374639461619,1.0804798922977636,1.2159937281090898,0.48132494949177734,0.6815797515692976,0.30400508746290417,0.8379259690523253,1.2077885135559483,1.10258779741349,-0.8952133086567141,-0.8994510730647405
-0.8252214806906132,0.999425039324432,0.5056205838950075,-0.35449955120851134,-0.010684955964216718,-0.6991224441542135,-0.6983308925851475,0.9628661779587454,0.07356374639461619,1.0383818187299596,1.264374925811062,0.43724607959133105,0.8634767803732148,0.41369818995709984,0.8134434851795932,1.2126303499850002,0.9858484410957836,-1.0325715197062624,-1.0422100210264855
-0.8252214806906132,0.999425039324432,0.6500836074779691,0.06515125483470935,-0.010684955964216718,-0.6991224441542135,-0.6983308925851475,0.9628661779587454,0.07356374639461619,0.8811418281820479,1.2220258511216753,0.30495917587301014,0.9363278253894618,0.41369818995709984,0.8546766596247412,1.26637718689059,0.9288535744725124,-0.7307309741720039,-0.7346283750303232
-0.8252214806906132,0.999425039324432,0.7945466310609306,-0.031322692639884527,-0.010684955964216718,0.20751419065398763,-0.6983308925851475,0.8718729301982574,0.13337934858853825,0.6165221166956085,1.0899211573555874,0.05404658735424625,0.7300241369205555,0.41369818995709984,0.9585474462190271,1.379106394840995,1.0096025145570384,-0.2240665836131997,-0.23139451586899754
-0.8252214806906132,0.999425039324432,0.9390096546438922,0.5294830540470152,-0.010684955964216718,0.45440010919088486,-0.6983308925851475,0.8112108614444523,0.07356374639461619,0.34896248349228315,0.9063334546507996,-0.12627451234582346,0.24793726844021163,0.41369818995709984,1.090168908698388,1.4235955269027667,1.217869125356134,0.3236910852630373,0.32941753400800056
-0.8252214806906132,0.999425039324432,1.0834726782268538,-0.7054689621240783,-0.010684955964216718,0.4742601981842722,0.9842904898363173,0.8112108614444523,0.07356374639461619,0.27595476198503327,0.760153101429581,-0.10712357360820668,-0.1276593225414165,0.41369818995709984,1.2010316571761381,1.3820515979296701,1.4065329694051358,0.4537510060203499,0.45408305073290084
-0.8252214806906132,0.999425039324432,1.2279357018098151,0.9225739612581653,-0.010684955964216718,-0.6991224441542135,-0.6983308925851475,0.7808796824377694,0.13337934858853825,0.17550710219601381,0.6644119394407778,0.009726476660479147,-0.2009212258521476,0.41369818995709984,1.2749076608479315,1.2895059592541607,1.4243881825261417,-0.11673223600177447,-0.14531407137861796
-0.8252214806906132,0.999425039324432,1.3723987253927767,-0.7054689621240783,-0.010684955964216718,0.8306642560830734,0.9566906036138643,0.8112108614444523,0.07356374639461619,0.1487086621910346,0.6100684888769452,0.035846972734459984,-0.17140315360924951,0.41369818995709984,1.3085673359945424,1.2485084740973704,1.3796326926220688,0.6761183793185715,0.6649904771986536
-0.8252214806906132,0.999425039324432,1.5168617489757383,-0.7054689621240783,-0.010684955964216718,-0.6991224441542135,-0.6983308925851475,0.8112108614444523,0.07356374639461619,0.10459712687856015,0.5640332344174949,0.08589037207259453,-0.0760085655205517,0.41369818995709984,1.333500571689414,1.188914688357302,1.2909855209445702,-1.2740310493992413,-1.2860490588430924
-0.8252214806906132,0.999425039324432,1.6613247725587,0.607780559438307,-0.010684955964216718,0.315844834711378,0.3609875306781807,0.7505487926906471,-0.10588306018714999,0.04617797254390757,0.5249892295851267,0.07273294576550315,-0.05915247512460293,0.41369818995709984,1.3223017536672033,1.1254118931123962,1.208732609854852,0.8702475457873067,0.8592081750904609
-0.8252214806906132,1.1095028913365959,-1.6613247698494156,-0.7054689621240783,-0.010684955964216718,-0.6991224441542135,0.7983459027004833,0.6595555449301591,0.07356374639461619,0.002841051417588746,0.48227245440556127,0.05809312461888913,-0.008966553696521445,0.41369818995709984,1.3095788732742042,1.0624482270815312,1.108266913286986,-0.4308191483870573,-0.4424522402550826
-0.8252214806906132,1.1095028913365959,-1.516861746266454,-0.7054689621240783,-0.010684955964216718,-0.6991224441542135,-0.6983308925851475,0.6747211344335006,-0.16569866238107206,-0.04547400336449004,0.4465045833071842,-0.017145872345335482,0.07550255770415903,0.41369818995709984,1.2805994884606853,1.0230784560641795,0.9822735843664396,-1.2740310493992413,-1.2860490588430924
-0.8252214806906132,1.1095028913365959,-1.3723987226834924,-0.7054689621240783,-0.010684955964216718,-0.6991224441542135,-0.43742839893666075,0.689886723936842,-0.2853298667689162,-0.10253122809377749,0.42132098140498625,-0.15070120822076377,0.06313069212229443,0.41369818995709984,1.2324090995958783,1.0074157412600961,0.9033991902754166,-1.2740310493992413,-1.2860490588430924
-0.8252214806906132,1.1095028913365959,-1.2279356991005308,-0.7054689621240783,-0.010684955964216718,-0.6991224441542135,-0.6738294178285413,0.6595555449301591,-0.22551426457499413,-0.18125022414454772,0.3877374347156359,-0.3053408189442386,-0.05018234852380404,0.41369818995709984,1.2022955961720514,1.022448539727902,0.8972545802060773,-1.2740310493992413,-1.2860490588430924
-0.8252214806906132,1.1095028913365959,-1.0834726755175694,-0.7054689621240783,-0.010684955964216718,-0.6991224441542135,0.1358166273894249,0.6595555449301591,-0.22551426457499413,-0.2567724315980488,0.3579544007702627,-0.4556304234192465,-0.18911450004677754,0.41369818995709984,1.177607523138472,1.0539611370999218,0.9227713770327833,-0.7903158047082102,-0.787787786397711
-0.8252214806906132,1.1095028913365959,-0.9390096519346078,-0.7054689621240783,-0.010684955964216718,-0.6991224441542135,-0.09553004875204406,0.5685622971696711,-0.10588306018714999,-0.33145781491780146,0.3221935872628679,-0.6007806613114585,-0.2221223523338451,0.41369818995709984,1.1626521181959903,1.0899300483345284,0.8989171833115287,-0.9333181244226356,-0.942831079258657
-0.8252214806906132,1.1095028913365959,-0.7945466283516462,-0.7054689621240783,-0.010684955964216718,0.7811189919125695,0.24161807779039457,0.507900228415866,0.07356374639461619,-0.39305569689719627,0.29167303505984266,-0.7014505296083334,-0.22171484798462207,0.41369818995709984,1.1574274509299507,1.1212051362682798,0.8759402337731297,0.21786513348336883,0.20652813503830234
-0.8252214806906132,1.1095028913365959,-0.6500836047686848,-0.7054689621240783,-0.010684955964216718,-0.6991224441542135,0.8345595585378349,0.6595555449301591,-0.22551426457499413,-0.4144418714616012,0.3058397374386454,-0.6125409368756071,-0.13225255057648624,0.41369818995709984,1.1128754110877441,1.0507874602581295,0.808845356678968,-0.396626562737492,-0.408244146720247
-0.8252214806906132,1.1095028913365959,-0.5056205811857232,-0.7054689621240783,-0.010684955964216718,0.3209407526424676,-0.6983308925851475,0.6595555449301591,-0.22551426457499413,-0.2702231587614486,0.4230860849096635,0.3599083729693119,0.057146415290185465,0.41369818995709984,0.9774066321992878,0.5427276647461117,0.6922462120673654,-0.6751149194697564,-0.7243195462008756
-0.8252214806906132,1.1095028913365959,-0.3611575576027617,-0.7054689621240783,-0.010684955964216718,-0.6991224441542135,-0.2118297732402151,0.8112108614444523,-0.5245922755446044,0.15896260075716526,0.6115738730334732,0.983521790790393,0.3395444138428178,-0.3652095308573626,0.8049187740593894,0.2562168453593446,0.5431745130853033,-1.0032382880669357,-1.0093904415610322
-0.8252214806906132,1.1095028913365959,-0.21669453401980013,-0.7054689621240783,-0.010684955964216718,-0.6991224441542135,-0.6983308925851475,0.8112108614444523,-0.5245922755446044,0.6802324611964881,0.7621638091004428,1.4498172283734623,0.38441013960048714,-1.230915652615141,0.6747258184253527,0.06136788858612366,0.5153720704096404,-1.2740310493992413,-1.2860490588430924
-0.8252214806906132,1.1095028913365959,-0.0722315104368386,-0.7054689621240783,-0.010684955964216718,-0.6991224441542135,-0.6983308925851475,0.8112108614444523,-0.5245922755446044,1.0472584424348688,0.8794129796078538,1.4144119453000101,0.3820875325071788,-1.749508896973359,0.5642901741902078,0.06545739665863097,0.5052272008612175,-1.2740310493992413,-1.2860490588430924
-0.8252214806906132,1.1095028913365959,0.07223151314612293,-0.7054689621240783,-0.010684955964216718,-0.6991224441542135,-0.6983308925851475,0.8112108614444523,-0.5245922755446044,1.40534492109658,0.9588807483096329,1.1619359800499727,0.40315785512369356,-1.9047796420817718,0.4808687526489334,0.15681828490248703,0.4850100597883978,-1.2740310493992413,-1.2860490588430924
-0.8252214806906132,1.1095028913365959,0.21669453672908448,-0.7054689621240783,-0.010684955964216718,-0.6991224441542135,-0.6983308925851475,0.9628661779587454,-0.5245922755446044,1.6876590146660835,1.0397769734262328,0.9205673205842827,0.5637003144502182,-2.057136048104731,0.42978515481868124,0.2871595491607362,0.44361184925211067,-1.2740310493992413,-1.2860490588430924
-0.8252214806906132,1.1095028913365959,0.361157560312046,-0.7054689621240783,-0.010684955964216718,-0.6991224441542135,-0.6983308925851475,0.9325349989520626,-0.5245922755446044,1.8239971317469794,1.099232942897655,0.755894479693366,0.996542881634533,-1.688589733513075,0.38335047808336364,0.37820913653758625,0.271639699545026,-1.2740310493992413,-1.2860490588430924
-0.8252214806906132,1.1095028913365959,0.5056205838950075,0.9289121304019197,-0.010684955964216718,-0.6991224441542135,-0.6983308925851475,0.947700588455404,-0.5245922755446044,1.8425765005038637,1.1261971750046913,0.6246390295436606,1.543101801382593,-1.2200667299578103,0.36590532083850813,0.45004197295075365,0.05793712207529112,-0.11107955434907137,-0.12469825786598444
-0.8252214806906132,1.1095028913365959,0.6500836074779691,-0.7054689621240783,-0.010684955964216718,0.8012078132935483,-0.6983308925851475,0.9628661779587454,-0.5245922755446044,1.701491028605052,1.1441156927496932,0.5012047252551514,2.0402285989000024,-0.44232427679855135,0.3556403409060616,0.5168582830219396,-0.1237382411415159,-0.38968428770347674,-0.39681515271564355
-0.8252214806906132,1.1095028913365959,0.7945466310609306,0.3671014677866781,-0.010684955964216718,0.14162796305902287,-0.6983308925851475,0.8718729301982574,-0.3451454689628382,1.2514107537852668,1.0960309138689783,0.4811732149998653,2.0981763881485733,0.41369818995709984,0.3893892977305053,0.5384871316503574,-0.13494997657733934,-0.02742879439712141,-0.03280608888428106
-0.8252214806906132,1.1095028913365959,0.9390096546438922,0.24726076931435692,-0.010684955964216718,0.08763823728651875,-0.6983308925851475,0.8112108614444523,-0.22551426457499413,0.8170147439247133,0.9643680252983835,0.3653495036540002,1.409405158412189,0.41369818995709984,0.48763919945063966,0.6045653122988083,0.1433468553022761,-0.1579302802806706,-0.16800618867683775
-0.8252214806906132,1.1095028913365959,1.0834726782268538,0.5253716225144393,-0.010684955964216718,0.30906968888884756,-0.6983308925851475,0.8112108614444523,-0.8236702865142147,0.6005742956143167,0.8411707171110767,0.39039507167010984,0.8247596747654481,0.41369818995709984,0.5394790372223184,0.5327230099297678,0.3372932349741254,0.16760339345594544,0.16332880395175187
-0.8252214806906132,1.1095028913365959,1.2279357018098151,-0.7054689621240783,-0.010684955964216718,0.19775606335394197,0.8516117535902085,0.6595555449301591,-0.2853298667689162,0.5248494041380133,0.7237691026384477,0.4076842793384239,0.11951805833814078,0.41369818995709984,0.6231489996505326,0.5255609386350211,0.66695002654949,0.1681893267971195,0.15623334875711234
-0.8252214806906132,1.1095028913365959,1.3723987253927767,-0.7054689621240783,-0.010684955964216718,-0.6991224441542135,-0.6983308925851475,0.507900228415866,0.07356374639461619,0.4057193612702892,0.6269347198064837,0.3939872578999824,-0.007492494754270143,0.41369818995709984,0.6924629508869045,0.5288908037487182,0.7269094930792493,-1.2740310493992413,-1.2860490588430924
-0.8252214806906132,1.1095028913365959,1.5168617489757383,0.5733822490867115,-0.010684955964216718,0.3402386813376749,0.4885312922508374,0.38657609090825573,0.31282615517030443,0.2414603494310728,0.5529641087208306,0.2732219462753866,-0.04827814610181729,0.41369818995709984,0.7374889075271205,0.5745044483411331,0.7363218810718293,0.8621674260068823,0.850324512737348
-0.8252214806906132,1.1095028913365959,1.6613247725587,-0.7054689621240783,-0.010684955964216718,-0.6991224441542135,1.5461617788869062,0.26525166414108486,0.6119041661399147,0.15608221329120148,0.4767724737530425,0.21590722549899552,0.045314534895357174,0.41369818995709984,0.7855847060737913,0.5926909160621814,0.6805351755946597,-0.04865965248972494,-0.02521701720691409
-0.8252214806906132,1.2195807433487595,-1.6613247698494156,1.097396590605829,-0.010684955964216718,0.7140840042542801,-0.6983308925851475,0.20458959538727972,0.3726417573642265,0.03660499878045947,0.41557821962267577,0.08471400353979336,0.1872073815975624,0.41369818995709984,0.8077116014627306,0.62425191889037,0.5804677929615979,0.8411605906617723,0.8256410248341522
-0.8252214806906132,1.2195807433487595,-1.516861746266454,-0.7054689621240783,-0.010684955964216718,-0.6991224441542135,0.321109778939619,0.20458959538727972,0.7315353705277589,0.018916637014904432,0.37440917414553226,0.08464410338059793,0.21838062582681095,0.41369818995709984,0.8325550728761054,0.6187425174369091,0.5600573461054019,-0.7180827794558993,-0.7298470160364652
-0.8252214806906132,1.2195807433487595,-1.3723987226834924,-0.7054689621240783,-0.010684955964216718,-0.6991224441542135,-0.5586400661738624,0.35624491190157287,0.25301055297638236,-0.014999825058193821,0.3466262614845474,0.027079617401228048,0.22039550844241382,0.41369818995709984,0.8370394261216293,0.6310811757820357,0.544212556473613,-1.2740310493992413,-1.2860490588430924
-0.8252214806906132,1.2195807433487595,-1.2279356991005308,-0.7054689621240783,-0.010684955964216718,-0.6991224441542135,-0.27480757443285014,0.20458959538727972,0.7315353705277589,-0.09675172328515534,0.2999614699094745,-0.1383237653973775,0.09401046614119715,0.41369818995709984,0.8595794302469191,0.7041581399864235,0.5979743188567603,-1.0406652527613183,-1.0572614305520094
-0.8252214806906132,1.2195807433487595,-1.0834726755175694,-0.7054689621240783,-0.010684955964216718,-0.6991224441542135,0.5410434671215236,0.35624491190157287,0.3726417573642265,-0.17980534794239217,0.27512651300180296,-0.3081513168084744,0.0006106369965356559,0.41369818995709984,0.8652920098172232,0.784231736393141,0.6394683154426577,-0.5788001239003121,-0.5705286591699381
-0.8252214806906132,1.2195807433487595,-0.9390096519346078,-0.7054689621240783,-0.010684955964216718,-0.6991224441542135,-0.15990882162406914,0.5685622971696711,0.1931949507824603,-0.24845502849730716,0.2726027184665268,-0.4557284541303132,0.04763462652971972,0.41369818995709984,0.8702353191471739,0.8842769937444147,0.6403141366001887,-0.9825568212361642,-1.0009608489985893
-0.8252214806906132,1.2195807433487595,-0.7945466283516462,0.47093715889289445,-0.010684955964216718,0.3788428428910581,-0.12344828998879707,0.6595555449301591,0.07356374639461619,-0.2954817353324639,0.26979803181015444,-0.5485788814479235,0.05234188870366671,0.41369818995709984,0.883350556318973,0.9607903150660713,0.6642782025548196,0.6318801420445636,0.6207321963475803
-0.8252214806906132,1.2195807433487595,-0.6500836047686848,-0.7054689621240783,-0.010684955964216718,0.6530891914378041,0.3507600286665164,0.6595555449301591,0.07356374639461619,-0.2868539514179259,0.29489905989785925,-0.43948263420413586,0.07009515945695843,0.41369818995709984,0.8789173590618289,0.9436104656979749,0.6931215058555455,0.16381939813649216,0.15245776664389682
-0.8252214806906132,1.2195807433487595,-0.5056205811857232,-0.7054689621240783,-0.010684955964216718,-0.6991224441542135,-0.6983308925851475,0.9628661779587454,-0.22551426457499413,-0.08904103440448549,0.45054787718095296,0.3838866848962425,0.19385070867347654,0.41369818995709984,0.8137069867801158,0.6327368575183719,0.7298868789063867,-1.2740310493992413,-1.2860490588430924
-0.8252214806906132,1.2195807433487595,-0.3611575576027617,-0.7054689621240783,-0.010684955964216718,-0.6991224441542135,-0.6805507683117537,1.0690250152225749,-0.22551426457499413,0.2584945033606519,0.6042558569439098,1.1144115437657711,0.3039087454436822,0.11239811460819797,0.7619969693940425,0.39928250566454615,0.7813356899151227,-1.2740310493992413,-1.2860490588430924
-0.8252214806906132,1.2195807433487595,-0.21669453401980013,-0.7054689621240783,-0.010684955964216718,-0.6991224441542135,-0.6983308925851475,1.190349152730185,-0.2853298667689162,0.726768177692579,0.8196147169737892,1.4486988258263354,0.36067259201508645,-0.5928871533883511,0.6457860071122785,0.3194952544229877,0.8255290327316644,-1.2740310493992413,-1.2860490588430924
-0.8252214806906132,1.2195807433487595,-0.0722315104368386,-0.7054689621240783,-0.010684955964216718,-0.6991224441542135,-0.6983308925851475,1.2965079899940146,-0.3451454689628382,0.5723891758097688,0.9086462272157046,1.0804988848234311,0.36997140525147265,0.23966850751582375,0.6144133907291779,0.53028724737535,0.8758756540383246,-1.2740310493992413,-1.2860490588430924
-0.8252214806906132,1.2195807433487595,0.07223151314612293,-0.7054689621240783,-0.010684955964216718,-0.6991224441542135,-0.6983308925851475,1.4178321275016248,-0.22551426457499413,0.5174878936728643,0.9980404976341111,0.8839779970093372,0.3720852292522779,0.41369818995709984,0.6679075938609144,0.786961373850344,1.053014399240335,-1.2740310493992413,-1.2860490588430924
-0.8252214806906132,1.2195807433487595,0.21669453672908448,-0.7054689621240783,-0.010684955964216718,-0.6991224441542135,-0.6983308925851475,1.569487444015918,-0.46477667335068235,0.4858558076323407,1.0743492886122055,0.7187979537437708,0.37674889013783064,0.41369818995709984,0.7478243475945053,1.040889512580718,1.2312804725646807,-1.2740310493992413,-1.2860490588430924
-0.8252214806906132,1.2195807433487595,0.361157560312046,-0.7054689621240783,-0.010684955964216718,-0.6991224441542135,-0.6983308925851475,1.1448526734797215,0.4922729617520706,0.39086322443062604,1.031854121789485,0.5196720063381982,0.24833722641259723,0.41369818995709984,0.8784892896118957,1.259412824992373,1.4218405336591335,-1.2740310493992413,-1.2860490588430924
-0.8252214806906132,1.2195807433487595,0.5056205838950075,-0.24511776026613044,-0.010684955964216718,-0.6991224441542135,-0.3626701521119887,1.1145214944730386,0.7315353705277589,0.2350888467340675,0.9756926357886077,0.2759642488623586,0.0720882414283642,0.41369818995709984,1.0047741207751777,1.4913377795666232,1.624789501731226,-0.7301017933699336,-0.7585325062327908
-0.8252214806906132,1.2195807433487595,0.6500836074779691,-0.7054689621240783,-0.010684955964216718,-0.6991224441542135,0.03864000387216316,1.1145214944730386,0.7315353705277589,0.14866585104430405,0.8852489015911308,0.08786377290841679,-0.0692805513267949,0.41369818995709984,1.1386860202436964,1.6703587975787042,1.7821178715054806,-0.8361418223311663,-0.831718423929614
-0.8252214806906132,1.2195807433487595,0.7945466310609306,0.4859828651264231,-0.010684955964216718,-0.6991224441542135,-0.6983308925851475,1.1448526734797215,0.851166574915603,-0.006340601707775564,0.7839512982219503,-0.1187235902707852,-0.14564401551772377,0.41369818995709984,1.2865490264299944,1.8710237236944558,1.9036985408283726,-0.3995524492282581,-0.418862740895383
-0.8252214806906132,1.2195807433487595,0.9390096546438922,-0.7054689621240783,-0.010684955964216718,-0.6991224441542135,1.1307941659577385,1.1145214944730386,0.7315353705277589,-0.04716504366034615,0.688541843009316,-0.2996703816397506,-0.23338993143849415,0.41369818995709984,1.4614190162552032,2.07800975697978,2.05074226276914,-0.2021705876724738,-0.17257803216484735
-0.8252214806906132,1.2195807433487595,1.0834726782268538,0.3719603181556695,-0.010684955964216718,-0.6991224441542135,-0.6983308925851475,0.8112108614444523,0.7315353705277589,-0.13998897471049215,0.5830837897560602,-0.4808797248261818,-0.13538848939561016,0.41369818995709984,1.5838628048570211,2.226410989366956,2.0068661841531172,-0.49219463081614506,-0.5387071470292276
-0.8252214806906132,1.2195807433487595,1.2279357018098151,0.49988438901975996,-0.010684955964216718,0.688317342838486,0.30336207643872054,0.598893476176354,0.9707977793034471,-0.1682476761734832,0.49153060225616335,-0.6791950008732804,-0.14480636768876526,0.41369818995709984,1.6714973563846733,2.3333952226438783,1.9813155804853722,0.9273961176938815,0.9195965885776097
-0.8252214806906132,1.2195807433487595,1.3723987253927767,0.5879763822978548,-0.010684955964216718,0.5034472286992582,0.3111756351781689,0.507900228415866,1.0904289836912913,-0.16096041629094504,0.43264770917250506,-0.6669045070284056,-0.11854916872596687,0.41369818995709984,1.7214415269643142,2.281005459593903,1.9227846697000257,0.8685162072695148,0.8574761119404006
-0.8252214806906132,1.2195807433487595,1.5168617489757383,0.6549409656875423,-0.010684955964216718,0.4735137695609782,0.35138898288571435,0.6595555449301591,0.3726417573642265,-0.12016139345674572,0.3873407981024298,-0.38147999356834583,-0.030943280019847186,0.41369818995709984,1.7289020970054843,1.9393657737440846,1.7268974306157125,0.8384618770977532,0.8284699451996713
-0.8252214806906132,1.2195807433487595,1.6613247725587,-0.7054689621240783,-0.010684955964216718,0.8488428046333071,0.7421342067451028,0.598893476176354,0.31282615517030443,-0.08450639747188717,0.355173004164132,-0.14250669321654805,0.10085419144646174,0.41369818995709984,1.7100655933974298,1.6382502752574053,1.5009476748480781,0.433038847443136,0.44206761821706203
-0.8252214806906132,1.3296585953609235,-1.6613247698494156,1.2067938780201242,-0.010684955964216718,0.3328602748660691,-0.6983308925851475,0.507900228415866,0.3726417573642265,-0.08733193315610244,0.3260420916255248,0.08168528078831323,0.1711478532011237,0.41369818995709984,1.682428329373386,1.3832610889278096,1.3400990593953885,0.6869461754491284,0.6585322769900176
-0.8252214806906132,1.3296585953609235,-1.516861746266454,-0.7054689621240783,-0.010684955964216718,-0.6991224441542135,-0.41519723595412644,0.5685622971696711,0.07356374639461619,-0.06460657240803296,0.3125451546309438,0.14602241024094784,0.13920823247971492,0.41369818995709984,1.6419668381869112,1.2487903014199535,1.2608631921578726,-1.2740310493992413,-1.2860490588430924
-0.8252214806906132,1.3296585953609235,-1.3723987226834924,-0.7054689621240783,-0.010684955964216718,-0.6991224441542135,-0.6277710278424748,0.6292243659234763,-0.22551426457499413,-0.08045472378834267,0.3034803847732572,0.10648449336530724,0.045883867103428067,0.41369818995709984,1.5635504992445743,1.128236620399051,1.1701442679141443,-1.2740310493992413,-1.2860490588430924
-0.8252214806906132,1.3296585953609235,-1.2279356991005308,-0.7054689621240783,-0.010684955964216718,-0.6991224441542135,-0.637663287612949,0.6595555449301591,-0.22551426457499413,-0.1202731037927457,0.29539662006211254,-0.0052372720531380975,-0.07526315118627332,0.41369818995709984,1.5052085423083517,1.0857181282417543,1.1335171561747315,-1.2740310493992413,-1.2860490588430924
-0.8252214806906132,1.3296585953609235,-1.0834726755175694,-0.7054689621240783,-0.010684955964216718,-0.6991224441542135,-0.1606746553983867,0.507900228415866,-0.8236702865142147,-0.20222233464916828,0.26466081133412667,-0.19369918297657826,-0.2792023082461076,0.41369818995709984,1.412160625482051,1.004890482395606,1.0618553215930457,-0.9618330294969922,-0.9667754999343152
-0.8252214806906132,1.3296585953609235,-0.9390096519346078,-0.7054689621240783,-0.010684955964216718,-0.6991224441542135,-0.2623633520454831,0.4472381596620609,-0.8834858887081368,-0.2846899817355309,0.23406191987119773,-0.373172103915679,-0.38580745837001584,0.41369818995709984,1.3209914847195496,0.9297957636427387,0.9479067633452044,-1.0249029258427633,-1.035797975700678
-0.8252214806906132,1.3296585953609235,-0.7945466283516462,-0.7054689621240783,-0.010684955964216718,-0.6991224441542135,0.4965824512593945,0.35624491190157287,-0.5844078777385264,-0.3651388156838818,0.20160123590713386,-0.5405130850295433,-0.4045803284826805,0.41369818995709984,1.2797240454142604,0.9222901211768734,0.8630476915482185,-0.5831133943369351,-0.5736250319696954
-0.8252214806906132,1.3296585953609235,-0.6500836047686848,-0.7054689621240783,-0.010684955964216718,-0.6991224441542135,0.13863822229229752,0.20458959538727972,0.013748144200694123,-0.39908939288953094,0.2039387100404769,-0.5875260567342662,-0.3238198420544559,0.41369818995709984,1.2500415070623505,0.9122497538906449,0.7872653231491378,-0.8016848916396612,-0.8134872964385589
-0.8252214806906132,1.3296585953609235,-0.5056205811857232,-0.7054689621240783,-0.010684955964216718,1.3105491150056232,0.6473912304482672,0.598893476176354,-0.2853298667689162,-0.22235293855086677,0.35498033193031475,0.6868288602034501,0.032759879296762884,0.41369818995709984,1.1092225839552248,0.3031697075724318,0.6032611886899973,0.7496145814490249,0.752751758554045
-0.8252214806906132,1.3296585953609235,-0.3611575576027617,-0.7054689621240783,-0.010684955964216718,-0.6991224441542135,-0.6983308925851475,0.9628661779587454,-1.062932695289903,0.24392533498891686,0.5516626889436915,1.1965271820010879,0.2208541604568686,-0.022818561345754856,0.9200651126584558,0.07726036795548868,0.4955252876146121,-1.2740310493992413,-1.2860490588430924
-0.8252214806906132,1.3296585953609235,-0.21669453401980013,-0.7054689621240783,-0.010684955964216718,-0.6991224441542135,-0.6983308925851475,1.1145214944730386,-1.7209043194230456,0.6817034254411825,0.7145674155157042,1.6304758946959879,0.3340439436146218,-0.37306455800298094,0.799479348162887,-0.08293436977267206,0.44962361577300863,-1.2740310493992413,-1.2860490588430924
-0.8252214806906132,1.3296585953609235,-0.0722315104368386,-0.7054689621240783,-0.010684955964216718,-0.6991224441542135,-0.6983308925851475,1.1448526734797215,-1.3620107062595133,1.147178321055601,0.8748530700741795,1.6897333284334326,0.3896657718246232,-0.6440711841589284,0.6437788584738655,-0.12442236355197364,0.4008275582332287,-1.2740310493992413,-1.2860490588430924
-0.8252214806906132,1.3296585953609235,0.07223151314612293,-0.7054689621240783,-0.010684955964216718,-0.6991224441542135,-0.6983308925851475,1.1145214944730386,-1.9003511260048118,1.5507288996968043,0.9902079831619368,1.4648687785065566,0.4764709060996564,-0.9898959494215623,0.5294548765181883,-0.07667113401514114,0.32114266679935005,-1.2740310493992413,-1.2860490588430924
-0.8252214806906132,1.3296585953609235,0.21669453672908448,-0.7054689621240783,-0.010684955964216718,-0.6991224441542135,-0.6983308925851475,1.1145214944730386,-1.7209043194230456,1.8655587281323163,1.0794187562148032,1.2574946123159232,0.6465922330918686,-0.8694662392247543,0.414602926154138,-0.046844337329962654,0.19418237554088344,-1.2740310493992413,-1.2860490588430924
-0.8252214806906132,1.3296585953609235,0.361157560312046,-0.7054689621240783,-0.010684955964216718,-0.6991224441542135,-0.6983308925851475,1.2055147422335266,-1.6012731150352015,2.042800889141735,1.171679114331128,1.084207855465618,1.1518347396548132,-0.3656166725682168,0.31927181139363864,-0.0029984599968349806,-0.03385061845051323,-1.2740310493992413,-1.2860490588430924
-0.8252214806906132,1.3296585953609235,0.5056205838950075,-0.7054689621240783,-0.010684955964216718,-0.6991224441542135,-0.6983308925851475,1.1145214944730386,-1.4816419106473573,2.0510105954514826,1.2192331623699728,0.9258763229192724,1.7354698472916492,0.2071661975467408,0.26854968370769317,0.045757021403981114,-0.2624982034751555,-1.2740310493992413,-1.2860490588430924
-0.8252214806906132,1.3296585953609235,0.6500836074779691,-0.34942204584506936,-0.010684955964216718,-0.2180438355259267,-0.6983308925851475,1.1145214944730386,-1.4816419106473573,1.7916419386812104,1.2438098114476916,0.7459618375598883,2.268693480681595,0.41369818995709984,0.24349097106019188,0.11157187637087325,-0.4485883933948115,-0.7340636388095344,-0.7831999603087663
-0.8252214806906132,1.3296585953609235,0.7945466310609306,-0.12871691974035274,-0.010684955964216718,-0.08638863721943389,-0.6983308925851475,0.9931973569654283,-1.4218263084534353,1.3829185694514565,1.210384354796345,0.600530294148963,2.3957099031782128,0.41369818995709984,0.26103988809279893,0.1651580071619823,-0.49404667551355863,-0.5007429572387795,-0.504287898747422
-0.8252214806906132,1.3296585953609235,0.9390096546438922,0.12121296013803207,-0.010684955964216718,0.07515944545437821,-0.6983308925851475,0.7505487926906471,-0.9433014909020588,0.9028778500861414,1.0750444613239636,0.3773015784354533,1.7247539921824502,0.41369818995709984,0.3589717539983831,0.2613501902022136,-0.26607826125696704,-0.2283932198103701,-0.2326037635538527
-0.8252214806906132,1.3296585953609235,1.0834726782268538,0.6610582820738249,-0.010684955964216718,0.48748526096572625,-0.6983308925851475,0.507900228415866,-0.2853298667689162,0.622400622281045,0.9258088769665005,0.23336777380143497,1.0987225009864263,0.41369818995709984,0.4578572447439539,0.3240881792396513,-0.0330966825532419,0.4019323574006639,0.40604703626463995
-0.8252214806906132,1.3296585953609235,1.2279357018098151,-0.7054689621240783,-0.010684955964216718,0.86817184766065,1.4247259268346961,0.5382314074225488,-0.3451454689628382,0.5471379574045978,0.8006693197408603,0.34869110230037664,0.3449786436521072,0.41369818995709984,0.5400412704908327,0.27267513072748356,0.27595072190904396,0.7690259860098567,0.7610516461627451
-0.8252214806906132,1.3296585953609235,1.3723987253927767,-0.7054689621240783,-0.010684955964216718,-0.6991224441542135,-0.6983308925851475,0.35624491190157287,0.013748144200694123,0.41501272473165346,0.6885700733732453,0.4149368470754329,0.20757169873661666,0.41369818995709984,0.6107475332977316,0.24239913140905794,0.3343349196727023,-1.2740310493992413,-1.2860490588430924
-0.8252214806906132,1.3296585953609235,1.5168617489757383,0.6824325590575053,-0.010684955964216718,0.3485864674408842,0.4503428396465922,0.35624491190157287,-0.2853298667689162,0.24962724459408991,0.6147053261523268,0.36500682238574944,0.1895995830550385,0.41369818995709984,0.6468438743436806,0.2474817043067898,0.3258015095471336,0.8524445327482538,0.8389621129033076
-0.8252214806906132,1.3296585953609235,1.6613247725587,-0.7054689621240783,-0.010684955964216718,0.976975829007252,1.0450391246753243,0.32591373289489,-0.16569866238107206,0.17452244582121154,0.5395003424038665,0.3795929397515182,0.23551341670680007,0.41369818995709984,0.6610845432598363,0.21520752775771299,0.27866718827072723,0.6706530883288984,0.6800803064379639
-0.8252214806906132,1.4397364473730871,-1.6613247698494156,-0.7054689621240783,-0.010684955964216718,-0.6991224441542135,-0.6983308925851475,0.20458959538727972,0.013748144200694123,0.0820055509640236,0.4703818251185554,0.4172256510686004,0.3072098660669151,0.41369818995709984,0.6648136217712616,0.17091373860350267,0.2182539299131766,-1.2740310493992413,-1.2860490588430924
-0.8252214806906132,1.4397364473730871,-1.516861746266454,-0.7054689621240783,-0.010684955964216718,-0.6991224441542135,-0.6357247937985091,0.12876193713013315,0.4324573595581485,-0.019840829259582537,0.41723745926261824,0.33207873275890615,0.19969328131830422,0.41369818995709984,0.6689176833295843,0.19810598766092985,0.25637482726336586,-1.2740310493992413,-1.2860490588430924
-0.8252214806906132,1.4397364473730871,-1.3723987226834924,-0.7054689621240783,-0.010684955964216718,-0.6991224441542135,0.20106640909975107,0.05293427887298657,0.3726417573642265,-0.13012167431327162,0.35723664376736114,0.15368500208250563,0.05089633829613472,0.41369818995709984,0.679255053811625,0.25984531835376345,0.30793351050547835,-0.7668286082239181,-0.7635756315432467
-0.8252214806906132,1.4397364473730871,-1.2279356991005308,-0.7054689621240783,-0.010684955964216718,-0.6991224441542135,-0.3625801480400446,0.11359634762679172,0.31282615517030443,-0.22984355138037496,0.31070876945734516,-0.05275147904575013,-0.013985732779750286,0.41369818995709984,0.6826882962770422,0.33624590874638666,0.3237852348738906,-1.0925512814651113,-1.1124197555948465
-0.8252214806906132,1.4397364473730871,-1.0834726755175694,-0.7054689621240783,-0.010684955964216718,-0.6991224441542135,0.9402918879077162,0.17425856101037715,0.1931949507824603,-0.3186325318511681,0.2729337194835974,-0.25663319459950945,-0.04693572951106397,0.41369818995709984,0.6845772070177848,0.4189757814522912,0.33063437084205977,-0.3577498405480308,-0.33969395168888883
-0.8252214806906132,1.4397364473730871,-0.9390096519346078,-0.7054689621240783,-0.010684955964216718,-0.6991224441542135,-0.32968092162934903,0.23492077439396258,0.013748144200694123,-0.39458619539281287,0.24335253264031842,-0.4421942489163391,0.03909212794971046,0.41369818995709984,0.6818683526519728,0.49454186178056303,0.28358673377344545,-1.0803025632302867,-1.1062022036667971
-0.8252214806906132,1.4397364473730871,-0.7945466283516462,0.7326547631613407,-0.010684955964216718,0.5548071101523876,0.05181953463535729,0.20458959538727972,0.3726417573642265,-0.48630238802130626,0.20829677247205697,-0.6470417800843475,0.015335295179058486,0.41369818995709984,0.6931024007416526,0.6021338524516054,0.30445877403613414,0.9140897605265733,0.900946737432568
-0.8252214806906132,1.4397364473730871,-0.6500836047686848,-0.7054689621240783,-0.010684955964216718,1.323508865036029,1.0127370169823966,0.20458959538727972,0.013748144200694123,-0.4729580198005651,0.20231334683724952,-0.5665253211008678,0.037987002986179616,0.41369818995709984,0.6737890847136048,0.5527781433942953,0.2841701184918859,0.7502294964393323,0.7391354021778701
-0.8252214806906132,1.4397364473730871,-0.5056205811857232,-0.7054689621240783,-0.010684955964216718,-0.6991224441542135,-0.6983308925851475,0.17425856101037715,0.25301055297638236,-0.36662850980527084,0.27437840835767746,-0.0803586321640826,0.17768804646025918,0.41369818995709984,0.5967153491644069,0.3306549709912012,0.22226112412888346,-1.2740310493992413,-1.2860490588430924
-0.8252214806906132,1.4397364473730871,-0.3611575576027617,0.839745744972631,-0.010684955964216718,0.3309965684175405,0.2097066951981452,0.35624491190157287,0.013748144200694123,-0.02058400400985791,0.4657033480563782,0.41943006340615385,0.3929920470373143,0.16907504863297226,0.4495815571143538,0.12372896047152637,0.1348205966238503,0.877156338916112,0.8621698739868257
-0.8252214806906132,1.4397364473730871,-0.21669453401980013,-0.7054689621240783,-0.010684955964216718,-0.6991224441542135,0.19617773377892606,0.6595555449301591,-0.5245922755446044,0.27518750596472197,0.672104007852404,0.6504253687590487,0.632226447052283,-0.08603316169309623,0.29831909071911594,0.04085602275072271,0.04627896296933865,-0.7870943413983327,-0.7906291035242118
-0.8252214806906132,1.4397364473730871,-0.0722315104368386,-0.7054689621240783,-0.010684955964216718,-0.6991224441542135,-0.6983308925851475,0.8112108614444523,-0.5245922755446044,0.5247209706978216,0.8661312991382335,0.7391286707780519,0.7440562054066622,-0.2879473715381059,0.17001745884414174,0.034380448392131,0.029903015854303983,-1.2740310493992413,-1.2860490588430924
-0.8252214806906132,1.4397364473730871,0.07223151314612293,-0.7054689621240783,-0.010684955964216718,-0.6991224441542135,-0.6983308925851475,1.2661768109873317,-1.2423795018716692,0.5917779428095272,1.0461280995512188,0.7983861045154965,0.8099285288208855,-0.039847146407487787,0.056798880580766785,0.03717290537467321,0.029688039018979706,-1.2740310493992413,-1.2860490588430924
-0.8252214806906132,1.4397364473730871,0.21669453672908448,-0.7054689621240783,-0.010684955964216718,-0.6991224441542135,-0.6983308925851475,1.1145214944730386,-1.062932695289903,0.5738782010069902,1.1001800716074819,0.7232178601514331,0.8091118431498089,0.41369818995709984,0.024627313831979032,0.09197605690154817,0.055044470061270494,-1.2740310493992413,-1.2860490588430924
-0.8252214806906132,1.4397364473730871,0.361157560312046,-0.7054689621240783,-0.010684955964216718,-0.6991224441542135,-0.6983308925851475,0.8718729301982574,-0.2853298667689162,0.4305458128289932,1.0127576921095345,0.4743630641241055,0.600586165945427,0.41369818995709984,0.09889253735875689,0.24021658317424355,0.18681963564154638,-1.2740310493992413,-1.2860490588430924
-0.8252214806906132,1.4397364473730871,0.5056205838950075,0.5953289312066337,-0.010684955964216718,-0.6991224441542135,0.21020369584927615,0.35624491190157287,0.3726417573642265,0.19876626442987966,0.8835508452007856,0.1779181938582098,0.262786022597395,0.41369818995709984,0.1885726045161071,0.3807341802667155,0.3459915618050184,0.25763542651940097,0.212678670178937
-0.8252214806906132,1.4397364473730871,0.6500836074779691,-0.7054689621240783,-0.010684955964216718,1.1713492692941718,0.7618438145999701,0.35624491190157287,0.7315353705277589,0.09881695314577034,0.7453490985850751,-0.10381439777897902,0.12524072743988432,0.41369818995709984,0.30049659845090715,0.5438672367520073,0.44302326348120263,0.7328099052180064,0.7554937991401217
-0.8252214806906132,1.4397364473730871,0.7945466310609306,2.269494468169067,-0.010684955964216718,-0.6991224441542135,-0.6983308925851475,0.35624491190157287,0.7315353705277589,-0.05463558876482441,0.6075573980054372,-0.1900567027297236,0.14603518805867402,0.41369818995709984,0.42411987040744525,0.6374541305735494,0.484549766645022,0.890358470152686,0.8771455710630479
-0.8252214806906132,1.4397364473730871,0.9390096546438922,-0.7054689621240783,-0.010684955964216718,1.3165339988383038,1.1910270394715208,0.507900228415866,0.3726417573642265,-0.053361957149591015,0.4868754152442277,-0.12091521599385174,0.07678124933495155,0.41369818995709984,0.5380616302612655,0.6471466239814442,0.558966858771378,0.7747123295780128,0.7681845989980401
-0.8252214806906132,1.4397364473730871,1.0834726782268538,2.2941171286026116,-0.010684955964216718,-0.6991224441542135,-0.6983308925851475,0.35624491190157287,0.013748144200694123,-0.04590211483179538,0.40098170995305,-0.060473741754913775,0.10242803026023062,0.41369818995709984,0.5981732948332326,0.6099275611655158,0.5385655137570001,0.8245267441514216,0.8134665859295229
-0.8252214806906132,1.4397364473730871,1.2279357018098151,-0.7054689621240783,-0.010684955964216718,1.2517947443348856,1.1878754558402453,0.35624491190157287,0.4922729617520706,0.017346671993395613,0.34421256536859535,-0.011034723061529967,0.12033558249553271,0.41369818995709984,0.6408002286598994,0.5849593814675279,0.5285201143370186,0.7466917551323909,0.7355960756912983
-0.8252214806906132,1.4397364473730871,1.3723987253927767,2.3057620432486057,-0.010684955964216718,-0.6991224441542135,-0.6983308925851475,0.35624491190157287,1.0904289836912913,0.06055649752785817,0.3130624760499475,0.07979797649003657,0.18026303793446496,0.41369818995709984,0.6813505189205428,0.5742168123638096,0.5318786939679215,0.8018231322551881,0.7907526462338724
-0.8252214806906132,1.4397364473730871,1.5168617489757383,-0.7054689621240783,-0.010684955964216718,1.2504648168680619,1.2140372682680616,0.3714105014049143,0.7913509727216809,0.12861150449771933,0.28851546885435453,0.13236204376403568,0.20739310115146334,0.41369818995709984,0.7191272859244034,0.5833992198313649,0.5527073921267142,0.7337817805203102,0.7226802899894468
-0.8252214806906132,1.4397364473730871,1.6613247725587,1.4197736204178322,-0.010684955964216718,0.6036611315927435,-0.6983308925851475,0.38657609090825573,0.910982177109525,0.15617920729551285,0.27061741812320134,0.26254427073780146,0.27671914969829936,0.41369818995709984,0.746818118955147,0.5471351428818083,0.5443685880476387,0.7532702294651734,0.7421776287943311
-0.8252214806906132,1.5498142993852508,-1.6613247698494156,-0.7054689621240783,-0.010684955964216718,1.0535878291200813,1.4853602158891432,0.20458959538727972,1.0904289836912913,0.17879018201091168,0.24534912512921558,0.490127254904607,0.31533312148928744,0.41369818995709984,0.7718652491147132,0.45082205376883516,0.5339110052196061,0.6726409414430566,0.665128173452864
-0.8252214806906132,1.5498142993852508,-1.516861746266454,-0.7054689621240783,-0.010684955964216718,-0.6991224441542135,-0.6983308925851475,0.05293427887298657,1.0904289836912913,0.1284777196641864,0.217085590522335,0.5647124296480646,0.3649505491956133,0.41369818995709984,0.7936292265483541,0.4142606597507213,0.5072404415871878,-1.2740310493992413,-1.2860490588430924
-0.8252214806906132,1.5498142993852508,-1.3723987226834924,-0.7054689621240783,-0.010684955964216718,-0.6991224441542135,-0.15372639344842326,-0.09872103764130656,1.0904289836912913,0.029975291354735614,0.18368130664393548,0.49283205008908393,0.3170411181135001,0.41369818995709984,0.8084229592634089,0.42796220060620266,0.5108014288432852,-1.0546254071314358,-1.066543249205662
-0.8252214806906132,1.5498142993852508,-1.2279356991005308,-0.7054689621240783,-0.010684955964216718,-0.6991224441542135,-0.1194365451715597,-0.09872103764130656,1.0904289836912913,-0.10781773579083083,0.14421243483443189,0.28183074758898014,0.17332288670294388,0.41369818995709984,0.8324797867045275,0.5027342163179441,0.5575467547372247,-0.9586686069328857,-0.9719659520405707
-0.8252214806906132,1.5498142993852508,-1.0834726755175694,-0.7054689621240783,-0.010684955964216718,-0.6991224441542135,0.31888826358715766,-0.09872103764130656,1.0904289836912913,-0.22754044547110575,0.11359378211675246,0.042037399028084704,0.06626327699615726,0.41369818995709984,0.8441964384581682,0.5901344625703825,0.5843870027063959,-0.7139441639576095,-0.7163446381445232
-0.8252214806906132,1.5498142993852508,-0.9390096519346078,-0.7054689621240783,-0.010684955964216718,-0.6991224441542135,0.5382674113968282,-0.09872103764130656,1.0904289836912913,-0.33711758230041167,0.08359196285092745,-0.201458953088237,0.05840330627678086,0.41369818995709984,0.8601846152415259,0.6872213935759753,0.5686793908334379,-0.6035096349375713,-0.6036805691596434
-0.8252214806906132,1.5498142993852508,-0.7945466283516462,-0.7054689621240783,-0.010684955964216718,1.067543237778827,0.3048258282509717,0.05293427887298657,0.7315353705277589,-0.42570588552090544,0.07370498364380107,-0.4387427154458232,0.12726651037758577,0.41369818995709984,0.8559024729312016,0.7835058696859686,0.5157909718437954,0.3373212808576181,0.32255136766523823
-0.8252214806906132,1.5498142993852508,-0.6500836047686848,1.6119051136831246,-0.010684955964216718,-0.6991224441542135,0.3430821965916009,0.20458959538727972,1.0904289836912913,-0.43484272072703617,0.0956406821759372,-0.32721701144951143,0.19803978630458433,0.41369818995709984,0.8464661234897758,0.7427988172661916,0.49657546679201275,0.8439527295419416,0.832901428666648
-0.8252214806906132,1.5498142993852508,-0.5056205811857232,-0.7054689621240783,-0.010684955964216718,1.1196717273284955,0.5259171233902237,0.4472381596620609,0.4922729617520706,-0.19292027517362434,0.259124836967598,0.7828000738968467,0.46030488994117796,0.40655449085803136,0.7482321476905522,0.27979998360482045,0.4216196323142292,0.4693175717995727,0.48127416774179127
-0.8252214806906132,1.5498142993852508,-0.3611575576027617,-0.7054689621240783,-0.010684955964216718,-0.6991224441542135,-0.6983308925851475,0.6595555449301591,-0.8236702865142147,0.31826020204481326,0.4489422752324761,1.4166922248835196,0.5924293710704437,-0.6655724783028327,0.5483116494801292,-0.05487340412853413,0.27476249813073444,-1.2740310493992413,-1.2860490588430924
-0.8252214806906132,1.5498142993852508,-0.21669453401980013,-0.7054689621240783,-0.010684955964216718,-0.6991224441542135,-0.6983308925851475,0.9628661779587454,-2.1396135347805,0.7287789637405788,0.6349570834760823,1.7941437076882287,0.6531273954331125,-1.58870079060784,0.29092125915426065,-0.35654846968852555,0.05812934430606999,-1.2740310493992413,-1.2860490588430924
-0.8252214806906132,1.5498142993852508,-0.0722315104368386,-0.7054689621240783,-0.010684955964216718,-0.6991224441542135,-0.6983308925851475,0.9931973569654283,-2.259244739168344,1.1523818821558638,0.7832504794374063,1.7394596197322902,0.6437497644830905,-2.233079764566,0.04880358567992798,-0.5114917532607652,-0.1385855122521378,-1.2740310493992413,-1.2860490588430924
-0.8252214806906132,1.5498142993852508,0.07223151314612293,-0.7054689621240783,-0.010684955964216718,-0.6991224441542135,-0.6983308925851475,0.9628661779587454,-2.3190603413622664,1.5186192018005682,0.8857436387189912,1.449021048511407,0.5900640011750563,-2.781830744213554,-0.10511151175427051,-0.5215192124253486,-0.2341509505535196,-1.2740310493992413,-1.2860490588430924
-0.8252214806906132,1.5498142993852508,0.21669453672908448,-0.7054689621240783,-0.010684955964216718,-0.6991224441542135,-0.6983308925851475,1.1145214944730386,-2.6779539545257984,1.7987044400434131,0.9830275900965286,1.2138683885683155,0.7350131304964345,-3.153055068506777,-0.2606696333624236,-0.5588047520677488,-0.4068766027368367,-1.2740310493992413,-1.2860490588430924
-0.8252214806906132,1.5498142993852508,0.361157560312046,-0.7054689621240783,-0.010684955964216718,-0.6991224441542135,-0.6983308925851475,1.2055147422335266,-2.917216363301487,1.930930011341507,1.0586165067944269,1.0041670585410536,1.158670080096925,-3.115626109846869,-0.4666081992624379,-0.67624800604292,-0.7276224744616983,-1.2740310493992413,-1.2860490588430924
-0.8252214806906132,1.5498142993852508,0.5056205838950075,-0.7054689621240783,-0.010684955964216718,-0.6991224441542135,-0.6983308925851475,1.0841903154663557,-2.6779539545257984,1.8948984110502534,1.0898675196641219,0.8630940457882532,1.6488659497322815,-2.730203303361328,-0.5541102760843329,-0.6995656672532297,-0.9265401934504215,-1.2740310493992413,-1.2860490588430924
-0.8252214806906132,1.5498142993852508,0.6500836074779691,-0.7054689621240783,-0.010684955964216718,-0.6991224441542135,-0.6983308925851475,0.9628661779587454,-2.378875943556188,1.6843123870552574,1.0927456052667102,0.6691398577221769,2.0261210666455214,-1.802964965682094,-0.6400841884042962,-0.7030691466030525,-1.0756682371675483,-1.2740310493992413,-1.2860490588430924
-0.8252214806906132,1.5498142993852508,0.7945466310609306,0.929838240827646,-0.010684955964216718,0.9631439316331665,-0.6983308925851475,0.8415420404511351,-2.019982330392656,1.1075947334340481,1.0232170419453266,0.3875487712853105,2.0206918677541235,0.10899005770096142,-0.652562630041499,-0.6311367025178576,-1.0845603032028566,0.8652591019315106,0.8499706415602328
-0.8252214806906132,1.5498142993852508,0.9390096546438922,-0.7054689621240783,-0.010684955964216718,1.8561162239504718,-0.6983308925851475,0.507900228415866,-1.3620107062595133,0.8697166033983366,0.8689889177269732,0.3135926979746118,1.365741822030622,0.41369818995709984,-0.5640371921501749,-0.5977649053582315,-0.9081432040307152,0.10008011120060639,0.13884263969856306
-0.8252214806906132,1.5498142993852508,1.0834726782268538,1.508230442357437,-0.010684955964216718,0.4131653149482249,-0.6983308925851475,0.20458959538727972,-0.8834858887081368,0.47250475016992294,0.7262653725688929,0.6748537695159206,0.7760905750816969,0.41369818995709984,-0.48115918233452043,-0.7033421533758449,-0.7389889412084305,0.7569181370408702,0.7430189692999678
-0.8252214806906132,1.5498142993852508,1.2279357018098151,-0.7054689621240783,-0.010684955964216718,0.7063163532830183,1.7574218519516356,0.05293427887298657,-0.46477667335068235,0.40311323271306787,0.5907977366997316,0.7660291503357378,0.059282039935187776,0.41369818995709984,-0.4126914766229038,-0.7119279904880389,-0.49565986862056866,0.7196396357944547,0.7099950225703137
-0.8252214806906132,1.5498142993852508,1.3723987253927767,-0.7054689621240783,-0.010684955964216718,-0.6991224441542135,-0.6983308925851475,-0.09872103764130656,0.013748144200694123,0.292233700529319,0.48838997426903275,0.7933072612412723,-0.026590697557261,0.41369818995709984,-0.34885531827431915,-0.7067604391228105,-0.4522869918307787,-1.2740310493992413,-1.2860490588430924
-0.8252214806906132,1.5498142993852508,1.5168617489757383,-0.7054689621240783,-0.010684955964216718,1.108181498795576,1.4420974725796036,-0.2503763541555997,0.3726417573642265,0.14899295496229203,0.4084860464445465,0.6600775578147788,0.09521704794887612,0.41369818995709984,-0.3040933458382897,-0.6436857632457982,-0.467489234772309,0.7201254834404851,0.7095079630520724
-0.8252214806906132,1.5498142993852508,1.6613247725587,-0.7054689621240783,-0.010684955964216718,-0.6991224441542135,2.36868632760277,-0.22004531977869715,0.31282615517030443,0.012363855868462004,0.3390944003882198,0.648259316264956,0.35107443916414754,0.41369818995709984,-0.26509366114995236,-0.6149116238807721,-0.5254404449180461,0.29073282985016347,0.3217069535824985
-0.8252214806906132,1.6598921513974148,-1.6613247698494156,-0.7054689621240783,-0.010684955964216718,1.9905461164063492,-0.6983308925851475,-0.31103842290940487,0.4922729617520706,-0.11922289284951228,0.27710757879053904,0.5504135848877697,0.5763773890508425,0.41369818995709984,-0.23064541161642949,-0.5628181022225505,-0.5756895464909402,0.140196383923808,0.10445443454549688
-0.8252214806906132,1.6598921513974148,-1.516861746266454,-0.7054689621240783,-0.010684955964216718,-0.6991224441542135,1.2172026865863783,-0.40203167066989287,0.7315353705277589,-0.23988744775785895,0.22315158997163553,0.6308268985143879,0.6752642726426555,0.41369818995709984,-0.20026695878108813,-0.5693276679681408,-0.5884542295093581,-0.2833777085748268,-0.30088184455903316
-0.8252214806906132,1.6598921513974148,-1.3723987226834924,-0.7054689621240783,-0.010684955964216718,-0.6991224441542135,-0.6561899805969349,-0.37170063629299027,0.5520885639459927,-0.34377337776867445,0.18148286705294406,0.5537994804039192,0.7150873417002684,0.41369818995709984,-0.1753863268855884,-0.5294876110521884,-0.5855340552593635,-1.2740310493992413,-1.2860490588430924
-0.8252214806906132,1.6598921513974148,-1.2279356991005308,-0.7054689621240783,-0.010684955964216718,0.7974997417380888,0.4848632136366912,-0.40203167066989287,0.7315353705277589,-0.441701869142269,0.14399364951398008,0.2999084631506573,0.5765090314023404,0.41369818995709984,-0.1556290154866966,-0.4314211687490983,-0.5257499075398637,0.22783545082108914,0.2238156743587639
-0.8252214806906132,1.6598921513974148,-1.0834726755175694,-0.7054689621240783,-0.010684955964216718,-0.6991224441542135,1.177562325500455,-0.553686987184186,0.7315353705277589,-0.5216951657324403,0.10754824968130064,0.23703071263146877,0.5447085994092671,0.41369818995709984,-0.14126021529775934,-0.4087611763366031,-0.5137493458131326,-0.2810220945340882,-0.2925868746736977
-0.8252214806906132,1.6598921513974148,-0.9390096519346078,-0.7054689621240783,-0.010684955964216718,0.8530919081735707,0.08306947245550894,-0.6143490559379912,0.6717197683338367,-0.6006482852418932,0.0697604960437847,0.13819614973395686,0.5713791721254955,0.41369818995709984,-0.13313268699299527,-0.3804474266435832,-0.5272807506494712,-0.019341564212096065,-0.030786851180238814
-0.8252214806906132,1.6598921513974148,-0.7945466283516462,1.207385390238958,-0.010684955964216718,0.2217866291293582,0.04063728200549869,-0.7053423036984792,1.0904289836912913,-0.6629244563272998,0.02968820020529309,0.09532859844590945,0.5383084333647823,0.41369818995709984,-0.1214015571294358,-0.36906031199905637,-0.5195779919450699,0.8192250824726938,0.8081624114704598
-0.8252214806906132,1.6598921513974148,-0.6500836047686848,-0.7054689621240783,-0.010684955964216718,1.270703218298463,1.1096792892858396,-0.40203167066989287,0.7315353705277589,-0.6304408298213391,0.036012507484546395,0.20424498064591373,0.5311184132113097,0.41369818995709984,-0.1343700827873908,-0.3980485110480292,-0.5096270783115818,0.6609136341279079,0.649778934306068
-0.8252214806906132,1.6598921513974148,-0.5056205811857232,-0.7054689621240783,-0.010684955964216718,-0.6991224441542135,1.1959173917241084,0.08326531324988914,0.13337934858853825,-0.4222769802374567,0.15151915877842356,0.9476374358941625,0.8415788717635249,0.41369818995709984,-0.18799700192671642,-0.591404643553002,-0.5647107748635579,-0.32469014936319024,-0.3252885056178267
-0.8252214806906132,1.6598921513974148,-0.3611575576027617,-0.7054689621240783,-0.010684955964216718,-0.6991224441542135,-0.6983308925851475,0.6595555449301591,-1.3021951040655912,0.1259719297321148,0.3994431551189051,1.6522037624732118,1.0400460671298823,-0.5817515936069994,-0.34164087610176896,-0.7794785575454665,-0.6084719969042562,-1.2740310493992413,-1.2860490588430924
-0.8252214806906132,1.6598921513974148,-0.21669453401980013,-0.7054689621240783,-0.010684955964216718,-0.6991224441542135,-0.6983308925851475,0.9628661779587454,-2.1396135347805,0.5523883431965972,0.5964635707403347,1.862119055182889,1.1041223528567894,-1.4923872070944741,-0.5019485416687923,-0.8833814070503584,-0.6795853371611378,-1.2740310493992413,-1.2860490588430924
-0.8252214806906132,1.6598921513974148,-0.0722315104368386,-0.7054689621240783,-0.010684955964216718,-0.6991224441542135,-0.6983308925851475,1.2055147422335266,-2.3190603413622664,1.0153240026705608,0.77897075626573,1.8602990937209105,1.0883680334791104,-2.061843916623344,-0.635811939469083,-0.9053697468665904,-0.6997463502094122,-1.2740310493992413,-1.2860490588430924
-0.8252214806906132,1.6598921513974148,0.07223151314612293,-0.7054689621240783,-0.010684955964216718,-0.6991224441542135,-0.6983308925851475,1.2661768109873317,-2.6181383523318766,1.4264220526955238,0.9106816364550046,1.5878265682951849,1.011978576212408,-2.6308267974369954,-0.7454722809180748,-0.8768014920418027,-0.7242801481197564,-1.2740310493992413,-1.2860490588430924
-0.8252214806906132,1.6598921513974148,0.21669453672908448,-0.7054689621240783,-0.010684955964216718,-0.6991224441542135,-0.6983308925851475,1.4178321275016248,-2.6181383523318766,1.7387608075306529,1.0272885661830247,1.3699759026348943,1.093267309019255,-2.6994056068195857,-0.8416095850992208,-0.8450100792422501,-0.7763658713452446,-1.2740310493992413,-1.2860490588430924
-0.8252214806906132,1.6598921513974148,0.361157560312046,-0.7054689621240783,-0.010684955964216718,-0.6991224441542135,-0.6983308925851475,1.5088253752621128,-2.6779539545257984,1.911827543885509,1.121332377540581,1.197636207697591,1.4474975917150767,-2.636219085210924,-0.9077856473125194,-0.8101534178227237,-0.8878887887485449,-1.2740310493992413,-1.2860490588430924
-0.8252214806906132,1.6598921513974148,0.5056205838950075,-0.7054689621240783,-0.010684955964216718,-0.6991224441542135,-0.6983308925851475,1.569487444015918,-2.7377695567197207,1.913481124427976,1.183313553065476,1.0351481730020144,1.9017810924672574,-2.2907909321321394,-0.9556732023781911,-0.7750370880227713,-1.0164067952210345,-1.2740310493992413,-1.2860490588430924
-0.8252214806906132,1.6598921513974148,0.6500836074779691,-0.7054689621240783,-0.010684955964216718,-0.6991224441542135,-0.6983308925851475,1.4178321275016248,-2.6181383523318766,1.7209667557466068,1.199742213354111,0.8993227868346662,2.2672923700487724,-1.4607904364478084,-0.9744168047809332,-0.7433915369978076,-1.1120409307570915,-1.2740310493992413,-1.2860490588430924
-0.8252214806906132,1.6598921513974148,0.7945466310609306,0.544394203360882,-0.010684955964216718,0.5434953685653,-0.6983308925851475,1.3268388797411368,-2.1396135347805,1.2012655224804576,1.1451792717107283,0.6014756511800329,2.2503683622612867,0.24862796504950638,-0.9354436632941137,-0.6173512588716835,-1.0764880530627416,0.4005444784266387,0.3086038845825097
-0.8252214806906132,1.6598921513974148,0.9390096546438922,-0.7054689621240783,-0.010684955964216718,0.8910072446645055,-0.6983308925851475,0.8112108614444523,-1.3021951040655912,0.9354745247764374,0.9843233638008818,0.3921851976982855,1.5972873025345304,0.41369818995709984,-0.8441895842867553,-0.5274236024011476,-0.8884108443899725,-0.39192028493769915,-0.3771758146486048
-0.8252214806906132,1.6598921513974148,1.0834726782268538,1.3431974568474687,-0.010684955964216718,0.5966378069250368,-0.6983308925851475,0.6595555449301591,-1.3021951040655912,0.5071938196566738,0.8406124616643755,0.3760970793507808,0.9779184235996718,0.41369818995709984,-0.7567509698466711,-0.4865661703642059,-0.6794299557186705,0.7995449226189671,0.7885714310165067
-0.8252214806906132,1.6598921513974148,1.2279357018098151,-0.7054689621240783,-0.010684955964216718,0.8337782120803217,1.6301611774221474,0.416906980655378,-0.7638546843202927,0.4358216177393639,0.705506880212607,0.6085969430083089,0.2574415108238399,0.41369818995709984,-0.6735940151132472,-0.5361899380810112,-0.4237197777318705,0.7338707055803839,0.7257059192895521
-0.8252214806906132,1.6598921513974148,1.3723987253927767,-0.7054689621240783,-0.010684955964216718,-0.6991224441542135,-0.6983308925851475,0.35624491190157287,-0.8236702865142147,0.3238323403614594,0.6022874948189418,0.6504714005712017,0.1519322623139945,0.41369818995709984,-0.6142651336842245,-0.53832214464141,-0.3756620529319593,-1.2740310493992413,-1.2860490588430924
-0.8252214806906132,1.6598921513974148,1.5168617489757383,-0.7054689621240783,-0.010684955964216718,1.149006235573165,1.3700065953397658,0.35624491190157287,-0.5844078777385264,0.1965394158757242,0.536923615936223,0.6004697708403912,0.23628147017159085,0.41369818995709984,-0.5631996334913709,-0.49361615613600157,-0.3744569257331304,0.7154137153282787,0.7049568149832224
-0.8252214806906132,1.6598921513974148,1.6613247725587,-0.7054689621240783,-0.010684955964216718,-0.6991224441542135,-0.6983308925851475,0.35624491190157287,-0.7638546843202927,0.07649762936747327,0.48022010694790385,0.6187034830988094,0.3147730126306845,0.41369818995709984,-0.5172294627826156,-0.47141569285406953,-0.3723320790896278,-1.2740310493992413,-1.2860490588430924
-0.8252214806906132,1.7699700034095784,-1.6613247698494156,-0.7054689621240783,-0.010684955964216718,1.2161173272060022,1.318825799480323,0.20458959538727972,-0.5245922755446044,-0.03504413774226359,0.4238108995035473,0.5306147910161465,0.3072316667111122,0.41369818995709984,-0.47646344868418167,-0.42615443998256397,-0.3527082914191446,0.7069503537403706,0.6963860427791857
-0.8252214806906132,1.7699700034095784,-1.516861746266454,-0.7054689621240783,-0.010684955964216718,-0.6991224441542135,-0.6983308925851475,0.05293427887298657,-0.2853298667689162,-0.15400828741640685,0.3623548087477367,0.5423401165006974,0.3592270416075545,0.41369818995709984,-0.43530001046847605,-0.4200396476239509,-0.36060478932796114,-1.2740310493992413,-1.2860490588430924
-0.8252214806906132,1.7699700034095784,-1.3723987226834924,-0.7054689621240783,-0.010684955964216718,-0.6991224441542135,0.6391833831281452,0.05293427887298657,-0.4049610711567603,-0.23163024783220712,0.3283633332996085,0.4557585400455652,0.3365694643962264,0.41369818995709984,-0.41522176763305035,-0.3906198870413125,-0.3522033559087559,-0.5823180640805165,-0.5940203675514801
-0.8252214806906132,1.7699700034095784,-1.2279356991005308,-0.7054689621240783,-0.010684955964216718,-0.6991224441542135,-0.46609248177687446,-0.09872103764130656,0.013748144200694123,-0.33858988439344145,0.2691833156355947,0.2390143427588806,0.2918018415374441,0.41369818995709984,-0.37731807586556804,-0.3114384569756276,-0.3314437884056774,-1.1569090498442451,-1.1846511675190752
-0.8252214806906132,1.7699700034095784,-1.0834726755175694,-0.7054689621240783,-0.010684955964216718,-0.6991224441542135,1.3958047231915751,-0.09872103764130656,-0.2853298667689162,-0.43284798885906034,0.2164264115245867,-0.010258149341688033,0.22037119233927088,0.41369818995709984,-0.35286478951450556,-0.23493180485015439,-0.31780922936206624,-0.14119103777300587,-0.11492510229928911
-0.8252214806906132,1.7699700034095784,-0.9390096519346078,-0.7054689621240783,-0.010684955964216718,-0.6991224441542135,-0.04066309485788999,-0.007727789880818559,-0.4049610711567603,-0.5120098127088245,0.17519243621040587,-0.25425829406879635,0.3130968784864523,0.41369818995709984,-0.33865766155299515,-0.16211235767258492,-0.3662312445452235,-0.9363608600624307,-0.9602866664072203
-0.8252214806906132,1.7699700034095784,-0.7945466283516462,-0.7054689621240783,-0.010684955964216718,1.6369243735659857,0.7707946474991447,0.02260324449608401,-0.2853298667689162,-0.5773523321788058,0.14248191352556802,-0.46917315304287854,0.34784458987771294,0.41369818995709984,-0.3159422309958556,-0.07613738318511902,-0.3740258885098844,0.7360052670426396,0.7256085893479599
-0.8252214806906132,1.7699700034095784,-0.6500836047686848,-0.7054689621240783,-0.010684955964216718,1.3024013646255697,0.9717518614311295,0.05293427887298657,-0.2853298667689162,-0.5921964283834509,0.15216633987150194,-0.1181413730911452,0.4852356035532132,0.41369818995709984,-0.3158150649304019,-0.1953434563062802,-0.40978399106618196,0.6493972988176304,0.6410538685314653
-0.8252214806906132,1.7699700034095784,-0.5056205811857232,-0.7054689621240783,-0.010684955964216718,1.1245207278062523,-0.6983308925851475,0.598893476176354,-1.003117093095981,-0.3791220064847426,0.3261140790535444,1.3757810256119785,0.6754579629814838,0.41369818995709984,-0.40876742623123846,-0.6687434392538584,-0.45609849644739503,-0.3395891471560093,-0.3503543465126244
-0.8252214806906132,1.7699700034095784,-0.3611575576027617,-0.7054689621240783,-0.010684955964216718,-0.6991224441542135,-0.6806736919953101,1.008362657209209,-1.4816419106473573,0.138428635582365,0.5513182785037545,1.9228247861212244,0.8650816431806488,-0.36658889889499796,-0.5131343293920761,-0.7887889705526683,-0.47889709322826196,-1.2740310493992413,-1.2860490588430924
-0.8252214806906132,1.7699700034095784,-0.21669453401980013,-0.7054689621240783,-0.010684955964216718,-0.6991224441542135,-0.6983308925851475,1.4178321275016248,-1.9003511260048118,0.7273200401309023,0.7661075909413609,2.3928539151344888,0.863952202113975,-1.467216957763102,-0.6025646491533266,-0.8760926210281296,-0.43239361627406225,-1.2740310493992413,-1.2860490588430924
-0.8252214806906132,1.7699700034095784,-0.0722315104368386,-0.7054689621240783,-0.010684955964216718,-0.6991224441542135,-0.6983308925851475,1.5391562650092352,-1.9601667281987338,1.1251981418303099,0.937963460156245,2.3621720074525228,0.841934389961201,-1.9205680828518223,-0.669433730228073,-0.8354036399786555,-0.3852335064458377,-1.2740310493992413,-1.2860490588430924
-0.8252214806906132,1.7699700034095784,0.07223151314612293,-0.7054689621240783,-0.010684955964216718,-0.6991224441542135,-0.6983308925851475,1.7211427605302112,-2.019982330392656,1.5238374792325198,1.076669824527191,2.0780534335520655,0.8589229611949629,-2.34807974867064,-0.7096724998236297,-0.7122083118630969,-0.33758558123826343,-1.2740310493992413,-1.2860490588430924
-0.8252214806906132,1.7699700034095784,0.21669453672908448,-0.7054689621240783,-0.010684955964216718,-0.6991224441542135,-0.6983308925851475,1.8727980770445043,-2.199429136974422,1.8349942450633854,1.2026795827209509,1.8274707396870655,1.0024340864856465,-2.65723251127027,-0.7365930974066919,-0.591672056806415,-0.33368999294008883,-1.2740310493992413,-1.2860490588430924
-0.8252214806906132,1.7699700034095784,0.361157560312046,-0.7054689621240783,-0.010684955964216718,-0.6991224441542135,-0.6983308925851475,1.9941222145521145,-2.4386915457501104,2.0050835999479664,1.3029488950840078,1.637913442122575,1.3953345195555797,-2.3290505534779857,-0.750778749505156,-0.49356065121292797,-0.4250861375571926,-1.2740310493992413,-1.2860490588430924
-0.8252214806906132,1.7699700034095784,0.5056205838950075,-0.7054689621240783,-0.010684955964216718,-0.6991224441542135,-0.6983308925851475,2.0244533935587974,-2.498507147944032,2.005011356137859,1.3617202782301456,1.447755173677197,1.8903634243121743,-1.9389374276855063,-0.7581857505396266,-0.4140788921836353,-0.5666973601956321,-1.2740310493992413,-1.2860490588430924
-0.8252214806906132,1.7699700034095784,0.6500836074779691,-0.7054689621240783,-0.010684955964216718,-0.6991224441542135,-0.6983308925851475,1.8727980770445043,-2.378875943556188,1.8269678239755778,1.3725445055197234,1.2878747558959964,2.2789121134058363,-0.7982608978281766,-0.7431695375354859,-0.3484191498118443,-0.6732498051241365,-1.2740310493992413,-1.2860490588430924
-0.8252214806906132,1.7699700034095784,0.7945466310609306,-0.09565399711178857,-0.010684955964216718,-0.6991224441542135,-0.6983308925851475,1.7514739395368941,-2.019982330392656,1.3445296803933529,1.3195857543066212,1.0007445080633748,2.2977193614574274,0.41369818995709984,-0.6995834289266969,-0.22777360599190116,-0.6603076361902643,-0.8395693523667916,-0.8758149833987892
-0.8252214806906132,1.7699700034095784,0.9390096546438922,-0.4105954563955814,-0.010684955964216718,-0.28663401421106216,-0.6983308925851475,1.190349152730185,-1.3620107062595133,0.8453022091269139,1.1588724097346177,0.484309345313036,1.6510535605288308,0.41369818995709984,-0.598445385579589,-0.02057114653366184,-0.4437748193361191,-0.8244895792873753,-0.8378160423177936
-0.8252214806906132,1.7699700034095784,1.0834726782268538,0.8087368337227059,-0.010684955964216718,0.6968009387968278,-0.6983308925851475,1.0538594257192335,-1.2423795018716692,0.5751859477547745,1.0135079140309546,0.25475892739716877,1.0774475877089846,0.41369818995709984,-0.49439072698933406,0.09229381182937674,-0.22533971754197743,0.6776232649505886,0.6948506885637117
-0.8252214806906132,1.7699700034095784,1.2279357018098151,-0.7054689621240783,-0.010684955964216718,0.9192625270712141,1.386804001572464,0.9022041092049403,-1.062932695289903,0.5021387597216324,0.8816347092490868,0.24437363911085233,0.3817412376589707,0.41369818995709984,-0.40385814045959706,0.10693915151247078,0.051579702275822356,0.772849223562298,0.7654120275460744
-0.8252214806906132,1.7699700034095784,1.3723987253927767,-0.7054689621240783,-0.010684955964216718,-0.6991224441542135,-0.6983308925851475,0.7505487926906471,-0.9433014909020588,0.3865038456299559,0.7725568175810013,0.36887434704757477,0.2707399037840821,0.41369818995709984,-0.3331497059362104,0.0543899731601794,0.09433170342730177,-1.2740310493992413,-1.2860490588430924
-0.8252214806906132,1.7699700034095784,1.5168617489757383,-0.7054689621240783,-0.010684955964216718,1.0677290828437451,1.1550734128656024,0.5533967076663298,-0.7638546843202927,0.24192592065176735,0.6851852527381266,0.360785534723118,0.2667956641570342,0.41369818995709984,-0.2753456107834719,0.049929786861098883,0.08816347191133915,0.7453670597536812,0.7351057376908139
-0.8252214806906132,1.7699700034095784,1.6613247725587,-0.7054689621240783,-0.010684955964216718,-0.6991224441542135,-0.6983308925851475,0.3410793223982314,-0.5245922755446044,0.10947759760584108,0.5945432002340466,0.4060109377225625,0.3164566931517543,0.41369818995709984,-0.21669961353895384,0.014468810213224105,0.04993465272244877,-1.2740310493992413,-1.2860490588430924
-0.5008210057446509,-1.5323655569553345,-1.6613247698494156,0.8276083520006748,-0.010684955964216718,0.3219935943677052,0.3488967478618335,0.12876193713013315,-0.2853298667689162,-0.06536111886915862,0.5078286971116255,0.2911206492342462,0.21894241165804437,0.41369818995709984,-0.17242024476688522,0.02521783337776485,0.054663276257504965,0.8845689807152541,0.8701072844025225
-0.5008210057446509,-1.5323655569553345,-1.516861746266454,-0.7054689621240783,-0.010684955964216718,-0.6991224441542135,-0.6983308925851475,-0.053224413761062565,-0.04606745799322794,-0.12020420460347625,0.41315676015664315,0.22895212959860156,0.16760944095066835,0.41369818995709984,-0.12347627028080334,0.014639627689660047,0.039986556325713914,-1.2740310493992413,-1.2860490588430924
-0.5008210057446509,-1.5323655569553345,-1.3723987226834924,1.3156100589507063,-0.010684955964216718,-0.6991224441542135,-0.6983308925851475,-0.17454869589845315,0.1931949507824603,-0.21515932805180166,0.3296626357994528,0.07015260696203275,0.02028404141180433,0.41369818995709984,-0.08333305621071087,0.046891215025858045,0.06914799066903664,0.20810425806345376,0.1717486635200356
-0.5008210057446509,-1.5323655569553345,-1.2279356991005308,-0.7054689621240783,-0.010684955964216718,-0.6991224441542135,1.7526977255600125,-0.2503763541555997,0.31282615517030443,-0.23931819329117637,0.22651241479741438,-0.16315025608527706,-0.2063453938256537,0.41369818995709984,-0.03187423403172919,0.10822566096975911,0.13020509597996274,0.1271000987101557,0.1607558101063352
-0.5008210057446509,-1.5323655569553345,-1.0834726755175694,-0.7054689621240783,-0.010684955964216718,-0.6991224441542135,-0.6983308925851475,-0.31103842290940487,0.4324573595581485,-0.2969955107238889,0.1400131681999539,-0.39695776418433926,-0.1277549099813577,0.41369818995709984,0.012887255800636294,0.1804937162177249,0.07321261317240574,-1.2740310493992413,-1.2860490588430924
-0.5008210057446509,-1.5323655569553345,-0.9390096519346078,0.6761694726749223,-0.010684955964216718,0.6084113230427721,0.21771278666558327,-0.35653504678964887,0.5520885639459927,-0.42002939503410364,0.059791648781263446,-0.6785829482598376,-0.19914950426797412,0.41369818995709984,0.0521260706044662,0.27354470785563734,0.07660239911811376,0.9480503129728288,0.9321650600668323
-0.5008210057446509,-1.5323655569553345,-0.7945466283516462,-0.7054689621240783,-0.010684955964216718,1.3809303649923086,1.136622342298542,-0.2503763541555997,0.3726417573642265,-0.44458426338073576,-0.01073132910952846,-0.6170597264353019,-0.19993265048643985,0.41369818995709984,0.08425806385280916,0.21973806331975895,0.050974213084394905,0.7768348303539833,0.7721282033262148
-0.5008210057446509,-1.5323655569553345,-0.6500836047686848,1.5119225048237335,-0.010684955964216718,0.4506428433535353,-0.6983308925851475,-0.09872103764130656,0.013748144200694123,-0.4347785040069404,-0.008381857071515487,-0.21551229485038204,-0.08385092802730736,0.41369818995709984,0.07276147936993466,0.038263211382957026,-0.011395941264061231,0.8686990976764681,0.8542535688005688
-0.5008210057446509,-1.5323655569553345,-0.5056205811857232,-0.7054689621240783,-0.010684955964216718,1.0480385459372994,1.3429796957389348,0.35624491190157287,-0.2853298667689162,-0.16998554116107584,0.1358068439744936,1.154543611994573,0.12789202116878,0.3916341510921585,-0.0028926775017224155,-0.4271916075567424,-0.06294248871708283,0.7292354418214798,0.7242822383754839
-0.5008210057446509,-1.5323655569553345,-0.3611575576027617,-0.7054689621240783,-0.010684955964216718,-0.6991224441542135,-0.6983308925851475,0.8112108614444523,-1.062932695289903,0.34836513421055865,0.34218209644298303,1.7593044454160665,0.3277729044626892,-0.25491156553411054,-0.12460869977828738,-0.5972057685556408,-0.11661453294516544,-1.2740310493992413,-1.2860490588430924
-0.5008210057446509,-1.5323655569553345,-0.21669453401980013,-0.7054689621240783,-0.010684955964216718,-0.6991224441542135,-0.6983308925851475,1.1145214944730386,-1.3021951040655912,0.7483296103889121,0.49825013463042633,2.0425219892156754,0.41123918623030226,-0.8006721595122872,-0.19712400241954334,-0.6474037325502893,-0.10691890430362491,-1.2740310493992413,-1.2860490588430924
-0.5008210057446509,-1.5323655569553345,-0.0722315104368386,-0.7054689621240783,-0.010684955964216718,-0.6991224441542135,-0.6983308925851475,1.3116732902377954,-1.4816419106473573,1.1921106263217998,0.6602881890298107,2.022525429039987,0.4402809982461249,-0.9838356216565485,-0.2702990242694337,-0.6078984262556648,-0.07665376328458995,-1.2740310493992413,-1.2860490588430924
-0.5008210057446509,-1.5323655569553345,0.07223151314612293,-0.7054689621240783,-0.010684955964216718,-0.6991224441542135,-0.6983308925851475,1.4178321275016248,-1.6610887172291235,1.5687028920819521,0.7893623532280919,1.7334328621040986,0.48078407970542475,-1.3024825077722189,-0.33828340241159355,-0.5051869963786094,-0.07528436951199508,-1.2740310493992413,-1.2860490588430924
-0.5008210057446509,-1.5323655569553345,0.21669453672908448,-0.7054689621240783,-0.010684955964216718,-0.6991224441542135,-0.6983308925851475,1.569487444015918,-2.079797932586578,1.8837628304311407,0.9120451630327879,1.4880116982870053,0.6508810905944941,-1.5019211088236437,-0.41310506796291824,-0.430897959551753,-0.14494986678822994,-1.2740310493992413,-1.2860490588430924
-0.5008210057446509,-1.5323655569553345,0.361157560312046,-0.7054689621240783,-0.010684955964216718,-0.6991224441542135,-0.6983308925851475,1.7059771710268696,-1.9601667281987338,2.0350493958868374,1.007584477919497,1.2908020381725465,1.0658731226129454,-0.9794143902619563,-0.44642571403559667,-0.3344930076397394,-0.2639297931668412,-1.2740310493992413,-1.2860490588430924
-0.5008210057446509,-1.5323655569553345,0.5056205838950075,-0.33933101693348466,-0.010684955964216718,-0.6991224441542135,-0.6983308925851475,1.569487444015918,-1.9003511260048118,2.0256389706961317,1.051561738848504,1.0657550658789898,1.5935510075136705,-0.46940739020247135,-0.4565217826856569,-0.23938532195305162,-0.4288185428341987,-1.021350446197171,-1.0986158854022514
-0.5008210057446509,-1.5323655569553345,0.6500836074779691,-0.03578872650807624,-0.010684955964216718,-0.6991224441542135,-0.6983308925851475,1.569487444015918,-2.259244739168344,1.7505619676965918,1.0901399426760392,0.8601991562684034,2.180133394548694,0.41369818995709984,-0.4910708963849476,-0.1926323204901017,-0.6382506228070584,-0.807389191229563,-0.8101349971186992
-0.5008210057446509,-1.5323655569553345,0.7945466310609306,-0.3662013834315219,-0.010684955964216718,-0.09138280287516112,-0.6983308925851475,1.2358456319806488,-1.6012731150352015,1.2816380990736946,1.030269692613955,0.5052947370090499,2.2013328440577604,0.41369818995709984,-0.4503292537715437,-0.04837610109850661,-0.634236493854728,-0.6639770106929607,-0.679030387589486
-0.5008210057446509,-1.5323655569553345,0.9390096546438922,0.5658658098497845,-0.010684955964216718,0.5588215948097907,-0.6983308925851475,0.9628661779587454,-1.062932695289903,0.8071902546742233,0.8774410886873947,0.22651926308221423,1.5104528212384625,0.41369818995709984,-0.3549337114219056,0.06817218977594222,-0.40801086559579564,0.4299811934544469,0.4397944005917493
-0.5008210057446509,-1.5323655569553345,1.0834726782268538,1.0030169318811595,-0.010684955964216718,0.7737025334536898,-0.6983308925851475,0.8112108614444523,-0.8236702865142147,0.5557182477032316,0.7315352757553881,0.1439560933398536,0.8930057529382115,0.41369818995709984,-0.25297693095888824,0.11860873888566316,-0.17486306992362918,0.826632503974787,0.8181189571376287
-0.5008210057446509,-1.5323655569553345,1.2279357018098151,1.1752176747969045,-0.010684955964216718,0.7998801983784374,-0.6983308925851475,0.8415420404511351,-0.5844078777385264,0.4721642677685816,0.6173921510392945,0.3076366929465815,0.40740814225581634,0.41369818995709984,-0.1621294455384168,0.08305245727297589,0.04234610046181345,0.7892551771049293,0.7799242291951778
-0.5008210057446509,-1.5323655569553345,1.3723987253927767,-0.7054689621240783,-0.010684955964216718,1.5545805038010516,-0.6983308925851475,0.8112108614444523,-0.5245922755446044,0.4383060020980702,0.5226574015245695,0.5250287453672725,0.042005029408971564,0.41369818995709984,-0.08743349824155391,0.016956205254222027,0.21535564342564947,-0.08539992310937834,-0.0651027248188165
-0.5008210057446509,-1.5323655569553345,1.5168617489757383,2.2682536739605577,-0.010684955964216718,-0.6991224441542135,-0.6983308925851475,0.8112108614444523,0.3726417573642265,0.3202308526427532,0.4408825063306713,0.685437676547268,-0.25583201766679686,0.41369818995709984,0.015723276231902016,0.027541295273870846,0.42914187115590363,0.8231829676869471,0.805214441218488
-0.5008210057446509,-1.5323655569553345,1.6613247725587,-0.7054689621240783,-0.010684955964216718,-0.6991224441542135,2.74873419413227,0.6595555449301591,0.7913509727216809,0.3268445058884531,0.37194536913360576,0.6384383438979978,-0.4394705825475377,0.41369818995709984,0.05487980711102661,0.03599654522208917,0.5037191123561554,0.7561838752594111,0.749952549433854
-0.5008210057446509,-1.4222877049431708,-1.6613247698494156,-0.7054689621240783,-0.010684955964216718,-0.6991224441542135,-0.6983308925851475,0.6595555449301591,0.7315353705277589,0.277120027885105,0.3209945025549724,0.45924331871374724,-0.33328216012232054,0.41369818995709984,0.08413234559834738,0.10308328044173859,0.4490157427658669,-1.2740310493992413,-1.2860490588430924
-0.5008210057446509,-1.4222877049431708,-1.516861746266454,-0.7054689621240783,-0.010684955964216718,-0.6991224441542135,-0.6983308925851475,0.507900228415866,0.7315353705277589,0.1811481397019294,0.27379051102885055,0.2106732379689961,-0.19042253869860465,0.41369818995709984,0.11558145466218579,0.2045331565633527,0.3825458588098859,-1.2740310493992413,-1.2860490588430924
-0.5008210057446509,-1.4222877049431708,-1.3723987226834924,0.4823129596995643,-0.010684955964216718,-0.6991224441542135,0.26245039146030086,0.4472381596620609,0.4922729617520706,0.007096078048103272,0.2287355559568439,-0.009603474679955206,-0.2546589753117288,0.41369818995709984,0.14628638887619663,0.29828419866514744,0.4119656120924289,0.19860808770596464,0.14455252633521043
-0.5008210057446509,-1.4222877049431708,-1.2279356991005308,-0.7054689621240783,-0.010684955964216718,-0.6991224441542135,0.01801185664434949,0.35624491190157287,0.7315353705277589,-0.05875883733430901,0.1696303487572427,-0.25530423913383044,-0.26309498612969834,0.41369818995709984,0.1869631212967978,0.4066567004249929,0.41587181920605804,-0.864329581290034,-0.8734657971927494
-0.5008210057446509,-1.4222877049431708,-1.0834726755175694,2.2265544845573335,-0.010684955964216718,-0.6991224441542135,-0.6983308925851475,0.35624491190157287,0.7315353705277589,-0.1715943037843092,0.11607523110613474,-0.4980171980025838,-0.2914391775312131,0.41369818995709984,0.24891398843211954,0.5527790039357383,0.4633383577088274,0.8824691612299098,0.8730503369311297
-0.5008210057446509,-1.4222877049431708,-0.9390096519346078,-0.7054689621240783,-0.010684955964216718,1.3954634911153019,1.091154224104756,0.5685622971696711,0.6717197683338367,-0.1543380670310655,0.08255943729021463,-0.7259658793437167,-0.36386175604035526,0.41369818995709984,0.3660558931816639,0.7998505635836313,0.6298931778499481,0.8674919489864793,0.8578371547974225
-0.5008210057446509,-1.4222877049431708,-0.7945466283516462,2.24383787236484,-0.010684955964216718,-0.6991224441542135,-0.6983308925851475,0.507900228415866,0.7315353705277589,-0.13525968084510342,0.05659879462086372,-0.6171671339969925,-0.31389635651319076,0.41369818995709984,0.4475222872802331,0.8270333466851855,0.6848253937488076,0.8533543045167005,0.8423071893169755
-0.5008210057446509,-1.4222877049431708,-0.6500836047686848,-0.7054689621240783,-0.010684955964216718,1.2968327401011899,1.1727556102195256,0.507900228415866,0.3726417573642265,-0.04984274710350755,0.06369661387177886,-0.4244754110012629,-0.24590685515290114,0.41369818995709984,0.511637631848419,0.8033577002345869,0.7231929076701653,0.8123985540249689,0.8030985907408442
-0.5008210057446509,-1.4222877049431708,-0.5056205811857232,1.8612948820859865,-0.010684955964216718,-0.6991224441542135,-0.6983308925851475,0.5685622971696711,-0.10588306018714999,0.24084493919682137,0.17354801751152626,0.21072608930887557,-0.06945747193931767,0.28384338314350577,0.44430911208558194,0.4918507335529343,0.6294599735215074,0.5591412430066814,0.5346781846202857
-0.5008210057446509,-1.4222877049431708,-0.3611575576027617,-0.7054689621240783,-0.010684955964216718,-0.6991224441542135,0.7652629736556101,0.6595555449301591,-0.5245922755446044,0.6018097985519932,0.3404812170162449,0.9385188748830218,0.2091690151672132,-0.22751958600471492,0.3263795981564535,0.15831046376465288,0.47587657823438867,-0.43963713015380196,-0.4494782326071963
-0.5008210057446509,-1.4222877049431708,-0.21669453401980013,-0.7054689621240783,-0.010684955964216718,-0.6991224441542135,-0.6983308925851475,0.6595555449301591,-0.8236702865142147,1.164481382500581,0.47823480660457834,1.4681404469332893,0.3341781014250656,-1.0119459489171638,0.21675810630241052,-0.09986595293446227,0.3590728588923968,-1.2740310493992413,-1.2860490588430924
-0.5008210057446509,-1.4222877049431708,-0.0722315104368386,-0.7054689621240783,-0.010684955964216718,-0.6991224441542135,-0.6983308925851475,0.7050520241806228,-0.9433014909020588,1.5066233847018389,0.5984213464788292,1.433819468768332,0.3833720935421782,-1.3091933263166433,0.13089567542882233,-0.1082084719536473,0.3129096174537808,-1.2740310493992413,-1.2860490588430924
-0.5008210057446509,-1.4222877049431708,0.07223151314612293,-0.7054689621240783,-0.010684955964216718,-0.6991224441542135,-0.6983308925851475,0.8112108614444523,-1.062932695289903,1.826275487462045,0.7026457328283762,1.1684179411539004,0.41798900106825615,-1.463192338552359,0.05921889665369828,-0.01755645472346431,0.28759977917317825,-1.2740310493992413,-1.2860490588430924
-0.5008210057446509,-1.4222877049431708,0.21669453672908448,-0.049968424406660834,-0.010684955964216718,-0.6991224441542135,-0.6983308925851475,0.8112108614444523,-1.062932695289903,2.2513513768945277,0.7890927532525674,0.9072436682888607,0.5852318045401336,-1.5133994632063754,-0.004509399775991142,0.0595420347794337,0.1894825745049181,-0.8179831090518185,-0.8612750683294746
-0.5008210057446509,-1.4222877049431708,0.361157560312046,-0.7054689621240783,-0.010684955964216718,-0.6991224441542135,-0.6983308925851475,0.6292243659234763,-0.8236702865142147,2.2844564339522484,0.8554044666042114,0.7429774417386297,1.0313845034931044,-0.679560369955054,-0.05589317708522691,0.0990994038313598,-0.01805870618547749,-1.2740310493992413,-1.2860490588430924
-0.5008210057446509,-1.4222877049431708,0.5056205838950075,1.1483475549865534,-0.010684955964216718,-0.6991224441542135,-0.6983308925851475,0.6595555449301591,-1.062932695289903,2.186799525790726,0.8787594466828913,0.538476854043701,1.5732487383619465,0.05306539988331141,-0.0866627801902085,0.14589779885542808,-0.2537162263837432,0.023519594702470524,0.038579276119372036
-0.5008210057446509,-1.4222877049431708,0.6500836074779691,0.4016596317588319,-0.010684955964216718,1.0636857964059192,-0.6983308925851475,0.507900228415866,-1.062932695289903,1.8947699776100617,0.882768864119945,0.3354663331569872,2.0502552182580462,0.41369818995709984,-0.12266983955832482,0.1648195992395217,-0.4702267220543819,0.5971102635454912,0.5892024179002211
-0.5008210057446509,-1.4222877049431708,0.7945466310609306,0.8904442805720696,-0.010684955964216718,0.9610979540632758,-0.6983308925851475,0.38657609090825573,-0.9433014909020588,1.4714145611368126,0.8113065208694069,0.33424393281203296,2.030012481634707,0.41369818995709984,-0.09285337868966584,0.13500485013454522,-0.4881653687253877,0.7828266513046194,0.7741946716650717
-0.5008210057446509,-1.4222877049431708,0.9390096546438922,0.8812355638088613,-0.010684955964216718,0.7365155456362943,-0.6983308925851475,0.05293427887298657,-0.5844078777385264,1.001566239314203,0.6516906316951534,0.3017437685500203,1.3111999641946934,0.41369818995709984,-0.0028077392568653125,0.12475257451797751,-0.26433265802255473,0.6399545014972098,0.6345942339868479
-0.5008210057446509,-1.4222877049431708,1.0834726782268538,1.127297470474645,-0.010684955964216718,0.8404796715960039,-0.6983308925851475,-0.09872103764130656,-0.2853298667689162,0.7484727601607923,0.49696988762623423,0.5008952891845667,0.6576258745145563,0.41369818995709984,0.0830631371808422,0.016776997498716813,-0.04705153974464467,0.7337664796496497,0.7237335024100442
-0.5008210057446509,-1.4222877049431708,1.2279357018098151,-0.7054689621240783,-0.010684955964216718,0.6713610829844447,1.7926753595466822,0.05293427887298657,-0.6442234799324486,0.7048114108131561,0.381292442630585,0.6730917740396162,-0.05342812905022884,0.41369818995709984,0.17499503303423355,-0.031467537420316716,0.2663393936595812,0.7577861464329259,0.7459069023458628
-0.5008210057446509,-1.4222877049431708,1.3723987253927767,-0.7054689621240783,-0.010684955964216718,-0.6991224441542135,-0.6983308925851475,-0.2503763541555997,0.013748144200694123,0.5430080195934365,0.2746945884336852,0.6806299095001674,-0.1496880350162892,0.41369818995709984,0.24837443753581134,-0.035268548974057526,0.3078132361671669,-1.2740310493992413,-1.2860490588430924
-0.5008210057446509,-1.4222877049431708,1.5168617489757383,0.6314053457556393,-0.010684955964216718,0.30984145046499517,0.5834377693945233,-0.40203167066989287,0.3726417573642265,0.2798940564084101,0.19307707751869269,0.4930809628510969,-0.11597836968333747,0.41369818995709984,0.30604123194615296,0.0376341555881224,0.29293822611005155,0.8629897127971997,0.8488774726372976
-0.5008210057446509,-1.4222877049431708,1.6613247725587,-0.7054689621240783,-0.010684955964216718,1.1599891743530897,1.3592312606829176,-0.6143490559379912,0.4922729617520706,0.16992225432018207,0.09674378364647318,0.4001845037213335,-0.05510929411235277,0.41369818995709984,0.37522922362623107,0.07451911318880511,0.26617295998062046,0.7161953198036636,0.710361802771261
-0.5008210057446509,-1.312209852931007,-1.6613247698494156,1.5501711165791476,-0.010684955964216718,0.4342896339165955,-0.6983308925851475,-0.553686987184186,0.013748144200694123,-0.021507788285402722,0.013216488611665946,0.417383352647273,0.011353323667823309,0.41369818995709984,0.4039895063763118,0.017625491361517004,0.18419223730336942,0.8034648256719339,0.7895922684249536
-0.5008210057446509,-1.312209852931007,-1.516861746266454,-0.7054689621240783,-0.010684955964216718,-0.6991224441542135,1.2784293517859522,-0.7053423036984792,0.31282615517030443,-0.05055648919040567,-0.06371831068655999,0.38693501378993594,-0.023635871782236206,0.41369818995709984,0.41052685560832497,-0.041272546621884024,0.12400760854387029,-0.1802610009583966,-0.18809140032893878
-0.5008210057446509,-1.312209852931007,-1.3723987226834924,-0.7054689621240783,-0.010684955964216718,-0.6991224441542135,-0.6983308925851475,-0.7356733380753817,0.4922729617520706,-0.14347540747236004,-0.12641300865976707,0.21525851792402328,0.01255152061234954,0.41369818995709984,0.4140884706483558,-0.035295010623429844,0.04615045363128694,-1.2740310493992413,-1.2860490588430924
-0.5008210057446509,-1.312209852931007,-1.2279356991005308,0.7222926244827905,-0.010684955964216718,0.4057367681508465,0.29023767480722085,-0.7053423036984792,0.6717197683338367,-0.30276832629083444,-0.17213631759779904,-0.09319554066803394,-0.09583876687677657,0.41369818995709984,0.407250941937359,0.033920273855485565,0.03767447179338053,0.8774906179374823,0.862737256320023
-0.5008210057446509,-1.312209852931007,-1.0834726755175694,-0.7054689621240783,-0.010684955964216718,1.2095740672506716,1.1517229032039924,-1.0086529367270654,0.31282615517030443,-0.3625173018708042,-0.23146454467244143,-0.19315617808136495,-0.15011230909181772,0.41369818995709984,0.4012642434859251,0.004215028649131139,-0.009965001703934006,0.7256562981586336,0.7194120530033518
-0.5008210057446509,-1.312209852931007,-0.9390096519346078,2.2880753435005663,-0.010684955964216718,-0.6991224441542135,-0.6983308925851475,-0.7963355514589672,0.6119041661399147,-0.44087976134020923,-0.26685271737596994,-0.14859226927137964,-0.10644310330604405,0.41369818995709984,0.383948906626675,-0.06905017899591347,-0.08324219649782452,0.9144215194045408,0.8965523417959664
-0.5008210057446509,-1.312209852931007,-0.7945466283516462,-0.7054689621240783,-0.010684955964216718,1.2158677818529957,1.1885118514441397,-0.8569976202127723,0.6717197683338367,-0.4075245266437816,-0.2986584568968749,-0.1782776734643275,-0.14045126976723324,0.41369818995709984,0.37487837076253155,-0.09770685445396969,-0.11008612854582685,0.7703247599135652,0.7592398749131493
-0.5008210057446509,-1.312209852931007,-0.6500836047686848,1.5296637449765424,-0.010684955964216718,0.5105041904827872,-0.6983308925851475,-0.553686987184186,0.7315353705277589,-0.36264172176598986,-0.2904038984839582,-0.06053682238638282,-0.09249907588304111,0.41369818995709984,0.3452556752649528,-0.16733476855480467,-0.1541327583406805,0.8219007547256005,0.810839497127095
-0.5008210057446509,-1.312209852931007,-0.5056205811857232,-0.7054689621240783,-0.010684955964216718,1.0119714638448123,1.4320134530418742,-0.08355544813796513,0.1931949507824603,-0.11341462430168055,-0.16908461525704563,1.322505170131538,0.08887473746014525,0.41369818995709984,0.2583850853373505,-0.6243022823775339,-0.217158462010564,0.7171414536412092,0.71117384184185
-0.5008210057446509,-1.312209852931007,-0.3611575576027617,-0.7054689621240783,-0.010684955964216718,-0.6991224441542135,-0.6983308925851475,0.35624491190157287,-0.5844078777385264,0.22437067479557757,0.07071679962188851,1.7707007286878194,0.27430598608294143,0.3140841847014359,0.08686943227850114,-0.7476598225550986,-0.2765267422431815,-1.2740310493992413,-1.2860490588430924
-0.5008210057446509,-1.312209852931007,-0.21669453401980013,-0.7054689621240783,-0.010684955964216718,-0.6991224441542135,-0.6983308925851475,0.507900228415866,-1.062932695289903,0.6778136314062129,0.23017248148084343,2.015202108702817,0.32773349560587134,-0.5541197748513821,-0.03299387453211828,-0.8167798020692015,-0.29750041973950636,-1.2740310493992413,-1.2860490588430924
-0.5008210057446509,-1.312209852931007,-0.0722315104368386,-0.7054689621240783,-0.010684955964216718,-0.6991224441542135,-0.6983308925851475,0.7353832031873058,-1.3620107062595133,1.1091412861096888,0.39360017554464577,1.9452448359626764,0.3266384324781238,-0.9756962972817992,-0.15431367920057143,-0.7940503209351838,-0.29261619805146344,-1.2740310493992413,-1.2860490588430924
-0.5008210057446509,-1.312209852931007,0.07223151314612293,-0.7054689621240783,-0.010684955964216718,-0.6991224441542135,-0.6983308925851475,0.8112108614444523,-1.5414575128412795,1.4771071058036382,0.5255249007406845,1.613637628298581,0.2869797067383046,-1.4164119899646992,-0.25126730747930703,-0.7055903178956883,-0.2842927804192711,-1.2740310493992413,-1.2860490588430924
-0.5008210057446509,-1.312209852931007,0.21669453672908448,-0.7054689621240783,-0.010684955964216718,-0.6991224441542135,-0.6983308925851475,0.9628661779587454,-1.7209043194230456,1.744664063310293,0.6393370244397075,1.3156464301207278,0.43972759727804417,-1.6505161338109813,-0.33154167052789296,-0.6181341364494547,-0.3390325573768322,-1.2740310493992413,-1.2860490588430924
-0.5008210057446509,-1.312209852931007,0.361157560312046,-0.7054689621240783,-0.010684955964216718,-0.6991224441542135,-0.6983308925851475,1.099355904969697,-1.9003511260048118,1.8605250737706402,0.7251058103704984,1.0382604349681428,0.882716687363487,-1.298594772412539,-0.40048401694301505,-0.5341235629410022,-0.49087056614005803,-1.2740310493992413,-1.2860490588430924
-0.5008210057446509,-1.312209852931007,0.5056205838950075,1.0528360034536879,-0.010684955964216718,-0.6991224441542135,-0.6983308925851475,1.1145214944730386,-2.1396135347805,1.838804437122403,0.7761815963095188,0.8514752754244271,1.4214382755226829,-0.8242454305812571,-0.45413434236004274,-0.4996666230217502,-0.6838957093935973,-0.010329801418692804,-0.0812083712906388
-0.5008210057446509,-1.312209852931007,0.6500836074779691,-0.7054689621240783,-0.010684955964216718,1.1757902095106092,-0.6983308925851475,1.1145214944730386,-1.9003511260048118,1.6825497718734612,0.814942591743496,0.6241735967763349,1.9016628658968038,0.15742705187071784,-0.4913920691233135,-0.42462611837979203,-0.8213757793991874,-0.17664747533912514,-0.17042878214935198
-0.5008210057446509,-1.312209852931007,0.7945466310609306,0.7707040512664293,-0.010684955964216718,0.3176653384892723,-0.6983308925851475,1.008362657209209,-1.5414575128412795,1.2033097547368405,0.7748364194682893,0.571528547610585,1.903635824196643,0.41369818995709984,-0.4639654615985885,-0.3925165203816894,-0.809503293589469,0.3727494568155763,0.3644739348232396
-0.5008210057446509,-1.312209852931007,0.9390096546438922,0.5975479542210848,-0.010684955964216718,0.28474732113367296,-0.6983308925851475,0.507900228415866,-0.5245922755446044,0.7417413762615834,0.6278529123932831,0.4002168964780338,1.1954871757142813,0.41369818995709984,-0.3653808742374973,-0.30398208050737413,-0.572825066844452,0.2088208788410925,0.1993683396296419
-0.5008210057446509,-1.312209852931007,1.0834726782268538,1.1764154107911218,-0.010684955964216718,0.7970912610128219,-0.6983308925851475,0.507900228415866,-0.5245922755446044,0.5311968255649827,0.5037564671148292,0.4787156276954698,0.5953095715634091,0.41369818995709984,-0.2749177826353707,-0.29437886827419085,-0.33815986411488574,0.7873359078933785,0.7784833362493332
-0.5008210057446509,-1.312209852931007,1.2279357018098151,-0.7054689621240783,-0.010684955964216718,0.7165383574334507,1.732149232590921,0.28041725364442627,-0.10588306018714999,0.46364685634170827,0.3828451126466945,0.5565920770078733,-0.11051563133932879,0.41369818995709984,-0.19454786406132052,-0.30873936873965113,-0.06273271293422607,0.7680922728790825,0.7577118972827223
-0.5008210057446509,-1.312209852931007,1.3723987253927767,-0.7054689621240783,-0.010684955964216718,-0.6991224441542135,-0.6983308925851475,0.20458959538727972,0.013748144200694123,0.33870118676030814,0.29195745597642997,0.5715012694996795,-0.1891706786299009,0.41369818995709984,-0.1330656050837047,-0.3048329408591426,-0.021540377391445077,-1.2740310493992413,-1.2860490588430924
-0.5008210057446509,-1.312209852931007,1.5168617489757383,0.6770399662405218,-0.010684955964216718,0.2947242999185374,0.5430072590237254,0.20458959538727972,0.013748144200694123,0.1543470240002795,0.23740510071952078,0.43782829677097107,-0.11588697467497262,0.41369818995709984,-0.09186259336755428,-0.2500024671414523,-0.04206568082296558,0.8836651492848286,0.8694827335352111
-0.5008210057446509,-1.312209852931007,1.6613247725587,-0.7054689621240783,-0.010684955964216718,1.1611061368303635,1.3418066819710188,0.05293427887298657,0.4922729617520706,0.06931873520009678,0.16790829655755762,0.3840128461591806,-0.030778098215738254,0.41369818995709984,-0.04699589593644535,-0.23119705498752474,-0.07597697633225355,0.7198511478300552,0.714326922139156
-0.5008210057446509,-1.2021320009188432,-1.6613247698494156,1.5724325721864656,-0.010684955964216718,0.40766438511943753,-0.6983308925851475,0.05293427887298657,0.7315353705277589,-0.07744188933718131,0.10764423291866014,0.4394087223215605,0.05428046906457969,0.41369818995709984,0.007841393192094006,-0.2235573831919118,-0.08001299304705127,0.8197921147383461,0.8057568251245816
-0.5008210057446509,-1.2021320009188432,-1.516861746266454,-0.7054689621240783,-0.010684955964216718,-0.6991224441542135,0.9303156112357316,0.05293427887298657,0.3726417573642265,-0.08249494249971971,0.05144110713098724,0.4264891270439267,0.03585724774538422,0.41369818995709984,0.05944668558308779,-0.1934390780929163,-0.045858331624387134,-0.3656526502390368,-0.3807277428012985
-0.5008210057446509,-1.2021320009188432,-1.3723987226834924,-0.7054689621240783,-0.010684955964216718,-0.6991224441542135,-0.6983308925851475,0.08326531324988914,0.4922729617520706,-0.14188805042249195,0.015625950173028605,0.2867979210966848,0.061971904034586064,0.41369818995709984,0.09399628188604245,-0.12007146601615441,-0.033253797679864985,-1.2740310493992413,-1.2860490588430924
-0.5008210057446509,-1.2021320009188432,-1.2279356991005308,1.1375182346829371,-0.010684955964216718,-0.6991224441542135,0.5021691494263882,0.05293427887298657,0.7315353705277589,-0.2545235085463604,-0.013459088024193567,0.0715454955001466,-0.03099945860297053,0.41369818995709984,0.1327937556391802,-0.006589284303122499,0.03612629184221456,0.8211484919198351,0.7882788264763096
-0.5008210057446509,-1.2021320009188432,-1.0834726755175694,-0.7054689621240783,-0.010684955964216718,-0.6991224441542135,0.7193625214917871,0.05293427887298657,0.7315353705277589,-0.26476139293246714,-0.04668199181434757,-0.17838337614408645,-0.020545211224137057,0.41369818995709984,0.17560021802884043,0.1255606229329566,0.06403405583034479,-0.49496354837495915,-0.4867660503991485
-0.5008210057446509,-1.2021320009188432,-0.9390096519346078,1.1019912608892175,-0.010684955964216718,0.9000779134099332,-0.6983308925851475,0.09843090275323058,0.6119041661399147,-0.3214875001987606,-0.07656806658806259,-0.47175178696441733,0.003400280967451518,0.41369818995709984,0.2196016070904676,0.28581237153171624,0.08933262516393439,0.912037643755641,0.896697619540364
-0.5008210057446509,-1.2021320009188432,-0.7945466283516462,-0.7054689621240783,-0.010684955964216718,1.1728465414122113,1.2064751444847632,0.05293427887298657,0.7315353705277589,-0.322013274594545,-0.10122587796207798,-0.4260285584409468,-0.028257608352025274,0.41369818995709984,0.25299150678892446,0.29024157833884867,0.12562275204555562,0.77494832300667,0.76386560845303
-0.5008210057446509,-1.2021320009188432,-0.6500836047686848,2.2740536154256645,-0.010684955964216718,-0.6991224441542135,-0.6983308925851475,0.15909297150703572,0.6717197683338367,-0.296534621972368,-0.08824061631371491,-0.23921782566825728,0.027832933708214158,0.41369818995709984,0.2692586284900516,0.2445343498645072,0.13566078330787473,0.9010192167776793,0.8846412059964864
-0.5008210057446509,-1.2021320009188432,-0.5056205811857232,-0.7054689621240783,-0.010684955964216718,1.245401590008912,1.17844732623815,0.26525166414108486,0.4922729617520706,-0.07114530614695443,0.031918398955704926,0.8012110938761509,0.15757443672947177,0.41369818995709984,0.20025354359861464,-0.14911581539428315,0.10056624836222532,0.7594402605564432,0.7545981587723335
-0.5008210057446509,-1.2021320009188432,-0.3611575576027617,-0.7054689621240783,-0.010684955964216718,-0.6991224441542135,-0.6983308925851475,0.6595555449301591,0.07356374639461619,0.2912069019319538,0.23561953020099485,1.2458195808483543,0.3321003323358172,0.3305043970917775,0.07482099050588743,-0.2862394370355543,0.052586539349326986,-1.2740310493992413,-1.2860490588430924
-0.5008210057446509,-1.2021320009188432,-0.21669453401980013,-0.7054689621240783,-0.010684955964216718,-0.6991224441542135,-0.6983308925851475,0.9628661779587454,-0.22551426457499413,0.7303509355345906,0.4144525338609964,1.5522755178165812,0.41060445208964,0.13266043440786493,0.005660265932823107,-0.32596826896999864,0.09513028169158601,-1.2740310493992413,-1.2860490588430924
-0.5008210057446509,-1.2021320009188432,-0.0722315104368386,-0.7054689621240783,-0.010684955964216718,-0.6991224441542135,-0.6983308925851475,0.9628661779587454,-0.22551426457499413,1.1531966317920794,0.5597873876825336,1.6148898640773381,0.40991437785216966,-0.001147624822327921,-0.0391958142176787,-0.28496605083527177,0.16824797754313917,-1.2740310493992413,-1.2860490588430924
-0.5008210057446509,-1.2021320009188432,0.07223151314612293,-0.7054689621240783,-0.010684955964216718,-0.6991224441542135,-0.6983308925851475,0.9628661779587454,-1.062932695289903,1.5241465221979806,0.702648555864769,1.4072318350450939,0.44520458988941247,-0.4265077572898212,-0.13108499964680953,-0.22310818055866463,0.14143720220461728,-1.2740310493992413,-1.2860490588430924
-0.5008210057446509,-1.2021320009188432,0.21669453672908448,-0.7054689621240783,-0.010684955964216718,-0.6991224441542135,-0.6983308925851475,0.9628661779587454,-0.22551426457499413,1.777982507177499,0.7857545127179321,1.16414976923815,0.5683857759799681,-0.5130382402682361,-0.13290031332879812,-0.0662340571236887,0.1658656788024942,-1.2740310493992413,-1.2860490588430924
-0.5008210057446509,-1.2021320009188432,0.361157560312046,0.19052278093281347,-0.010684955964216718,-0.6991224441542135,-0.6983308925851475,0.9780317674620869,-1.182563899677747,1.995988238040231,0.8492029614080505,0.9123719531391012,0.981891171761439,-0.28310729895820974,-0.15464546921954447,0.034820830475587386,0.0024555450095495274,-0.6344015527703107,-0.7042342320962044
-0.5008210057446509,-1.2021320009188432,0.5056205838950075,-0.7054689621240783,-0.010684955964216718,-0.6991224441542135,-0.6983308925851475,0.9628661779587454,-1.7209043194230456,1.9488993212574812,0.8818294987601988,0.7035136872270135,1.5194581642645029,0.39412847904486303,-0.19598481647076382,0.06966006593089306,-0.24466054390622743,-1.2740310493992413,-1.2860490588430924
-0.5008210057446509,-1.2021320009188432,0.6500836074779691,0.26936847121480784,-0.010684955964216718,0.4446511269817034,-0.6983308925851475,0.8112108614444523,-1.5414575128412795,1.6373264845943283,0.8776824582989899,0.47408175860539215,1.9536557253343,0.41369818995709984,-0.20622011627787676,0.13017312506744852,-0.4216831322697963,0.14957392753111778,0.15120968943497487
-0.5008210057446509,-1.2021320009188432,0.7945466310609306,0.7190871198379916,-0.010684955964216718,0.6436607078728169,-0.6983308925851475,0.7353832031873058,-1.5414575128412795,1.1499222479913611,0.8116241124636111,0.33869623197639565,1.9130956268055617,0.41369818995709984,-0.19939827218595868,0.10870067984629633,-0.47134039741399025,0.5622492998634284,0.570560558055647
-0.5008210057446509,-1.2021320009188432,0.9390096546438922,0.8844938147661677,-0.010684955964216718,0.654652371279658,-0.6983308925851475,0.6140590656796955,-1.2423795018716692,0.7602732514025635,0.6732064035638418,0.247918941087606,1.226886811248654,0.41369818995709984,-0.11792053690128645,0.12788429996442335,-0.2519394168345257,0.647148970881758,0.6470379182456922
-0.5008210057446509,-1.2021320009188432,1.0834726782268538,1.0623547393597972,-0.010684955964216718,0.7185993665894744,-0.6983308925851475,0.507900228415866,-1.062932695289903,0.5644236268212187,0.542844934770386,0.39151603154013415,0.6306224227311643,0.41369818995709984,-0.04943232053395152,0.039224005904069,-0.05794167676955961,0.7694952727135251,0.7596726345692392
-0.5008210057446509,-1.2021320009188432,1.2279357018098151,-0.7054689621240783,-0.010684955964216718,1.508544116390747,-0.6983308925851475,0.5685622971696711,-0.9433014909020588,0.511002673867356,0.4435700369767372,0.5671623449837679,0.1855756872280396,0.41369818995709984,0.016266929259353875,-0.03362362400575878,0.11660932811933851,-0.11320313518650015,-0.09534313767150467
-0.5008210057446509,-1.2021320009188432,1.3723987253927767,2.2682700002001437,-0.010684955964216718,-0.6991224441542135,-0.6983308925851475,0.507900228415866,-1.3620107062595133,0.36882819342358647,0.36058335341117537,0.6756286383538309,-0.1807321523529856,0.41369818995709984,0.053324616803912886,-0.10545581501284394,0.23910646622911208,0.8098470888397763,0.7923140234021511
-0.5008210057446509,-1.2021320009188432,1.5168617489757383,-0.7054689621240783,-0.010684955964216718,0.6043259902101684,1.5975035601955554,0.35624491190157287,-0.5844078777385264,0.3703479891325204,0.2834968159068296,0.6386795846913187,-0.4680495501173292,0.41369818995709984,0.10896254541096323,-0.08978535533577349,0.36930441264861164,0.7992367450828411,0.788224321709018
-0.5008210057446509,-1.2021320009188432,1.6613247725587,-0.7054689621240783,-0.010684955964216718,-0.6991224441542135,-0.6983308925851475,0.14392752663347458,-0.2853298667689162,0.28637258697224177,0.21213610196643684,0.5847959388022643,-0.5079774299643512,0.41369818995709984,0.1524815721104616,-0.07840899745928413,0.377268524239506,-1.2740310493992413,-1.2860490588430924
-0.5008210057446509,-1.0920541489066795,-1.6613247698494156,0.6157030017541606,-0.010684955964216718,0.29684217682349817,0.6129496722510088,0.05293427887298657,-0.2853298667689162,0.09980495414141095,0.15283751677392018,0.36522163750913056,-0.4153951249770817,0.41369818995709984,0.1846562757830651,-0.008711164366205226,0.3190494598916916,0.8941797275924536,0.8810686848772031
-0.5008210057446509,-1.0920541489066795,-1.516861746266454,-0.7054689621240783,-0.010684955964216718,-0.6991224441542135,-0.6983308925851475,0.0074376549927425714,-0.22551426457499413,0.034232993681920794,0.09550305915178205,0.2717625673419405,-0.37100565944648783,0.41369818995709984,0.21782514300342787,0.016809267802829396,0.2871852119494128,-1.2740310493992413,-1.2860490588430924
-0.5008210057446509,-1.0920541489066795,-1.3723987226834924,-0.7054689621240783,-0.010684955964216718,-0.6991224441542135,1.043054056701385,-0.03805896888750143,-0.2853298667689162,-0.07014860913713417,0.05347228181569777,0.1045042730017586,-0.3866660683568562,0.41369818995709984,0.2458895112700771,0.08102028865532614,0.29168910667576814,-0.2615189747544152,-0.27481524695952764
-0.5008210057446509,-1.0920541489066795,-1.2279356991005308,-0.7054689621240783,-0.010684955964216718,-0.6991224441542135,-0.6983308925851475,-0.09872103764130656,-0.2853298667689162,-0.1886899987373134,0.0033993795552644903,-0.1285479724016066,-0.32870486332724097,0.41369818995709984,0.27727515795210467,0.1737479318460305,0.26320554283737924,-1.2740310493992413,-1.2860490588430924
-0.5008210057446509,-1.0920541489066795,-1.0834726755175694,1.2666379783351431,-0.010684955964216718,-0.6991224441542135,0.7076844735055019,-0.09872103764130656,0.013748144200694123,-0.34365029572182415,-0.035461833670661705,-0.37723228023577465,-0.3480344883532474,0.41369818995709984,0.30500073844665343,0.2794600697348346,0.27181458493424643,0.9134543243685566,0.9008387524236857
-0.5008210057446509,-1.0920541489066795,-0.9390096519346078,-0.7054689621240783,-0.010684955964216718,1.2847496574019024,0.657753620658583,-0.22004531977869715,-0.16569866238107206,-0.3842185397181792,-0.09819181959878036,-0.6456940709174209,-0.2979785323040333,0.41369818995709984,0.32665999088521475,0.36137823672462727,0.21453561081993672,0.7388175670700321,0.7478920233440627
-0.5008210057446509,-1.0920541489066795,-0.7945466283516462,1.3990599282050786,-0.010684955964216718,0.6316491040446518,-0.6983308925851475,-0.2503763541555997,0.013748144200694123,-0.4080148480586797,-0.13516512723693705,-0.5677588031783775,-0.2491383814119663,0.41369818995709984,0.3488964373058732,0.3153674522562668,0.18244034946389215,0.8834217754362057,0.8723884933283029
-0.5008210057446509,-1.0920541489066795,-0.6500836047686848,-0.7054689621240783,-0.010684955964216718,1.1251671911259618,1.4111260102402734,-0.09872103764130656,0.013748144200694123,-0.36636027121403736,-0.12704254577538965,-0.27294806224391643,-0.20155428302017933,0.41369818995709984,0.3389026806325727,0.1820678616523367,0.1554603232096563,0.7648222068035776,0.7587044577818223
-0.5008210057446509,-1.0920541489066795,-0.5056205811857232,2.254122865076117,-0.010684955964216718,-0.6991224441542135,-0.6983308925851475,0.26525166414108486,0.13337934858853825,-0.07307247667399613,-0.0024365424280125506,0.39748482318265144,-0.02973502123953767,0.41369818995709984,0.26289839480271204,-0.06645908871103379,0.10316048999092181,0.8954487998060565,0.8779391686710195
-0.5008210057446509,-1.0920541489066795,-0.3611575576027617,-0.7054689621240783,-0.010684955964216718,0.6913892524409565,0.7607831552601462,0.507900228415866,0.07356374639461619,0.23972248444348018,0.23363352409857116,1.0841626760944307,0.2788044651643853,0.1781901091768377,0.11464110142295815,-0.29151971932981596,0.0037540744422744,0.3926913515627184,0.4045222346638859
-0.5008210057446509,-1.0920541489066795,-0.21669453401980013,-0.7054689621240783,-0.010684955964216718,-0.6991224441542135,-0.6983308925851475,0.507900228415866,0.3726417573642265,0.48139542128235313,0.3871827080644259,1.1073124154026057,0.3913444214278013,0.26642052579281345,0.010140275745371342,-0.30594820256927346,-0.047918381822565144,-1.2740310493992413,-1.2860490588430924
-0.5008210057446509,-1.0920541489066795,-0.0722315104368386,0.7226633736487657,-0.010684955964216718,-0.6991224441542135,-0.6983308925851475,0.4320725701587194,0.5520885639459927,0.3015103408864917,0.3885935205017908,0.8134444741763173,0.3072886837805508,0.41369818995709984,0.033885341219571305,-0.16301033266835774,0.027771667895217015,-0.24138986935448634,-0.2953929481160851
-0.5008210057446509,-1.0920541489066795,0.07223151314612293,-0.7054689621240783,-0.010684955964216718,-0.6991224441542135,0.9394757461805217,0.507900228415866,0.3726417573642265,0.2657402899447948,0.4107684713682275,0.5488416837468383,0.19589745376905984,0.41369818995709984,0.03763251736839504,-0.03128811452945075,0.10807830180948415,-0.32830331496197557,-0.3090078701562786
-0.5008210057446509,-1.0920541489066795,0.21669453672908448,0.7211731109112035,-0.010684955964216718,-0.6991224441542135,-0.6983308925851475,0.507900228415866,0.7315353705277589,0.21420904776458463,0.4266388762101613,0.2885062127921439,0.2300154619375499,0.41369818995709984,0.06880702494743976,0.14178441075787748,0.16609777576885743,-0.24206022749965755,-0.2820533161317422
-0.5008210057446509,-1.0920541489066795,0.361157560312046,-0.7054689621240783,-0.010684955964216718,1.2580506171819095,0.9872278454349247,0.47756904940918316,0.3726417573642265,0.16953360937876893,0.4055056257727145,-0.013723321867656707,0.20216765443467716,0.41369818995709984,0.15199800323917287,0.3728804487871557,0.2802853657196853,0.8130809728564253,0.8077046533872663
-0.5008210057446509,-1.0920541489066795,0.5056205838950075,2.276698466238539,-0.010684955964216718,-0.6991224441542135,-0.6983308925851475,0.35624491190157287,0.3726417573642265,0.17648774502581013,0.4056023147691722,0.03774962097012101,0.2883640476448216,0.41369818995709984,0.18521464822226777,0.3966942121393562,0.2881812134969434,0.8716775471582089,0.8606388227792957
-0.5008210057446509,-1.0920541489066795,0.6500836074779691,-0.7054689621240783,-0.010684955964216718,1.2615940771018135,1.1561766243489016,0.507900228415866,0.3726417573642265,0.21555224749325516,0.38700979708535915,0.07981673019128413,0.4083497623878688,0.41369818995709984,0.2433350900767325,0.4341617562969514,0.29030107579849795,0.784664195865819,0.7735858984935552
-0.5008210057446509,-1.0920541489066795,0.7945466310609306,2.273352663578839,-0.010684955964216718,-0.6991224441542135,-0.6983308925851475,0.3714105014049143,0.4922729617520706,0.16251927055663792,0.3088639151745678,0.10467731851781559,0.42262666887803546,0.41369818995709984,0.3311810220091997,0.45841375037900073,0.3183529522820825,0.8295934924629507,0.8185357341927835
-0.5008210057446509,-1.0920541489066795,0.9390096546438922,-0.7054689621240783,-0.010684955964216718,1.2535167544330128,1.1796329169942854,0.35624491190157287,0.7315353705277589,0.1018485174736263,0.2020218683296799,0.07163244447865799,0.3019810654048678,0.41369818995709984,0.4210490632936626,0.4858686797119044,0.38433068664832415,0.7593176735809164,0.7482278628688408
-0.5008210057446509,-1.0920541489066795,1.0834726782268538,2.305918488093866,-0.010684955964216718,-0.6991224441542135,-0.6983308925851475,0.35624491190157287,0.7315353705277589,0.07313093403161733,0.1334503143454983,0.0717935558211938,0.23347421798805423,0.41369818995709984,0.5025627525512999,0.5177792775013127,0.4470103036185979,0.8239690724184087,0.8129086292327745
-0.5008210057446509,-1.0920541489066795,1.2279357018098151,-0.7054689621240783,-0.010684955964216718,1.2525503180490436,1.2061041233322953,0.26525166414108486,0.851166574915603,0.09754733507554293,0.08779687555819128,0.07301595616614807,0.1904682548776621,0.41369818995709984,0.5542983479315631,0.5353018374990847,0.4848529446617747,0.7550811325103997,0.7439894000439269
-0.5008210057446509,-1.0920541489066795,1.3723987253927767,1.4150408050302574,-0.010684955964216718,0.6115153981372476,-0.6983308925851475,0.35624491190157287,0.7315353705277589,0.08601775812167586,0.0426050032211277,0.157699999031414,0.20353019469699704,0.41369818995709984,0.5985685472340165,0.5052323681269796,0.48777246878021085,0.7856313909018032,0.7745534605655515
-0.5008210057446509,-1.0920541489066795,1.5168617489757383,-0.7054689621240783,-0.010684955964216718,1.0140243790698413,1.441557500552057,0.20458959538727972,1.0904289836912913,0.06723637426615688,0.0005212939526760548,0.26225955545522495,0.1691111699413237,0.41369818995709984,0.6418609915132852,0.4678648619121334,0.5143830035987331,0.7045916795255,0.6934767995987107
-0.5008210057446509,-1.0920541489066795,1.6613247725587,1.575715761026216,-0.010684955964216718,0.45437835018158734,-0.6983308925851475,0.14392752663347458,1.030613381497369,0.024961035793921765,-0.03163238480365708,0.3942932842067039,0.20483823334882414,0.41369818995709984,0.6773468389243239,0.41728374183998806,0.5066141481858903,0.7708869319026548,0.7598023395229819
-0.5008210057446509,-0.9819762968945157,-1.6613247698494156,-0.7054689621240783,-0.010684955964216718,0.9828942795361835,1.4793293404215393,-0.09872103764130656,1.0904289836912913,0.0023794937419001714,-0.06460192107754593,0.4903667908159962,0.19458941511723274,0.41369818995709984,0.7049059211548062,0.37637123515069426,0.5131104794283459,0.6911870367654787,0.6800659630781504
-0.5008210057446509,-0.9819762968945157,-1.516861746266454,-0.7054689621240783,-0.010684955964216718,-0.6991224441542135,-0.6983308925851475,-0.09872103764130656,1.0904289836912913,-0.06211081633847632,-0.09010805488763571,0.5472723399288043,0.23255272152756834,0.41369818995709984,0.7249846465938958,0.3515089020501956,0.4953530027516254,-1.2740310493992413,-1.2860490588430924
-0.5008210057446509,-0.9819762968945157,-1.3723987226834924,0.5068439420185129,-0.010684955964216718,-0.6991224441542135,-0.17355857453431073,0.20458959538727972,0.9707977793034471,-0.14310883702847985,-0.08984692402129,0.4630460578621719,0.18879882862395203,0.41369818995709984,0.7244841865943684,0.388184532944868,0.5156041673760036,-0.18966590612265213,-0.20118893689014236
-0.5008210057446509,-0.9819762968945157,-1.2279356991005308,-0.7054689621240783,-0.010684955964216718,-0.6991224441542135,-0.2590979728728823,0.20458959538727972,1.0904289836912913,-0.22580592510435143,-0.09923704882326136,0.22383748380381385,0.026587781530032596,0.41369818995709984,0.7457539778761134,0.5079490974625376,0.6055856257219411,-1.0317004051375138,-1.0433855362026363
-0.5008210057446509,-0.9819762968945157,-1.0834726755175694,0.5615491341624175,-0.010684955964216718,-0.6991224441542135,-0.02193554016647631,0.20458959538727972,1.0904289836912913,-0.33531148704771724,-0.11511309973798103,-0.048970050921470415,-0.1307759761752891,0.41369818995709984,0.7823324399823594,0.6564847894501827,0.7037132324951364,0.06215015288454146,0.04396069981628833
-0.5008210057446509,-0.9819762968945157,-0.9390096519346078,-0.7054689621240783,-0.010684955964216718,-0.6991224441542135,0.6340768114864216,0.26525166414108486,0.9707977793034471,-0.35982555102012187,-0.12751328709391013,-0.3023112437517927,-0.18707362435540117,0.41369818995709984,0.8113658764062419,0.7980683822551737,0.7489673733045332,-0.5215848131961212,-0.5101971580854782
-0.5008210057446509,-0.9819762968945157,-0.7945466283516462,1.9066940279614606,-0.010684955964216718,-0.6991224441542135,-0.6983308925851475,0.20458959538727972,1.0904289836912913,-0.4098972006664879,-0.14823649149528437,-0.5457939568126616,-0.18613955060018617,0.41369818995709984,0.8461167184370683,0.9386163134335115,0.7636018346850256,0.6619308720114638,0.6290187651221678
-0.5008210057446509,-0.9819762968945157,-0.6500836047686848,-0.7054689621240783,-0.010684955964216718,1.4271393528531764,0.9795814558305573,0.20458959538727972,1.0904289836912913,-0.3555156726078588,-0.138934586580592,-0.6344282111134353,-0.19326081487580637,0.41369818995709984,0.8470824083686538,0.9926415354959124,0.7740689527759154,0.8480501226945697,0.8370007609013701
-0.5008210057446509,-0.9819762968945157,-0.5056205811857232,2.266102019110551,-0.010684955964216718,-0.6991224441542135,-0.6983308925851475,0.507900228415866,0.7315353705277589,0.012855515131695484,-0.0050704353826128545,0.08110988313639962,-0.059604419248535497,0.41369818995709984,0.7410929916895799,0.6323207857306804,0.7073290475126621,0.8900384119405178,0.877293512574268
-0.5008210057446509,-0.9819762968945157,-0.3611575576027617,-0.7054689621240783,-0.010684955964216718,0.9783117480853315,0.8585577097589984,0.8112108614444523,0.07356374639461619,0.43589988186698064,0.19497839252932858,1.337111746080486,0.17321220650932775,-0.14064630842491987,0.6150147148944731,0.11373205052816956,0.6250726690546323,0.662898067047448,0.6684031723085855
-0.5008210057446509,-0.9819762968945157,-0.21669453401980013,-0.7054689621240783,-0.010684955964216718,-0.6991224441542135,-0.6983308925851475,0.8112108614444523,0.07356374639461619,1.0579953442500534,0.34133942007969453,1.8001014175981906,0.2815974630805622,-1.0790880628373145,0.5244666850474894,-0.04815773870734479,0.5927619974422246,-1.2740310493992413,-1.2860490588430924
-0.5008210057446509,-0.9819762968945157,-0.0722315104368386,-0.7054689621240783,-0.010684955964216718,-0.6991224441542135,-0.6983308925851475,0.9325349989520626,-0.46477667335068235,1.4350290999608644,0.5059259705827931,1.798361585586997,0.359553212784196,-1.324767666704262,0.40599086377075727,-0.04985795346335643,0.5527130266002207,-1.2740310493992413,-1.2860490588430924
-0.5008210057446509,-0.9819762968945157,0.07223151314612293,-0.7054689621240783,-0.010684955964216718,-0.6991224441542135,-0.6983308925851475,0.947700588455404,-0.5245922755446044,1.7849426631420493,0.6395946265105621,1.5416933156671655,0.3660984369612231,-1.5493332290315946,0.3203402959056479,0.05253335499690211,0.5550277116587878,-1.2740310493992413,-1.2860490588430924
-0.5008210057446509,-0.9819762968945157,0.21669453672908448,-0.7054689621240783,-0.010684955964216718,-0.6991224441542135,-0.6983308925851475,0.9628661779587454,-0.22551426457499413,2.004424040718649,0.7309494957038559,1.2755280009473788,0.5397028361070826,-1.478958550320955,0.2762066734400954,0.18087880851346838,0.49883532408915143,-1.2740310493992413,-1.2860490588430924
-0.5008210057446509,-0.9819762968945157,0.361157560312046,-0.02044192674065085,-0.010684955964216718,-0.6991224441542135,-0.6983308925851475,0.9931973569654283,-0.6442234799324486,2.211262751526388,0.8093381587444389,1.0117239477028526,1.0094698251571088,-0.9725772173934736,0.2410605790084852,0.3001182276155459,0.2974393035996536,-0.795824838186948,-0.847189171824545
-0.5008210057446509,-0.9819762968945157,0.5056205838950075,0.17875730328680275,-0.010684955964216718,-0.6991224441542135,-0.6983308925851475,0.9628661779587454,-0.5245922755446044,2.141358169232934,0.8611126461907086,0.786119479017664,1.6058599866218894,-0.06923271638313505,0.21493579486729447,0.4040914263834033,0.055518415967373516,-0.6648552356663103,-0.6657753302017582
-0.5008210057446509,-0.9819762968945157,0.6500836074779691,0.01928483762955601,-0.010684955964216718,0.41882633642512895,-0.6983308925851475,0.9628661779587454,-0.5245922755446044,1.846794067380989,0.8913071376903509,0.5685995604521032,2.095939306659423,0.41369818995709984,0.1998587738014947,0.5043957067090207,-0.12993312805137458,-0.07517777144161117,-0.08424260660663228
-0.5008210057446509,-0.9819762968945157,0.7945466310609306,0.2994697511893069,-0.010684955964216718,0.3637974865636835,-0.6983308925851475,0.8718729301982574,-0.2853298667689162,1.3779250505398404,0.8508403225159478,0.47017757898203755,2.0724818135033236,0.41369818995709984,0.22908428648363366,0.5503135527015369,-0.12069042439554752,0.07036834052139604,0.06909426185992022
-0.5008210057446509,-0.9819762968945157,0.9390096546438922,0.27062011968150285,-0.010684955964216718,0.2051400409728558,-0.6983308925851475,0.6595555449301591,0.07356374639461619,0.9336189291353358,0.7174913754596777,0.32293374607782577,1.4016826994485174,0.41369818995709984,0.32271084510302345,0.6195611074845649,0.1413420662865655,-0.060951561932244686,-0.07098882987603074
-0.5008210057446509,-0.9819762968945157,1.0834726782268538,0.8754515897648878,-0.010684955964216718,0.6789786283263496,-0.6983308925851475,0.507900228415866,0.3726417573642265,0.6757847844056861,0.5954416315660954,0.33203525826965047,0.8147372478389806,0.41369818995709984,0.4099284270650136,0.6152510856672884,0.3933783508366191,0.6569694296921275,0.6597824032503414
-0.5008210057446509,-0.9819762968945157,1.2279357018098151,1.1451465355724098,-0.010684955964216718,0.7927492349400993,-0.6983308925851475,0.20458959538727972,0.7315353705277589,0.5365401918162875,0.4741484614258174,0.41507920471672116,0.3251861741800696,0.41369818995709984,0.4986054025068212,0.5762136987822963,0.6216724810039893,0.7688904382968293,0.7593089279453947
-0.5008210057446509,-0.9819762968945157,1.3723987253927767,-0.7054689621240783,-0.010684955964216718,0.7051912968747497,1.7706807225488461,0.20458959538727972,0.7315353705277589,0.4749864588319586,0.368657943254043,0.5425003754022674,-0.18933166800243345,0.41369818995709984,0.581848743296094,0.5206336934677511,0.8847503832320744,0.7709108732649823,0.7599929013033624
-0.5008210057446509,-0.9819762968945157,1.5168617489757383,1.5926869767801066,-0.010684955964216718,-0.6991224441542135,-0.6983308925851475,0.05293427887298657,0.7315353705277589,0.3514963682393966,0.27825655460246007,0.5645206304307601,-0.2583340608315738,0.41369818995709984,0.6506911907527763,0.5105520201922585,0.9211733536621369,0.3345683842104368,0.3022728280133641
-0.5008210057446509,-0.9819762968945157,1.6613247725587,-0.7054689621240783,-0.010684955964216718,1.0730166272190347,1.4161171880150853,-0.03805896888750143,0.9707977793034471,0.30658814424323366,0.20197387671100014,0.44728016219973876,-0.15728052860109326,0.41369818995709984,0.7097020363672487,0.5646185482439237,0.8679657200773002,0.7588228254227328,0.751475199530636
-0.5008210057446509,-0.8718984448823519,-1.6613247698494156,2.270453589892417,-0.010684955964216718,-0.6991224441542135,-0.6983308925851475,-0.09872103764130656,1.0904289836912913,0.19912681455625086,0.13920295675518404,0.4376075145608294,-0.06626367756443985,0.41369818995709984,0.7589020320970619,0.5691221918858758,0.8207553334085563,0.818516562155993,0.8051087101661478
-0.5008210057446509,-0.8718984448823519,-1.516861746266454,-0.7054689621240783,-0.010684955964216718,-0.6991224441542135,0.7020398163844644,-0.2503763541555997,1.0904289836912913,0.20694118668290876,0.07448343592915052,0.2968788879582114,-0.07151427887068425,0.41369818995709984,0.8102452706985249,0.635402599773432,0.8234607475337462,-0.48029712381617906,-0.5027078239851006
-0.5008210057446509,-0.8718984448823519,-1.3723987226834924,-0.7054689621240783,-0.010684955964216718,-0.6991224441542135,-0.6983308925851475,-0.18971428540179458,1.0904289836912913,0.1271458916463662,0.018411581333748702,0.06086867240352726,-0.07356689337047446,0.41369818995709984,0.8489249891576562,0.7302805208948382,0.8045462533935214,-1.2740310493992413,-1.2860490588430924
-0.5008210057446509,-0.8718984448823519,-1.2279356991005308,0.9381355587216776,-0.010684955964216718,-0.6991224441542135,0.615498922954817,-0.09872103764130656,1.0904289836912913,-0.03080850991261133,-0.015221368492477854,-0.19627270225232227,-0.16349455068358723,0.41369818995709984,0.8656177672903967,0.8331126417092747,0.825053569851925,0.7320124598412318,0.712359627888153
-0.5008210057446509,-0.8718984448823519,-1.0834726755175694,-0.7054689621240783,-0.010684955964216718,-0.6991224441542135,0.7920868597049351,-0.40203167066989287,1.0904289836912913,-0.09176556253938341,-0.08316550263833153,-0.44991565918453696,-0.15916125340625234,0.41369818995709984,0.9007696529659746,0.914043552528583,0.7741595377730581,-0.4505533113137033,-0.44416278836542256
-0.5008210057446509,-0.8718984448823519,-0.9390096519346078,1.0011738609002439,-0.010684955964216718,1.0379329051844148,-0.6983308925851475,-0.22004531977869715,1.0904289836912913,-0.2105002712240177,-0.12399931254381502,-0.7087951609696486,-0.11157631652815013,0.41369818995709984,0.9118473374685311,1.0018966587154012,0.703901770647084,0.9195015884740565,0.9040151919069739
-0.5008210057446509,-0.8718984448823519,-0.7945466283516462,-0.7054689621240783,-0.010684955964216718,1.2017326248565747,1.2039130023680304,-0.40203167066989287,1.0904289836912913,-0.23900446785654167,-0.16306943046281777,-0.6372915603175505,-0.13348261000099287,0.41369818995709984,0.9335534024624966,0.9335193264666093,0.6862467980460777,0.7912959532305486,0.7802207269330386
-0.5008210057446509,-0.8718984448823519,-0.6500836047686848,1.4437882629837315,-0.010684955964216718,0.5310777016795677,-0.6983308925851475,-0.2503763541555997,1.0904289836912913,-0.27298916019474173,-0.16671679348247864,-0.3278205396532964,-0.08274496457746124,0.41369818995709984,0.9222474464268866,0.7424731023300152,0.629453472205923,0.8427216394896253,0.8293127200412894
-0.5008210057446509,-0.8718984448823519,-0.5056205811857232,-0.7054689621240783,-0.010684955964216718,1.0296970676073016,1.376225916014188,0.38657609090825573,0.4922729617520706,-0.054259653382596904,-0.0030773716892068368,1.1029180822239173,0.12145244626747738,0.41369818995709984,0.7923590137048092,0.10993189951587176,0.5366092678976531,0.7321219060690148,0.7263677628923789
-0.5008210057446509,-0.8718984448823519,-0.3611575576027617,-0.7054689621240783,-0.010684955964216718,-0.6991224441542135,-0.6983308925851475,0.8112108614444523,-0.22551426457499413,0.32403368653592646,0.21699384183956488,1.606148934414046,0.30930524336878423,0.1563249613775435,0.639425290821275,-0.06453362723231632,0.47159199455374723,-1.2740310493992413,-1.2860490588430924
-0.5008210057446509,-0.8718984448823519,-0.21669453401980013,-0.7054689621240783,-0.010684955964216718,-0.6991224441542135,-0.6983308925851475,1.1145214944730386,-0.5245922755446044,0.7701679776906583,0.3693206510472825,1.9069966622682881,0.37748340415001047,-0.4402850584019454,0.5484139614568889,-0.1463291670664812,0.474270753285041,-1.2740310493992413,-1.2860490588430924
-0.5008210057446509,-0.8718984448823519,-0.0722315104368386,-0.7054689621240783,-0.010684955964216718,-0.6991224441542135,-0.6983308925851475,1.2510112214839904,-1.062932695289903,1.2037231498724572,0.5475128254460897,1.9097432270600891,0.40012672709397884,-0.779940690787182,0.44076873160676544,-0.12819562264417764,0.48723524340241964,-1.2740310493992413,-1.2860490588430924
-0.5008210057446509,-0.8718984448823519,0.07223151314612293,-0.7054689621240783,-0.010684955964216718,-0.6991224441542135,-0.6983308925851475,1.2661768109873317,-1.003117093095981,1.5644726156456412,0.6918497359027275,1.639787107365399,0.4362990267348897,-1.0947653586000916,0.3513664028580247,-0.0124200979855448,0.4891234421586499,-1.2740310493992413,-1.2860490588430924
-0.5008210057446509,-0.8718984448823519,0.21669453672908448,-0.7054689621240783,-0.010684955964216718,-0.6991224441542135,-0.6983308925851475,1.2661768109873317,-1.003117093095981,1.7761610266689485,0.8454243271961185,1.4136882229200476,0.6086985210457008,-1.1528848378245304,0.26205576880543646,0.09115316414667729,0.42825530842071047,-1.2740310493992413,-1.2860490588430924
-0.5008210057446509,-0.8718984448823519,0.361157560312046,-0.7054689621240783,-0.010684955964216718,-0.6991224441542135,-0.6983308925851475,1.47849419625543,-1.8405355238108898,1.6678795959524089,0.984576731317147,1.2258409219329478,0.8318230834853144,-0.18368399513607808,0.15137978794563905,0.12480011943270339,0.2846522993977292,-1.2740310493992413,-1.2860490588430924
-0.5008210057446509,-0.8718984448823519,0.5056205838950075,-0.6869925225851208,-0.010684955964216718,-0.6991224441542135,-0.6983308925851475,1.2661768109873317,-1.4816419106473573,1.2612673513958046,0.995444009911717,1.012464718902131,0.8409298833555029,0.41369818995709984,0.13754740172919422,0.18635163695560175,0.2548275141542778,-1.2740310493992413,-1.2860490588430924
-0.5008210057446509,-0.8718984448823519,0.6500836074779691,-0.2466803249218576,-0.010684955964216718,-0.6991224441542135,-0.6983308925851475,0.9628661779587454,-0.22551426457499413,0.8030081407779842,0.9082778209664277,0.7033252977735721,0.5467444441827518,0.41369818995709984,0.24353537059727626,0.38459801134579547,0.45450675390845413,-0.9522573396146294,-0.9583300272235072
-0.5008210057446509,-0.8718984448823519,0.7945466310609306,0.6784321818359569,-0.010684955964216718,-0.6991224441542135,-0.6983308925851475,0.8718729301982574,-0.2853298667689162,0.41900085061926984,0.7429756307377223,0.3483433063863311,0.14075272427244923,0.41369818995709984,0.3942549078705582,0.5826922850359385,0.6863820254102333,-0.27610430469869485,-0.27207228430032004
-0.5008210057446509,-0.8718984448823519,0.9390096546438922,-0.7054689621240783,-0.010684955964216718,-0.6991224441542135,1.5392769259192147,0.8112108614444523,0.07356374639461619,0.29971160379964157,0.5740119623073914,0.01659203619901585,-0.21463299256581972,0.41369818995709984,0.5556554294346209,0.7937075884927599,0.9207824078849949,0.07289298418037193,0.08667522534113968
-0.5008210057446509,-0.8718984448823519,1.0834726782268538,1.2077497703774025,-0.010684955964216718,-0.6991224441542135,-0.6983308925851475,0.8112108614444523,0.07356374639461619,0.08186975935798768,0.45962393918421124,-0.2699372407527181,-0.26422191173742626,0.41369818995709984,0.7050979974130626,1.0134997692621217,1.0211709555079262,0.11795053807568678,0.09158321571163762
-0.5008210057446509,-0.8718984448823519,1.2279357018098151,-0.7054689621240783,-0.010684955964216718,1.4499964037503426,1.028182921022701,0.8415420404511351,-0.04606745799322794,0.049698520438326364,0.3725262088714504,-0.4881561609102331,-0.2094729477816249,0.41369818995709984,0.7993524233992654,1.1572910811391348,1.0164579351302725,0.8676246165356177,0.8604324833031204
-0.5008210057446509,-0.8718984448823519,1.3723987253927767,2.255234125823298,-0.010684955964216718,-0.6991224441542135,-0.6983308925851475,0.8112108614444523,-0.5245922755446044,-0.04432546056860992,0.28123203496060445,-0.5345298018906075,-0.1488436792968085,0.41369818995709984,0.8764932408577537,1.1524987258430555,0.9544583557701274,0.8748459074463826,0.8632847628546215
-0.5008210057446509,-0.8718984448823519,1.5168617489757383,-0.7054689621240783,-0.010684955964216718,1.3281575144426692,1.1703823325425518,0.35624491190157287,0.7315353705277589,-0.040896555285161174,0.1922689833512175,-0.4356730755279848,-0.17066025473391694,0.41369818995709984,0.9511780882703456,1.0815789239009135,0.9500383280148109,0.8180447553089216,0.8095551517083587
-0.5008210057446509,-0.8718984448823519,1.6613247725587,1.333537167061875,-0.010684955964216718,0.6758280919656445,-0.6983308925851475,0.2955828431477677,0.7315353705277589,-0.05869528953838087,0.1270208489606085,-0.20128590757218,-0.11353166661536858,0.41369818995709984,1.0099027499120892,0.9513144629664523,0.9145147062405908,0.8424197623120065,0.8308456153950811
-0.5008210057446509,-0.7618205928701882,-1.6613247698494156,-0.7054689621240783,-0.010684955964216718,1.0687106559298343,1.4709434239098798,0.507900228415866,0.7315353705277589,-0.04392410606801116,0.09805367253279101,0.020369202118466573,-0.08779768311330104,0.41369818995709984,1.0519216031221654,0.856503018671518,0.9206086060483718,0.7488801396573229,0.7415811499312263
-0.5008210057446509,-0.7618205928701882,-1.516861746266454,-0.7054689621240783,-0.010684955964216718,-0.6991224441542135,-0.6983308925851475,0.507900228415866,1.0904289836912913,-0.09183111710781454,0.08021561132498752,0.13985926205822866,0.00746358565126825,0.41369818995709984,1.1107413376857094,0.8507343791083527,0.9263644374457637,-1.2740310493992413,-1.2860490588430924
-0.5008210057446509,-0.7618205928701882,-1.3723987226834924,-0.018154414254091922,-0.010684955964216718,-0.6991224441542135,-0.5430437361140442,0.5230658179192075,0.851166574915603,-0.1582626451227537,0.0722758214698821,0.12280106589164584,-0.004843716484320275,0.41369818995709984,1.1224029726216584,0.8683582678610381,0.9420716158976827,-0.7972365235156186,-0.8090369104723992
-0.5008210057446509,-0.7618205928701882,-1.2279356991005308,-0.7054689621240783,-0.010684955964216718,-0.6991224441542135,-0.2765975418770383,0.507900228415866,1.0904289836912913,-0.2107912532369518,0.061473472712349334,-0.0043481761258108344,-0.09797942243967053,0.41369818995709984,1.138320206666414,0.9427619718351747,1.0011313003505606,-1.0291528776763883,-1.0410591200803005
-0.5008210057446509,-0.7618205928701882,-1.0834726755175694,1.0209565986381632,-0.010684955964216718,-0.6991224441542135,-0.6983308925851475,0.507900228415866,1.0904289836912913,-0.29492920396997296,0.04265511211710214,-0.21477067121013782,-0.23017349793310393,0.41369818995709984,1.1563068452222336,1.0566400026119875,1.0759328369384742,0.007006355054972935,-0.009283183695144493
-0.5008210057446509,-0.7618205928701882,-0.9390096519346078,-0.7054689621240783,-0.010684955964216718,-0.6991224441542135,1.1632700457045622,0.598893476176354,0.7913509727216809,-0.3127486748723903,0.021064529784001258,-0.42006317656229275,-0.3831746113400562,0.41369818995709984,1.1747041794960837,1.1685800940591595,1.161185455038836,-0.18106339661685542,-0.16014674466698472
-0.5008210057446509,-0.7618205928701882,-0.7945466283516462,0.9580960910027769,-0.010684955964216718,-0.6991224441542135,-0.6983308925851475,0.6595555449301591,0.7315353705277589,-0.3579880163315472,0.0028425356267597636,-0.6252840768733205,-0.33942407238170097,0.41369818995709984,1.2417465152861922,1.3464118437970116,1.1968802781234456,-0.04671194165976992,-0.08811715790256154
-0.5008210057446509,-0.7618205928701882,-0.6500836047686848,-0.7054689621240783,-0.010684955964216718,1.2838004600397923,0.8443247514242064,0.6595555449301591,0.7315353705277589,-0.34336399617806374,0.0004648332248175274,-0.7091949557826078,-0.3111226437822651,0.41369818995709984,1.2597152975064452,1.4152504262592527,1.1996823451403233,0.8604040456658251,0.8493602291475948
-0.5008210057446509,-0.7618205928701882,-0.5056205811857232,2.230300190382269,-0.010684955964216718,-0.6991224441542135,-0.6983308925851475,0.9022041092049403,0.4324573595581485,-0.08951797733603035,0.12169519080535292,-0.32062252813809844,-0.15629866112590768,0.41369818995709984,1.197718583023047,1.2442978448167605,1.1639784202138959,0.8960739753802186,0.8834404618749493
-0.5008210057446509,-0.7618205928701882,-0.3611575576027617,-0.7054689621240783,-0.010684955964216718,0.5579051936356072,0.41579060395300443,0.9628661779587454,0.3726417573642265,0.27962447996884127,0.31800067246027397,0.6744011233630818,0.10741366989084851,0.2040693466598698,1.0530306263419473,0.7487606483833109,1.0457793018369717,0.1634320160934179,0.1550859824245958
-0.5008210057446509,-0.7618205928701882,-0.21669453401980013,-0.7054689621240783,-0.010684955964216718,-0.6991224441542135,-0.6983308925851475,1.2661768109873317,-0.22551426457499413,0.932697151632294,0.5071321128816709,1.2712862547015682,0.2278982839914836,-0.4714103402282829,0.9357357362309274,0.510424014652612,1.0271643016346683,-1.2740310493992413,-1.2860490588430924
-0.5008210057446509,-0.7618205928701882,-0.0722315104368386,-0.7054689621240783,-0.010684955964216718,-0.6991224441542135,-0.6983308925851475,1.2965079899940146,-0.2853298667689162,1.3053655082249258,0.6252416037298262,1.330657063087464,0.2654239005452463,-0.8376307992993118,0.8889767498334281,0.5323013446226967,1.0629488428743423,-1.2740310493992413,-1.2860490588430924
-0.5008210057446509,-0.7618205928701882,0.07223151314612293,-0.7054689621240783,-0.010684955964216718,-0.6991224441542135,-0.6983308925851475,1.4178321275016248,-0.46477667335068235,1.650749116942686,0.7472645287776757,1.1590811552555154,0.35834495400388644,-1.0665707951234373,0.8106221841600783,0.6320626232977797,1.035920273463743,-1.2740310493992413,-1.2860490588430924
-0.5008210057446509,-0.7618205928701882,0.21669453672908448,-0.689253548383025,-0.010684955964216718,-0.6991224441542135,-0.6983308925851475,1.569487444015918,-0.7638546843202927,2.0711264830214926,0.8547304666654003,0.999684923942888,0.5420271201730216,-1.468906361873658,0.7506065577172394,0.7304556410784891,0.9623574542051777,-1.2740310493992413,-1.2860490588430924
-0.5008210057446509,-0.7618205928701882,0.361157560312046,-0.7054689621240783,-0.010684955964216718,-0.6991224441542135,-0.6983308925851475,1.5998186230226008,-1.062932695289903,2.234743327659751,0.9416016483076288,0.8626175312883722,1.042403052162117,-1.166845820685517,0.6901942310626247,0.7944110811224143,0.7047980853556538,-1.2740310493992413,-1.2860490588430924
-0.5008210057446509,-0.7618205928701882,0.5056205838950075,-0.7054689621240783,-0.010684955964216718,-0.6991224441542135,-0.6983308925851475,1.569487444015918,-0.46477667335068235,2.120606803703643,0.9931248855149281,0.7183956016079142,1.6229013824935137,-0.18664747201422094,0.68003059789961,0.9080670922069326,0.4703235878832301,-1.2740310493992413,-1.2860490588430924
-0.5008210057446509,-0.7618205928701882,0.6500836074779691,-0.7054689621240783,-0.010684955964216718,-0.6991224441542135,-0.6983308925851475,1.4178321275016248,0.07356374639461619,1.7842884553060734,1.0078978349591117,0.5619479635959819,2.108505701066431,0.41369818995709984,0.6851370272679793,1.012631052675411,0.2780021036864428,-1.2740310493992413,-1.2860490588430924
-0.5008210057446509,-0.7618205928701882,0.7945466310609306,-0.24237867475718616,-0.010684955964216718,0.028978260772057337,-0.6983308925851475,1.2661768109873317,0.13337934858853825,1.2333277267607896,0.9527152368274817,0.2829235769071331,2.0143394954296094,0.41369818995709984,0.7548920782532115,1.197653916981711,0.34678233849060136,-0.48581938804778213,-0.4886549172077423
-0.5008210057446509,-0.7618205928701882,0.9390096546438922,0.03188815636199484,-0.010684955964216718,0.09208227842457115,-0.6983308925851475,1.1145214944730386,0.3726417573642265,0.7627944265904913,0.8175955401937486,0.04925331180356437,1.3697673948302516,0.41369818995709984,0.8586002274127426,1.3245519397911476,0.6364640575111048,-0.2529512072255299,-0.2561553554626164
-0.5008210057446509,-0.7618205928701882,1.0834726782268538,0.5929839629153791,-0.010684955964216718,0.492242915650828,-0.6983308925851475,0.9628661779587454,0.3726417573642265,0.496437519040627,0.695163980628023,-0.03734360858895215,0.8081433914556676,0.41369818995709984,0.956899837310265,1.3743540547220152,0.9164347614431847,0.4046920944370817,0.4090897751439515
-0.5008210057446509,-0.7618205928701882,1.2279357018098151,1.0305765213478584,-0.010684955964216718,0.7561793830820559,-0.6983308925851475,0.8718729301982574,0.4324573595581485,0.37575155855891507,0.5887962038971467,-0.015152012926334073,0.3452771447803446,0.41369818995709984,1.061963137558198,1.3723907294198057,1.1764782829775091,0.831766396106979,0.8230368854074261
-0.5008210057446509,-0.7618205928701882,1.3723987253927767,0.4094924591661907,-0.010684955964216718,0.19886125284067802,0.8327740454436411,0.8112108614444523,0.3726417573642265,0.321144603055783,0.49121795097564674,0.17394240919372816,-0.16188297998563103,0.41369818995709984,1.1507655899526354,1.2608129259201377,1.4681420364091777,0.8723563657848041,0.8603874041722777
-0.5008210057446509,-0.7618205928701882,1.5168617489757383,-0.7054689621240783,-0.010684955964216718,-0.6991224441542135,-0.6983308925851475,0.6595555449301591,0.7315353705277589,0.2689283825278843,0.4058091021849541,0.18856006687523144,-0.2846952320974661,0.41369818995709984,1.2466275687434918,1.2572352248708558,1.5481788657266922,-1.2740310493992413,-1.2860490588430924
-0.5008210057446509,-0.7618205928701882,1.6613247725587,0.5310753109296811,-0.010684955964216718,0.3744842084923982,0.589057062922652,0.507900228415866,0.851166574915603,0.15770034085278214,0.334554252109296,0.08640183665207331,-0.3491002044599604,0.41369818995709984,1.3121241249979336,1.3040585755967713,1.5764981629913153,0.9039272822543819,0.8919759903948725
-0.5008210057446509,-0.6517427408580244,-1.6613247698494156,-0.7054689621240783,-0.010684955964216718,-0.6991224441542135,-0.6983308925851475,0.507900228415866,1.0904289836912913,0.08564984982946033,0.26960465381723897,0.03966079361544002,-0.33318573419606407,0.41369818995709984,1.3835982102341942,1.3276726933341951,1.5633555368269239,-1.2740310493992413,-1.2860490588430924
-0.5008210057446509,-0.6517427408580244,-1.516861746266454,-0.422416057526347,-0.010684955964216718,-0.6991224441542135,-0.4722367859569807,0.35624491190157287,1.0904289836912913,-0.06725751888448776,0.2079438929229412,-0.11292102461659854,-0.4403769862543486,0.41369818995709984,1.4444294368691268,1.400575613031736,1.614204926538778,-0.9398618567785066,-0.981365258178982
-0.5008210057446509,-0.6517427408580244,-1.3723987226834924,-0.05774384086163053,-0.010684955964216718,-0.6991224441542135,-0.14821217017604293,0.38657609090825573,0.9707977793034471,-0.18499820625597246,0.15009423115909398,-0.291184331825232,-0.5485551367057105,0.41369818995709984,1.4961191849013138,1.479860308070581,1.6555082178675329,-0.4582228277296981,-0.4652151522792395
-0.5008210057446509,-0.6517427408580244,-1.2279356991005308,-0.7054689621240783,-0.010684955964216718,-0.6991224441542135,0.38377336504324294,0.35624491190157287,1.0904289836912913,-0.2416968876313917,0.09707831345903496,-0.4854888731282513,-0.5765505178000714,0.41369818995709984,1.5448433334184615,1.573989773271936,1.6493961143761156,-0.6329370794378617,-0.627282670185465
-0.5008210057446509,-0.6517427408580244,-1.0834726755175694,1.0409485275338504,-0.010684955964216718,-0.6991224441542135,-0.6983308925851475,0.35624491190157287,1.0904289836912913,-0.35391293030213444,0.05027378158251219,-0.6880237319560498,-0.5660467997286368,0.41369818995709984,1.5895464282074876,1.6680138221465233,1.6112485616320302,0.02365379233867491,0.0005264449865053855
-0.5008210057446509,-0.6517427408580244,-0.9390096519346078,-0.7054689621240783,-0.010684955964216718,1.2499396573972863,0.9713236149822638,0.507900228415866,0.9707977793034471,-0.357729142678661,0.027919567905124718,-0.7752991953573415,-0.5570104327089312,0.41369818995709984,1.617203961585418,1.7192900445692536,1.6018801658749047,0.8842357817553422,0.873202786355434
-0.5008210057446509,-0.6517427408580244,-0.7945466283516462,2.2420077188482117,-0.010684955964216718,-0.6991224441542135,-0.6983308925851475,0.35624491190157287,1.0904289836912913,-0.36197279759832524,-0.0018105341078811278,-0.7275164694605032,-0.4993745603696423,0.41369818995709984,1.6495977673214597,1.6798570237558412,1.5567614691401828,0.899964896784052,0.8889392962171968
-0.5008210057446509,-0.6517427408580244,-0.6500836047686848,-0.7054689621240783,-0.010684955964216718,1.2051928329148187,1.0972345690593555,0.6595555449301591,0.7315353705277589,-0.30411286386784026,0.011145085658356221,-0.6332066632094467,-0.43796885355688236,0.41369818995709984,1.6600007719017988,1.6344940118587006,1.531970652553735,0.833952080478265,0.8228961155761128
-0.5008210057446509,-0.6517427408580244,-0.5056205811857232,1.6371993028503955,-0.010684955964216718,-0.6991224441542135,-0.6983308925851475,0.7050520241806228,0.9707977793034471,-0.19261925929817528,0.06244247995422131,-0.44283272719972183,-0.29058559846226445,0.41369818995709984,1.6538702575585047,1.5671970893915979,1.490594979911474,0.4276352999668338,0.397300660355457
-0.5008210057446509,-0.6517427408580244,-0.3611575576027617,-0.7054689621240783,-0.010684955964216718,0.7321347317643891,0.6787359149130039,0.8112108614444523,-1.9601667281987338,-0.01030197062868533,0.22245218270528802,-0.06681590254045053,-0.048481059790113544,0.37011881757891435,1.4189016334602556,1.1746404571715028,1.1750497272330962,0.41955428013519414,0.422351952985301
-0.5008210057446509,-0.6517427408580244,-0.21669453401980013,-0.7054689621240783,-0.010684955964216718,-0.6991224441542135,-0.6983308925851475,1.1145214944730386,0.3726417573642265,0.3624352851532159,0.43883651070489793,0.2908487205661566,0.1358928575891224,0.1543068020349472,1.3127780529626005,1.1152484683998185,1.2090464066870594,-1.2740310493992413,-1.2860490588430924
-0.5008210057446509,-0.6517427408580244,-0.0722315104368386,-0.14684016698808186,-0.010684955964216718,-0.6991224441542135,-0.6983308925851475,1.281342400490673,-0.16569866238107206,0.9000275642077226,0.6423477927527635,0.5100462429524077,0.2685380387201731,-0.3329412103772763,1.1911503471565403,1.0683278764908437,1.2069963251727776,-0.8765403511154926,-0.9309128998449828
-0.5008210057446509,-0.6517427408580244,0.07223151314612293,-0.6908714888177313,-0.010684955964216718,-0.6991224441542135,-0.6983308925851475,1.4178321275016248,-0.46477667335068235,1.5122965305678022,0.822423638184751,0.6679728660399995,0.4423864373837773,-0.8960720140711211,1.0738501484052168,1.0233361882263587,1.1495372646167799,-1.2740310493992413,-1.2860490588430924
-0.5008210057446509,-0.6517427408580244,0.21669453672908448,-0.690946857512357,-0.010684955964216718,-0.6991224441542135,-0.6983308925851475,1.4178321275016248,-0.46477667335068235,1.831032207218308,0.934587108630305,0.6548503898125058,0.6427234572331955,-1.0472888912826666,1.0000238529108114,1.0518394721721998,1.0617066581766823,-1.2740310493992413,-1.2860490588430924
-0.5008210057446509,-0.6517427408580244,0.361157560312046,-0.7054689621240783,-0.010684955964216718,-0.6991224441542135,-0.6983308925851475,1.569487444015918,-0.8236702865142147,2.0033698162304097,1.0002022377519943,0.5984469284285527,1.0984600547697456,-0.48755678491649834,0.9632692404672197,1.095771833920349,0.8364707468602156,-1.2740310493992413,-1.2860490588430924
-0.5008210057446509,-0.6517427408580244,0.5056205838950075,-0.7054689621240783,-0.010684955964216718,-0.6991224441542135,-0.6983308925851475,1.1145214944730386,0.3726417573642265,1.9136624028774132,0.9843205407644889,0.4709873978995456,1.6206953249980285,0.41369818995709984,0.9891121840686573,1.184178268255018,0.598943231589356,-1.2740310493992413,-1.2860490588430924
-0.5008210057446509,-0.6517427408580244,0.6500836074779691,0.09831280768538568,-0.010684955964216718,0.29978342725419643,-0.6983308925851475,1.1145214944730386,0.3726417573642265,1.6017878814146433,0.9712717607972849,0.3276477446186884,2.0694733246041213,0.41369818995709984,1.0176914904447527,1.2871575416562075,0.41372985243151655,-0.05231089025491835,-0.04521258286018021
-0.5008210057446509,-0.6517427408580244,0.7945466310609306,0.2611565521124549,-0.010684955964216718,0.2662070684723627,-0.6983308925851475,1.0841903154663557,0.3726417573642265,1.1788987050862563,0.9045591762778454,0.2501736474421416,1.9768457413558271,0.41369818995709984,1.080720494165363,1.3426865598902549,0.46433327570376065,0.016026128304192554,0.016029465441016997
-0.5008210057446509,-0.6517427408580244,0.9390096546438922,0.19184278431469676,-0.010684955964216718,0.10549618207657128,-0.6983308925851475,0.8112108614444523,1.0904289836912913,0.7181738399864243,0.7589893046765971,0.09828912592012574,1.3005226794559972,0.41369818995709984,1.2225929410709153,1.4555693744882359,0.8059358012444279,-0.15161129071326523,-0.16116563547659965
-0.5008210057446509,-0.6517427408580244,1.0834726782268538,0.7734579828888429,-0.010684955964216718,0.5779730969351841,-0.6983308925851475,0.8112108614444523,0.7315353705277589,0.4863166963838616,0.6374194769698124,0.0542741890921143,0.7233883562214788,0.41369818995709984,1.3490066274124748,1.4980155811643203,1.1232944875498152,0.5608304591275962,0.5641160864914039
-0.5008210057446509,-0.6517427408580244,1.2279357018098151,0.9641314173726789,-0.010684955964216718,0.632227977784756,-0.6983308925851475,0.7202176136839643,0.9707977793034471,0.3832200968908903,0.5303360605133293,0.19037917589624426,0.2607962945712503,0.41369818995709984,1.4544675930795117,1.4261263792866363,1.3948921471407418,0.6979619022734442,0.6977093201745589
-0.5008210057446509,-0.6517427408580244,1.3723987253927767,0.3374225171306912,-0.010684955964216718,0.11137784201007217,0.8110998072206907,0.6595555449301591,0.7315353705277589,0.32804121122440505,0.4328947248568861,0.29621995109164956,-0.24255710232338237,0.41369818995709984,1.5407421674821224,1.3522596531729332,1.6907418809666883,0.8569161671962124,0.8445031577044351
-0.5008210057446509,-0.6517427408580244,1.5168617489757383,-0.7054689621240783,-0.010684955964216718,-0.6991224441542135,-0.6983308925851475,0.507900228415866,0.7315353705277589,0.27217199581688994,0.3473214341963055,0.2800559654981888,-0.37012441032913507,0.41369818995709984,1.6127852424381928,1.341350569299994,1.7507126164434608,-1.2740310493992413,-1.2860490588430924
-0.5008210057446509,-0.6517427408580244,1.6613247725587,0.5242216093743954,-0.010684955964216718,0.3587851358422149,0.6129638213627555,0.47756904940918316,0.9707977793034471,0.13603790060713172,0.288093424913612,0.13574538195728775,-0.4029620498942021,0.41369818995709984,1.662327886769418,1.4004189944891094,1.745664561602691,0.8979255607403773,0.8860025957479357
-0.5008210057446509,-0.5416648888458606,-1.6613247698494156,-0.7054689621240783,-0.010684955964216718,-0.6991224441542135,-0.6983308925851475,0.507900228415866,0.7315353705277589,0.07907164956464666,0.23120924159614564,0.0823706433248148,-0.37376511791005385,0.41369818995709984,1.7061265822921816,1.3992267143198298,1.6921890738157765,-1.2740310493992413,-1.2860490588430924
-0.5008210057446509,-0.5416648888458606,-1.516861746266454,-0.4426524314927532,-0.010684955964216718,-0.6991224441542135,-0.4683891708360047,0.35624491190157287,1.0904289836912913,-0.06683408988635607,0.17796606946645604,-0.055381259425236806,-0.46700479616849805,0.41369818995709984,1.7466363338450523,1.4506341693126181,1.7207298492313083,-0.9526329759893438,-0.9948926088848851
-0.5008210057446509,-0.5416648888458606,-1.3723987226834924,-0.7054689621240783,-0.010684955964216718,-0.6991224441542135,0.08515720009578795,0.32591373289489,0.9707977793034471,-0.14591430498766517,0.12201842847234298,-0.24885808055046632,-0.5591183873055295,0.41369818995709984,1.7868719665167934,1.5335761654842226,1.7459046768582747,-0.8063308660080275,-0.8059651775157503
-0.5008210057446509,-0.5416648888458606,-1.2279356991005308,0.5285612494427181,-0.010684955964216718,-0.6991224441542135,-0.6983308925851475,0.35624491190157287,1.0904289836912913,-0.2885403092446084,0.07786613928697454,-0.45633453965699555,-0.5828668352130288,0.41369818995709984,1.819106513043728,1.634263386751976,1.7341589667024524,-0.3648590750824881,-0.38423838256824316
-0.5008210057446509,-0.5416648888458606,-1.0834726755175694,-0.7054689621240783,-0.010684955964216718,-0.6991224441542135,1.3079236468589308,0.35624491190157287,0.7315353705277589,-0.3242314271345208,0.035879824774078854,-0.6489972796598881,-0.6186450462857609,0.41369818995709984,1.8434432506099439,1.7188528895162085,1.7206930084429968,-0.08393877996642596,-0.054928467440191316
-0.5008210057446509,-0.5416648888458606,-0.9390096519346078,1.0364417677713076,-0.010684955964216718,-0.6991224441542135,-0.6983308925851475,0.32591373289489,0.851166574915603,-0.39945797010591416,-0.002144358161344671,-0.8295979799967395,-0.5215978016696585,0.41369818995709984,1.86216296413132,1.79594664604117,1.6209043155379863,0.019281343534644644,-0.02178577818179465
-0.5008210057446509,-0.5416648888458606,-0.7945466283516462,-0.7054689621240783,-0.010684955964216718,1.3336079885977232,0.8534504044596286,0.35624491190157287,0.7315353705277589,-0.4038434369491233,-0.028812171447123638,-0.9308168202755882,-0.47996108671210846,0.41369818995709984,1.8735012546124152,1.8319237324194853,1.5663296719962692,0.8755139254583939,0.8644771058654107
-0.5008210057446509,-0.5416648888458606,-0.6500836047686848,2.258028962749289,-0.010684955964216718,-0.6991224441542135,-0.6983308925851475,0.35624491190157287,0.7315353705277589,-0.3863423739505143,-0.034824533204958576,-0.8306780227004055,-0.404422693055409,0.41369818995709984,1.8576100811655136,1.725748408098985,1.4800082376138313,0.9077263984342526,0.8967043814099904
-0.5008210057446509,-0.5416648888458606,-0.5056205811857232,-0.7054689621240783,-0.010684955964216718,1.2233013742177472,1.0453553311208035,0.7657143821939886,0.7913509727216809,-0.11818739823796748,0.12185963267524087,0.2617685494589253,-0.14579578154078832,0.41369818995709984,1.7188036153371042,1.1061271593747164,1.346079402890962,0.8285717543233181,0.8207036305760365
-0.5008210057446509,-0.5416648888458606,-0.3611575576027617,-0.7054689621240783,-0.010684955964216718,-0.6991224441542135,-0.6983308925851475,1.1145214944730386,0.3726417573642265,0.31287134895010726,0.30169199121833834,1.082010262655791,0.02884750214969543,0.03921205218726335,1.577964422876092,0.7298351906980846,1.2909239751570378,-1.2740310493992413,-1.2860490588430924
-0.5008210057446509,-0.5416648888458606,-0.21669453401980013,-0.7054689621240783,-0.010684955964216718,-0.6991224441542135,-0.6983308925851475,1.4178321275016248,-0.46477667335068235,0.773838364598634,0.45712414045827493,1.4513260488829245,0.12478962180226702,-0.5972124490924545,1.4504233743755202,0.5745483359547263,1.257166544116581,-1.2740310493992413,-1.2860490588430924
-0.5008210057446509,-0.5416648888458606,-0.0722315104368386,-0.7054689621240783,-0.010684955964216718,-0.6991224441542135,-0.6983308925851475,1.5998186230226008,-0.8834858887081368,1.2101635517587321,0.6266248915623601,1.500905720335665,0.18063364888581596,-0.7684611664570051,1.325323817810926,0.5818620776788022,1.2609992863641062,-1.2740310493992413,-1.2860490588430924
-0.5008210057446509,-0.5416648888458606,0.07223151314612293,-0.7054689621240783,-0.010684955964216718,-0.6991224441542135,-0.6983308925851475,1.4178321275016248,-0.7638546843202927,1.514217680777335,0.791574908001048,1.296191169958321,0.31779743276987704,-0.9943581289767289,1.18467911462649,0.6735734214253208,1.178955284215167,-1.2740310493992413,-1.2860490588430924
-0.5008210057446509,-0.5416648888458606,0.21669453672908448,-0.7054689621240783,-0.010684955964216718,-0.6991224441542135,-0.6983308925851475,0.6595555449301591,0.7315353705277589,1.392674159512677,0.8301982804108702,0.9966314804033998,0.2948547702113559,-0.2132614364927026,1.16041621542086,0.8204166435299414,1.1940435374234508,-1.2740310493992413,-1.2860490588430924
-0.5008210057446509,-0.5416648888458606,0.361157560312046,-0.1497331407608128,-0.010684955964216718,-0.6991224441542135,-0.6983308925851475,0.21975518489062115,0.7315353705277589,0.5729537478072777,0.6833079335368305,0.4496311943834095,-0.02770169192499876,0.41369818995709984,1.1768469397640697,0.9159178117914419,1.1803465657502292,-0.8787973645455928,-0.9406225092050754
-0.5008210057446509,-0.5416648888458606,0.5056205838950075,0.7450183911675552,-0.010684955964216718,-0.6991224441542135,0.8623962065635155,0.20458959538727972,0.013748144200694123,0.2716422078760996,0.5289005465075262,0.09978089761027216,-0.3926360909216055,0.41369818995709984,1.197977741190594,0.9156445898832887,1.1939824250569573,0.8170300375687685,0.8322207337909233
-0.5008210057446509,-0.5416648888458606,0.6500836074779691,-0.7054689621240783,-0.010684955964216718,-0.6991224441542135,-0.6983308925851475,0.20458959538727972,0.013748144200694123,0.16319488396597917,0.4106103813302236,-0.20560437350491245,-0.43662811393875955,0.41369818995709984,1.2431682656802208,0.9859714787712022,1.1245787140882544,-1.2740310493992413,-1.2860490588430924
-0.5008210057446509,-0.5416648888458606,0.7945466310609306,0.46378070426836954,-0.010684955964216718,0.6044695786483347,0.4284538493497981,0.05293427887298657,0.6717197683338367,-0.09311411366139524,0.2625929371763081,-0.680061933335497,-0.5221679723640447,0.41369818995709984,1.2762164819845931,1.1176287260311626,1.046208822086581,0.9696450617717867,0.9584175066284938
-0.5008210057446509,-0.5416648888458606,0.9390096546438922,0.5957199536151712,-0.010684955964216718,0.509782779464386,0.4319210105771416,0.05293427887298657,0.7315353705277589,-0.18647853543901424,0.13040425807753078,-0.6420183454729002,-0.4992840038475927,0.41369818995709984,1.3433452038305504,1.0371039907729511,0.9746002982926876,0.9257434436523089,0.9165600993050741
-0.5008210057446509,-0.5416648888458606,1.0834726782268538,-0.7054689621240783,-0.010684955964216718,1.291904482169277,1.2291818486322794,0.20458959538727972,-0.5844078777385264,-0.21600016573055605,0.06210089255067722,-0.46288384359722123,-0.36173787020376674,0.41369818995709984,1.2750152814649947,0.7779712973952998,0.7379290062842939,0.7760291045060277,0.7701076337387612
-0.5008210057446509,-0.5416648888458606,1.2279357018098151,1.4733125628867203,-0.010684955964216718,0.4961274769483675,-0.6983308925851475,0.20458959538727972,-0.6442234799324486,-0.27947237322774704,0.01837488186064066,-0.21368210409681382,-0.23957460649995355,0.41369818995709984,1.171537334253173,0.49181114864655623,0.5113195836953621,0.846478633272619,0.8327186532815949
-0.5008210057446509,-0.5416648888458606,1.3723987253927767,-0.7054689621240783,-0.010684955964216718,1.0751170548701627,1.462131566730528,0.20458959538727972,-0.5844078777385264,-0.2629532909072697,-0.01829494936527644,-0.020531767861484945,-0.18312770775572276,0.41369818995709984,1.0704280058240707,0.277093150495857,0.3539194827391596,0.7395394081447197,0.7329384560229815
-0.5008210057446509,-0.5416648888458606,1.5168617489757383,1.5620980625287528,-0.010684955964216718,0.37463967503708934,-0.6983308925851475,0.20458959538727972,-0.8236702865142147,-0.2727557056602268,-0.04066045518823561,0.18859245963193175,-0.08075523655131657,0.41369818995709984,0.9890286936347922,0.09829953056008923,0.2138620745253925,0.807837094465721,0.7936567667858426
-0.5008210057446509,-0.5416648888458606,1.6613247725587,-0.7054689621240783,-0.010684955964216718,0.9804752453286263,1.449603419148856,0.20458959538727972,-1.4816419106473573,-0.24821689149361856,-0.056712945877513195,0.27316994737647293,-0.04909483177289395,0.41369818995709984,0.9213377385203204,-0.014301026444586905,0.11767164308583006,0.711101749965918,0.6999897094797785
-0.5008210057446509,-0.43158703683369687,-1.6613247698494156,1.6366296785571601,-0.010684955964216718,0.34927161344378943,-0.6983308925851475,0.20458959538727972,-1.3620107062595133,-0.24984906646272018,-0.07578961430271315,0.3521733236456613,0.006978102074724732,0.41369818995709984,0.7982776650396246,-0.1720053572366992,-0.03962985458400904,0.786964546761937,0.7758873930282147
-0.5008210057446509,-0.43158703683369687,-1.516861746266454,-0.7054689621240783,-0.010684955964216718,-0.6991224441542135,0.14289317461922477,0.05293427887298657,-1.122748297483825,-0.2328476898173567,-0.10037755552600361,0.36750958906133224,-0.019344498820665006,0.41369818995709984,0.6831665565080274,-0.29172646441149724,-0.15009674162588277,-0.8426045050750977,-0.8544256017556381
-0.5008210057446509,-0.43158703683369687,-1.3723987226834924,-0.7054689621240783,-0.010684955964216718,-0.6991224441542135,-0.6983308925851475,0.02260324449608401,-1.4816419106473573,-0.26439415356441925,-0.1242131575505792,0.24844404472253753,-0.08769287232389181,0.41369818995709984,0.5762568146417801,-0.3559396366176015,-0.23586838142039954,-1.2740310493992413,-1.2860490588430924
-0.5008210057446509,-0.43158703683369687,-1.2279356991005308,-0.7054689621240783,-0.010684955964216718,-0.6991224441542135,0.8353758050732646,0.05293427887298657,-1.6012731150352015,-0.3528580368897274,-0.14372739661668274,0.026886113301991914,-0.2200479371898578,0.41369818995709984,0.48572567592303506,-0.3700051865034728,-0.2814796611658996,-0.3947504959842766,-0.39986649761084325
-0.5008210057446509,-0.43158703683369687,-1.0834726755175694,-0.7054689621240783,-0.010684955964216718,-0.6991224441542135,-0.6983308925851475,-0.09872103764130656,-1.3620107062595133,-0.4590604512931654,-0.17931388762681433,-0.24297964765032362,-0.24961548012535706,0.41369818995709984,0.41982952383483363,-0.35270486133335616,-0.34826810958551646,-1.2740310493992413,-1.2860490588430924
-0.5008210057446509,-0.43158703683369687,-0.9390096519346078,-0.7054689621240783,-0.010684955964216718,1.3655415947355858,1.1103148464238526,-0.068390003264404,-1.2423795018716692,-0.5522549663321976,-0.20171750444107803,-0.48801039350508163,-0.32225522659015504,0.41369818995709984,0.36515245912272926,-0.31874531436815945,-0.3740774656135207,0.8142418589139465,0.8048304489857643
-0.5008210057446509,-0.43158703683369687,-0.7945466283516462,-0.7054689621240783,-0.010684955964216718,-0.6991224441542135,-0.6983308925851475,-0.09872103764130656,-1.3620107062595133,-0.63565643155662,-0.22398420399028476,-0.4722095477630508,-0.2998760268354979,0.41369818995709984,0.3292848722134976,-0.3624199439541297,-0.4195602360209691,-1.2740310493992413,-1.2860490588430924
-0.5008210057446509,-0.43158703683369687,-0.6500836047686848,0.906750605733604,-0.010684955964216718,0.3785015312814488,0.31081006405392914,-0.09872103764130656,-1.122748297483825,-0.6803419038049506,-0.22157544818802033,-0.4564999132043604,-0.3134410584439971,0.41369818995709984,0.2790299048742662,-0.39868746306945835,-0.4454675452037783,0.9626025210323846,0.9516054352427427
-0.5008210057446509,-0.43158703683369687,-0.5056205811857232,-0.7054689621240783,-0.010684955964216718,1.241426734078587,1.1975463213149724,0.17425856101037715,-1.4816419106473573,-0.43744015327007785,-0.08068617092624394,0.5816214486456327,-0.11910089272141702,0.25257185788654535,0.11812501727309126,-0.7524087205083063,-0.5405163456267195,0.7582019700944043,0.755176196172821
-0.5008210057446509,-0.43158703683369687,-0.3611575576027617,-0.7054689621240783,-0.010684955964216718,-0.6991224441542135,-0.6983308925851475,0.20458959538727972,-1.6012731150352015,0.10993112819151768,0.07861494969019826,1.2014781591304424,0.050383184671187166,-0.8106202226369809,-0.025662400971057573,-0.9395990735741683,-0.6154945012880094,-1.2740310493992413,-1.2860490588430924
-0.5008210057446509,-0.43158703683369687,-0.21669453401980013,-0.7054689621240783,-0.010684955964216718,-0.6991224441542135,-0.6983308925851475,0.35624491190157287,-1.7807199216169676,0.5640744484056978,0.20914156611264018,1.4342959832682132,0.1182921913452105,-1.487675828733526,-0.14085000218339264,-1.0104343273195353,-0.6506185088643082,-1.2740310493992413,-1.2860490588430924
-0.5008210057446509,-0.43158703683369687,-0.0722315104368386,-0.7054689621240783,-0.010684955964216718,-0.6991224441542135,-0.6983308925851475,0.35624491190157287,-1.6012731150352015,1.0353863763071576,0.3250222697285801,1.3858210753071467,0.11056386297733209,-1.8613219442378646,-0.2600890611546787,-1.007655854135442,-0.6593554101676686,-1.2740310493992413,-1.2860490588430924
-0.5008210057446509,-0.43158703683369687,0.07223151314612293,-0.7054689621240783,-0.010684955964216718,-0.6991224441542135,-0.6983308925851475,0.35624491190157287,-1.7807199216169676,1.4541877570469461,0.42613990452771155,1.110594313120928,0.07425740552597747,-1.996206355117442,-0.3663296730408443,-0.9550290119179196,-0.6681818129155744,-1.2740310493992413,-1.2860490588430924
-0.5008210057446509,-0.43158703683369687,0.21669453672908448,-0.7054689621240783,-0.010684955964216718,-0.6991224441542135,-0.6983308925851475,0.35624491190157287,-1.6012731150352015,1.7623076071566146,0.5073149044881129,0.8500141916090495,0.21824646801636713,-2.220906461400948,-0.4417586953032636,-0.8886767488198726,-0.7144217698780864,-1.2740310493992413,-1.2860490588430924
-0.5008210057446509,-0.43158703683369687,0.361157560312046,-0.7054689621240783,-0.010684955964216718,-0.6991224441542135,-0.6983308925851475,0.3714105014049143,-1.6012731150352015,1.9157768721714008,0.5635039150938211,0.5999710928753995,0.6688389520087126,-1.7182479012434033,-0.5083046732249883,-0.8254368489858038,-0.8504882371651076,-1.2740310493992413,-1.2860490588430924
-0.5008210057446509,-0.43158703683369687,0.5056205838950075,2.278518572838499,-0.010684955964216718,-0.6991224441542135,-0.6983308925851475,0.35624491190157287,-1.3620107062595133,1.9442115006904876,0.5924576820987723,0.4020547592002942,1.2147228902729772,-1.192946178235651,-0.5365193725329613,-0.7589858387571723,-0.9875381367895295,0.8792129559431209,0.8631622295807855
-0.5008210057446509,-0.43158703683369687,0.6500836074779691,-0.7054689621240783,-0.010684955964216718,1.223708173087223,1.2153980983933852,0.35624491190157287,-1.3620107062595133,1.794662131298216,0.6126790917813039,0.20119409442932287,2.0486838949032236,-0.4408197243843027,-0.5663370399107802,-0.693501431704393,-1.1849904592455283,0.8916419431857341,0.8804935161486784
-0.5008210057446509,-0.43158703683369687,0.7945466310609306,1.1229322645915867,-0.010684955964216718,0.862972180250446,-0.6983308925851475,0.23492077439396258,-1.062932695289903,1.2225995209597846,0.5565945335221338,0.20174221397033096,1.8316375197630292,0.41369818995709984,-0.5394449159438918,-0.6823522567688562,-1.1252498703404439,0.8038639083808073,0.7950413108181339
-0.5008210057446509,-0.43158703683369687,0.9390096546438922,0.48785141221746137,-0.010684955964216718,0.3520029472485592,0.6647696935366953,0.05293427887298657,-0.5844078777385264,0.7482975020288641,0.41058779703908016,0.2853786068886312,0.7672319671608294,0.41369818995709984,-0.46184538370280864,-0.690163821717709,-0.8343628074105919,0.8353585005073259,0.8240950155513882
-0.5008210057446509,-0.43158703683369687,1.0834726782268538,-0.7054689621240783,-0.010684955964216718,2.7988996187692643,-0.6983308925851475,0.20458959538727972,-0.8236702865142147,0.6177917347658359,0.31296861008988275,0.47869857887615386,0.5574032822225121,0.41369818995709984,-0.40661670300279706,-0.7375004854143751,-0.7651010418321486,0.5496318418963271,0.5609576786604529
-0.5008210057446509,-0.43158703683369687,1.2279357018098151,1.7309759671657534,-0.010684955964216718,0.2523297609919171,-0.6983308925851475,0.17425856101037715,-0.7638546843202927,0.4006375443685412,0.23313737545251434,0.7638298526439792,0.29555826022987064,0.41369818995709984,-0.363783938713451,-0.8001294008239123,-0.6676042793811598,0.7389027119150016,0.7224286664772885
-0.5008210057446509,-0.43158703683369687,1.3723987253927767,-0.7054689621240783,-0.010684955964216718,0.7231968245104725,1.824365596762743,-0.09872103764130656,-0.2853298667689162,0.3376670299970987,0.15834102622193014,0.9228689111919371,-0.0006588312847888452,0.41369818995709984,-0.3249220373711745,-0.8242996434688764,-0.5520960555246202,0.7047799702397451,0.6946209899015542
-0.5008210057446509,-0.43158703683369687,1.5168617489757383,-0.7054689621240783,-0.010684955964216718,-0.6991224441542135,-0.6983308925851475,-0.09872103764130656,-0.5844078777385264,0.21854702099188958,0.10117101046967997,0.9079690955507548,0.05292715215172781,0.41369818995709984,-0.3075618183711761,-0.8156873447073102,-0.564448121713948,-1.2740310493992413,-1.2860490588430924
-0.5008210057446509,-0.43158703683369687,1.6613247725587,0.7982295529801471,-0.010684955964216718,0.21721986507654792,0.5076660269358495,-0.2503763541555997,-0.16569866238107206,0.021124086768197613,0.04814803517863863,0.6726740779663751,-0.007448893465875906,0.41369818995709984,-0.2890180138853138,-0.7419780976776764,-0.5368190474538692,0.8624277208183532,0.84667310313909
-0.5008210057446509,-0.3215091848215331,-1.6613247698494156,-0.7054689621240783,-0.010684955964216718,1.1668578734040007,1.3814990279415817,-0.2503763541555997,0.013748144200694123,-0.04131864643495754,-0.006487599651861893,0.5313052681984428,0.02726527847277381,0.41369818995709984,-0.26406547404388386,-0.6823974351946138,-0.5283922589038847,0.7034352937240553,0.697965041789521
-0.5008210057446509,-0.3215091848215331,-1.516861746266454,-0.7054689621240783,-0.010684955964216718,-0.6991224441542135,-0.6983308925851475,-0.09872103764130656,0.013748144200694123,-0.13632661489252845,-0.03175589264584761,0.5426435854845214,0.13139605548030914,0.41369818995709984,-0.24730633790734866,-0.6617752049191479,-0.5368472198214016,-1.2740310493992413,-1.2860490588430924
-0.5008210057446509,-0.3215091848215331,-1.3723987226834924,-0.7054689621240783,-0.010684955964216718,-0.6991224441542135,1.1919158133056815,-0.09872103764130656,-0.16569866238107206,-0.21823972384389714,-0.047315763484559535,0.43234454403799283,0.1388376215283639,0.41369818995709984,-0.2414745552320462,-0.6190893374511872,-0.5294866470272593,-0.26723033974635724,-0.27878876743817066
-0.5008210057446509,-0.3215091848215331,-1.2279356991005308,-0.7054689621240783,-0.010684955964216718,-0.6991224441542135,-0.6983308925851475,-0.09872103764130656,0.3726417573642265,-0.33933105237121386,-0.07614813992461479,0.1783384472543482,0.16360399182260552,0.41369818995709984,-0.21327795356147167,-0.5070272642544698,-0.5044394618962668,-1.2740310493992413,-1.2860490588430924
-0.5008210057446509,-0.3215091848215331,-1.0834726755175694,0.8354309530821393,-0.010684955964216718,0.4257567385603766,0.19117209246766192,-0.09872103764130656,0.3726417573642265,-0.47688460466475635,-0.09898509282519267,-0.14512965406830836,0.05060035262684307,0.41369818995709984,-0.18498507245993698,-0.36198902782654635,-0.42931480992380816,0.9146927948408385,0.8985225047189322
-0.5008210057446509,-0.3215091848215331,-0.9390096519346078,-0.7054689621240783,-0.010684955964216718,1.2460442691530915,1.1072295015971987,-0.03805896888750143,0.3726417573642265,-0.49966281042207134,-0.11676387026874473,-0.1702996784654245,0.036004821336872404,0.41369818995709984,-0.16359101073472213,-0.32793051859540445,-0.3994510167868504,0.7449134339411594,0.7338170892641335
-0.5008210057446509,-0.3215091848215331,-0.7945466283516462,2.3844050011049758,-0.010684955964216718,-0.6991224441542135,-0.6983308925851475,-0.09872103764130656,0.3726417573642265,-0.5137791171322974,-0.14302446055484405,-0.11641177037154116,0.06212870097554226,0.41369818995709984,-0.13221646393696565,-0.31745665355726366,-0.37976243267104265,0.9420467913563935,0.9310403357523072
-0.5008210057446509,-0.3215091848215331,-0.6500836047686848,-0.7054689621240783,-0.010684955964216718,1.2204138380563778,1.1473023014613941,-0.09872103764130656,0.7315353705277589,-0.47420288767658897,-0.15753133881899445,-0.09451426684212337,0.05145896261368342,0.41369818995709984,-0.11844464448034789,-0.3144503520261354,-0.36551978390977025,0.7672449646649792,0.7561587163200514
-0.5008210057446509,-0.3215091848215331,-0.5056205811857232,2.3642469392658128,-0.010684955964216718,-0.6991224441542135,-0.6983308925851475,-0.03805896888750143,0.7315353705277589,-0.3851162359511851,-0.13761552282599715,-0.02697281179905427,0.08661753229942824,0.41369818995709984,-0.12075728123804812,-0.31697152331877115,-0.3569768385213445,0.9006406552365152,0.8896152782746969
-0.5008210057446509,-0.3215091848215331,-0.3611575576027617,-0.7054689621240783,-0.010684955964216718,1.2880828853479174,1.2475132281947865,0.05293427887298657,0.7315353705277589,-0.21089493648293983,-0.04647873319405687,0.08551529804764343,0.14771216068922158,0.41369818995709984,-0.16069369963813337,-0.32130736137933785,-0.3437765673587715,0.7628856566086926,0.7571510719140112
-0.5008210057446509,-0.3215091848215331,-0.21669453401980013,2.285184702047776,-0.010684955964216718,-0.6991224441542135,-0.6983308925851475,0.20458959538727972,0.7315353705277589,-0.017662143245498932,0.05702083856160622,0.2400159608936932,0.2746656967121939,0.41369818995709984,-0.21979696385425435,-0.36313075118604954,-0.37678309644922997,0.8679371143175773,0.8524061440565793
-0.5008210057446509,-0.3215091848215331,-0.0722315104368386,-0.7054689621240783,-0.010684955964216718,1.2644420896520918,1.242284554959101,0.5837278866730126,0.4324573595581485,0.13258825867448537,0.2005369511870006,0.4063485043450185,0.41281805596196275,0.41369818995709984,-0.2841405799554938,-0.37409620052350534,-0.3789309144077974,0.742415431798157,0.735936832939441
-0.5008210057446509,-0.3215091848215331,0.07223151314612293,2.242588825331925,-0.010684955964216718,-0.6991224441542135,-0.6983308925851475,0.9628661779587454,0.07356374639461619,0.5297967672820606,0.4223450378565203,0.6235368233748838,0.6161426025527014,0.2566830532082169,-0.3831486520317106,-0.38936564788813677,-0.3907271181146587,0.8205103556081724,0.7892017192277436
-0.5008210057446509,-0.3215091848215331,0.21669453672908448,-0.7054689621240783,-0.010684955964216718,0.6409947562119267,0.6297943469977647,0.9628661779587454,0.07356374639461619,0.9500383417548312,0.6241759074914965,0.8909407348179749,0.9542739479952665,-0.13642981783319982,-0.47552333674678604,-0.4330234969159685,-0.4597123610702455,0.26875123903886056,0.2676790005521132
-0.5008210057446509,-0.3215091848215331,0.361157560312046,0.5983770042554283,-0.010684955964216718,-0.6991224441542135,-0.6983308925851475,0.947700588455404,0.1931949507824603,1.427339147729392,0.7592991329207208,0.9576945344086467,1.1722870978569713,-0.6841769825729583,-0.526708040044638,-0.41311659171499804,-0.490107311690449,-0.3715950583779518,-0.4101756850242862
-0.5008210057446509,-0.3215091848215331,0.5056205838950075,-0.7054689621240783,-0.010684955964216718,-0.6991224441542135,-0.6983308925851475,0.9628661779587454,-0.22551426457499413,1.3809740068960557,0.8474293887941945,0.9280449327362623,1.4006605846301987,0.06289295842117171,-0.5627155820164182,-0.3788702693139209,-0.5402885828707459,-1.2740310493992413,-1.2860490588430924
-0.5008210057446509,-0.3215091848215331,0.6500836074779691,0.4515015780077028,-0.010684955964216718,0.3552745772262244,-0.6983308925851475,0.8112108614444523,0.3726417573642265,1.1942424876441469,0.8057550198027171,0.770778951397164,1.4129913643826149,0.41369818995709984,-0.507470975395496,-0.27354795669879683,-0.49612818005316517,0.18867935273439218,0.18039904137103766
-0.5008210057446509,-0.3215091848215331,0.7945466310609306,0.9335003419531643,-0.010684955964216718,0.6573541674920963,-0.6983308925851475,0.7505487926906471,0.3726417573642265,0.8462821830325425,0.6904989129887122,0.5756398703886285,1.0210635754383994,0.41369818995709984,-0.4082882007929253,-0.15165720941082944,-0.31526266404765535,0.6901964403978962,0.6965044779502179
-0.5008210057446509,-0.3215091848215331,0.9390096546438922,-0.7054689621240783,-0.010684955964216718,0.815555935279519,1.434411675078816,0.6595555449301591,0.7315353705277589,0.6700587935304771,0.5397791172476679,0.5774717660241283,0.4112735641692285,0.41369818995709984,-0.2936531807758254,-0.1136911966223752,-0.051090373696195644,0.7565464158889426,0.7476301545748947
-0.5008210057446509,-0.3215091848215331,1.0834726782268538,2.172475699726762,-0.010684955964216718,-0.6991224441542135,-0.6983308925851475,0.6595555449301591,0.7315353705277589,0.4603858510243434,0.4334593321354714,0.5771086261726984,0.29941613576644527,0.41369818995709984,-0.1704338480860225,-0.02916881609069703,0.08098211871680697,0.7586795372692537,0.7306892122990714
-0.5008210057446509,-0.3215091848215331,1.2279357018098151,-0.7054689621240783,-0.010684955964216718,1.1414700500051553,1.2943692170385677,0.7202176136839643,0.7913509727216809,0.4097382576696181,0.3749236725281431,0.5262409164206372,0.27160606014775984,0.41369818995709984,-0.07112004658868654,0.07787479454579227,0.18324521233324131,0.7505223731047979,0.7394284165283476
-0.5008210057446509,-0.3215091848215331,1.3723987253927767,2.289958422738928,-0.010684955964216718,-0.6991224441542135,-0.6983308925851475,0.8112108614444523,0.7315353705277589,0.3641958935625091,0.3315823005466428,0.5220494641918086,0.31037431342075833,0.41369818995709984,0.05530473963714411,0.21022800469778063,0.3018749345123727,0.7988765445864696,0.7878048808870408
-0.5008210057446509,-0.3215091848215331,1.5168617489757383,-0.7054689621240783,-0.010684955964216718,1.1689177262841681,1.2376717349132182,0.8112108614444523,0.7315353705277589,0.36549293752361073,0.29807285856260674,0.4794257110199795,0.307454704070975,0.41369818995709984,0.17677197972493727,0.3545879193332575,0.433263488525896,0.740946908235239,0.7298484865088551
-0.5008210057446509,-0.3215091848215331,1.6613247725587,2.291339514962338,-0.010684955964216718,-0.6991224441542135,-0.6983308925851475,0.5230658179192075,0.851166574915603,0.33427759123954215,0.2508187581405104,0.4669868924470558,0.329784433133031,0.41369818995709984,0.2881641444220525,0.4483705863330826,0.5134929734952283,0.79129721330225,0.7802217514587395
-0.5008210057446509,-0.21143133280936935,-1.6613247698494156,-0.7054689621240783,-0.010684955964216718,1.2171020537716997,1.2508955995598854,0.35624491190157287,1.0904289836912913,0.33095905844375806,0.20132246106333238,0.411388135334816,0.3038886217721156,0.41369818995709984,0.3830860112755131,0.5285422844643023,0.5818660092332837,0.7403316332244454,0.7292329514677123
-0.5008210057446509,-0.21143133280936935,-1.516861746266454,-0.7054689621240783,-0.010684955964216718,-0.6991224441542135,-0.6983308925851475,0.35624491190157287,1.0904289836912913,0.265371043804244,0.15795215295880452,0.39260800841732135,0.3089715258153053,0.41369818995709984,0.47981281583218716,0.5857476374293179,0.6288286957782618,-1.2740310493992413,-1.2860490588430924
-0.5008210057446509,-0.21143133280936935,-1.3723987226834924,0.01267620907728124,-0.010684955964216718,-0.6991224441542135,-0.39807725617566286,0.35624491190157287,0.851166574915603,0.10733971596598502,0.12470666487750712,0.2848390117572811,0.20321408535613883,0.41369818995709984,0.5601750127476139,0.6671705628186628,0.7116370359294074,-0.5974577355683125,-0.6559215956886816
-0.5008210057446509,-0.21143133280936935,-1.2279356991005308,-0.7054689621240783,-0.010684955964216718,-0.6991224441542135,-0.09826108933973805,0.35624491190157287,0.7315353705277589,0.012313686555887158,0.0906791957153691,0.0952663702554062,0.03604842262526664,0.41369818995709984,0.6154379583077667,0.768172742254555,0.8046455068114433,-0.9349766262958276,-0.9414019939715161
-0.5008210057446509,-0.21143133280936935,-1.0834726755175694,0.4919962138661136,-0.010684955964216718,-0.6991224441542135,-0.0030597342264281377,0.20458959538727972,1.0904289836912913,-0.14157031144285126,0.04944663191938476,-0.13436758687510922,-0.07196454602198626,0.41369818995709984,0.6570596287024032,0.8882935709296276,0.8646665191287349,0.018022711915139513,0.0025301098998928885
-0.5008210057446509,-0.21143133280936935,-0.9390096519346078,-0.7054689621240783,-0.010684955964216718,-0.6991224441542135,1.0241595424913608,0.23492077439396258,0.9707977793034471,-0.19077904891292996,0.012112681382031735,-0.3620673554542291,-0.09901914547061001,0.41369818995709984,0.6852494739216822,1.0071265993352474,0.8785234231653327,-0.3054879167047991,-0.28385709608087045
-0.5008210057446509,-0.21143133280936935,-0.7945466283516462,1.8224079323036961,-0.010684955964216718,-0.6991224441542135,-0.6983308925851475,0.20458959538727972,1.0904289836912913,-0.27796595600216634,-0.02175105166931655,-0.5809077050758108,-0.050794443533953904,0.41369818995709984,0.711472226606657,1.125568941925744,0.8533524963277169,0.5877052683761141,0.5460286999561949
-0.5008210057446509,-0.21143133280936935,-0.6500836047686848,-0.7054689621240783,-0.010684955964216718,1.49442809050395,0.9111177819931529,0.20458959538727972,1.0904289836912913,-0.24525757097587036,-0.030775593258403927,-0.6761875891459452,-0.05018067155117349,0.41369818995709984,0.7229639850528919,1.1824434167059255,0.8567578854308274,0.8449219046905995,0.8338710397900463
-0.5008210057446509,-0.21143133280936935,-0.5056205811857232,1.2819719054905876,-0.010684955964216718,0.6544230081961447,-0.6983308925851475,0.507900228415866,0.851166574915603,0.09003799236934011,0.08782510592212055,0.38493177752031077,0.07022344786319532,0.41369818995709984,0.6308561801639868,0.6348950954574215,0.7947474705447083,0.8630458759930358,0.8514234190042086
-0.5008210057446509,-0.21143133280936935,-0.3611575576027617,-0.7054689621240783,-0.010684955964216718,-0.6991224441542135,1.0795986969453732,0.8112108614444523,0.7315353705277589,0.5410393757679995,0.26656353786295905,1.1682304041414249,0.30069818134249887,-0.004901986173279551,0.4959211609278712,0.2838638905693985,0.6792342623462205,-0.27115150287102546,-0.27316514586554497
-0.5008210057446509,-0.21143133280936935,-0.21669453401980013,-0.7054689621240783,-0.010684955964216718,-0.6991224441542135,-0.6983308925851475,0.9628661779587454,0.07356374639461619,1.246779122848357,0.43291307459344014,1.681963329030184,0.43776386232767295,-0.7369673511854978,0.4071611776558623,0.10216443731597297,0.6443308660787526,-1.2740310493992413,-1.2860490588430924
-0.5008210057446509,-0.21143133280936935,-0.0722315104368386,-0.7054689621240783,-0.010684955964216718,-0.6991224441542135,-0.6983308925851475,1.0235282467125506,0.07356374639461619,1.6317496638085085,0.5570031680400099,1.609047233697759,0.4946610282232058,-0.9644039645428197,0.33927380285015857,0.15061765353493453,0.6394130542601902,-1.2740310493992413,-1.2860490588430924
-0.5008210057446509,-0.21143133280936935,0.07223151314612293,-0.7054689621240783,-0.010684955964216718,-0.6991224441542135,-0.6983308925851475,0.9628661779587454,0.07356374639461619,1.9847335889192739,0.664954668187318,1.3337488664704131,0.48023319419628985,-1.226851255191269,0.29580327781888827,0.2897046004784153,0.6759179412666163,-1.2740310493992413,-1.2860490588430924
-0.5008210057446509,-0.21143133280936935,0.21669453672908448,-0.017178158949638252,-0.010684955964216718,-0.6991224441542135,-0.6983308925851475,0.9628661779587454,0.07356374639461619,2.3959286329485483,0.7528089722533831,1.0901621556117167,0.6708747967821973,-1.5737781109470772,0.26114847391719015,0.4166996493355503,0.6075665765805088,-0.7933454671041028,-0.8464903940701983
-0.5008210057446509,-0.21143133280936935,0.361157560312046,-0.7054689621240783,-0.010684955964216718,-0.6991224441542135,-0.6983308925851475,0.9628661779587454,0.07356374639461619,2.4643950282815235,0.8263801236894373,0.8937307740990316,1.1005772327158119,-1.073975392502737,0.23557337534925077,0.5260316548043433,0.4293711508855136,-1.2740310493992413,-1.2860490588430924
-0.5008210057446509,-0.21143133280936935,0.5056205838950075,0.6278988821338631,-0.010684955964216718,-0.6991224441542135,-0.6983308925851475,0.9628661779587454,0.07356374639461619,2.365490576547306,0.8729785739092764,0.6918301313497868,1.6027064395901447,0.17753259871275703,0.24910509948304801,0.657637699848445,0.2450553866993608,-0.34883978354195877,-0.34141781863334136
-0.5008210057446509,-0.21143133280936935,0.6500836074779691,0.1764922618058274,-0.010684955964216718,0.7525137783853221,-0.6983308925851475,0.8112108614444523,0.3726417573642265,1.9387992352499135,0.8869271967267256,0.4764370529938919,1.8330436613137435,0.41369818995709984,0.26642526237893766,0.7834021744420868,0.16755883809119237,0.24133423893823305,0.23236042360999593
-0.5008210057446509,-0.21143133280936935,0.7945466310609306,0.4635113213152064,-0.010684955964216718,0.5697333700665538,-0.6983308925851475,0.7657143821939886,0.4324573595581485,1.3023533426979321,0.7986134434877117,0.34739965423719277,1.284847177791954,0.41369818995709984,0.3536187141577298,0.8658089138361441,0.4184534916246247,0.2972376799935327,0.2969194763206544
-0.5008210057446509,-0.21143133280936935,0.9390096546438922,0.7325965448674336,-0.010684955964216718,0.6404075783088539,-0.6983308925851475,0.6595555449301591,0.3726417573642265,0.8950694982769926,0.6564058082304386,0.2723473418444779,0.7667900848726802,0.41369818995709984,0.47885243454090515,0.9104559552527068,0.6664171353820884,0.5112019951352728,0.5089888173838775
-0.5008210057446509,-0.21143133280936935,1.0834726782268538,0.3132722411897726,-0.010684955964216718,0.2096562442359457,0.847075443555993,0.6595555449301591,0.3726417573642265,0.7019069420771564,0.5361550442782487,0.40112815587047185,0.07193228297372328,0.41369818995709984,0.5917923091883427,0.8530470842364212,1.0318023401725818,0.8393124254962318,0.8271167516538298
-0.5008210057446509,-0.21143133280936935,1.2279357018098151,-0.7054689621240783,-0.010684955964216718,-0.6991224441542135,-0.6983308925851475,0.689886723936842,0.5520885639459927,0.6060989403150586,0.4473578460569462,0.3991666892081708,-0.06629554004442025,0.41369818995709984,0.6757552120405811,0.8671991185373141,1.1217337383885195,-1.2740310493992413,-1.2860490588430924
-0.5008210057446509,-0.21143133280936935,1.3723987253927767,0.9854969033042748,-0.010684955964216718,-0.6991224441542135,1.046958582694053,0.6595555449301591,0.7315353705277589,0.44294632904915954,0.3867162013004948,0.25863753379154947,-0.1678831880577302,0.41369818995709984,0.7484232587414806,0.9576824696446687,1.1984605312314944,0.8587639723412669,0.8470751270241508
-0.5008210057446509,-0.21143133280936935,1.5168617489757383,-0.7054689621240783,-0.010684955964216718,-0.6991224441542135,0.796620759149742,0.6595555449301591,0.7315353705277589,0.35926659137098865,0.32911496673922513,0.08264342443387014,0.014668698558415832,0.41369818995709984,0.82483679247838,1.072078546370169,1.1181428450807338,-0.447960263762363,-0.44683762006551564
-0.5008210057446509,-0.21143133280936935,1.6613247725587,1.0083224215188153,-0.010684955964216718,1.0269959020907848,-0.6983308925851475,0.4472381596620609,0.851166574915603,0.19987400285153223,0.2654286772330026,-0.15646029938569472,0.11882379166909408,0.41369818995709984,0.8830846417001306,1.2078651017443756,1.0656078809483636,0.8781993182644262,0.8640787702728735
-0.5008210057446509,-0.10135348079720558,-1.6613247698494156,0.5837806284289573,-0.010684955964216718,0.4282375809682573,0.54442437117133,0.35624491190157287,1.0904289836912913,0.13461242320583847,0.20735034952132841,-0.08273523757672728,0.07893364370625933,0.41369818995709984,0.9294778145203475,1.1664481026341216,1.0869824729057265,0.8687097182808089,0.858997122796061
-0.5008210057446509,-0.10135348079720558,-1.516861746266454,-0.7054689621240783,-0.010684955964216718,-0.6991224441542135,-0.6983308925851475,0.20458959538727972,1.0904289836912913,0.11283492800334971,0.15933473503224022,-0.05061270466256307,0.059181421577354926,0.41369818995709984,0.9617085002179705,1.143227682606871,1.0923685961568854,-1.2740310493992413,-1.2860490588430924
-0.5008210057446509,-0.10135348079720558,-1.3723987226834924,0.35519847296877294,-0.010684955964216718,-0.6991224441542135,0.11698772313461105,0.17425856101037715,1.0904289836912913,0.04598130883861418,0.11766742363174522,-0.11650468643681314,-0.01764572554592033,0.41369818995709984,0.9944908019035006,1.1784173735648396,1.133892498794471,-0.05530428058683351,-0.0667659398417716
-0.5008210057446509,-0.10135348079720558,-1.2279356991005308,-0.7054689621240783,-0.010684955964216718,-0.6991224441542135,0.29444949854537955,0.20458959538727972,0.7315353705277589,-0.040585505547197136,0.06937232853975732,-0.2893123714643397,-0.11725119190992306,0.41369818995709984,1.0322120694860057,1.251091819509263,1.1660293685702559,-0.7101828949313431,-0.711523015290617
-0.5008210057446509,-0.10135348079720558,-1.0834726755175694,1.2194016819832185,-0.010684955964216718,-0.6991224441542135,-0.6983308925851475,0.20458959538727972,1.0904289836912913,-0.16405753518723215,0.03410978095571402,-0.4743892393125962,-0.13745871210802113,0.41369818995709984,1.060966078388455,1.3469853946687727,1.167640394572071,0.12772347418188718,0.10119767224725267
-0.5008210057446509,-0.10135348079720558,-0.9390096519346078,-0.7054689621240783,-0.010684955964216718,1.3630270100958959,0.9979246787236375,-0.007727789880818559,0.9707977793034471,-0.1813452113763561,-0.016892606037090266,-0.6682257905253924,-0.24175970183755702,0.41369818995709984,1.1041229110381507,1.4614989353012426,1.2273090355846878,0.8449760877737618,0.8376230578121394
-0.5008210057446509,-0.10135348079720558,-0.7945466283516462,2.2717056868821777,-0.010684955964216718,-0.6991224441542135,-0.6983308925851475,0.20458959538727972,1.0904289836912913,-0.19932789977568355,-0.0401417222510354,-0.6008710200538331,-0.21546812493583242,0.41369818995709984,1.1241162156287194,1.4237207356827237,1.2144377309906857,0.8790234051571743,0.8679881554426357
-0.5008210057446509,-0.10135348079720558,-0.6500836047686848,-0.7054689621240783,-0.010684955964216718,1.3016436885916727,1.1490263969297838,0.20458959538727972,1.0904289836912913,-0.1552752297899636,-0.04634605048358933,-0.5200971238986823,-0.21012025921701624,0.41369818995709984,1.1337345066514584,1.3676482855274203,1.2030894679275899,0.8137430505304156,0.8026779204880259
-0.5008210057446509,-0.10135348079720558,-0.5056205811857232,2.242303026434563,-0.010684955964216718,-0.6991224441542135,-0.6983308925851475,0.507900228415866,0.851166574915603,0.19402426100530532,0.07785837593689399,0.09646149248945493,-0.0488181312888536,0.3310449128113598,1.0568074826161047,1.0351479800730072,1.123220805973192,0.8427443207802514,0.829876209176823
-0.5008210057446509,-0.10135348079720558,-0.3611575576027617,-0.7054689621240783,-0.010684955964216718,0.6102894303815122,0.5734262771555247,0.9628661779587454,0.07356374639461619,0.6428790667499291,0.27512651300180296,1.252858185902948,0.2066946420508403,-0.3334618369902939,0.9370551746481962,0.5010010858517376,1.0182466637580614,0.25996097884954783,0.2510274867868139
-0.5008210057446509,-0.10135348079720558,-0.21669453401980013,-0.7054689621240783,-0.010684955964216718,-0.6991224441542135,-0.6983308925851475,1.1145214944730386,-0.22551426457499413,1.2639845213648582,0.46306451478809024,1.6162333110394358,0.3325891698576218,-1.0046583462823624,0.834418888226322,0.36860850592873196,0.9828526348744905,-1.2740310493992413,-1.2860490588430924
-0.5008210057446509,-0.10135348079720558,-0.0722315104368386,-0.7054689621240783,-0.010684955964216718,-0.6991224441542135,-0.6983308925851475,1.2661768109873317,-0.3451454689628382,1.5826767179444656,0.632015479554653,1.5926675805399513,0.4085644148845789,-1.115900459193716,0.7322082582360613,0.40378744011866274,0.9718255368012642,-1.2740310493992413,-1.2860490588430924
-0.5008210057446509,-0.10135348079720558,0.07223151314612293,-0.7054689621240783,-0.010684955964216718,-0.6991224441542135,-0.6983308925851475,1.4936597857587715,-0.6442234799324486,1.8480302392428332,0.8115443616855109,1.4171090685157948,0.5192882097891119,-1.2082643001328182,0.6311467075696913,0.512738871134288,0.9491051725179295,-1.2740310493992413,-1.2860490588430924
-0.5008210057446509,-0.10135348079720558,0.21669453672908448,-0.7054689621240783,-0.010684955964216718,-0.6991224441542135,-0.6983308925851475,1.7211427605302112,-1.003117093095981,1.9327086807033274,0.9726465795206402,1.2808404130462316,0.7109435423301854,-0.541540499922921,0.5756347385189347,0.6276349224381725,0.9067113938551508,-1.2740310493992413,-1.2860490588430924
-0.5008210057446509,-0.10135348079720558,0.361157560312046,-0.7054689621240783,-0.010684955964216718,-0.6991224441542135,-0.6983308925851475,1.6604806917764061,-0.7040390821263706,1.8250714239602488,1.073335818547145,1.1422582327954929,0.8996448875825493,0.38966512954225146,0.5370177585361182,0.7310674860444638,0.8494694772396721,-1.2740310493992413,-1.2860490588430924
-0.5008210057446509,-0.10135348079720558,0.5056205838950075,-0.6886162237379501,-0.010684955964216718,-0.6991224441542135,-0.6983308925851475,1.8727980770445043,-0.9433014909020588,1.700563899708669,1.1130820536822537,0.9598529149340471,1.2132077455012775,0.41369818995709984,0.5869281468592816,0.9027872401833925,0.7736541688416304,-1.2740310493992413,-1.2860490588430924
-0.5008210057446509,-0.10135348079720558,0.6500836074779691,-0.6906467002703595,-0.010684955964216718,-0.6991224441542135,-0.6983308925851475,1.7211427605302112,-0.7040390821263706,1.4170296884573452,1.0764425700975604,0.7583801975496328,1.5100646020744908,0.41369818995709984,0.6698351128947738,1.0617813074632043,0.679894796009596,-1.2740310493992413,-1.2860490588430924
-0.5008210057446509,-0.10135348079720558,0.7945466310609306,-0.6905597568773737,-0.010684955964216718,-0.6991224441542135,-0.6983308925851475,1.5088253752621128,-0.10588306018714999,0.8951163229687291,0.9422834115965205,0.4810598403514142,1.1781447632554738,0.41369818995709984,0.8071237902000263,1.2520375545551226,0.8810988109788345,-1.2740310493992413,-1.2860490588430924
-0.5008210057446509,-0.10135348079720558,0.9390096546438922,-0.10315132926612366,-0.010684955964216718,0.027453816171392562,-0.6983308925851475,1.1145214944730386,0.7315353705277589,0.4240010587725627,0.7590648209001079,-0.06682357450914271,0.6326255665383533,0.41369818995709984,0.99669002680017,1.62049171176889,1.2182648387647046,-0.3744052882875491,-0.37944257776200147
-0.5008210057446509,-0.10135348079720558,1.0834726782268538,0.9675852243865607,-0.010684955964216718,0.8342551233130896,-0.6983308925851475,0.9628661779587454,0.3726417573642265,0.19827326731831085,0.5961417445915411,-0.26456345290432776,0.1620083523646395,0.41369818995709984,1.1379027544970879,1.7227317800705408,1.4732711409842332,0.899457627919097,0.8925607896649864
-0.5008210057446509,-0.10135348079720558,1.2279357018098151,-0.7054689621240783,-0.010684955964216718,0.8415574258101474,1.4694901529211446,0.9325349989520626,0.3726417573642265,0.12616993128574353,0.468768459819998,-0.2247305914545211,-0.3152941132007521,0.41369818995709984,1.2695386950863674,1.6977760782234765,1.7720122265610836,0.8328513178419271,0.8244322894121476
-0.5008210057446509,-0.10135348079720558,1.3723987253927767,1.6725045268405123,-0.010684955964216718,-0.6991224441542135,-0.6983308925851475,0.507900228415866,1.0904289836912913,0.0071669840098757195,0.35522170154190996,-0.09484501393685298,-0.4084013106213831,0.41369818995709984,1.3815162580278673,1.5915194327366127,1.8057956628638783,0.45778125535231506,0.4262840826256248
-0.5008210057446509,-0.10135348079720558,1.5168617489757383,-0.7054689621240783,-0.010684955964216718,1.1377741719041814,1.2956036484322877,0.507900228415866,1.0904289836912913,-0.015571755221547055,0.2765013317251581,-0.0686563225856083,-0.32177561241781844,0.41369818995709984,1.473514029281389,1.5477385262824317,1.7204394571352049,0.8033317981023094,0.7961895992237813
-0.5008210057446509,-0.10135348079720558,1.6613247725587,2.276702592650742,-0.010684955964216718,-0.6991224441542135,-0.6983308925851475,0.507900228415866,0.9707977793034471,-0.040085150269784015,0.2256506829384736,-0.02538727160267008,-0.22570688133164052,0.41369818995709984,1.538541977378125,1.494024389951676,1.6305678710226439,0.8527977128451458,0.8417504620510682
-0.5008210057446509,0.008724371214958183,-1.6613247698494156,-0.7054689621240783,-0.010684955964216718,1.1832362055618204,1.2548927760324353,0.507900228415866,1.0904289836912913,-0.023901867881474328,0.186096414278084,-0.008656412766953682,-0.17426323043064837,0.41369818995709984,1.5902153168857374,1.4586522642077913,1.5721899578640504,0.7856882741386115,0.7746104241945255
-0.5008210057446509,0.008724371214958183,-1.516861746266454,-0.7054689621240783,-0.010684955964216718,-0.6991224441542135,-0.6983308925851475,0.507900228415866,1.0904289836912913,-0.03582343439759284,0.15252910004799297,0.033543677244873914,-0.09925140617994085,0.41369818995709984,1.6407719115149442,1.4157925673683442,1.5074663272740403,-1.2740310493992413,-1.2860490588430924
-0.5008210057446509,0.008724371214958183,-1.3723987226834924,-0.07834899049252349,-0.010684955964216718,-0.6991224441542135,-0.4697967454342098,0.598893476176354,0.7913509727216809,-0.10049167830656812,0.13110578262117298,-0.005131569373379152,-0.10790626192619679,0.41369818995709984,1.6755217883384426,1.421931670022722,1.4958753484291265,-0.7774821994417495,-0.789273553569258
-0.5008210057446509,0.008724371214958183,-1.2279356991005308,-0.7054689621240783,-0.010684955964216718,-0.6991224441542135,-0.5997651734716424,0.507900228415866,1.0904289836912913,-0.17329136439767429,0.09886458973665913,-0.16593944292536794,-0.2504740901121974,0.41369818995709984,1.7183195638621516,1.5020708827144684,1.5681799464115902,-1.2255086245935054,-1.243747506821731
-0.5008210057446509,0.008724371214958183,-1.0834726755175694,0.33652251074737927,-0.010684955964216718,-0.6991224441542135,0.044376158582495766,0.507900228415866,0.7315353705277589,-0.29825910847660736,0.06266973438385189,-0.36195653812867534,-0.41238831305050994,0.41369818995709984,1.7506805525490439,1.5857133596206767,1.6340443411761438,-0.03387415115515788,-0.0399628107158386
-0.5008210057446509,0.008724371214958183,-0.9390096519346078,-0.7054689621240783,-0.010684955964216718,-0.6991224441542135,0.1956271761196281,0.507900228415866,1.0904289836912913,-0.3314283822544242,0.035554469829794086,-0.5513621012012538,-0.45303393718340634,0.41369818995709984,1.7779182207393283,1.6866324968073192,1.6432827106215813,-0.7533480011413236,-0.7538200465923229
-0.5008210057446509,0.008724371214958183,-0.7945466283516462,0.9765849294012275,-0.010684955964216718,-0.6991224441542135,0.35564618858969754,0.35624491190157287,1.0904289836912913,-0.41699716178207996,-0.006107901257013296,-0.7505247035683557,-0.4407023189446749,0.41369818995709984,1.8120687038121874,1.776004888911758,1.599183853591533,0.6377544163064788,0.6289411060740343
-0.5008210057446509,0.008724371214958183,-0.6500836047686848,-0.7054689621240783,-0.010684955964216718,1.1927485716843895,0.49711466747753935,0.35624491190157287,1.0904289836912913,-0.4188540952715169,-0.02737383440492765,-0.8421322719578326,-0.37954312710860544,0.41369818995709984,1.8224359957213936,1.8069409235169662,1.5342253087984064,0.6404140676477528,0.6292699788240457
-0.5008210057446509,0.008724371214958183,-0.5056205811857232,2.2561342219112235,-0.010684955964216718,-0.6991224441542135,-0.6983308925851475,0.38657609090825573,0.9707977793034471,-0.2512511315181452,0.03681424982013748,-0.5270965166688494,-0.25364776081550866,0.3947427014534793,1.7427557177831434,1.5559360440684709,1.4066742646638368,0.9205974908338316,0.9080520280739368
-0.5008210057446509,0.008724371214958183,-0.3611575576027617,-0.7054689621240783,-0.010684955964216718,1.236342904485996,1.0282108000132535,0.507900228415866,0.7315353705277589,0.04630172351492552,0.1954251380385092,0.06898220551599216,-0.025163593848665032,0.19821141980283807,1.5886835328563258,1.1956152943032388,1.2587918730126817,0.82136378417054,0.8137548874617759
-0.5008210057446509,0.008724371214958183,-0.21669453401980013,0.6304437123031222,-0.010684955964216718,-0.6991224441542135,-0.6983308925851475,0.6595555449301591,0.3726417573642265,0.6780350453057098,0.39391635562065347,0.44611743272239035,0.1738343633552609,-0.6252607691384858,1.4042840510825465,0.9756251890019865,1.1284110229147408,-0.3146255966632258,-0.36113655744220535
-0.5008210057446509,0.008724371214958183,-0.0722315104368386,-0.7054689621240783,-0.010684955964216718,-0.6991224441542135,-0.6983308925851475,0.8263764509477938,0.13337934858853825,0.8671813808028876,0.61665957309533,0.6655220982633303,0.3454917972770547,-0.5238579142394423,1.2110731916121706,0.8629205064827071,1.0340067195767335,-1.2740310493992413,-1.2860490588430924
-0.5008210057446509,0.008724371214958183,0.07223151314612293,-0.3453163554077322,-0.010684955964216718,-0.6991224441542135,-0.6983308925851475,0.9628661779587454,-0.22551426457499413,1.1082128193649703,0.7828411391604321,0.6642084867350357,0.4458535782974344,-0.7001935630947806,1.0646184229173103,0.8503372392324071,0.9664766877594558,-1.026240671964095,-1.0512645486533778
-0.5008210057446509,0.008724371214958183,0.21669453672908448,-0.36545851710422184,-0.010684955964216718,-0.6991224441542135,-0.6983308925851475,1.1145214944730386,-0.22551426457499413,1.2874363337590113,0.9255533921729406,0.6367718218098628,0.5860887375543433,-0.6080520121702254,0.9609947293989725,0.8887621357453424,0.9178100063998055,-1.040638746253027,-1.0518716825837726
-0.5008210057446509,0.008724371214958183,0.361157560312046,-0.37117009952541724,-0.010684955964216718,-0.6991224441542135,-0.6983308925851475,1.099355904969697,-0.16569866238107206,1.273011653007492,1.0004421958453933,0.5559246157316535,0.7199514008151716,0.11052385880133461,0.9244732145250739,0.964204082970461,0.8822196377855855,-1.0448668043408396,-1.05669707056963
-0.5008210057446509,0.008724371214958183,0.5056205838950075,0.103339495385502,-0.010684955964216718,-0.6991224441542135,-0.6983308925851475,0.9628661779587454,0.07356374639461619,1.063899268953861,0.9623008568996632,0.37333943282642446,0.6867942979639853,0.41369818995709984,0.9644868495113929,1.0719967949330838,0.9108301939883898,-0.7015319176676013,-0.7063438329670723
-0.5008210057446509,0.008724371214958183,0.6500836074779691,0.014758746522888532,-0.010684955964216718,0.2908665431976688,-0.6983308925851475,0.9628661779587454,0.3726417573642265,0.7070998003907367,0.847802735357159,0.09421616298554313,0.398739870728516,0.41369818995709984,1.0814955556496841,1.2587364394181733,1.0974071157347982,-0.12818097746578136,-0.1369040472570635
-0.5008210057446509,0.008724371214958183,0.7945466310609306,1.3981630614832254,-0.010684955964216718,-0.6991224441542135,-0.6983308925851475,0.9022041092049403,0.5520885639459927,0.40454606828020545,0.6790853768521109,-0.07585177677790882,0.09161155679319886,0.41369818995709984,1.243165852661901,1.3854967755967296,1.2994818735713078,0.22713395090386782,0.23737834558820797
-0.5008210057446509,0.008724371214958183,0.9390096546438922,-0.7054689621240783,-0.010684955964216718,0.9507418219135021,1.1222935892368133,0.8112108614444523,0.7315353705277589,0.32130180023518423,0.5202401766131263,-0.29968487313616915,-0.3285983755652012,0.41369818995709984,1.4075078435578048,1.5548810202593502,1.5886599573445395,0.8894802001767756,0.8785565478584242
-0.5008210057446509,0.008724371214958183,1.0834726782268538,1.8948052961770396,-0.010684955964216718,-0.6991224441542135,-0.6983308925851475,0.6595555449301591,0.7315353705277589,0.1999141383015921,0.4031243945752811,-0.3112951190903373,-0.3808117569036147,0.41369818995709984,1.5186833192098015,1.562775197186731,1.6222409860221396,0.5876048226604843,0.5833939718911404
-0.5008210057446509,0.008724371214958183,1.2279357018098151,-0.7054689621240783,-0.010684955964216718,1.2140370818243675,1.270480066381971,0.5685622971696711,0.9707977793034471,0.16336345285623066,0.31060078831531573,-0.2536956830313697,-0.3459835508260877,0.41369818995709984,1.607351607785658,1.5276814565996575,1.6001261109302325,0.8310773168965291,0.8217699569256063
-0.5008210057446509,0.008724371214958183,1.3723987253927767,2.248010213329716,-0.010684955964216718,-0.6991224441542135,-0.6983308925851475,0.35624491190157287,1.0904289836912913,0.1262254519916597,0.24245480706736783,-0.17864422307962063,-0.2600286416747421,0.41369818995709984,1.666872565472937,1.4699021224921593,1.533618519343862,0.8248257411651513,0.8137657474342062
-0.5008210057446509,0.008724371214958183,1.5168617489757383,-0.7054689621240783,-0.010684955964216718,1.2357113676364326,1.2603105233243506,0.35624491190157287,1.0904289836912913,0.1355395521022216,0.18334183651768607,-0.15142066839589724,-0.2089799178282439,0.41369818995709984,1.71538292056695,1.4345941070857782,1.4828423777875923,0.8055806660689109,0.7945118359358724
-0.5008210057446509,0.008724371214958183,1.6613247725587,2.2847347437084267,-0.010684955964216718,-0.6991224441542135,-0.6983308925851475,0.32591373289489,1.0904289836912913,0.12421265917115691,0.13560429111330113,-0.082436883238698,-0.1315758921200603,0.41369818995709984,1.7511684648533083,1.3723214558336438,1.4138694873316158,0.8233525373359136,0.8122918647607904
-0.5008210057446509,0.11880222322712194,-1.6613247698494156,-0.7054689621240783,-0.010684955964216718,1.239215934641167,1.2496647316461607,0.35624491190157287,1.0904289836912913,0.14553528593963372,0.09904385254760995,-0.053173437323820114,-0.09341051050774371,0.41369818995709984,1.7772271322925364,1.336065554027796,1.371542455508837,0.7815374179437933,0.7704576117182127
-0.5008210057446509,0.11880222322712194,-1.516861746266454,-0.7054689621240783,-0.010684955964216718,-0.6991224441542135,-0.6983308925851475,0.20458959538727972,1.0904289836912913,0.10112607937254854,0.059955384892053175,0.0034269379232322833,-0.029127957147279455,0.41369818995709984,1.8004915245174316,1.2766813101290986,1.3063780357222041,-1.2740310493992413,-1.2860490588430924
-0.5008210057446509,0.11880222322712194,-1.3723987226834924,0.10957737477180167,-0.010684955964216718,-0.6991224441542135,-0.25053907036909023,0.20458959538727972,1.0904289836912913,0.004701998452031665,0.030013555149577854,-0.0426074315527545,-0.058521094929201774,0.41369818995709984,1.8117482549793174,1.2715636701675643,1.2919854232814516,-0.5008668042860076,-0.5125318984791342
-0.5008210057446509,0.11880222322712194,-1.2279356991005308,-0.7054689621240783,-0.010684955964216718,-0.6991224441542135,-0.006593396278981013,0.05293427887298657,1.0904289836912913,-0.11186673377770466,-0.01650937884675051,-0.2126634371426853,-0.18138449470626858,0.41369818995709984,1.8305683500627974,1.323920302371984,1.3187526398055578,-0.8791014018461283,-0.8845790067631714
-0.5008210057446509,0.11880222322712194,-1.0834726755175694,0.5394399969881568,-0.010684955964216718,-0.6991224441542135,0.031035170733036934,0.20458959538727972,1.0904289836912913,-0.2544679878404443,-0.03966462910063084,-0.40061985057340727,-0.2407719649581645,0.41369818995709984,1.844538278323471,1.418789833214321,1.3392491207379875,0.08144626088469059,0.06597048299766195
-0.5008210057446509,0.11880222322712194,-0.9390096519346078,-0.7054689621240783,-0.010684955964216718,0.7533159184816968,0.2821749868927961,0.02260324449608401,1.0904289836912913,-0.30403593758855885,-0.08025706939451913,-0.6373205433103877,-0.2761334483322056,0.41369818995709984,1.884783563068491,1.561730930145648,1.361034162419246,0.20682483526087472,0.20711262695070584
-0.5008210057446509,0.11880222322712194,-0.7945466283516462,2.241609789184465,-0.010684955964216718,-0.6991224441542135,-0.6983308925851475,0.05293427887298657,1.0904289836912913,-0.3380427044242918,-0.1065007214622609,-0.636909666764873,-0.28772049072297395,0.41369818995709984,1.9127962927430966,1.5653026074048286,1.3715714947184472,0.9101050537861034,0.899083944803064
-0.5008210057446509,0.11880222322712194,-0.6500836047686848,-0.7054689621240783,-0.010684955964216718,1.2916831079007716,1.1367705411430589,0.20458959538727972,0.7315353705277589,-0.30181778504858303,-0.118315834525756,-0.6234982130499739,-0.3254448285334565,0.41369818995709984,1.910438291240984,1.5337930219278593,1.3714180636706552,0.8296581161402107,0.8186002793119446
-0.5008210057446509,0.11880222322712194,-0.5056205811857232,2.244872166553974,-0.010684955964216718,-0.6991224441542135,-0.6983308925851475,0.35624491190157287,1.0904289836912913,-0.17079293263144701,-0.03993281755795884,-0.39816737791480655,-0.21428502074498113,0.41369818995709984,1.8251873192096342,1.388370123474914,1.2951532976552118,0.8634692600847229,0.8507535841009143
-0.5008210057446509,0.11880222322712194,-0.3611575576027617,-0.7054689621240783,-0.010684955964216718,1.1293798194187556,1.0566054470829285,0.507900228415866,0.7315353705277589,0.07560662237614402,0.12984953142632075,0.11735226323826534,-0.007165485091313368,0.41369818995709984,1.6577445997727822,1.0938394881100877,1.171705883917518,0.7960514638318195,0.7875913697309587
-0.5008210057446509,0.11880222322712194,-0.21669453401980013,0.44985217928648713,-0.010684955964216718,-0.6991224441542135,-0.6983308925851475,0.9628661779587454,0.6717197683338367,0.5631091908317578,0.3528926965177457,0.508374606218478,0.21228231485582474,-0.1920397597881493,1.4925377831110604,0.9613126637219735,1.1258577395742262,-0.4573976607754916,-0.5048426281882124
-0.5008210057446509,0.11880222322712194,-0.0722315104368386,-0.7054689621240783,-0.010684955964216718,-0.6991224441542135,-0.41089187086608703,1.2661768109873317,0.31282615517030443,0.9773605493830917,0.5944599206604553,0.7120730469645907,0.5219998745327074,-0.581428688112184,1.3282715609903986,0.9386705275444206,1.041925755379576,-1.114977025049895,-1.1298624465261486
-0.5008210057446509,0.11880222322712194,0.07223151314612293,-0.690228371216938,-0.010684955964216718,-0.6991224441542135,-0.6983308925851475,1.4178321275016248,-0.7638546843202927,1.3560244732905014,0.8331017733409949,0.8546506180220245,0.6726230407495432,-0.9865732986778095,1.103221407393872,0.8343376224533883,0.9286927752670582,-1.2740310493992413,-1.2860490588430924
-0.5008210057446509,0.11880222322712194,0.21669453672908448,-0.6907193035399591,-0.010684955964216718,-0.6991224441542135,-0.6983308925851475,1.4178321275016248,-0.46477667335068235,1.4690378735691003,1.006984582686,0.8654442255309581,0.83850162698647,-0.28492188744537894,0.9787067664699982,0.8606396413880297,0.8749650364354692,-1.2740310493992413,-1.2860490588430924
-0.5008210057446509,0.11880222322712194,0.361157560312046,-0.6906824083129147,-0.010684955964216718,-0.6991224441542135,-0.6983308925851475,1.2965079899940146,0.013748144200694123,1.4139379209543994,1.0946610354593107,0.7873478464493788,0.9782479487215744,0.41369818995709984,0.9471869559693896,0.9653602203991345,0.8679067748160016,-1.2740310493992413,-1.2860490588430924
-0.5008210057446509,0.11880222322712194,0.5056205838950075,-0.6903175824546739,-0.010684955964216718,-0.6991224441542135,-0.6983308925851475,1.1145214944730386,0.3726417573642265,1.2795269744005453,1.0828212208273775,0.6188893152293534,1.0709727963824405,0.41369818995709984,0.9776575861045474,1.08520954824894,0.8508728945638253,-1.2740310493992413,-1.2860490588430924
-0.5008210057446509,0.11880222322712194,0.6500836074779691,0.29269373382897274,-0.010684955964216718,-0.6991224441542135,-0.6983308925851475,1.1145214944730386,0.3726417573642265,0.9903008874065634,1.0045066624921088,0.3963229461462688,1.0551790681479436,0.41369818995709984,1.0665604200610888,1.2463691680700668,0.8961450223463391,-0.5538601997519308,-0.5517564796562006
-0.5008210057446509,0.11880222322712194,0.7945466310609306,0.06318161064469839,-0.010684955964216718,0.3004608997900547,-0.6983308925851475,1.038693836215892,0.4922729617520706,0.6238361335448532,0.8492022556489522,0.04658858134447997,0.6134124911101699,0.41369818995709984,1.2134562885048092,1.4706193837849018,1.1540218721069013,-0.08119605389797774,-0.08809974096564505
-0.5008210057446509,0.11880222322712194,0.9390096546438922,0.6370972828665641,-0.010684955964216718,0.5391283248876846,-0.6983308925851475,0.9628661779587454,0.3726417573642265,0.3457529853358284,0.6780937853190955,-0.13259706698914686,0.24130484168639604,0.41369818995709984,1.3698121539694894,1.5872313547261327,1.375183625657142,0.4765950259061736,0.48298164227502827
-0.5008210057446509,0.11880222322712194,1.0834726782268538,0.393111140948098,-0.010684955964216718,0.2673792168427825,0.702360844008761,0.9628661779587454,0.3726417573642265,0.22772532949641555,0.5524976019568995,-0.13239674336218435,-0.22929057184312066,0.41369818995709984,1.4971924954499625,1.5994557761947008,1.6750875798815226,0.90509032843482,0.8943756344916851
-0.5008210057446509,0.11880222322712194,1.2279357018098151,-0.7054689621240783,-0.010684955964216718,-0.6991224441542135,-0.6983308925851475,0.9022041092049403,0.4324573595581485,0.17010353276961918,0.45208643201509785,-0.08117015596352224,-0.3311364736415349,0.41369818995709984,1.6004720925558964,1.5725621350179952,1.7446980326858095,-1.2740310493992413,-1.2860490588430924
-0.5008210057446509,0.11880222322712194,1.3723987253927767,0.4983124053796565,-0.010684955964216718,0.3837789845219919,0.5165636172515626,0.9628661779587454,0.3726417573642265,0.05176750288891298,0.39085053809793546,-0.14721898687547913,-0.38699391650612824,0.41369818995709984,1.680259025903882,1.6274719936838025,1.7960809636966235,0.9231840580164216,0.911695241466587
-0.5008210057446509,0.11880222322712194,1.5168617489757383,-0.7054689621240783,-0.010684955964216718,-0.6991224441542135,-0.6983308925851475,0.9628661779587454,0.3726417573642265,0.006433843122115317,0.3306125875456726,-0.15541691164355803,-0.3632806850238705,0.41369818995709984,1.7618200103205874,1.6485599920152936,1.7971731847148034,-1.2740310493992413,-1.2860490588430924
-0.5008210057446509,0.11880222322712194,1.6613247725587,0.5800358196501534,-0.010684955964216718,0.43244558415762546,0.4980789032410157,0.8415420404511351,0.6717197683338367,-0.046816534168992896,0.2896418603751321,-0.205787648312559,-0.3812796322675374,0.41369818995709984,1.821247825500722,1.6943524140924922,1.8239325996602085,0.9341394814093109,0.9231293580996953
-0.5008210057446509,0.22888007523928572,-1.6613247698494156,-0.7054689621240783,-0.010684955964216718,0.8123564148688978,0.8605842817940612,0.8112108614444523,0.7315353705277589,-0.09781330593923906,0.24812275838526576,-0.19229265538301163,-0.32530899375038214,0.41369818995709984,1.8934646377758182,1.7055781772164562,1.8074188246547844,0.5834253448370189,0.5722551235650517
-0.5008210057446509,0.22888007523928572,-1.516861746266454,-0.7054689621240783,-0.010684955964216718,-0.6991224441542135,-0.6983308925851475,0.8112108614444523,1.0904289836912913,-0.15504913342129298,0.22056286559932206,-0.12752760056554646,-0.21569954715884798,0.41369818995709984,1.989900432323124,1.7364290182188074,1.8088231088210156,-1.2740310493992413,-1.2860490588430924
-0.5008210057446509,0.22888007523928572,-1.3723987226834924,-0.18793869430193527,-0.010684955964216718,-0.6991224441542135,-0.6498262243486894,0.20458959538727972,0.6119041661399147,-0.33163441089806495,0.10694482565231263,-0.2596525405003658,-0.3614594927470959,0.41369818995709984,1.9462860913999933,1.5152147927148842,1.5934596619299852,-0.8775277072986999,-0.9385791439207753
-0.5008210057446509,0.22888007523928572,-1.2279356991005308,-0.7054689621240783,-0.010684955964216718,-0.6991224441542135,0.7251990824914035,0.20458959538727972,0.013748144200694123,-0.39928003627731534,0.04822284564305118,-0.4004740831682558,-0.4585360843842329,0.41369818995709984,1.81888258494365,1.293699807976632,1.3428278782566823,-0.43591217819407374,-0.41073456379416545
-0.5008210057446509,0.22888007523928572,-1.0834726755175694,-0.7054689621240783,-0.010684955964216718,-0.6991224441542135,-0.6983308925851475,0.20458959538727972,-0.2853298667689162,-0.49039152145824,-0.009772202495031726,-0.606229463964839,-0.47080565463563406,0.3539068558337798,1.6330917568066718,1.0745229143390167,1.0147420212370288,-1.2740310493992413,-1.2860490588430924
-0.5008210057446509,0.22888007523928572,-0.9390096519346078,0.6684720095287434,-0.010684955964216718,0.503151222080022,0.27815014104616365,-0.14421766152155058,-0.10588306018714999,-0.6415396196112302,-0.09312870382806691,-0.8919190865652619,-0.6146563668840036,0.3636642175249411,1.414818806463147,0.8577069161502782,0.7290586113009336,0.9760399256566437,0.9628909956492102
-0.5008210057446509,0.22888007523928572,-0.7945466283516462,-0.7054689621240783,-0.010684955964216718,1.2419823771855765,1.1007942759583458,-0.40203167066989287,0.013748144200694123,-0.690927628758243,-0.1724433228055298,-0.8942070381174636,-0.6330343099421742,0.24084664459292202,1.2518816748330333,0.5949029378414186,0.4813268477993137,0.8106002516967571,0.7995338560168884
-0.5008210057446509,0.22888007523928572,-0.6500836047686848,1.5271130840074314,-0.010684955964216718,0.4460636756142656,-0.6983308925851475,-0.40203167066989287,0.013748144200694123,-0.7307674143360112,-0.21897754894742985,-0.6702452231733678,-0.5615659288598137,0.052740154493606035,1.0016830443075087,0.2180778637408469,0.17842925445883462,0.9089603686504579,0.8950051030823611
-0.5008210057446509,0.22888007523928572,-0.5056205811857232,-0.7054689621240783,-0.010684955964216718,1.1013792330484138,1.4332300670356168,-0.40203167066989287,-0.5245922755446044,-0.5785911797373205,-0.1854518745041345,-0.14563259423812913,-0.45535905973566054,-0.6801640628366653,0.7379208378063654,-0.20309951633205922,-0.08308746518691572,0.7738895027569662,0.7691435550541482
-0.5008210057446509,0.22888007523928572,-0.3611575576027617,-0.7054689621240783,-0.010684955964216718,-0.6991224441542135,-0.6983308925851475,-0.2503763541555997,-1.182563899677747,-0.34536207266687785,-0.09150334062483956,0.23397130200521993,-0.2801305125971157,-1.6429980515295182,0.42581622228626753,-0.5345637298890978,-0.3626446854478275,-1.2740310493992413,-1.2860490588430924
-0.5008210057446509,0.22888007523928572,-0.21669453401980013,-0.7054689621240783,-0.010684955964216718,-0.6991224441542135,2.540360120630919,-0.40203167066989287,-0.6442234799324486,-0.04602519687864567,0.06504320223120473,0.3572291510138089,-0.015927667085924357,-2.432891578852374,0.1827683302496504,-0.6370742233392122,-0.5212952061014303,0.49419516740129305,0.5088306306156477
-0.5008210057446509,0.22888007523928572,-0.0722315104368386,-0.7054689621240783,-0.010684955964216718,-0.6991224441542135,-0.6983308925851475,-0.37170063629299027,-0.7040390821263706,0.20677796918599858,0.17810933856339706,0.26554486293741025,0.2621403881346342,-3.3484901094014687,-0.15440609780221992,-0.7344152292058513,-0.7372359698163559,-1.2740310493992413,-1.2860490588430924
-0.5008210057446509,0.22888007523928572,0.07223151314612293,2.3160142040714855,-0.010684955964216718,-0.6991224441542135,-0.6983308925851475,-0.2503763541555997,-0.8834858887081368,0.5096594741386855,0.2772635515512482,0.07107068588219714,0.35508995012799366,-4.173540557446075,-0.4162912173523875,-0.7451573680388481,-0.83096630343878,0.9912230696181396,0.9668143143685056
-0.5008210057446509,0.22888007523928572,0.21669453672908448,-0.7054689621240783,-0.010684955964216718,2.8152199269022904,-0.6983308925851475,-0.09872103764130656,-0.8834858887081368,0.6276175618646612,0.32026968796108857,-0.018631676948721313,0.34579113689160745,-4.306746093742102,-0.5149783579920704,-0.708612539443512,-0.8184562552807512,0.7233242654597365,0.7243947312974504
-0.5008210057446509,0.22888007523928572,0.361157560312046,2.3466583763645135,-0.010684955964216718,-0.6991224441542135,-0.6983308925851475,-0.053224413761062565,-0.6442234799324486,0.6879010078545951,0.3234837148944352,0.22322202142650774,0.3229994018698356,-4.1227250601206675,-0.5675363100157228,-0.7196808234834066,-0.7531488065512615,0.9004563247476174,0.8832744887113921
-0.5008210057446509,0.22888007523928572,0.5056205838950075,-0.7054689621240783,-0.010684955964216718,-0.6991224441542135,-0.6983308925851475,-0.2503763541555997,-0.5844078777385264,0.7282438244064471,0.2678818958584557,0.19961963596549406,0.3342334415218737,-4.083719012304922,-0.5908069760882493,-0.7023075674259955,-0.7461748453238718,-1.2740310493992413,-1.2860490588430924
-0.5008210057446509,0.22888007523928572,0.6500836074779691,2.335213144187298,-0.010684955964216718,-0.6991224441542135,-0.6983308925851475,-0.2503763541555997,-0.8834858887081368,0.7092209589264011,0.2167708219645237,0.03433218513823702,0.47728675328441783,-3.860635773390383,-0.6419175997236832,-0.6877067607625769,-0.8212815103232135,0.845425033319964,0.836197122941529
-0.5008210057446509,0.22888007523928572,0.7945466310609306,-0.7054689621240783,-0.010684955964216718,2.8594342337948966,-0.6983308925851475,-0.40203167066989287,-0.22551426457499413,0.5133258475016552,0.09658922240396046,-0.16223643936994164,0.22890614454244268,-3.1352671875532496,-0.6202149129553655,-0.632272186951899,-0.7530120622134695,0.7057448251425694,0.7013955636466498
-0.5008210057446509,0.22888007523928572,0.9390096546438922,2.384906270483023,-0.010684955964216718,-0.6991224441542135,-0.6983308925851475,-0.40203167066989287,-0.3451454689628382,0.2408422635001507,-0.0346932620126875,-0.046726426299490205,-0.2673653969333877,-2.279513808709945,-0.5733760556514806,-0.6707949700539757,-0.6038861856015374,0.8524043904640505,0.836197122941529
-0.5008210057446509,0.22888007523928572,1.0834726782268538,-0.7054689621240783,-0.010684955964216718,0.8964447895531652,1.7022120179161542,-0.2503763541555997,-1.182563899677747,0.21331469615241705,-0.13037937479182862,-0.023563047935862464,-0.806118847572564,-2.3601419068284186,-0.5930609765007783,-0.7539527469924131,-0.5096810392309323,0.8507290351318516,0.8393588092547233
-0.5008210057446509,0.22888007523928572,1.2279357018098151,-0.7054689621240783,-0.010684955964216718,-0.6991224441542135,-0.6983308925851475,-0.22004531977869715,-1.3021951040655912,0.12133360955352847,-0.17200998671921558,-0.024103495508178363,-0.7258731917419176,-2.2516795890463452,-0.62217838596219,-0.798676376597403,-0.5860782153737781,-1.2740310493992413,-1.2860490588430924
-0.5008210057446509,0.22888007523928572,1.3723987253927767,-0.7054689621240783,-0.010684955964216718,1.1622710321976841,1.4634225945712345,-0.2503763541555997,-1.182563899677747,-0.0423681884540233,-0.21115420934353266,-0.1205171260628241,-0.6677962756007946,-2.0584557488226722,-0.6878269623707796,-0.830135405264596,-0.6688466807893394,0.8236761957529432,0.8135719071715827
-0.5008210057446509,0.22888007523928572,1.5168617489757383,-0.7054689621240783,-0.010684955964216718,-0.6991224441542135,-0.6983308925851475,-0.2503763541555997,-1.4218263084534353,-0.2147559667786999,-0.24200435104543203,-0.12053502732310585,-0.5603518006752973,-1.8684539438624832,-0.7637938464166832,-0.8964734694288334,-0.7731106626321337,-1.2740310493992413,-1.2860490588430924
-0.5008210057446509,0.22888007523928572,1.6613247725587,0.8073934174368014,-0.010684955964216718,0.3428088723344585,0.45996172023667964,-0.28070738853250227,-1.182563899677747,-0.40323939842572215,-0.26494505053344997,-0.2386594768356596,-0.5501323294647404,-1.5420339269223433,-0.81888426116697,-0.8955062208468989,-0.8091953479412878,0.9647595837750234,0.9498284978669799
-0.5008210057446509,0.33895792725144946,-1.6613247698494156,-0.7054689621240783,-0.010684955964216718,1.2004270842987221,1.2896025385034693,-0.2503763541555997,-1.4218263084534353,-0.44572411016243624,-0.28493144243627044,-0.24991084514322678,-0.5023788568372682,-1.5876642171715847,-0.8654352453853021,-0.9263708305123382,-0.8585420669110667,0.7891201694226312,0.7780440196287571
-0.5008210057446509,0.33895792725144946,-1.516861746266454,-0.7054689621240783,-0.010684955964216718,-0.6991224441542135,-0.6983308925851475,-0.40203167066989287,-1.4218263084534353,-0.5163504616328002,-0.3115682023217272,-0.21214515303548012,-0.40850863686973815,-1.5233416765938441,-0.9219963948015095,-0.9834189195286451,-0.933783525853525,-1.2740310493992413,-1.2860490588430924
-0.5008210057446509,0.33895792725144946,-1.3723987226834924,-0.7054689621240783,-0.010684955964216718,-0.6991224441542135,2.705307111509999,-0.40203167066989287,-1.4816419106473573,-0.6055896280684315,-0.33166610416206826,-0.2838124223530113,-0.35001834697518514,-1.3867152139686862,-0.983840365225264,-1.0166906787455223,-1.0026333247344368,0.6401469324470455,0.6290025776160925
-0.5008210057446509,0.33895792725144946,-1.2279356991005308,-0.7054689621240783,-0.010684955964216718,-0.6991224441542135,-0.6983308925851475,-0.40203167066989287,-1.4218263084534353,-0.7188324693365394,-0.3528953378368746,-0.47848010350746056,-0.14266487363955602,-1.152205098358995,-1.0322136608787122,-1.0029755843623136,-1.09195793349583,-1.2740310493992413,-1.2860490588430924
-0.5008210057446509,0.33895792725144946,-1.0834726755175694,-0.7054689621240783,-0.010684955964216718,1.7244864111548261,1.039772720474981,-0.40203167066989287,-1.182563899677747,-0.7946102058220884,-0.3618641244572017,-0.5915214475409611,-0.07848964652744682,-0.8814780896423986,-1.0436530568274074,-0.9705181124858773,-1.1051337163697017,0.7790664173372506,0.7679856361069117
-0.5008210057446509,0.33895792725144946,-0.9390096519346078,-0.7054689621240783,-0.010684955964216718,2.639755486158883,-0.6983308925851475,-0.37170063629299027,-0.9433014909020588,-0.8655924249496498,-0.3715309068256798,-0.47196830696973,-0.04210269438982591,-0.5425700536745063,-1.0471282858115891,-0.9759313484330828,-1.0897026271196004,0.5942565611621939,0.5830913269990737
-0.5008210057446509,0.33895792725144946,-0.7945466283516462,1.2947596569075763,-0.010684955964216718,-0.27054059893585597,0.43390586893461064,-0.553686987184186,0.013748144200694123,-0.966158484316346,-0.393607051418364,-0.01542820379925261,-0.1710392505484207,-0.029385476354446504,-1.002793417618165,-1.00843787117177,-0.9718732168889092,0.8927230847055778,0.8722262084572692
-0.5008210057446509,0.33895792725144946,-0.6500836047686848,-0.7054689621240783,-0.010684955964216718,1.1427898863372323,1.4034282646006775,-0.40203167066989287,-0.3451454689628382,-0.9082095836715616,-0.3841456449474713,0.12244900777277129,-0.13083970113524993,0.0038691098217607635,-0.9920665859793081,-1.0101811129999319,-0.9482006265829789,0.6819715923820482,0.6769567324808459
-0.5008210057446509,0.33895792725144946,-0.5056205811857232,-0.7054689621240783,-0.010684955964216718,-0.6991224441542135,-0.6983308925851475,-0.34136960191608773,-0.46477667335068235,-0.7860814226843648,-0.31065777308500847,0.42128071274290124,0.004533075979386393,-0.09702832778104993,-1.0072698079032336,-1.0452767898052522,-0.9428400751731186,-1.2740310493992413,-1.2860490588430924
-0.5008210057446509,0.33895792725144946,-0.3611575576027617,-0.7054689621240783,-0.010684955964216718,1.1980836284857783,1.325816927998467,-0.2503763541555997,-0.5844078777385264,-0.44708403299529836,-0.14625895450203946,1.0276219717149844,0.16405425897390755,-0.7790398312545448,-1.0485283190407395,-1.132005813732149,-0.9212437883543274,0.716563620760973,0.7037488991817784
-0.5008210057446509,0.33895792725144946,-0.21669453401980013,-0.7054689621240783,-0.010684955964216718,-0.6991224441542135,-0.6983308925851475,-0.2503763541555997,-0.8834858887081368,0.10808422856459572,0.013335761899267084,1.2962738567320036,0.30743541888572373,-1.8842061162617392,-1.123118817437027,-1.192900845701717,-0.9590472047934783,-1.2740310493992413,-1.2860490588430924
-0.5008210057446509,0.33895792725144946,-0.0722315104368386,-0.7054689621240783,-0.010684955964216718,-0.6991224441542135,-0.6983308925851475,0.05293427887298657,-1.3620107062595133,0.5343307352904914,0.16635139198685872,1.2977272685786891,0.3591666705928548,-2.484977639103034,-1.1860223442050073,-1.1823160783851092,-0.960374990146333,-1.2740310493992413,-1.2860490588430924
-0.5008210057446509,0.33895792725144946,0.07223151314612293,-0.7054689621240783,-0.010684955964216718,-0.6991224441542135,-0.6983308925851475,0.05293427887298657,-1.6012731150352015,0.9576640772662076,0.26001691646776276,1.0391171381387696,0.3044017753970632,-3.0021376978411474,-1.2367611217173595,-1.1370937650138995,-0.9616531487902268,-1.2740310493992413,-1.2860490588430924
-0.5008210057446509,0.33895792725144946,0.21669453672908448,-0.7054689621240783,-0.010684955964216718,-0.6991224441542135,-0.6983308925851475,-0.09872103764130656,-1.3620107062595133,1.2514248011927878,0.3046597082264022,0.7412103316165305,0.28363079239510114,-3.36072424983366,-1.2617098007294778,-1.0733743284607178,-0.9639793195063263,-1.2740310493992413,-1.2860490588430924
-0.5008210057446509,0.33895792725144946,0.361157560312046,-0.7054689621240783,-0.010684955964216718,-0.6991224441542135,-0.6983308925851475,0.02260324449608401,-1.4218263084534353,1.433534054446134,0.35258851434640787,0.4720793747767328,0.5568322730418106,-3.2464145347215596,-1.2788144810894089,-1.0018366577625002,-1.0305627597745148,-1.2740310493992413,-1.2860490588430924
-0.5008210057446509,0.33895792725144946,0.5056205838950075,2.325837576843709,-0.010684955964216718,-0.6991224441542135,-0.6983308925851475,-0.09872103764130656,-1.122748297483825,1.4434133954783723,0.3448915056210941,0.25062544115401447,0.9888883400623987,-2.9913987502436448,-1.267518659730742,-0.9313606800695865,-1.1254829425041446,0.9418552604577731,0.9220273782557317
-0.5008210057446509,0.33895792725144946,0.6500836074779691,-0.7054689621240783,-0.010684955964216718,1.25806091854863,1.2415777282211788,0.05293427887298657,-1.122748297483825,1.3349433281465515,0.358192947345465,0.03135205152180738,1.7754237202144447,-2.225333542532765,-1.260153886516868,-0.8501161018943038,-1.286481413281055,0.8928559322649592,0.8842453292656315
-0.5008210057446509,0.33895792725144946,0.7945466310609306,1.2460473608515736,-0.010684955964216718,0.7923003896758457,-0.6983308925851475,-0.22004531977869715,-0.9433014909020588,0.8108914120939116,0.28186651238991467,-0.031195804343617323,1.4234162647404138,-0.5607077489140835,-1.2290117133833087,-0.8389596123565015,-1.2133930817048912,0.8379780095643966,0.8281164838328365
-0.5008210057446509,0.33895792725144946,0.9390096546438922,0.5681347086291235,-0.010684955964216718,0.34690776512937815,0.6475701381056861,-0.40203167066989287,-0.6442234799324486,0.40972421026209715,0.15056003216392683,0.14888320212216577,0.45333874563388343,0.41369818995709984,-1.1683250265457323,-0.8880618919588474,-0.974965025870332,0.8715864619752184,0.8605109619718146
-0.5008210057446509,0.33895792725144946,1.0834726782268538,-0.7054689621240783,-0.010684955964216718,1.2504690215075396,1.330747316996886,-0.553686987184186,-0.3451454689628382,0.3111100716166464,0.03998663696668849,0.20287766533677382,0.3451815573404034,0.41369818995709984,-1.1159675963444555,-0.9020837693664864,-0.9456146199540226,0.7320765434877626,0.7260827398423689
-0.5008210057446509,0.33895792725144946,1.2279357018098151,1.5428951754099631,-0.010684955964216718,0.5184341405378915,-0.6983308925851475,-0.553686987184186,-0.46477667335068235,0.1475179771725916,-0.02884463636564229,0.3497813742956322,0.3518014067994899,0.41369818995709984,-1.08327843716607,-0.9412394806998913,-0.94752904068311,0.8203758879566034,0.806468870486756
-0.5008210057446509,0.33895792725144946,1.3723987253927767,-0.7054689621240783,-0.010684955964216718,1.0927124199248275,1.5371495283619276,-0.7053423036984792,-0.3451454689628382,0.08903995751118453,-0.09313082110536161,0.45899696327463163,0.24828356328841972,0.41369818995709984,-1.0522313369543108,-0.9696999527089429,-0.919525707355889,0.7211378610474783,0.7139595272227881
-0.5008210057446509,0.33895792725144946,1.5168617489757383,1.634372351672912,-0.010684955964216718,0.40877020530209524,-0.6983308925851475,-1.0086529367270654,0.31282615517030443,-0.048567108715771155,-0.16266291322223636,0.5398671852589175,0.2636664332284325,0.41369818995709984,-1.0182123633798812,-0.9904678296236371,-0.9237244736708163,0.8088660330150762,0.7945253596751253
-0.5008210057446509,0.33895792725144946,1.6613247725587,-0.7054689621240783,-0.010684955964216718,1.0631171189165485,1.566161076703757,-0.7963355514589672,-0.10588306018714999,-0.05879094569435691,-0.2053514580378725,0.5814952873826946,0.18774568981196815,0.41369818995709984,-0.9970979704779315,-1.0010557164029756,-0.9029382507738417,0.7071436847414216,0.7000308954129575
-0.5008210057446509,0.44903577926361327,-1.6613247698494156,1.0738232947364206,-0.010684955964216718,0.16206256347905612,0.28556291309435833,-1.3119635697556518,0.31282615517030443,-0.20456758278100037,-0.30527353692459963,0.5106932456454484,0.17181444982176636,0.41369818995709984,-0.964381061588868,-1.0092368839015977,-0.926120641884708,0.7956401404264177,0.7815687978503751
-0.5008210057446509,0.44903577926361327,-1.516861746266454,-0.7054689621240783,-0.010684955964216718,1.2153707934667213,1.3205182428616942,-1.3119635697556518,0.6717197683338367,-0.24945640797630106,-0.34443258048997955,0.4309874580204425,0.17698623341437503,0.41369818995709984,-0.9625773303948145,-1.0169576617282137,-0.9566393342115347,0.6359348727695855,0.6292433411558205
-0.5008210057446509,0.44903577926361327,-1.3723987226834924,-0.7054689621240783,-0.010684955964216718,-0.6991224441542135,2.4126502380055332,-1.2209703943100538,0.7913509727216809,-0.3432583061595727,-0.37254649416803504,0.4301264926449866,0.37650992153797763,0.41369818995709984,-0.9582823990873952,-1.0288086082105188,-1.0215419676906354,0.27444712314989905,0.297472412841468
-0.5008210057446509,0.44903577926361327,-1.2279356991005308,-0.7054689621240783,-0.010684955964216718,1.1694523461937687,0.14660448663037465,-1.3119635697556518,1.0904289836912913,-0.4745654445754632,-0.4026322987665496,0.26086922424000847,0.6676818408936348,0.41369818995709984,-0.9470220490980296,-0.9894063517536938,-1.0984561067777012,0.15636202379194855,0.11111856442002792
-0.5008210057446509,0.44903577926361327,-1.0834726755175694,1.2829963321722802,-0.010684955964216718,0.192163262152565,-0.011108430241458963,-1.1603082532413587,0.6717197683338367,-0.6371367607396617,-0.42709673214764954,0.22210532376131242,0.6542501286092641,0.41369818995709984,-0.9390011762030008,-0.9832595042263289,-1.0988015433457525,0.8112351478240446,0.795634921009276
-0.5008210057446509,0.44903577926361327,-0.9390096519346078,-0.7054689621240783,-0.010684955964216718,1.3088931177472973,1.1333152232462884,-1.1906392876182612,0.6119041661399147,-0.6486054655942713,-0.4489406819970156,0.20822587995619019,0.5828655961584309,0.41369818995709984,-0.932805027761408,-0.9848345102023838,-1.0860664413132435,0.6540849455572662,0.642946987121718
-0.5008210057446509,0.44903577926361327,-0.7945466283516462,1.3210983665898761,-0.010684955964216718,0.17003971061229858,0.09289424882356911,-1.3119635697556518,0.6717197683338367,-0.6713515629915384,-0.47637706694076876,0.23241730212457024,0.5270928404116803,0.41369818995709984,-0.9264771285195538,-1.0015688142383656,-1.0823572240618218,0.7859134669526848,0.7748356149435988
-0.5008210057446509,0.44903577926361327,-0.6500836047686848,-0.7054689621240783,-0.010684955964216718,1.2730372136725818,1.1964917408527878,-1.1603082532413587,0.6717197683338367,-0.6456367801381758,-0.47446657706185585,0.28577669681965884,0.49834869103777985,0.41369818995709984,-0.9345088599970216,-1.0224307053057078,-1.0823453049832503,0.655037379753319,0.6438997960236204
-0.5008210057446509,0.44903577926361327,-0.5056205811857232,1.2478357120184935,-0.010684955964216718,0.07926800892009675,0.05026936843321634,-0.7660043724522843,0.31282615517030443,-0.2844786016985489,-0.36639580362694674,1.3360368180226148,0.6748785689376297,0.23753686327106405,-0.9815670606661766,-1.2574190798493654,-1.1152253834855923,0.7881562145710221,0.772579404444922
-0.5008210057446509,0.44903577926361327,-0.3611575576027617,-0.7054689621240783,-0.010684955964216718,-0.6991224441542135,1.8660954148248252,-0.2503763541555997,-0.2853298667689162,0.132170181069695,-0.2135121504907244,1.733857377705066,0.8904391463271585,0.02052097180620905,-1.046948274644932,-1.3244475133862514,-1.1485657551313098,0.030025254891933504,0.06469443623710351
-0.5008210057446509,0.44903577926361327,-0.21669453401980013,-0.7054689621240783,-0.010684955964216718,-0.6991224441542135,-0.6983308925851475,-0.09872103764130656,-0.8834858887081368,0.8065072830990377,-0.01590172026317311,1.908485876635537,1.0310306622680587,-1.2017535426014856,-1.1346129889015817,-1.3497871242845754,-1.1703552393782175,-1.2740310493992413,-1.2860490588430924
-0.5008210057446509,0.44903577926361327,-0.0722315104368386,-0.7054689621240783,-0.010684955964216718,-0.6991224441542135,-0.6983308925851475,0.20458959538727972,-1.3021951040655912,1.1007750515447077,0.18510623426326506,1.6986993025116954,1.063921126470988,-1.5856940256742327,-1.2133946588175368,-1.284681355466717,-1.1540502649583126,-1.2740310493992413,-1.2860490588430924
-0.5008210057446509,0.44903577926361327,0.07223151314612293,-0.7054689621240783,-0.010684955964216718,-0.6991224441542135,-0.6983308925851475,0.35624491190157287,-1.6012731150352015,1.4143332551374892,0.3420091854639163,1.3661407707297695,0.9814752825490631,-1.93058049308599,-1.2782271524303686,-1.2026884289390634,-1.1238572885422646,-1.2740310493992413,-1.2860490588430924
-0.5008210057446509,0.44903577926361327,0.21669453672908448,-0.7054689621240783,-0.010684955964216718,-0.6991224441542135,-0.6983308925851475,0.35624491190157287,-1.6012731150352015,1.6197665562689647,0.45093039861219447,1.0703889349690674,0.9513459537823304,-1.7144362124676475,-1.3128344198711666,-1.1147206556049651,-1.095719919758745,-1.2740310493992413,-1.2860490588430924
-0.5008210057446509,0.44903577926361327,0.361157560312046,-0.7054689621240783,-0.010684955964216718,-0.6991224441542135,-0.6983308925851475,0.49273463891252456,-1.6012731150352015,1.6769234506992343,0.5244457950794883,0.8188898670658347,1.132144565513239,-1.209334802044978,-1.3250923116339393,-1.0224810469801235,-1.1089088136190455,-1.2740310493992413,-1.2860490588430924
-0.5008210057446509,0.44903577926361327,0.5056205838950075,1.1289570058171419,-0.010684955964216718,0.9316665288786435,-0.6983308925851475,0.507900228415866,-1.7807199216169676,1.5874829380891358,0.5637212888960765,0.5594290005420489,1.376760370699635,-0.5834246184533255,-1.333678072117634,-0.9465238505660071,-1.1582912898245386,0.9038477177269475,0.8806156396122341
-0.5008210057446509,0.44903577926361327,0.6500836074779691,-0.7054689621240783,-0.010684955964216718,2.810834067463012,-0.6983308925851475,0.507900228415866,-1.7807199216169676,1.3814950988226662,0.5543615117353291,0.5753790234530943,1.5954719796619625,0.38238220669723,-1.3199245916002469,-0.9393239154477683,-1.1988912471623208,0.5891971932706306,0.5951231519261281
-0.5008210057446509,0.44903577926361327,0.7945466310609306,1.6777138531329163,-0.010684955964216718,0.24011833167257027,-0.6983308925851475,0.20458959538727972,-1.122748297483825,0.8222196428733115,0.46361006657102327,0.9693431402062757,1.2130828110403016,0.41369818995709984,-1.2751365585663634,-1.0321700982222461,-1.1016252814145784,0.7481755795659695,0.7312709379920823
-0.5008210057446509,0.44903577926361327,0.9390096546438922,-0.7054689621240783,-0.010684955964216718,0.6492273351934447,1.803733886054934,-0.09872103764130656,-0.5844078777385264,0.6148812457123272,0.31625533021034724,0.9707385860672869,0.28331803699950403,0.41369818995709984,-1.202823466860307,-1.0248871208547576,-0.8497548887671869,0.7252806167813586,0.7150106905919835
-0.5008210057446509,0.44903577926361327,1.0834726782268538,-0.7054689621240783,-0.010684955964216718,-0.6991224441542135,-0.6983308925851475,-0.2503763541555997,-0.5844078777385264,0.38984913539244653,0.19444130985557434,0.9158260439325145,0.14432551446183078,0.41369818995709984,-1.1420559439090172,-1.0078073094294102,-0.806358607241293,-1.2740310493992413,-1.2860490588430924
-0.5008210057446509,0.44903577926361327,1.2279357018098151,-0.7054689621240783,-0.010684955964216718,1.099521833559102,1.4680320607535922,-0.31103842290940487,-0.3451454689628382,0.15933519151855444,0.11080603367873768,0.7138026496841947,0.0999754577880548,0.41369818995709984,-1.0925101626539764,-0.9450736230991876,-0.781299936452768,0.7397939426284126,0.7286309401658222
-0.5008210057446509,0.44903577926361327,1.3723987253927767,-0.7054689621240783,-0.010684955964216718,2.81154801524634,-0.6983308925851475,-0.40203167066989287,0.013748144200694123,-0.03339189504813202,0.0329276344661761,0.7403399893904508,0.12603309700781803,0.41369818995709984,-1.0364108649441794,-0.9311692095985185,-0.7662474404801983,0.5072068478007051,0.5058674973833016
-0.5008210057446509,0.44903577926361327,1.5168617489757383,1.2080646335694114,-0.010684955964216718,-0.37017331553752436,0.6839332504863765,-0.40203167066989287,0.013748144200694123,-0.2728620646028854,-0.02765825532151498,0.9973858906581309,0.03045823436133636,0.41369818995709984,-0.9877279790403003,-0.9775939145009631,-0.7154162544519806,0.832881379552519,0.8120027436079766
-0.5008210057446509,0.44903577926361327,1.6613247725587,-0.7054689621240783,-0.010684955964216718,1.0137370970775217,1.5340459469023557,-0.4323627050467954,0.13337934858853825,-0.31711407399056946,-0.0830935152103119,0.9561141088580573,0.06716968070296822,0.41369818995709984,-0.9373832474195722,-0.9445545014736966,-0.701083670825124,0.6465603373869381,0.6407208976786499
-0.5008210057446509,0.559113631275777,-1.6613247698494156,-0.7054689621240783,-0.010684955964216718,2.5612403611024206,-0.6983308925851475,-0.40203167066989287,0.3726417573642265,-0.3744683010503,-0.117922726708041,1.0406660233736245,0.16624773917466373,0.41369818995709984,-0.8953458139684335,-0.9396679168896084,-0.7008983833309684,0.3162066193769125,0.3519355843896255
-0.5008210057446509,0.559113631275777,-1.516861746266454,-0.7054689621240783,-0.010684955964216718,-0.6991224441542135,2.1678223930000784,-0.40203167066989287,0.3726417573642265,-0.4533237576312738,-0.14319807729300904,1.1826238698489233,0.203502524648593,0.41369818995709984,-0.8593778454970981,-0.9529067015841154,-0.6856127068394383,0.25419543077444345,0.18948156416270895
-0.5008210057446509,0.559113631275777,-1.3723987226834924,-0.7054689621240783,-0.010684955964216718,-0.6991224441542135,-0.6983308925851475,-0.40203167066989287,0.4324573595581485,-0.5322882488515769,-0.16661234113594037,1.0930698317460537,0.29238962044445105,0.41369818995709984,-0.8274731585744806,-0.9090655572289242,-0.6895262821107297,-1.2740310493992413,-1.2860490588430924
-0.5008210057446509,0.559113631275777,-1.2279356991005308,-0.7054689621240783,-0.010684955964216718,-0.6991224441542135,1.216567758297776,-0.40203167066989287,0.3726417573642265,-0.6149746341407659,-0.18383145161459477,0.8223661213243587,0.30772888909606955,0.41369818995709984,-0.798796848861929,-0.8172251322659552,-0.6737345865562135,-0.25265041010936956,-0.28230176361422754
-0.5008210057446509,0.559113631275777,-1.0834726755175694,-0.7054689621240783,-0.010684955964216718,-0.6991224441542135,0.33134713292538837,-0.40203167066989287,0.3726417573642265,-0.6917457230152968,-0.1996171653647408,0.502290735045578,0.4007136675146705,0.41369818995709984,-0.792010958742976,-0.727796159561639,-0.7035041106171974,-0.7428610094034482,-0.7593990500706714
-0.5008210057446509,0.559113631275777,-0.9390096519346078,-0.7054689621240783,-0.010684955964216718,1.4638170537138249,0.7950210710564877,-0.37170063629299027,0.4324573595581485,-0.7679368546364624,-0.22179917382215975,0.0536084326978261,0.42985693637464123,0.41369818995709984,-0.7835458491752714,-0.5953282822623707,-0.7146889739486053,0.6995375319309854,0.6890029007677138
-0.5008210057446509,0.559113631275777,-0.7945466283516462,1.326486205062365,-0.010684955964216718,0.17756885340918296,0.016058650373898944,-0.40203167066989287,0.7315353705277589,-0.8133440960617032,-0.24191613115815308,0.05625611433759454,0.4397108275517387,0.41369818995709984,-0.7732929343344239,-0.5966767507035551,-0.7181437730501574,0.8450561923319254,0.8340054575620135
-0.5008210057446509,0.559113631275777,-0.6500836047686848,-0.7054689621240783,-0.010684955964216718,1.2719759626683886,1.1301747492879402,-0.2503763541555997,0.7315353705277589,-0.8071231013024225,-0.25197249254885506,0.09628077500470576,0.4175957509863928,0.41369818995709984,-0.7543476036001462,-0.5918256634539908,-0.6948287551013693,0.6876941180090602,0.6765715108172811
-0.5008210057446509,0.559113631275777,-0.5056205811857232,1.310606515040772,-0.010684955964216718,0.14271365353018067,0.07944064452543036,-0.09872103764130656,0.4922729617520706,-0.7584468274698047,-0.22828580569400633,0.2083418119275387,0.4554341229357526,0.41369818995709984,-0.7337686594633612,-0.586730182434614,-0.6675464176724587,0.8090843854399131,0.798017148169172
-0.5008210057446509,0.559113631275777,-0.3611575576027617,-0.7054689621240783,-0.010684955964216718,1.297890206929853,1.2343036174681015,0.05293427887298657,0.7315353705277589,-0.6310769767047881,-0.13911526090973927,0.39863220872261546,0.5457550303307288,0.41369818995709984,-0.7245489990670538,-0.5705634054802919,-0.6213719072868298,0.6520006069528254,0.6465045501657671
-0.5008210057446509,0.559113631275777,-0.21669453401980013,-0.7054689621240783,-0.010684955964216718,-0.6991224441542135,-0.6983308925851475,0.20458959538727972,0.3726417573642265,-0.5455523461721983,-0.03938161970223997,0.5404366158240705,0.639350226786849,0.41369818995709984,-0.7091828984065415,-0.5302689826824345,-0.5667994308503073,-1.2740310493992413,-1.2860490588430924
-0.5008210057446509,0.559113631275777,-0.0722315104368386,1.0586937146896362,-0.010684955964216718,0.20640164304816547,0.1761489848479951,0.26525166414108486,0.7315353705277589,-0.35782680560714003,0.07973992969277942,0.5940091207606086,0.6479639967036566,0.41369818995709984,-0.7166014819289471,-0.47756641281792794,-0.4999899615103009,0.8702083035543187,0.8520326019860055
-0.5008210057446509,0.559113631275777,0.07223151314612293,-0.7054689621240783,-0.010684955964216718,1.1038812037696704,1.0773899681976016,0.507900228415866,0.25301055297638236,-0.23898440013151173,0.21117344655644896,0.6888772758442626,0.7219604140265675,0.41369818995709984,-0.7542380525684271,-0.46629439559140257,-0.4823007486472167,0.6806900994616739,0.6747884262873124
-0.5008210057446509,0.559113631275777,0.21669453672908448,-0.7054689621240783,-0.010684955964216718,-0.6991224441542135,-0.6983308925851475,0.507900228415866,0.3726417573642265,-0.16695598360572286,0.2955165991088119,0.7461740953603719,0.7746550865099482,0.41369818995709984,-0.7195772161209295,-0.38775191754714683,-0.40238137643126054,-1.2740310493992413,-1.2860490588430924
-0.5008210057446509,0.559113631275777,0.361157560312046,1.0344338197114997,-0.010684955964216718,0.27694708420645836,0.26435685325786984,0.5230658179192075,0.3726417573642265,-0.16320331902512444,0.30896766176200785,0.6895276883011665,0.7188169288306061,0.41369818995709984,-0.6766575831720705,-0.3098473158475165,-0.3243267982354308,0.8596346818869686,0.8485906054410259
-0.5008210057446509,0.559113631275777,0.5056205838950075,-0.7054689621240783,-0.010684955964216718,0.6905801746894435,0.6780332805044881,0.507900228415866,0.3726417573642265,-0.17786011646282351,0.2833288452414505,0.6139289612493751,0.6418036377453401,0.41369818995709984,-0.5941408021988906,-0.20506133568674353,-0.2184229678917305,0.31923007141941945,0.3079392747602903
-0.5008210057446509,0.559113631275777,0.6500836074779691,2.343891886096265,-0.010684955964216718,-0.6991224441542135,-0.6983308925851475,0.507900228415866,0.3726417573642265,-0.2052646017637069,0.23494976481677307,0.5529214662091473,0.5736237999914834,0.41369818995709984,-0.4989771509097856,-0.11066230587836813,-0.1207537038672357,0.9171740560312359,0.9061562457168615
-0.5008210057446509,0.559113631275777,0.7945466310609306,-0.7054689621240783,-0.010684955964216718,1.1758635804694966,1.163972051263667,0.40174139115203655,0.7315353705277589,-0.2111390938041374,0.1603686721111495,0.4419890611250309,0.45540393742840274,0.41369818995709984,-0.4252439979225246,-0.0372548937598674,-0.043596740643092616,0.7426552054419185,0.7315578051883539
-0.5008210057446509,0.559113631275777,0.9390096546438922,2.356569300839131,-0.010684955964216718,-0.6991224441542135,-0.6983308925851475,0.35624491190157287,0.7315353705277589,-0.20822860475062874,0.10182877794923181,0.37697935575038166,0.38478410449709927,0.41369818995709984,-0.3580911458933692,0.019687133523589573,0.01623898418004353,0.8817646011385564,0.8707306058389929
-0.5008210057446509,0.559113631275777,1.0834726782268538,-0.7054689621240783,-0.010684955964216718,1.2134120621659947,1.204247131021722,0.35624491190157287,1.0904289836912913,-0.15094662150100596,0.06134714183376588,0.31031676734305025,0.3145667449971272,0.41369818995709984,-0.31849472177454435,0.06056414287835959,0.05919902743022386,0.7525638692713894,0.7414709109658019
-0.5008210057446509,0.559113631275777,1.2279357018098151,1.5412580662207431,-0.010684955964216718,0.5104971477116619,-0.6983308925851475,0.35624491190157287,0.9707977793034471,-0.12309863947696097,0.024558743079345875,0.3408367112415143,0.30613241115178824,0.41369818995709984,-0.2958977704169072,0.048970928558233665,0.06317263151541132,0.8094825680975712,0.7984154837617092
-0.5008210057446509,0.559113631275777,1.3723987253927767,-0.7054689621240783,-0.010684955964216718,1.0331110246312898,1.4467308350395778,0.35624491190157287,0.7315353705277589,-0.09502322323591002,-0.0004279520344454375,0.41608593749732853,0.27176537254766187,0.41369818995709984,-0.2809585326971682,0.018854774812845677,0.07675214608707452,0.7157220728746477,0.7046123694425562
-0.5008210057446509,0.559113631275777,1.5168617489757383,1.6493987714146225,-0.010684955964216718,0.3944038982503831,-0.6983308925851475,0.35624491190157287,0.7315353705277589,-0.09839861458594559,-0.018172853041282376,0.5181018100791984,0.29849715476490524,0.41369818995709984,-0.270960673892724,-0.021708352050589273,0.06489699711891463,0.7838509095876548,0.7727722201818447
-0.5008210057446509,0.559113631275777,1.6613247725587,-0.7054689621240783,-0.010684955964216718,0.9998458091708123,1.4786621311965078,0.32591373289489,0.9707977793034471,-0.08602217963581514,-0.03289075327580401,0.5888058211053779,0.2800554867467737,0.41369818995709984,-0.2433460922408862,-0.03030430052473846,0.09181959508548823,0.698569436843786,0.6874517688564448
-0.5008210057446509,0.6691914832879408,-1.6613247698494156,1.697013083006184,-0.010684955964216718,0.35826691402657773,-0.6983308925851475,0.35624491190157287,0.7315353705277589,-0.09080900097962302,-0.040203829051679775,0.6756235237080361,0.3248071783655659,0.41369818995709984,-0.22451779289511903,-0.04985816859871718,0.08774608745082044,0.78075473340695,0.7696746691775312
-0.5008210057446509,0.6691914832879408,-1.516861746266454,-0.7054689621240783,-0.010684955964216718,-0.6991224441542135,0.7307327476914061,0.35624491190157287,1.0904289836912913,-0.07252195208400818,-0.04315460784138606,0.6883973515805184,0.30368235413855826,0.41369818995709984,-0.22128483095024554,-0.05272721376968659,0.09853935487352776,-0.5064641327889685,-0.5181318535080675
-0.5008210057446509,0.6691914832879408,-1.3723987226834924,-0.7054689621240783,-0.010684955964216718,-0.6991224441542135,-0.5214897915429993,0.35624491190157287,0.851166574915603,-0.10519153950857961,-0.047027813772481046,0.5566278795284368,0.2808235402115645,0.41369818995709984,-0.22191149180789865,-0.004348649520905466,0.10562687241312504,-1.2740310493992413,-1.2860490588430924
-0.5008210057446509,0.6691914832879408,-1.2279356991005308,-0.7054689621240783,-0.010684955964216718,-0.6991224441542135,0.8286806550112137,0.35624491190157287,1.0904289836912913,-0.20774831719824555,-0.057985429531624756,0.28519362719905306,0.17586517721085398,0.41369818995709984,-0.1670865090727903,0.15213736972327646,0.19942828708593865,-0.427145589351724,-0.41777182592898987
-0.5008210057446509,0.6691914832879408,-1.0834726755175694,-0.7054689621240783,-0.010684955964216718,-0.6991224441542135,0.06021519831288686,0.35624491190157287,1.0904289836912913,-0.3028118063617326,-0.06983300751363851,0.013958846055665976,0.17702312681224708,0.41369818995709984,-0.11857518877144929,0.308670288476102,0.24111688971832915,-0.8664311558752482,-0.8844807547484483
-0.5008210057446509,0.6691914832879408,-0.9390096519346078,0.8235599828111136,-0.010684955964216718,0.5462237591224353,0.06447560066804243,0.35624491190157287,0.9707977793034471,-0.40412772972038075,-0.08002699192849563,-0.2693788919201204,0.17008465255335656,0.41369818995709984,-0.12275236478486212,0.4230601262761405,0.23341218061925248,0.9014667222419369,0.8874563977176124
-0.5008210057446509,0.6691914832879408,-0.7945466283516462,-0.7054689621240783,-0.010684955964216718,1.3075066378794973,1.0389658018724806,0.38657609090825573,0.9707977793034471,-0.4293816238222224,-0.0880973472167739,-0.27897908207693695,0.16401485011708966,0.41369818995709984,-0.10602266747182852,0.43920625023583043,0.2472673509716944,0.7406452110678633,0.7295468661424895
-0.5008210057446509,0.6691914832879408,-0.6500836047686848,2.3688573975611082,-0.010684955964216718,-0.6991224441542135,-0.6983308925851475,0.416906980655378,0.9707977793034471,-0.4356367337140541,-0.08958367587764962,-0.18827851087506908,0.1926458038384281,0.41369818995709984,-0.0716217130973738,0.4323068592165601,0.26745501941386485,0.9300413682157105,0.9190294111495526
-0.5008210057446509,0.6691914832879408,-0.5056205811857232,-0.7054689621240783,-0.010684955964216718,1.2504490494700202,1.1081132446360717,0.4472381596620609,0.9707977793034471,-0.36977713586246813,-0.059627730953209675,-0.11450145016718795,0.19097050818051112,0.41369818995709984,-0.03133202881526921,0.45902387426208935,0.32616124900947063,0.7621153927786207,0.7510268670838914
-0.5008210057446509,0.6691914832879408,-0.3611575576027617,2.2736341566547718,-0.010684955964216718,-0.6991224441542135,-0.6983308925851475,0.35624491190157287,1.0904289836912913,-0.2053796567205452,0.022981371494798265,0.049695728664813504,0.26878874612843995,0.41369818995709984,-0.01303000876505129,0.4525386188122638,0.35766944156824354,0.8876889182480434,0.8716586212189317
-0.5008210057446509,0.6691914832879408,-0.21669453401980013,-0.7054689621240783,-0.010684955964216718,1.2905453324580827,1.214110634032674,0.507900228415866,1.0904289836912913,-0.038196777344466845,0.14693666495360583,0.24977981971594293,0.37237283005841676,0.41369818995709984,-0.02411927575554287,0.4306735515577419,0.3783904345988546,0.748804895375722,0.7430333126597815
-0.5008210057446509,0.6691914832879408,-0.0722315104368386,2.249049710386411,-0.010684955964216718,-0.6991224441542135,-0.6983308925851475,0.5230658179192075,1.030613381497369,0.13333879159060505,0.23791112999295283,0.37413305536558233,0.46306770235000505,0.41369818995709984,-0.008859347901101938,0.44674308732900464,0.4087533120621751,0.8406072391745928,0.8252689170995599
-0.5008210057446509,0.6691914832879408,0.07223151314612293,-0.7054689621240783,-0.010684955964216718,1.1183199357363873,1.0777597316512477,0.6595555449301591,0.7315353705277589,0.2597126142699691,0.34067177197276743,0.4873414778283793,0.5425587204969051,0.41369818995709984,0.017689403558878374,0.48038896693822697,0.45689100304377445,0.7393210557198828,0.7316977553991065
-0.5008210057446509,0.6691914832879408,0.21669453672908448,1.3039832646365606,-0.010684955964216718,-0.6991224441542135,-0.6983308925851475,0.507900228415866,0.7315353705277589,0.30606905908912596,0.3885794053198262,0.5457754535928631,0.593291335002545,0.41369818995709984,0.05724408246077063,0.503248389830138,0.4828394872252849,0.09064046405943946,0.07924536495770348
-0.5008210057446509,0.6691914832879408,0.361157560312046,-0.7054689621240783,-0.010684955964216718,0.9221163210007743,0.8990485896732487,0.5382314074225488,0.7315353705277589,0.3523131246481151,0.4205411176014403,0.5563977204676713,0.6009685157051918,0.41369818995709984,0.11478539991848243,0.548778346767221,0.5296054006185751,0.6414556069141225,0.6303119214619325
-0.5008210057446509,0.6691914832879408,0.5056205838950075,1.363830414908425,-0.010684955964216718,-0.6991224441542135,-0.6983308925851475,0.35624491190157287,1.0904289836912913,0.3352997073677337,0.4085114537720828,0.5622659240762244,0.602613625855759,0.41369818995709984,0.187034546639064,0.5831124443954844,0.5658563028961704,0.14618091445960002,0.13481113106524517
-0.5008210057446509,0.6691914832879408,0.6500836074779691,-0.7054689621240783,-0.010684955964216718,1.0861790408722698,1.0695937028169547,0.35624491190157287,0.7315353705277589,0.2961783463460371,0.36455536561602275,0.5130008033398634,0.5446121734830106,0.41369818995709984,0.24073626934630354,0.6179092981847222,0.6052013979709029,0.7474067558178421,0.7363113995357157
-0.5008210057446509,0.6691914832879408,0.7945466310609306,2.282102989769066,-0.010684955964216718,-0.6991224441542135,-0.6983308925851475,0.35624491190157287,0.7315353705277589,0.21905874798015298,0.28683646795966156,0.4728960132219672,0.49426526268239657,0.41369818995709984,0.29927030254078274,0.638198714057107,0.6307725891379985,0.8250149319306118,0.8139550797837455
-0.5008210057446509,0.6691914832879408,0.9390096546438922,-0.7054689621240783,-0.010684955964216718,1.2012469889968904,1.1888178914908083,0.35624491190157287,0.7315353705277589,0.17504554452032525,0.2093652917467796,0.39354739836163066,0.4077326364598273,0.41369818995709984,0.35275244058092015,0.6747925935146942,0.6716067021920789,0.7407251356157838,0.7296267791471652
-0.5008210057446509,0.6691914832879408,1.0834726782268538,2.3024729339043897,-0.010684955964216718,-0.6991224441542135,-0.6983308925851475,0.35624491190157287,0.7315353705277589,0.15807627623500967,0.15211693673462573,0.3758362324152466,0.3840437210807125,0.41369818995709984,0.3922342463295543,0.6822304683419232,0.6821537864646567,0.8123042286576031,0.8012384618781626
-0.5008210057446509,0.6691914832879408,1.2279357018098151,-0.7054689621240783,-0.010684955964216718,1.2278137933053073,1.2184442449400892,0.23492077439396258,0.9707977793034471,0.17482613739333125,0.1052016006796806,0.3264117052182814,0.33078390882083736,0.41369818995709984,0.42991449260062276,0.7092430793731237,0.7115965110622646,0.7410864161736137,0.7299882318144675
-0.5008210057446509,0.6691914832879408,1.3723987253927767,2.3245081544774497,-0.010684955964216718,-0.6991224441542135,-0.6983308925851475,0.20458959538727972,1.0904289836912913,0.16377818584018272,0.06705249838387008,0.32694448082190514,0.32784752974474857,0.41369818995709984,0.45779016283466334,0.7088947752240685,0.7129650379927815,0.8168476871925444,0.8057840775082274
-0.5008210057446509,0.6691914832879408,1.5168617489757383,-0.7054689621240783,-0.010684955964216718,1.2457373304712132,1.2382366513007332,0.20458959538727972,1.0904289836912913,0.18228865540779754,0.03741979112642019,0.29168581759457024,0.29060112913397207,0.41369818995709984,0.4797737249354063,0.7260931262331894,0.73154449766989,0.7512267531859083,0.7401330853054748
-0.5008210057446509,0.6691914832879408,1.6613247725587,1.4415524652066294,-0.010684955964216718,0.5988861327697959,-0.6983308925851475,0.26525166414108486,0.9707977793034471,0.16417686464411083,0.016716347979796414,0.3432576435843805,0.3016423169334972,0.41369818995709984,0.49524455059099814,0.7010388923909012,0.7260662724479522,0.7788005422082447,0.7677194643297997
-0.5008210057446509,0.7792693353001046,-1.6613247698494156,-0.7054689621240783,-0.010684955964216718,1.0201599992278005,1.4655839499967138,0.20458959538727972,1.0904289836912913,0.14415730215424463,-0.006069084506610559,0.4329847272033071,0.27488118769521924,0.41369818995709984,0.5123103813559804,0.6578743487452706,0.7394563820255897,0.7053108204465416,0.6941964264510722
-0.5008210057446509,0.7792693353001046,-1.516861746266454,-0.7054689621240783,-0.010684955964216718,-0.6991224441542135,-0.6983308925851475,0.20458959538727972,1.0904289836912913,0.0721375816426354,-0.026081589496065604,0.507615081317952,0.3049124135630649,0.41369818995709984,0.5273430028846958,0.6224088542548201,0.7244561132882149,-1.2740310493992413,-1.2860490588430924
-0.5008210057446509,0.7792693353001046,-1.3723987226834924,-0.7054689621240783,-0.010684955964216718,-0.6991224441542135,0.0115226547643889,0.20458959538727972,0.9707977793034471,-0.053955292886309514,-0.03764262928419732,0.41212208700636804,0.22260995080105186,0.41369818995709984,0.5360501381898768,0.6678671711167732,0.765745535143723,-0.8834934717666525,-0.944993059005987
-0.5008210057446509,0.7792693353001046,-1.2279356991005308,-0.7054689621240783,-0.010684955964216718,-0.6991224441542135,-0.3689464360622208,0.20458959538727972,1.0904289836912913,-0.1795498189103443,-0.052256077172180684,0.20345221054772164,0.09112523473034008,0.41369818995709984,0.5470805275333652,0.7695276647565621,0.8328100727651575,-1.0962682567209439,-1.1179406812725212
-0.5008210057446509,0.7792693353001046,-1.0834726755175694,1.2341229266311358,-0.010684955964216718,-0.6991224441542135,0.47824960438159514,0.20458959538727972,1.0904289836912913,-0.3424489079166985,-0.07575856090239096,-0.055301982415417596,-0.030723596605245457,0.41369818995709984,0.5648842593005435,0.9001681823016152,0.8961948657658195,0.8834820788676323,0.8729124357717791
-0.5008210057446509,0.7792693353001046,-0.9390096519346078,-0.7054689621240783,-0.010684955964216718,-0.6991224441542135,0.742697970242031,0.23492077439396258,1.0904289836912913,-0.3566180596361701,-0.09055338887861984,-0.30020145236144274,-0.016355295106713984,0.41369818995709984,0.5761327855001422,1.0286758478801874,0.888657673898301,-0.4807283383534394,-0.47084999240829073
-0.5008210057446509,0.7792693353001046,-0.7945466283516462,0.6903462103212743,-0.010684955964216718,0.6296531616845469,-0.027239937352065348,0.35624491190157287,0.7315353705277589,-0.40144735058054865,-0.1058013141959134,-0.5827003884268839,0.04939377081916411,0.41369818995709984,0.6017194665560166,1.182930052891943,0.8542583462991438,0.8908895003697256,0.8764931530966701
-0.5008210057446509,0.7792693353001046,-0.6500836047686848,-0.7054689621240783,-0.010684955964216718,1.3570627289966566,1.00419640351564,0.20458959538727972,-0.5844078777385264,-0.4049250873282369,-0.11600447347904753,-0.5429894260351863,0.07093616123117803,0.41369818995709984,0.5962361237260939,1.1043531531899673,0.7905801272551056,0.7516863193364512,0.7405928924400703
-0.5008210057446509,0.7792693353001046,-0.5056205811857232,1.4769430879884249,-0.010684955964216718,0.4049869758159704,-0.6983308925851475,0.3714105014049143,0.7315353705277589,-0.12633088105511633,-0.017007644770102016,0.5737278453023438,0.19426911334479816,0.41369818995709984,0.5549320065423436,0.5446372062081336,0.7303441381024898,0.8482933165329495,0.8337386710694809
-0.5008210057446509,0.7792693353001046,-0.3611575576027617,-0.7054689621240783,-0.010684955964216718,-0.6991224441542135,1.2358105502732386,0.507900228415866,0.3726417573642265,0.20566956184017834,0.14942305425667574,0.9052668576891753,0.39657406057616384,0.35693584976884174,0.47258872158635773,0.4023705586327596,0.6382248304818808,-0.20664384221262005,-0.19713283964000117
-0.5008210057446509,0.7792693353001046,-0.21669453401980013,-0.7054689621240783,-0.010684955964216718,-0.6991224441542135,-0.6983308925851475,0.507900228415866,0.7315353705277589,0.6622163265887774,0.31899579278878054,1.1122216229246362,0.5360034344840947,0.039933909760818086,0.39912100061427513,0.33858937823104246,0.5991915818446802,-1.2740310493992413,-1.2860490588430924
-0.5008210057446509,0.7792693353001046,-0.0722315104368386,0.24343872486366708,-0.010684955964216718,-0.6991224441542135,-0.4230598973517474,0.5382314074225488,0.6717197683338367,0.9500048955464478,0.5039900733763438,1.07086715435088,0.6795740923031628,-0.12424130535136307,0.2951865103363463,0.37040897376285337,0.5459165512882852,-0.43458280254904436,-0.4917781838071501
-0.5008210057446509,0.7792693353001046,0.07223151314612293,-0.7054689621240783,-0.010684955964216718,-0.6991224441542135,-0.14820944516192877,0.507900228415866,0.3726417573642265,0.9251944981677679,0.6025196895622601,0.8442227076874181,0.6269783612049844,0.41369818995709984,0.23661386884875027,0.4622511198087084,0.5621912945907226,-0.9651284770167692,-0.9685491076015499
-0.5008210057446509,0.7792693353001046,0.21669453672908448,1.2077874463149079,-0.010684955964216718,-0.6991224441542135,-0.6983308925851475,0.35624491190157287,0.7315353705277589,0.6502766991201319,0.6151061973201223,0.5558649448640477,0.5349310104868595,0.41369818995709984,0.25146406619248846,0.595103443997638,0.6067898860786921,0.11797483945850046,0.10056789629886627
-0.5008210057446509,0.7792693353001046,0.361157560312046,-0.7054689621240783,-0.010684955964216718,1.160630381873452,0.9225646230126741,0.2500860746377434,0.851166574915603,0.4504891179637456,0.4994626287611882,0.02394178220612579,0.2361297041485263,0.41369818995709984,0.3740574619301342,0.8354653620144428,0.7349171634845592,0.8280041820269365,0.8211736829676416
-0.5008210057446509,0.7792693353001046,0.5056205838950075,2.255891481228153,-0.010684955964216718,-0.6991224441542135,-0.6983308925851475,0.20458959538727972,1.0904289836912913,0.26278364512371727,0.41130908283747286,-0.0391959628076311,0.24339770352931941,0.41369818995709984,0.44469181679110287,0.8681461443953381,0.7318862501591102,0.8601286299939368,0.8482027200106386
-0.5008210057446509,0.7792693353001046,0.6500836074779691,-0.7054689621240783,-0.010684955964216718,1.2873823924109182,1.1888216645872742,0.20458959538727972,1.0904289836912913,0.1989562388934964,0.32589247069669963,-0.04491754657006695,0.1707126788034966,0.41369818995709984,0.522291107730354,0.8724897273288919,0.7698344292252739,0.8068473981493539,0.7957791742279726
-0.5008210057446509,0.7792693353001046,0.7945466310609306,2.3047329519270314,-0.010684955964216718,-0.6991224441542135,-0.6983308925851475,0.20458959538727972,0.7315353705277589,0.12679470645834226,0.2175146920540598,-0.0269608776255331,0.13381005758198233,0.41369818995709984,0.6183968013715104,0.8525307593706198,0.7779233660753888,0.8402520789650271,0.8291992025936219
-0.5008210057446509,0.7792693353001046,0.9390096546438922,-0.7054689621240783,-0.010684955964216718,1.2694878672574088,1.2157051865224053,0.20458959538727972,1.0904289836912913,0.11377342861058315,0.12999703507785115,-0.04512298484282426,0.07664960698345356,0.41369818995709984,0.7007960683525158,0.8530569804630156,0.7984259149023639,0.7802571850951204,0.7691769545919999
-0.5008210057446509,0.7792693353001046,1.0834726782268538,1.3889593681783512,-0.010684955964216718,0.6361849639973004,-0.6983308925851475,0.20458959538727972,1.0904289836912913,0.07612169398524576,0.06412994995809305,0.01861402616988859,0.06964405381934113,0.41369818995709984,0.7860991615795735,0.8231406874677649,0.8043512139259893,0.794805612939572,0.7837317765102635
-0.5008210057446509,0.7792693353001046,1.2279357018098151,-0.7054689621240783,-0.010684955964216718,1.0265120532028786,1.4595926920420006,0.3107484326511092,0.851166574915603,0.059137040444073884,0.030540757195956853,0.1502863199518692,0.06078041498058202,0.41369818995709984,0.8450154168759096,0.7601073175800167,0.8115941129080538,0.7277751987297428,0.716671036942976
-0.5008210057446509,0.7792693353001046,1.3723987253927767,2.346128760328724,-0.010684955964216718,-0.6991224441542135,-0.6983308925851475,0.35624491190157287,1.0904289836912913,0.0335827993909508,0.013241190180104051,0.27337538564923025,0.12163355931157652,0.41369818995709984,0.8996871729477104,0.721268070362276,0.8025416810883302,0.8340930284985842,0.8230372952177065
-0.5008210057446509,0.7792693353001046,1.5168617489757383,-0.7054689621240783,-0.010684955964216718,1.1697309035591719,1.2653517994355692,0.35624491190157287,0.7315353705277589,0.05012663190563171,-0.004522766322385139,0.28132695497819354,0.12588552341632986,0.41369818995709984,0.9524569879798417,0.7330669540872794,0.8164831022275253,0.7380552236906551,0.7269556357395957
-0.5008210057446509,0.7792693353001046,1.6613247725587,2.3357560365058276,-0.010684955964216718,-0.6991224441542135,-0.6983308925851475,0.35624491190157287,0.7315353705277589,0.04885099351789532,-0.020690295744674465,0.30104902916289494,0.16480554271239284,0.41369818995709984,0.9906063250122801,0.7266387095080529,0.7998848101195041,0.8268807380999726,0.8158217656109132
-0.5008210057446509,0.8893471873122684,-1.6613247698494156,-0.7054689621240783,-0.010684955964216718,1.206947008504951,1.249099186409235,0.20458959538727972,1.0904289836912913,0.07642806125403614,-0.04041626254024749,0.26258604034512556,0.1507080722936948,0.41369818995709984,1.0268098040716285,0.7443482221343171,0.8059401354548175,0.7420914133606413,0.7309937013373997
-0.5008210057446509,0.8893471873122684,-1.516861746266454,-0.7054689621240783,-0.010684955964216718,-0.6991224441542135,-0.6983308925851475,0.35624491190157287,0.7315353705277589,0.04748170574668588,-0.04754654670968127,0.27182309065051213,0.18223012683009723,0.41369818995709984,1.0506402903943495,0.7381372642694485,0.7881698728574478,-1.2740310493992413,-1.2860490588430924
-0.5008210057446509,0.8893471873122684,-1.3723987226834924,-0.7054689621240783,-0.010684955964216718,-0.6991224441542135,0.12990691024166656,0.35624491190157287,0.4922729617520706,-0.043277925322047155,-0.051960364110021647,0.1882071563153911,0.13486822731185785,0.41369818995709984,1.0644992198123122,0.7674959264096338,0.8002926593171656,-0.8697754761760171,-0.8816089579823436
-0.5008210057446509,0.8893471873122684,-1.2279356991005308,-0.7054689621240783,-0.010684955964216718,-0.6991224441542135,-0.34056452319311786,0.35624491190157287,0.7315353705277589,-0.17450546176198553,-0.06277965108591196,-0.017212362740667723,0.02168431355831154,0.41369818995709984,1.0911061250137997,0.8684206571156557,0.8562438480786206,-1.0796858481375486,-1.101320338701674
-0.5008210057446509,0.8893471873122684,-1.0834726755175694,0.9393612825551845,-0.010684955964216718,-0.6991224441542135,0.24233601420124382,0.35624491190157287,0.7315353705277589,-0.3330424962709989,-0.07507185729981161,-0.2489833893724386,-0.0965799887794786,0.41369818995709984,1.118703815537399,0.9903916498931832,0.9197664689696721,0.5207598190010113,0.507094879173064
-0.5008210057446509,0.8893471873122684,-0.9390096519346078,-0.7054689621240783,-0.010684955964216718,0.9368077518001063,0.41322605124686285,0.35624491190157287,0.6119041661399147,-0.3604730696144212,-0.09091756057330734,-0.5021523891276697,-0.12461897116223375,0.41369818995709984,1.1427065913681538,1.1203093126261146,0.9282645552805654,0.3760083622560112,0.3807198388635247
-0.5008210057446509,0.8893471873122684,-0.7945466283516462,1.4300494632585725,-0.010684955964216718,-0.6991224441542135,0.5153047655390501,0.35624491190157287,0.7315353705277589,-0.38498980928349646,-0.10268044746353329,-0.4987724606982808,-0.09912898717791088,0.41369818995709984,1.1686769423368772,1.1226177150469678,0.9187448955808427,0.8612050912474609,0.8501616131508937
-0.5008210057446509,0.8893471873122684,-0.6500836047686848,-0.7054689621240783,-0.010684955964216718,1.060656984358096,0.47153286382310117,0.35624491190157287,0.7315353705277589,-0.3835843996072332,-0.1111403817740354,-0.49543856408104503,-0.04319691903125819,0.41369818995709984,1.1914601787088033,1.121283445539593,0.889769398863234,0.4640574924869927,0.45283271956743676
-0.5008210057446509,0.8893471873122684,-0.5056205811857232,2.2958835918439333,-0.010684955964216718,-0.6991224441542135,-0.6983308925851475,0.4472381596620609,0.5520885639459927,-0.33116014366319074,-0.07617778180674052,-0.39450273420284115,0.036182580435710446,0.41369818995709984,1.1790442342460834,1.0722274200398083,0.8540546384108325,0.8940061977181397,0.8829777860683912
-0.5008210057446509,0.8893471873122684,-0.3611575576027617,-0.7054689621240783,-0.010684955964216718,1.26949333328873,1.0796330740465059,0.507900228415866,0.3726417573642265,-0.1238351249855597,0.07211702567277999,-0.11882673562764676,0.16070199068544297,0.41369818995709984,1.0609129919854192,0.926212038803356,0.7902260222662751,0.7800271320044844,0.7726660793192242
-0.5008210057446509,0.8893471873122684,-0.21669453401980013,1.9988906352215352,-0.010684955964216718,-0.6991224441542135,-0.6983308925851475,0.6595555449301591,0.3726417573642265,0.31811170087959173,0.27179038974446224,0.24806470849275744,0.3425269096662466,-0.011127276528036054,0.9096635558891084,0.7558325779619032,0.7137300261265465,0.6767584957429079,0.6433233978642545
-0.5008210057446509,0.8893471873122684,-0.0722315104368386,-0.7054689621240783,-0.010684955964216718,0.5506431505615491,0.4752401407171974,0.6595555449301591,0.1931949507824603,0.8416645995031539,0.47878459294210074,0.7214481927064366,0.609516883689408,-0.6345688710107735,0.7526653449476962,0.5341913087668904,0.5873004589302866,0.15146565517547983,0.14957167774426364
-0.5008210057446509,0.8893471873122684,0.07223151314612293,-0.7054689621240783,-0.010684955964216718,-0.6991224441542135,-0.6983308925851475,0.6595555449301591,0.07356374639461619,1.0674713240091902,0.6457382594606681,0.7855185081367764,0.683415198113432,-0.6312181415283411,0.6211587421403583,0.49982042299193863,0.5470445295421792,-1.2740310493992413,-1.2860490588430924
-0.5008210057446509,0.8893471873122684,0.21669453672908448,0.9822852987457844,-0.010684955964216718,-0.6991224441542135,-0.6983308925851475,0.507900228415866,0.7315353705277589,0.9778435126321455,0.6984690504850416,0.719505479745383,0.659624825890169,0.1632627497262949,0.5940943286654358,0.5442009116965314,0.5727229924164174,-0.0684294574444976,-0.1028026068476989
-0.5008210057446509,0.8893471873122684,0.361157560312046,-0.7054689621240783,-0.010684955964216718,-0.6991224441542135,0.9240911549577864,0.5382314074225488,0.4922729617520706,0.7945903990520928,0.6625960212810279,0.5078571745522386,0.4927576642875343,0.41369818995709984,0.636395505018929,0.6556223117889338,0.6654597083070253,-0.33784484790071684,-0.3307289419951188
-0.5008210057446509,0.8893471873122684,0.5056205838950075,0.45843233582564813,-0.010684955964216718,-0.6991224441542135,-0.6983308925851475,0.507900228415866,0.7315353705277589,0.5376653222662994,0.6051585228305479,0.2992358872286427,0.4348811463757617,0.41369818995709984,0.6967238586360145,0.7720946598810376,0.7090503791688927,-0.45125652132823374,-0.48702351370780234
-0.5008210057446509,0.8893471873122684,0.6500836074779691,-0.7054689621240783,-0.010684955964216718,1.3150339937046036,0.9486856650370129,0.507900228415866,0.3726417573642265,0.4090880633786481,0.5097278948449667,-0.0037932370570763676,0.3287782495547025,0.41369818995709984,0.7791945509592861,0.9254930564277276,0.7620536547338597,0.8179860719696826,0.8119580742874143
-0.5008210057446509,0.8893471873122684,0.7945466310609306,2.244836284708731,-0.010684955964216718,-0.6991224441542135,-0.6983308925851475,0.507900228415866,0.4922729617520706,0.19153452525325765,0.3983838107124595,-0.08295090514107416,0.299194775379213,0.41369818995709984,0.8738186513520829,0.9655129665052674,0.7758069711421459,0.8552674533799871,0.8426579869169876
-0.5008210057446509,0.8893471873122684,0.9390096546438922,-0.7054689621240783,-0.010684955964216718,1.2918737883010891,1.146487103008316,0.507900228415866,0.3726417573642265,0.15782877429297376,0.3172575081298361,-0.06567448408724708,0.2367049057608041,0.41369818995709984,0.9456643414095932,0.9558542493490105,0.8069508733176728,0.7882051773571356,0.7771285034623702
-0.5008210057446509,0.8893471873122684,1.0834726782268538,1.2962998851146394,-0.010684955964216718,0.5746392382932476,-0.6983308925851475,0.507900228415866,0.7315353705277589,0.12454712125498921,0.25152451723874203,0.04128298877335352,0.23412907580028305,0.41369818995709984,1.0107878450317933,0.9073941487985049,0.8151147920075278,0.8042509304033953,0.7931815917657327
-0.5008210057446509,0.8893471873122684,1.2279357018098151,-0.7054689621240783,-0.010684955964216718,1.0782207095006904,1.4452272560979658,0.4472381596620609,0.851166574915603,0.09061192930519635,0.19061680130225733,0.24398492603044844,0.19865271980104948,0.41369818995709984,1.0682741456718137,0.8091284911513598,0.8379114383937194,0.7228384178137062,0.7156596251709781
-0.5008210057446509,0.8893471873122684,1.3723987253927767,2.334233210993707,-0.010684955964216718,-0.6991224441542135,-0.6983308925851475,0.35624491190157287,1.0904289836912913,0.065145986242205,0.15410788315073704,0.3409867408514948,0.24616890080129925,0.41369818995709984,1.098737054148348,0.7608400686187331,0.8133811078516868,0.8376979136261886,0.8266438305902619
-0.5008210057446509,0.8893471873122684,1.5168617489757383,-0.7054689621240783,-0.010684955964216718,1.173321665673201,1.241659478644604,0.35624491190157287,1.0904289836912913,0.08701445513149612,0.12061679090325504,0.35326700540478007,0.2474710700489194,0.41369818995709984,1.1267642619328724,0.754613190737169,0.8125290020890911,0.737236717115442,0.72613662989424
-0.5008210057446509,0.8893471873122684,1.6613247725587,2.3233179536707333,-0.010684955964216718,-0.6991224441542135,-0.6983308925851475,0.26525166414108486,0.9707977793034471,0.0846130173695802,0.08681093009796174,0.36472551686703614,0.2695844696416348,0.41369818995709984,1.156756631837045,0.7474483226827325,0.7996819690732706,0.8253340900915648,0.8142743219921679
-0.5008210057446509,0.999425039324432,-1.6613247698494156,-0.7054689621240783,-0.010684955964216718,1.2116383350022908,1.2398626462610127,0.3107484326511092,0.910982177109525,0.11511060802174468,0.06110506646307244,0.33034572027543896,0.2503898409123874,0.41369818995709984,1.181548464658376,0.7629922827676817,0.8080786348610474,0.7442932986538031,0.733196636499626
-0.5008210057446509,0.999425039324432,-1.516861746266454,-0.7054689621240783,-0.010684955964216718,-0.6991224441542135,-0.6983308925851475,0.35624491190157287,0.7315353705277589,0.08533344869815498,0.04272639378602353,0.3388164261525732,0.27335598108773623,0.41369818995709984,1.1999863376399988,0.756520150574862,0.7940444616195148,-1.2740310493992413,-1.2860490588430924
-0.5008210057446509,0.999425039324432,-1.3723987226834924,-0.7054689621240783,-0.010684955964216718,-0.6991224441542135,-0.2444199463674813,0.35624491190157287,0.851166574915603,-0.006079052358218705,0.028903396088059558,0.2546412905438886,0.21044435285274463,0.41369818995709984,1.2205800011885348,0.8011577260355517,0.8291680357747746,-1.0938562432209251,-1.1057920091892712
-0.5008210057446509,0.999425039324432,-1.2279356991005308,-0.7054689621240783,-0.010684955964216718,-0.6991224441542135,-0.1658869261452697,0.35624491190157287,0.7315353705277589,-0.12615294722651754,0.007432792801658043,0.05916464291289715,0.05710029854284541,0.41369818995709984,1.2402552699645533,0.8999323939462326,0.9086847598455366,-0.9757673298959496,-0.9895198680432845
-0.5008210057446509,0.999425039324432,-1.0834726755175694,-0.7054689621240783,-0.010684955964216718,-0.6991224441542135,0.27874943453481127,0.35624491190157287,0.7315353705277589,-0.2505628085496183,-0.01737393374208421,-0.17974898657129476,-0.08409828149031312,0.41369818995709984,1.268398785232092,1.0256471722715412,0.9844428566664356,-0.7194929346975037,-0.7217002950200601
-0.5008210057446509,0.999425039324432,-0.9390096519346078,-0.7054689621240783,-0.010684955964216718,-0.6991224441542135,0.5040719429357267,0.20458959538727972,1.0904289836912913,-0.37554593788440765,-0.054134102132574954,-0.42450183667120267,-0.11962662364109368,0.41369818995709984,1.3029425902910792,1.1525124945061436,0.9976934046695279,-0.6018508855502951,-0.601744574168805
-0.5008210057446509,0.999425039324432,-0.7945466283516462,0.7649705809196355,-0.010684955964216718,0.5944265870236691,0.006281142519896141,0.20458959538727972,0.7315353705277589,-0.5243334026497095,-0.0863527107259454,-0.6954732135561581,-0.0932126277373391,0.41369818995709984,1.3295784517124043,1.2866373443539127,0.9659115067246516,0.927021876398551,0.9130711794829901
-0.5008210057446509,0.999425039324432,-0.6500836047686848,-0.7054689621240783,-0.010684955964216718,1.3354290179555521,1.0122289066583388,0.20458959538727972,0.7315353705277589,-0.5350201351523192,-0.09667161450118951,-0.6372208077173893,-0.06525330155453495,0.41369818995709984,1.3315701570335707,1.2333061489652932,0.9322312246291296,0.7715961722603278,0.760511926023474
-0.5008210057446509,0.999425039324432,-0.5056205811857232,1.5031971165159508,-0.010684955964216718,0.3736597838067913,-0.6983308925851475,0.38657609090825573,0.4922729617520706,-0.13259134234028933,0.0056359301375604074,0.5988586574150331,0.07436053934275615,0.09597673227041141,1.2411210609376988,0.5830603816381827,0.8447963315976028,0.8788970379665432,0.8640982362611919
-0.5008210057446509,0.999425039324432,-0.3611575576027617,-0.7054689621240783,-0.010684955964216718,-0.6991224441542135,0.947331123405799,0.507900228415866,0.3726417573642265,0.2456116928155993,0.1664382003559412,1.0601272506227917,0.28117402749134895,-0.10564967050313237,1.1061628767257132,0.37209090201320116,0.7361272750253361,-0.3544414322907532,-0.35198846500567194
-0.5008210057446509,0.999425039324432,-0.21669453401980013,-0.7054689621240783,-0.010684955964216718,-0.6991224441542135,-0.6983308925851475,0.507900228415866,-0.2853298667689162,0.8507579546383864,0.29736921674166983,1.3463624354413253,0.3725321424583188,-1.0336075258610309,0.9505087169884319,0.1769850736192441,0.6072846361946652,-1.2740310493992413,-1.2860490588430924
-0.5008210057446509,0.999425039324432,-0.0722315104368386,-0.7054689621240783,-0.010684955964216718,-0.6991224441542135,-0.6983308925851475,0.507900228415866,-0.2853298667689162,1.1842728418492736,0.4147948270236387,1.2622682817243915,0.39352700130645896,-1.512801620061989,0.8218427193471672,0.16215299644301856,0.5417708790506305,-1.2740310493992413,-1.2860490588430924
-0.5008210057446509,0.999425039324432,0.07223151314612293,-0.7054689621240783,-0.010684955964216718,-0.6991224441542135,-0.6983308925851475,0.507900228415866,-0.2853298667689162,1.4551369604408622,0.5391135864180355,1.0131739497856749,0.37647638208536666,-1.6443329615642441,0.7084356843530155,0.24266611439174937,0.525360691673518,-1.2740310493992413,-1.2860490588430924
-0.5008210057446509,0.999425039324432,0.21669453672908448,-0.7054689621240783,-0.010684955964216718,-0.6991224441542135,-0.6983308925851475,0.507900228415866,-0.5245922755446044,1.525817494768807,0.6491583680506984,0.7651784142518715,0.4679082838480806,-1.4773639119534427,0.5828100897947041,0.29037410172107103,0.42211069835137116,-1.2740310493992413,-1.2860490588430924
-0.5008210057446509,0.999425039324432,0.361157560312046,2.1387022717100765,-0.010684955964216718,-0.6991224441542135,-0.6983308925851475,0.38657609090825573,-0.2853298667689162,1.3489271878715798,0.6904967957114175,0.5318704365587669,0.5510517483843133,-0.4532457361974711,0.4970750662884015,0.3152228812938424,0.3078403249821019,0.7980780191482366,0.7658933497203902
-0.5008210057446509,0.999425039324432,0.5056205838950075,-0.7054689621240783,-0.010684955964216718,1.2058983714191913,1.207612733069195,0.35624491190157287,-0.2853298667689162,1.2789523685405213,0.7063015649572157,0.31311106882893597,0.7507666113877982,0.32763100616689833,0.4417517952702536,0.35224294390107647,0.16543464157924825,0.8591221927249647,0.8489721388120672
-0.5008210057446509,0.999425039324432,0.6500836074779691,2.115592031053531,-0.010684955964216718,-0.6991224441542135,-0.6983308925851475,0.35624491190157287,-0.2853298667689162,1.0710259870361598,0.639889633813623,0.24620042010055732,0.9845852282924137,0.41369818995709984,0.44648517200638127,0.33077006840920276,0.022757203184966546,0.710998064065913,0.7087268646576527
-0.5008210057446509,0.999425039324432,0.7945466310609306,-0.7054689621240783,-0.010684955964216718,1.2682935394137438,1.2085390282515434,0.20458959538727972,0.013748144200694123,0.8293844896331671,0.4876037586336027,0.11297753620179024,0.5681174603590804,0.41369818995709984,0.5270240018628177,0.3553355147118657,0.1613422801293857,0.7939957468560259,0.78446718105842
-0.5008210057446509,0.999425039324432,0.9390096546438922,1.2567681385733294,-0.010684955964216718,0.713842868180229,-0.6983308925851475,0.20458959538727972,-0.2853298667689162,0.44088804938525555,0.3477985273467101,0.20607943360431094,0.33643530658578263,0.41369818995709984,0.5762770839956665,0.25137264244132435,0.19751906740931882,0.7835724337416344,0.7725509226304351
-0.5008210057446509,0.999425039324432,1.0834726782268538,-0.7054689621240783,-0.010684955964216718,1.0464570759137173,1.4794496602755036,0.05293427887298657,0.013748144200694123,0.3612874112815034,0.23216131061966006,0.2995027012509375,0.23942663234018277,0.41369818995709984,0.6227161041639597,0.1696823037985665,0.19624264244958092,0.7163735299442973,0.7083994262436226
-0.5008210057446509,0.999425039324432,1.2279357018098151,1.4748160122024094,-0.010684955964216718,0.4936430605969307,-0.6983308925851475,0.11359634762679172,0.013748144200694123,0.20832786648247748,0.16357281841712093,0.45636206824935016,0.2607577242007477,0.41369818995709984,0.6204034674062595,0.05958398617478006,0.13962030120929597,0.7694646709722043,0.7562355557476241
-0.5008210057446509,0.999425039324432,1.3723987253927767,-0.7054689621240783,-0.010684955964216718,1.0163449195976315,1.523290525810188,0.05293427887298657,0.013748144200694123,0.17575995553139104,0.10427423322460427,0.54482668679793,0.19982324669717166,0.41369818995709984,0.6117783747239519,-0.017365629658478564,0.12099316521790184,0.6914795534104581,0.683844823673609
-0.5008210057446509,0.999425039324432,1.5168617489757383,-0.7054689621240783,-0.010684955964216718,1.382786923553725,-0.6983308925851475,0.08326531324988914,0.07356374639461619,0.09752994304718364,0.07131740061448359,0.6411388768776457,0.2480630413875027,0.41369818995709984,0.6067047624047318,-0.0717737926630155,0.08247417064342759,-0.2035751175939825,-0.21510455722357066
-0.5008210057446509,0.999425039324432,1.6613247725587,1.0676051503650048,-0.010684955964216718,-0.054517469977816306,0.6166201614545638,0.11359634762679172,0.013748144200694123,-0.004131814106147052,0.04486413809456703,0.7668415265761432,0.2285246332689931,0.41369818995709984,0.5968697823368744,-0.1339879270970256,0.07419474524668965,0.8076270225120651,0.7965592480966913
-0.5008210057446509,1.1095028913365959,-1.6613247698494156,-0.7054689621240783,-0.010684955964216718,0.9540470890069895,1.2875072122661413,0.05293427887298657,0.013748144200694123,-0.07336947900443923,0.01922320429671503,0.8050692416873524,0.24397290514159722,0.41369818995709984,0.5822792257643471,-0.16702841580109587,0.0473302256993367,0.6545599925887127,0.6434223670469682
-0.5008210057446509,1.1095028913365959,-1.516861746266454,-0.7054689621240783,-0.010684955964216718,-0.6991224441542135,-0.6983308925851475,0.20458959538727972,0.3726417573642265,-0.14379448430033606,0.005242116560747179,0.8044546317510121,0.3139009868627998,0.41369818995709984,0.5789536039159932,-0.15927902497150012,0.027133888836387024,-1.2740310493992413,-1.2860490588430924
-0.5008210057446509,1.1095028913365959,-1.3723987226834924,-0.7054689621240783,-0.010684955964216718,-0.6991224441542135,-0.06217472310398886,0.26525166414108486,0.25301055297638236,-0.22972113825769236,-0.004912345344608978,0.643129326532784,0.24027853443650093,0.41369818995709984,0.5852800553468555,-0.0721976093236941,0.08594890711277181,-0.9272192198786566,-0.9943719193105095
-0.5008210057446509,1.1095028913365959,-1.2279356991005308,-0.7054689621240783,-0.010684955964216718,-0.6991224441542135,-0.39041145084573203,0.35624491190157287,0.3726417573642265,-0.32355982727018556,-0.012701808511791068,0.3904658242702711,0.10716883188678857,0.41369818995709984,0.6092017537620651,0.07957737579077216,0.19799366344698027,-1.1087708118997692,-1.1309279404485866
-0.5008210057446509,1.1095028913365959,-1.0834726755175694,-0.7054689621240783,-0.010684955964216718,-0.6991224441542135,0.6040701089517434,0.35624491190157287,0.3726417573642265,-0.41381575844066715,-0.024982016821020782,0.12398169662927601,0.0010759969015126031,0.41369818995709984,0.6298485037136367,0.21535274412621963,0.2712827773194422,-0.5405965950173504,-0.5334555307386242
-0.5008210057446509,1.1095028913365959,-0.9390096519346078,-0.7054689621240783,-0.010684955964216718,-0.6991224441542135,0.29205787942725275,0.2955828431477677,0.3726417573642265,-0.5023813182394603,-0.0432738811289872,-0.15237454983662516,0.012880207247936861,0.41369818995709984,0.6467179147873868,0.3424045887185928,0.27435291524891703,-0.7303124053543188,-0.7389812773760355
-0.5008210057446509,1.1095028913365959,-0.7945466283516462,-0.7054689621240783,-0.010684955964216718,1.1871315938060152,0.5167873828336302,0.35624491190157287,0.3726417573642265,-0.5935255807046005,-0.07423200397291602,-0.4576669048865378,0.02016246089608963,0.41369818995709984,0.6849024818872944,0.512749197631604,0.30226609700003426,0.56824202086528,0.5611713947216752
-0.5008210057446509,1.1095028913365959,-0.6500836047686848,-0.7054689621240783,-0.010684955964216718,-0.6991224441542135,1.626902479774538,0.20458959538727972,0.7315353705277589,-0.664709146006629,-0.09998162467189568,-0.4579047359159954,0.07047415527146218,0.41369818995709984,0.7214013143889868,0.5477170840326385,0.3128467714031316,0.006620053073357087,-0.004813382966951519
-0.5008210057446509,1.1095028913365959,-0.5056205811857232,-0.7054689621240783,-0.010684955964216718,0.9990805647858553,-0.02631977345147399,0.32591373289489,0.7315353705277589,-0.7004939132800144,-0.0763605734131825,-0.41494000635784706,0.31657911215378426,0.41369818995709984,0.7333476854866727,0.5854972198694043,0.2586871285062187,0.06891682792644759,0.030742166769800166
-0.5008210057446509,1.1095028913365959,-0.3611575576027617,1.1541146645632625,-0.010684955964216718,0.25407226870749855,0.00229271753498198,0.35624491190157287,0.7315353705277589,-0.6526618217469895,-0.008782728239311033,-0.1933445675348063,0.44204349648083036,0.41369818995709984,0.7146279719652968,0.5442678187937249,0.2624164998359521,0.8897034128781753,0.8756690246228096
-0.5008210057446509,1.1095028913365959,-0.21669453401980013,-0.7054689621240783,-0.010684955964216718,1.2439930357838538,1.0204398982255156,0.35624491190157287,0.7315353705277589,-0.5581040392542569,0.07222571257390765,0.040847391439830766,0.5005958343627136,0.41369818995709984,0.692025711967356,0.498310818165552,0.2954871752401767,0.7011948862388778,0.6952865217969044
-0.5008210057446509,1.1095028913365959,-0.0722315104368386,2.2565018314157395,-0.010684955964216718,-0.6991224441542135,-0.6983308925851475,0.38657609090825573,0.9707977793034471,-0.3711872280079051,0.15578053221354593,0.21624138235758833,0.5803501372126096,0.41369818995709984,0.6614513220444466,0.47141330455235303,0.31121905869131644,0.9620884117781932,0.9405346154231984
-0.5008210057446509,1.1095028913365959,0.07223151314612293,-0.7054689621240783,-0.010684955964216718,1.1379482439785618,1.0065245088432597,0.507900228415866,0.7315353705277589,-0.24419933294262497,0.22981536737713823,0.3346121873092577,0.5776124793932407,0.41369818995709984,0.6484466011116945,0.48143151289642416,0.374085913550421,0.7272578492911762,0.7232562783385322
-0.5008210057446509,1.1095028913365959,0.21669453672908448,2.236636386024535,-0.010684955964216718,-0.6991224441542135,-0.6983308925851475,0.507900228415866,0.7315353705277589,-0.08254310503979155,0.27205646092449554,0.4103771403493796,0.6074215063875388,0.41369818995709984,0.6551422443454868,0.49989098739026483,0.4123721610269736,0.8860700861321668,0.8545068315538487
-0.5008210057446509,1.1095028913365959,0.361157560312046,-0.7054689621240783,-0.010684955964216718,0.9305806807335053,0.8592982847486422,0.46240374916540233,0.9707977793034471,-0.01916655369857662,0.2843599592839669,0.40541763881036713,0.5680495429675433,0.41369818995709984,0.6688274364444237,0.5360126447310045,0.4635565852019439,0.6149806004154501,0.6038248585147488
-0.5008210057446509,1.1095028913365959,0.5056205838950075,2.020802781065411,-0.010684955964216718,-0.6991224441542135,-0.6983308925851475,0.507900228415866,1.0904289836912913,0.010823323510330427,0.2730459351802162,0.4068616738064289,0.5363849457575443,0.41369818995709984,0.7147901267963876,0.5841446638563655,0.526373596641568,0.6522239996644681,0.6410852190179149
-0.5008210057446509,1.1095028913365959,0.6500836074779691,-0.7054689621240783,-0.010684955964216718,1.106432368772817,1.063900519483038,0.507900228415866,1.0904289836912913,0.031949955497681516,0.23797747134818661,0.3613183103267417,0.45978754388465404,0.41369818995709984,0.7611736475433254,0.6291675467481594,0.5859748406826267,0.7468921065329215,0.735796472918408
-0.5008210057446509,1.1095028913365959,0.7945466310609306,2.286023978408014,-0.010684955964216718,-0.6991224441542135,-0.6983308925851475,0.5230658179192075,1.030613381497369,0.0264172837069276,0.1757873911302151,0.3352378789781534,0.4071892973275299,0.41369818995709984,0.8101743279599226,0.6435596721116501,0.6132038673237452,0.8300757399041198,0.8190180808928003
-0.5008210057446509,1.1095028913365959,0.9390096546438922,-0.7054689621240783,-0.010684955964216718,1.2111463921833898,1.1846639218984583,0.507900228415866,1.0904289836912913,0.049695175817488044,0.12842954412067878,0.26880885939545063,0.3212813434098396,0.41369818995709984,0.8569757834798505,0.6860904269845097,0.6655884343555964,0.742510657216738,0.7314131421593769
-0.5008210057446509,1.1095028913365959,1.0834726782268538,2.305385283873552,-0.010684955964216718,-0.6991224441542135,-0.6983308925851475,0.35624491190157287,0.7315353705277589,0.03469522028177704,0.07705733936040113,0.2281116228063248,0.26544402421681285,0.41369818995709984,0.9202142371906197,0.7162009872105182,0.7033940178999422,0.8198786996652601,0.8088164686779592
-0.5008210057446509,1.1095028913365959,1.2279357018098151,-0.7054689621240783,-0.010684955964216718,1.236593500998872,1.219503436964621,0.2955828431477677,0.9707977793034471,0.05835707486457696,0.0240611829150926,0.1803740762806737,0.20708789213270368,0.41369818995709984,0.9837021969956566,0.7473562447483313,0.7401866964762378,0.7508516118393623,0.7397579039937796
-0.5008210057446509,1.1095028913365959,1.3723987253927767,1.4473134748696472,-0.010684955964216718,0.5793797590724773,-0.6983308925851475,0.35624491190157287,0.7315353705277589,0.053897357438757065,-0.007379679152026627,0.24499592101588483,0.2253878559635539,0.41369818995709984,1.0217361917524084,0.7210232463217419,0.7363405181765046,0.7819411809189863,0.7708616846546753
-0.5008210057446509,1.1095028913365959,1.5168617489757383,-0.7054689621240783,-0.010684955964216718,1.016634093677716,1.449905895715529,0.35624491190157287,0.7315353705277589,0.046569293181991364,-0.0280428940300512,0.3316209719602727,0.19329479224645002,0.41369818995709984,1.046483625036655,0.6786473889086228,0.7520169237346574,0.7049255985263841,0.6938109998823672
-0.5008210057446509,1.1095028913365959,1.6613247725587,1.5403141942816214,-0.010684955964216718,0.38734662111889323,-0.6983308925851475,0.2955828431477677,0.9707977793034471,0.009086127446905458,-0.04587036885138123,0.4330239394877338,0.21586013596309797,0.41369818995709984,1.081226745408858,0.6380229484673738,0.7487294251541441,0.7649635148443831,0.7538762779634299
-0.5008210057446509,1.2195807433487595,-1.6613247698494156,-0.7054689621240783,-0.010684955964216718,0.9889788133244876,1.4688237821619943,0.35624491190157287,0.7315353705277589,0.002283837585924134,-0.051577136919681896,0.5292346890925196,0.22080804370952853,0.41369818995709984,1.101411161050355,0.5975271589718538,0.7513286511247886,0.689402955246469,0.6782812393070602
-0.5008210057446509,1.2195807433487595,-1.516861746266454,-0.7054689621240783,-0.010684955964216718,-0.6991224441542135,-0.6983308925851475,0.35624491190157287,0.7315353705277589,-0.0477215885678431,-0.053054996471378846,0.5926750506491348,0.2735597332623478,0.41369818995709984,1.1129111237588771,0.5699812273813527,0.7270453705749633,-1.2740310493992413,-1.2860490588430924
-0.5008210057446509,1.2195807433487595,-1.3723987226834924,-0.7054689621240783,-0.010684955964216718,-0.6991224441542135,-0.25219839434815083,0.26525166414108486,0.9707977793034471,-0.14617384756471904,-0.06337813480121236,0.4856357434558176,0.20944823111019936,0.41369818995709984,1.1385581302727468,0.6253639535700897,0.7646190738634653,-1.2311611402992657,-1.2431595827482291
-0.5008210057446509,1.2195807433487595,-1.2279356991005308,-0.7054689621240783,-0.010684955964216718,-0.6991224441542135,-0.2340845442777193,0.20458959538727972,1.0904289836912913,-0.27155431785510115,-0.08360801359292273,0.23720972523428632,0.02684519682882165,0.41369818995709984,1.168383036705525,0.745472949800321,0.8584113866944608,-1.0165109833187909,-1.0318926117942921
-0.5008210057446509,1.2195807433487595,-1.0834726755175694,-0.7054689621240783,-0.010684955964216718,-0.6991224441542135,0.6362537833389397,0.20458959538727972,1.0904289836912913,-0.3878621696594483,-0.10453306509639122,-0.029154208230531227,-0.10869360057623888,0.41369818995709984,1.1950739149445417,0.8789313103004849,0.9293910165608231,-0.5206047924303188,-0.5121497503926723
-0.5008210057446509,1.2195807433487595,-0.9390096519346078,-0.7054689621240783,-0.010684955964216718,-0.6991224441542135,0.315475917066803,0.20458959538727972,0.9707977793034471,-0.4996126411094965,-0.1319271044942505,-0.30388911197948465,-0.1169619141311536,0.41369818995709984,1.2275550719437605,1.0109607417345436,0.9223479246777192,-0.7163308297652766,-0.7248748391308014
-0.5008210057446509,1.2195807433487595,-0.7945466283516462,0.810531284803317,-0.010684955964216718,0.5391230690883373,-9.004528727375885e-05,0.20458959538727972,1.0904289836912913,-0.5998917320082645,-0.14812215852137087,-0.5712188610585514,-0.09445023353868319,0.41369818995709984,1.2559181718784014,1.163148786741651,0.9169665690579889,0.9233998902978555,0.9091988821436029
-0.5008210057446509,1.2195807433487595,-0.6500836047686848,-0.7054689621240783,-0.010684955964216718,1.3185415039569728,1.0240323052938758,0.05293427887298657,1.0904289836912913,-0.6171372659748255,-0.16320493620967824,-0.5599930659799581,-0.08022447471374826,0.41369818995709984,1.2653139826120545,1.1401697485891626,0.8935939061110191,0.7639261158136039,0.752838433428347
-0.5008210057446509,1.2195807433487595,-0.5056205811857232,1.5411159741135803,-0.010684955964216718,0.3427973095758946,-0.6983308925851475,0.09843090275323058,0.4922729617520706,-0.25529745380834834,-0.0785611302814686,0.5239580795142303,0.03733382214658135,0.0889640672851811,1.164934833526525,0.5301282623437553,0.7696224863372223,0.8789101787142868,0.8637992796616488
-0.5008210057446509,1.2195807433487595,-0.3611575576027617,-0.7054689621240783,-0.010684955964216718,-0.6991224441542135,1.3041796870825284,0.20458959538727972,0.013748144200694123,0.13630145672919158,0.06654929214683095,0.992386324393726,0.2312849302188744,-0.4980477036556642,1.01159282794328,0.273412184473415,0.6188086514890595,-0.16374173096775635,-0.14961410819816015
-0.5008210057446509,1.2195807433487595,-0.21669453401980013,-0.7054689621240783,-0.010684955964216718,-0.6991224441542135,-0.6983308925851475,0.20458959538727972,-0.2853298667689162,0.7849966886394472,0.19334244293962774,1.3185592209008594,0.35410221324860114,-1.4119732093584323,0.8455593112051935,0.04807166275029634,0.45627402819481455,-1.2740310493992413,-1.2860490588430924
-0.5008210057446509,1.2195807433487595,-0.0722315104368386,-0.7054689621240783,-0.010684955964216718,-0.6991224441542135,-0.6983308925851475,0.3410793223982314,-0.46477667335068235,1.1710060688319817,0.3009791745291244,1.2400997019678501,0.3888272855093494,-1.8347079797593828,0.7270984506420441,0.03283384028369526,0.38860876901338115,-1.2740310493992413,-1.2860490588430924
-0.5008210057446509,1.2195807433487595,0.07223151314612293,-0.7054689621240783,-0.010684955964216718,-0.6991224441542135,-0.6983308925851475,0.35624491190157287,-0.46477667335068235,1.5280483568679684,0.38896545554655887,0.9461149763292473,0.3416515299531008,-2.1842789167408534,0.630446932256948,0.11031656154089375,0.3672207410038103,-1.2740310493992413,-1.2860490588430924
-0.5008210057446509,1.2195807433487595,0.21669453672908448,-0.7054689621240783,-0.010684955964216718,-0.6991224441542135,-0.6983308925851475,0.507900228415866,-0.5245922755446044,1.7941938843808507,0.4720417705175961,0.6685047892026574,0.3794169535930318,-2.2706631562886455,0.553868348066974,0.20752138672417791,0.33309360181712017,-1.2740310493992413,-1.2860490588430924
-0.5008210057446509,1.2195807433487595,0.361157560312046,-0.7054689621240783,-0.010684955964216718,-0.6991224441542135,-0.6983308925851475,0.507900228415866,-0.5245922755446044,1.8943833394411516,0.5178801181886399,0.4755641534449148,0.7690825064586386,-1.749515916658029,0.48380153511482327,0.24426263390387923,0.12178957637699127,-1.2740310493992413,-1.2860490588430924
-0.5008210057446509,1.2195807433487595,0.5056205838950075,2.2666176412266954,-0.010684955964216718,-0.6991224441542135,-0.6983308925851475,0.507900228415866,-0.5245922755446044,1.859578546073395,0.5351133438492589,0.2561833562510171,1.2330807096595813,-1.128720743295844,0.45253750455611386,0.3163050121584177,-0.0825491562565271,0.8572749276106395,0.8423600548431455
-0.5008210057446509,1.2195807433487595,0.6500836074779691,-0.7054689621240783,-0.010684955964216718,1.2898753231572975,1.1601700277249858,0.507900228415866,-0.5245922755446044,1.7066343865302251,0.5457879502100117,0.06294180883234787,1.9622535640111176,-0.04051050660879336,0.4126913330411892,0.36705867078988497,-0.37276766723378285,0.8761086793014782,0.8646287356691543
-0.5008210057446509,1.2195807433487595,0.7945466310609306,1.0456747047800552,-0.010684955964216718,0.8214680788492338,-0.6983308925851475,0.20458959538727972,0.13337934858853825,1.0438168275922346,0.4635430194566913,0.05281395771770241,1.5650525346301452,0.41369818995709984,0.4608648307777577,0.3603974346149655,-0.24371221867298243,0.7989118265941102,0.7895580492665412
-0.5008210057446509,1.2195807433487595,0.9390096546438922,0.48936598490517574,-0.010684955964216718,0.37240406822675054,0.6425769689744061,-0.2503763541555997,0.7315353705277589,0.6415760024713184,0.3126623106412502,0.16429789210669013,0.5830953414088159,0.41369818995709984,0.5551694475450124,0.28569232600041744,0.11018321108519455,0.8358951110419003,0.8247218203752418
-0.5008210057446509,1.2195807433487595,1.0834726782268538,-0.7054689621240783,-0.010684955964216718,1.2321405775599228,1.2885100174601567,-0.2503763541555997,0.7315353705277589,0.5128596073567929,0.19168532057697998,0.24364224476219767,0.4281866716346159,0.41369818995709984,0.6244568555798664,0.22558393647743377,0.14902163696538248,0.712424465231954,0.706093628701019
-0.5008210057446509,1.2195807433487595,1.2279357018098151,1.4634493612662767,-0.010684955964216718,0.5386712805764492,-0.6983308925851475,-0.31103842290940487,0.7913509727216809,0.30111166208256357,0.099693150917983,0.35519693175134665,0.39867446879592466,0.41369818995709984,0.671138625391132,0.14957682865962335,0.1319539498721673,0.7823224426137965,0.7687534156672188
-0.5008210057446509,1.2195807433487595,1.3723987253927767,-0.7054689621240783,-0.010684955964216718,1.0740429797155624,1.5110581470681392,-0.40203167066989287,1.0904289836912913,0.22569180002671516,0.02820469458081028,0.4668053225213408,0.2809040348978308,0.41369818995709984,0.6869173521843308,0.0642646862186299,0.14026263118903504,0.7055477139264141,0.6981135980161617
-0.5008210057446509,1.2195807433487595,1.5168617489757383,1.5780787599447053,-0.010684955964216718,0.4163567414278514,-0.6983308925851475,-0.40203167066989287,1.0904289836912913,0.08412135810634672,-0.02353591642874425,0.5800154498660695,0.31461202325815196,0.41369818995709984,0.697801995221303,-0.006485373923879981,0.09901871854261778,0.7786552739420919,0.7645497867161379
-0.5008210057446509,1.2195807433487595,1.6613247725587,-0.7054689621240783,-0.010684955964216718,1.042222478379652,1.5421054905697256,-0.34136960191608773,0.9707977793034471,0.06380278651353448,-0.06762115849978069,0.6190785571237606,0.23776726792225597,0.41369818995709984,0.7072026319915957,-0.04223979520381852,0.10907105269922257,0.6903049865744639,0.6829915986698409
-0.5008210057446509,1.3296585953609235,-1.6613247698494156,1.6349147057637627,-0.010684955964216718,0.3485638675036911,-0.6983308925851475,-0.2503763541555997,0.7315353705277589,-0.01911906008267243,-0.09527350572759273,0.6848742130688754,0.28324676566270574,0.41369818995709984,0.6985543743334179,-0.08937078949560717,0.06687578087228759,0.7759585404907465,0.7614342040594874
-0.5008210057446509,1.3296585953609235,-1.516861746266454,-0.7054689621240783,-0.010684955964216718,-0.6991224441542135,1.0692453202432812,-0.40203167066989287,1.0904289836912913,-0.03218248015299442,-0.1298048868858681,0.6349348115285682,0.22919626080752742,0.41369818995709984,0.6997058666756284,-0.08847238422911285,0.0700237178782558,-0.31745751780711234,-0.32903898685136845
-0.5008210057446509,1.3296585953609235,-1.3723987226834924,-0.7054689621240783,-0.010684955964216718,-0.6991224441542135,-0.17878426073529424,-0.40203167066989287,0.910982177109525,-0.1068792351835974,-0.1654810093014751,0.4387830306526648,0.21401965850107202,0.41369818995709984,0.6928664075499757,-0.041291048262908574,0.04756622345505056,-1.0030851893552095,-1.0292208280581594
-0.5008210057446509,1.3296585953609235,-1.2279356991005308,-0.7054689621240783,-0.010684955964216718,-0.6991224441542135,1.2916500721855644,-0.40203167066989287,1.0904289836912913,-0.22891508463565652,-0.1985041832668296,0.16762411675523373,0.17862295870178943,0.41369818995709984,0.6962320855024384,0.05203144420027106,0.049020351040762154,-0.2064250397621755,-0.1896919143789945
-0.5008210057446509,1.3296585953609235,-1.0834726755175694,-0.7054689621240783,-0.010684955964216718,0.9390446200022884,0.07592448544814928,-0.40203167066989287,1.0904289836912913,-0.37244881898812054,-0.23021182227308035,-0.16390210901711086,0.24452462913704737,0.41369818995709984,0.706398614287437,0.1784077637598875,0.013773251889398735,0.09699770580349597,0.06713168042714163
-0.5008210057446509,1.3296585953609235,-0.9390096519346078,1.0209038523256557,-0.010684955964216718,0.31410611117132653,0.1180065115844884,-0.5233559528072834,1.0904289836912913,-0.557625089550209,-0.27029329297984894,-0.24215192747253383,0.20147422625194575,0.41369818995709984,0.7038837665945371,0.1827117617870631,0.0039382783838325,0.8657013870987194,0.8526407604421015
-0.5008210057446509,1.3296585953609235,-0.7945466283516462,-0.7054689621240783,-0.010684955964216718,1.2861968943101565,1.115114225128321,-0.553686987184186,0.7315353705277589,-0.5703828112759083,-0.2925825768201991,-0.21217839823314624,0.1732004677009139,0.41369818995709984,0.6898786082663944,0.1370090511552974,-0.016516160707818,0.7104580333367203,0.6993458975292888
-0.5008210057446509,1.3296585953609235,-0.6500836047686848,1.1709439676192162,-0.010684955964216718,0.22220551633733263,0.1459285259177072,-0.553686987184186,0.7315353705277589,-0.5752693023206982,-0.30113073101798016,-0.08020093058540997,0.21202573804335098,0.41369818995709984,0.6518610220342173,0.0386022647114999,-0.0750934475443331,0.8133765496755367,0.8023113451922187
-0.5008210057446509,1.3296585953609235,-0.5056205811857232,-0.7054689621240783,-0.010684955964216718,1.267759339968091,1.2012997138325392,-0.12905207201820915,0.7315353705277589,-0.3504733222320031,-0.21411416300151595,1.0135967605047105,0.4038571527106319,0.41369818995709984,0.5763296877950382,-0.34896301200382174,-0.13414164633967848,0.6689465912246494,0.6641253676967543
-0.5008210057446509,1.3296585953609235,-0.3611575576027617,-0.7054689621240783,-0.010684955964216718,-0.6991224441542135,-0.6983308925851475,0.20458959538727972,0.013748144200694123,0.08188113106883797,-0.012355280794559356,1.4815970800193756,0.5568591046038994,-0.22809403020020175,0.4239210376978934,-0.49354709768520066,-0.1819536214104992,-1.2740310493992413,-1.2860490588430924
-0.5008210057446509,1.3296585953609235,-0.21669453401980013,-0.7054689621240783,-0.010684955964216718,-0.6991224441542135,-0.17707431437865115,0.507900228415866,-0.8236702865142147,0.5807507279055762,0.13872939240027063,1.6924492053504647,0.6137336313689198,-1.1955282522467292,0.2971830416941522,-0.5656161527244722,-0.21022914315018718,-0.9921721358732815,-1.0579459417859702
-0.5008210057446509,1.3296585953609235,-0.0722315104368386,-0.7054689621240783,-0.010684955964216718,-0.6991224441542135,-0.6983308925851475,0.6292243659234763,-1.8405355238108898,1.2187525380715456,0.2995436605233214,1.5856349425721183,0.6058409596832478,-2.427409205125182,0.09943232955689706,-0.6292377026885124,-0.3172592180636257,-1.2740310493992413,-1.2860490588430924
-0.5008210057446509,1.3296585953609235,0.07223151314612293,-0.7054689621240783,-0.010684955964216718,-0.6991224441542135,-0.6983308925851475,0.8112108614444523,-2.1396135347805,1.5374413900303148,0.42129345680015523,1.2961255320039546,0.5485253891163934,-2.758702053173678,-0.035128671839648934,-0.5949126407454005,-0.3566996657669294,-1.2740310493992413,-1.2860490588430924
-0.5008210057446509,1.3296585953609235,0.21669453672908448,-0.7054689621240783,-0.010684955964216718,-0.6991224441542135,-0.6983308925851475,0.8112108614444523,-2.1396135347805,1.798703102195078,0.5098436393370767,1.0284317906324922,0.5680964982011986,-2.865183649931394,-0.12761290758644345,-0.5476674095770534,-0.4018994122359368,-1.2740310493992413,-1.2860490588430924
-0.5008210057446509,1.3296585953609235,0.361157560312046,-0.7054689621240783,-0.010684955964216718,-0.6991224441542135,-0.6983308925851475,0.8718729301982574,-2.3190603413622664,1.9176271164191612,0.5718361070075434,0.7671586346154201,0.9662936493247162,-2.451911414465469,-0.24630179838081423,-0.5465984019694838,-0.6144991498720372,-1.2740310493992413,-1.2860490588430924
-0.5008210057446509,1.3296585953609235,0.5056205838950075,-0.7054689621240783,-0.010684955964216718,-0.6991224441542135,-0.6983308925851475,0.8112108614444523,-2.1396135347805,1.8686217318960525,0.601687599585445,0.5908226964304558,1.3290010286679557,-1.856648004195156,-0.3008543513476167,-0.5226159724944549,-0.7536117002208711,-1.2740310493992413,-1.2860490588430924
-0.5008210057446509,1.3296585953609235,0.6500836074779691,1.0239943556564504,-0.010684955964216718,0.9995681978492915,-0.6983308925851475,0.6595555449301591,-1.9601667281987338,1.5087003942424375,0.5869936951602632,0.31992377702759317,1.6704418795969065,-0.47922792905566175,-0.30822877663476994,-0.4496358192024048,-0.862816681907812,0.9052904998251073,0.8929994915701418
-0.5008210057446509,1.3296585953609235,0.7945466310609306,-0.7054689621240783,-0.010684955964216718,2.7598240120144344,-0.6983308925851475,0.2955828431477677,-1.182563899677747,1.1506580645757922,0.4886998025131564,0.2616031759115605,1.3280979789064058,0.41369818995709984,-0.25647170539146047,-0.4311010473323015,-0.7672577449220146,0.5770868241582411,0.5972467887990992
-0.5008210057446509,1.3296585953609235,0.9390096546438922,1.6502434300516469,-0.010684955964216718,0.28715353119082293,-0.6983308925851475,-0.09872103764130656,-0.5844078777385264,0.4930654723114298,0.3480384854401088,0.637307154736384,0.6898220720484389,0.41369818995709984,-0.18603111590157204,-0.5627518405314393,-0.5843382466128723,0.7760566460732166,0.7595988687187692
-0.5008210057446509,1.3296585953609235,1.0834726782268538,-0.7054689621240783,-0.010684955964216718,0.6505346627230753,1.858872240874036,-0.2503763541555997,-0.8834858887081368,0.37344778372547816,0.22010906249915915,0.7221881114647491,-0.10849404083320371,0.41369818995709984,-0.13326950513172817,-0.6188832377755882,-0.34885041075135953,0.7602117844582165,0.7496880168978636
-0.5008210057446509,1.3296585953609235,1.2279357018098151,-0.7054689621240783,-0.010684955964216718,-0.6991224441542135,-0.6983308925851475,-0.31103842290940487,-0.3451454689628382,0.21214340993483635,0.12103389453030991,0.7019724739608507,-0.2411845002252792,0.41369818995709984,-0.08901981648499312,-0.6216272893019615,-0.31158703692675305,-1.2740310493992413,-1.2860490588430924
-0.5008210057446509,1.3296585953609235,1.3723987253927767,-0.7054689621240783,-0.010684955964216718,1.0924435332302231,1.4899589916315144,-0.40203167066989287,0.013748144200694123,0.0260828216230953,0.051955605513598076,0.5480310123883645,-0.15116964033537797,0.41369818995709984,-0.05813342329333301,-0.5793936363622985,-0.34938005126096894,0.7640395222667343,0.7530414944222793
-0.5008210057446509,1.3296585953609235,1.5168617489757383,-0.7054689621240783,-0.010684955964216718,1.1812490929446189,1.3737046491091678,-0.2503763541555997,-0.2853298667689162,-0.13479277177607352,-0.0021958785755155775,0.5405721539376324,0.05127281865169264,0.41369818995709984,-0.05423109006654587,-0.589294165664039,-0.43300452322847666,0.6567341563044424,0.6490675036593143
-0.5008210057446509,1.3296585953609235,1.6613247725587,-0.7054689621240783,-0.010684955964216718,1.2202097028097314,1.3403022645635254,-0.32620401241274627,-0.22551426457499413,-0.28848947100786587,-0.05487585494481636,0.6494552909399706,0.30102602949177093,0.41369818995709984,-0.05704153250362167,-0.6390371183707002,-0.5337768651814073,0.6067287508631425,0.5973379715864856
-0.5008210057446509,1.4397364473730871,-1.6613247698494156,-0.7054689621240783,-0.010684955964216718,1.2430041045786784,1.31917648783517,-0.40203167066989287,0.013748144200694123,-0.42488979803635457,-0.09938808127028291,0.7926994708326583,0.5479459950725392,0.41369818995709984,-0.059110213109189694,-0.6920572280276746,-0.6233244690673456,0.5713857197501537,0.5614685071749567
-0.5008210057446509,1.4397364473730871,-1.516861746266454,-0.7054689621240783,-0.010684955964216718,-0.6991224441542135,-0.6983308925851475,-0.40203167066989287,0.013748144200694123,-0.5379466783858518,-0.1324881829773446,0.8349311011602205,0.6372883889375909,0.41369818995709984,-0.0693223479404325,-0.713462981286994,-0.6603579130307837,-1.2740310493992413,-1.2860490588430924
-0.5008210057446509,1.4397364473730871,-1.3723987226834924,-0.7054689621240783,-0.010684955964216718,-0.6991224441542135,1.0448302418626494,-0.553686987184186,-0.10588306018714999,-0.6202798717145138,-0.16254152265734054,0.7006537477867614,0.5805488584693295,0.41369818995709984,-0.07972004388046823,-0.6924728695446446,-0.6617981711432486,-0.40976020007658015,-0.42138368883519034
-0.5008210057446509,1.4397364473730871,-1.2279356991005308,-0.7054689621240783,-0.010684955964216718,-0.6991224441542135,-0.12148303077130307,-0.553686987184186,0.013748144200694123,-0.7190652549468868,-0.1993136889525012,0.41527697102078626,0.5242377945081731,0.41369818995709984,-0.08565631024901822,-0.6245270988295183,-0.6622679995494815,-0.9807205817492267,-1.0076596078418132
-0.5008210057446509,1.4397364473730871,-1.0834726755175694,-0.7054689621240783,-0.010684955964216718,1.413306929899156,0.8698954454057175,-0.7053423036984792,0.013748144200694123,-0.8193075550164332,-0.2547016629817166,0.002144866710672164,0.39368295976109985,0.41369818995709984,-0.07906611591580133,-0.5203118727808165,-0.646576424254965,0.7060141204661936,0.6964798893333946
-0.5008210057446509,1.4397364473730871,-0.9390096519346078,-0.7054689621240783,-0.010684955964216718,1.305769701311224,1.1144262638727276,-0.7660043724522843,0.31282615517030443,-0.891762745161192,-0.2815148626417313,0.027816978836643278,0.40183136977293044,0.41369818995709984,-0.06730216900309254,-0.533290558824176,-0.6536572237684584,0.638267985529941,0.6271227778599523
-0.5008210057446509,1.4397364473730871,-0.7945466283516462,-0.7054689621240783,-0.010684955964216718,1.2957975578617589,1.1803477091580796,-0.7053423036984792,0.31282615517030443,-0.9608519088942626,-0.309553260096276,0.14926850543870646,0.4547365023214448,0.41369818995709984,-0.0748520207220955,-0.5880801568233237,-0.6857427331511263,0.597745519693265,0.5865818860622793
-0.5008210057446509,1.4397364473730871,-0.6500836047686848,-0.7054689621240783,-0.010684955964216718,1.1120016239931185,1.0377274925740594,-0.553686987184186,0.013748144200694123,-1.0052397098879826,-0.31587333282093993,0.4160407581261412,0.6038512316571031,0.41369818995709984,-0.09962792762251577,-0.6837166452267363,-0.744526545112706,0.5719840737980992,0.561422403518413
-0.5008210057446509,1.4397364473730871,-0.5056205811857232,-0.7054689621240783,-0.010684955964216718,0.7838364504070625,0.7426807816914647,-0.12905207201820915,-0.04606745799322794,-0.7939085043702082,-0.21953651015322928,1.4788343188492246,0.8911434748319884,0.41369818995709984,-0.1504984559351292,-0.942696377362894,-0.7920143212463845,0.24388840427707148,0.2290317396075436
-0.5008210057446509,1.4397364473730871,-0.3611575576027617,-0.7054689621240783,-0.010684955964216718,-0.6991224441542135,-0.6983308925851475,0.35624491190157287,-0.8236702865142147,-0.22775383228059076,-0.0012085215970895791,1.943175109297719,1.0163806293675952,-0.3113814188611228,-0.28232719668816103,-1.03619549595725,-0.8028030377481827,-1.2740310493992413,-1.2860490588430924
-0.5008210057446509,1.4397364473730871,-0.21669453401980013,-0.7054689621240783,-0.010684955964216718,-0.6991224441542135,-0.6786108202830509,0.6595555449301591,-0.8236702865142147,0.24673347864477285,0.16193192851373248,2.128165028167464,0.9793782282745634,-0.7445497805764351,-0.34832928028060184,-1.0193996632080933,-0.7212232295319698,-1.2740310493992413,-1.2860490588430924
-0.5008210057446509,1.4397364473730871,-0.0722315104368386,-0.7054689621240783,-0.010684955964216718,-0.6991224441542135,-0.6983308925851475,0.8718729301982574,-1.122748297483825,0.95405723815416,0.3297692054232858,1.9960801529580372,0.91009075009823,-1.8227920650322273,-0.43316859138659314,-0.9609688992282425,-0.6708157125693358,-1.2740310493992413,-1.2860490588430924
-0.5008210057446509,1.4397364473730871,0.07223151314612293,-0.7054689621240783,-0.010684955964216718,-0.6991224441542135,-0.6983308925851475,1.1145214944730386,-1.4816419106473573,1.3147271019513918,0.4721582207688043,1.675230750282312,0.8065091816271991,-2.1852546529099697,-0.49236692852451436,-0.8318881130486308,-0.5874276717785808,-1.2740310493992413,-1.2860490588430924
-0.5008210057446509,1.4397364473730871,0.21669453672908448,-0.7054689621240783,-0.010684955964216718,-0.6991224441542135,-0.6983308925851475,1.1145214944730386,-2.1396135347805,1.6245995333803416,0.5795691094468669,1.3692598522236241,0.7926112709515362,-2.4638858265648738,-0.5755554937979277,-0.7736290270866588,-0.6117155032493151,-1.2740310493992413,-1.2860490588430924
-0.5008210057446509,1.4397364473730871,0.361157560312046,-0.7054689621240783,-0.010684955964216718,-0.6991224441542135,-0.6983308925851475,1.0538594257192335,-1.9601667281987338,1.7727769393047332,0.6509968705015917,1.1081895771564119,1.163674166426479,-2.033512469295627,-0.6203577636398978,-0.6930999891212325,-0.7183303608074297,-1.2740310493992413,-1.2860490588430924
-0.5008210057446509,1.4397364473730871,0.5056205838950075,-0.7054689621240783,-0.010684955964216718,-0.6991224441542135,-0.6983308925851475,0.9628661779587454,-1.5414575128412795,1.7482374562139573,0.6677875852076195,0.8188097376150496,1.5191831407530931,-1.1465320231982707,-0.6167049365073785,-0.5746219340608512,-0.791212925745347,-1.2740310493992413,-1.2860490588430924
-0.5008210057446509,1.4397364473730871,0.6500836074779691,1.116506723154665,-0.010684955964216718,0.8724488069374539,-0.6983308925851475,0.8112108614444523,-1.5414575128412795,1.434100633216146,0.6546068282890463,0.5406292674823409,1.8708300471115564,0.41369818995709984,-0.6045561131726609,-0.4728482792213075,-0.8768122806768771,0.9053214615869144,0.8929687557991127
-0.5008210057446509,1.4397364473730871,0.7945466310609306,-0.7054689621240783,-0.010684955964216718,0.9962349699032768,1.4527663220695288,0.4472381596620609,-0.5844078777385264,1.0698292817002077,0.5493739121881265,0.3614188983607059,1.2526853581969974,0.41369818995709984,-0.5325989416687756,-0.3880602065191024,-0.6780653295775042,0.7842094899918388,0.7785515696610178
-0.5008210057446509,1.4397364473730871,0.9390096546438922,1.403735153231038,-0.010684955964216718,0.5398217750535583,-0.6983308925851475,0.20458959538727972,0.013748144200694123,0.47877457639344323,0.42371562202528606,0.4747355808261592,0.9106064191821234,0.41369818995709984,-0.4551984834390764,-0.41983548416659866,-0.5666243287505673,0.8158677114293027,0.8036626945917984
-0.5008210057446509,1.4397364473730871,1.0834726782268538,-0.7054689621240783,-0.010684955964216718,1.033788602283135,1.5018658359951549,-0.2503763541555997,0.7315353705277589,0.336066963388045,0.2735258513670137,0.47875483997989654,0.35950290360527953,0.41369818995709984,-0.3501675176366286,-0.39442993428020484,-0.3565286811670596,0.730538895991508,0.7239279573880884
-0.5008210057446509,1.4397364473730871,1.2279357018098151,1.5604322478633383,-0.010684955964216718,0.4365717019931638,-0.6983308925851475,-0.28070738853250227,0.31282615517030443,0.15024584992832785,0.169972641919885,0.5543169120701585,0.3560106081021643,0.41369818995709984,-0.2910022388496887,-0.4239561868664148,-0.35973729711848224,0.8032880556132448,0.7896574282595352
-0.5008210057446509,1.4397364473730871,1.3723987253927767,-0.7054689621240783,-0.010684955964216718,1.0389082764272741,1.5450386538389265,-0.2503763541555997,0.013748144200694123,0.08145569529820329,0.09880036565872005,0.6181152988324089,0.26670426914866935,0.41369818995709984,-0.2494240027848087,-0.4496145208016905,-0.3331878746664534,0.7091223573331837,0.7020250322373259
-0.5008210057446509,1.4397364473730871,1.5168617489757383,-0.7054689621240783,-0.010684955964216718,2.4865455714754745,-0.6983308925851475,-0.40203167066989287,0.7315353705277589,-0.012425135936852773,0.029978972953764504,0.7704038773722129,0.2954978892151709,0.41369818995709984,-0.20728063782943065,-0.49799093369686415,-0.3423395599040988,0.31348612457348274,0.3489022711467629
-0.5008210057446509,1.4397364473730871,1.6613247725587,1.1631145489871555,-0.010684955964216718,-0.307875038203938,0.6590287176475453,-0.6143490559379912,0.7913509727216809,-0.1746613210930514,-0.02652762924614797,1.0618824265713698,0.2112090523722743,0.41369818995709984,-0.17090486926204826,-0.5876800050523276,-0.3106590824823392,0.809658258094802,0.7897533238651461
-0.5008210057446509,1.5498142993852508,-1.6613247698494156,-0.7054689621240783,-0.010684955964216718,1.0387172806789957,1.5097105227804457,-0.7053423036984792,0.6717197683338367,-0.2007313026794439,-0.08250350060419029,1.039698502877444,0.23684409448913954,0.41369818995709984,-0.1351569680614789,-0.5808288043538654,-0.31974640469569904,0.6377560363986663,0.631684171185812
-0.5008210057446509,1.5498142993852508,-1.516861746266454,-0.7054689621240783,-0.010684955964216718,-0.6991224441542135,-0.6983308925851475,-0.553686987184186,0.7315353705277589,-0.2737336727933524,-0.11782250891609213,0.9997897741816811,0.3173421347006834,0.41369818995709984,-0.11246301336738558,-0.5685654433850016,-0.34823560300759443,-1.2740310493992413,-1.2860490588430924
-0.5008210057446509,1.5498142993852508,-1.3723987226834924,-0.7054689621240783,-0.010684955964216718,-0.6991224441542135,1.3588759607657237,-0.5840180215610886,0.7913509727216809,-0.37505093400033584,-0.14838117211042184,0.7976044161498598,0.27091598591028954,0.41369818995709984,-0.09268736302926332,-0.5050245691812428,-0.3318854444443779,-0.16636889046015732,-0.20355651333251448
-0.5008210057446509,1.5498142993852508,-1.2279356991005308,-0.7054689621240783,-0.010684955964216718,-0.6991224441542135,-0.011495120225083522,-0.7053423036984792,0.6717197683338367,-0.4957569622070777,-0.20437962775960758,0.4649555256255593,0.28870195762987694,0.41369818995709984,-0.0674872475082215,-0.4118731093298599,-0.35433145321005066,-0.9195913308313705,-0.9448093615478029
-0.5008210057446509,1.5498142993852508,-1.0834726755175694,-0.7054689621240783,-0.010684955964216718,1.4109926963305826,0.8966730062151015,-0.7053423036984792,0.6717197683338367,-0.6146020433793767,-0.25131331355110675,-0.00043206232893504406,0.26007855028537596,0.41369818995709984,-0.05424580947829667,-0.2730159269516607,-0.3656381078534064,0.7124887288887279,0.7029905452579203
-0.5008210057446509,1.5498142993852508,-0.9390096519346078,-0.7054689621240783,-0.010684955964216718,1.3519341199936272,1.1891815760668152,-0.7356733380753817,0.910982177109525,-0.7248608139355328,-0.2815148626417313,0.058561114709112204,0.3110895422476868,0.41369818995709984,-0.04105818175690348,-0.3024907621866513,-0.3917586601873841,0.6444383766416969,0.6364187093551357
-0.5008210057446509,1.5498142993852508,-0.7945466283516462,-0.7054689621240783,-0.010684955964216718,1.290280650402956,1.1952742883931637,-0.7053423036984792,1.0904289836912913,-0.8066796045792608,-0.30520154949658,0.17645966736572952,0.3905294127293552,0.41369818995709984,-0.02965594629033331,-0.34737703412436866,-0.42283039775992404,0.5994790183339735,0.5883162031688818
-0.5008210057446509,1.5498142993852508,-0.6500836047686848,-0.7054689621240783,-0.010684955964216718,1.108517659721825,1.048669053091872,-0.553686987184186,0.7315353705277589,-0.8696956057941045,-0.30882209367050806,0.4448899177316413,0.5778539634520395,0.41369818995709984,-0.033716332217067616,-0.44325447413182184,-0.4910335324507071,0.5735793245721345,0.5630276303866931
-0.5008210057446509,1.5498142993852508,-0.5056205811857232,-0.7054689621240783,-0.010684955964216718,0.7849600351915139,0.7546322743632835,-0.09872103764130656,0.1931949507824603,-0.6667593985805209,-0.21310633900924122,1.6117000299833222,0.9011709326763475,0.41369818995709984,-0.08554675921729912,-0.7825121812674101,-0.5806608858078142,0.2518994001241591,0.23733910625386082
-0.5008210057446509,1.5498142993852508,-0.3611575576027617,-0.7054689621240783,-0.010684955964216718,-0.6991224441542135,-0.6983308925851475,0.20458959538727972,-0.5844078777385264,-0.25704000126511467,-0.011494960453815045,1.9885479845842464,0.990901545705371,-0.23411808959442112,-0.21289862708159848,-0.879053098727418,-0.6027148652437474,-1.2740310493992413,-1.2860490588430924
-0.5008210057446509,1.5498142993852508,-0.21669453401980013,-0.7054689621240783,-0.010684955964216718,-0.6991224441542135,-0.6786062578495641,0.507900228415866,-1.3620107062595133,0.2714656118958361,0.14840958419161518,2.162023130887993,0.9604930009956522,-0.8654509795935714,-0.32016332394268887,-0.9317900902496447,-0.6020478302647876,-1.2740310493992413,-1.2860490588430924
-0.5008210057446509,1.5498142993852508,-0.0722315104368386,-0.7054689621240783,-0.010684955964216718,-0.6991224441542135,-0.6983308925851475,0.8263764509477938,-1.7209043194230456,0.9900393380570066,0.3187770074683287,2.012762422658703,0.8914528762823245,-2.025001101633373,-0.42314056985315135,-0.892701501148794,-0.5798055293874261,-1.2740310493992413,-1.2860490588430924
-0.5008210057446509,1.5498142993852508,0.07223151314612293,-0.7054689621240783,-0.010684955964216718,-0.6991224441542135,-0.6983308925851475,0.9628661779587454,-1.9601667281987338,1.3507827835126816,0.4529234623056005,1.6810085951484905,0.7855025839706451,-2.3286761702955907,-0.5078075914511087,-0.8111671356425803,-0.5544328450561743,-1.2740310493992413,-1.2860490588430924
-0.5008210057446509,1.5498142993852508,0.21669453672908448,-0.7054689621240783,-0.010684955964216718,-0.6991224441542135,-0.6983308925851475,1.1145214944730386,-2.1396135347805,1.6729667642474981,0.5690278915556798,1.3837291851770785,0.7835975430623431,-2.498439054405013,-0.5800970355776309,-0.7334234551927913,-0.5598230858072033,-1.2740310493992413,-1.2860490588430924
-0.5008210057446509,1.5498142993852508,0.361157560312046,-0.7054689621240783,-0.010684955964216718,-0.6991224441542135,-0.6983308925851475,0.7505487926906471,-1.003117093095981,1.810363788285807,0.6152487606579651,1.0968717184535124,1.077886116051873,-1.8660590614426023,-0.5851026007802325,-0.6130685592452222,-0.6148350511772315,-1.2740310493992413,-1.2860490588430924
-0.5008210057446509,1.5498142993852508,0.5056205838950075,-0.7054689621240783,-0.010684955964216718,-0.6991224441542135,-0.6983308925851475,0.6595555449301591,-0.8236702865142147,1.7852831455433906,0.6301727425491703,0.8010985716686656,1.474162295027098,-0.7986762291711457,-0.5729431601649078,-0.48657563632007894,-0.7020835731620052,-1.2740310493992413,-1.2860490588430924
-0.5008210057446509,1.5498142993852508,0.6500836074779691,1.1158023625325415,-0.010684955964216718,0.8885647695918596,-0.6983308925851475,0.507900228415866,-0.5245922755446044,1.4321112527415114,0.6055205772479408,0.49609007946036365,1.804516679895499,0.41369818995709984,-0.5428639216012221,-0.35885902346298654,-0.7743638995662873,0.9094768180378092,0.8973008602730953
-0.5008210057446509,1.5498142993852508,0.7945466310609306,-0.7054689621240783,-0.010684955964216718,1.0048092809583518,1.4748194420625842,0.416906980655378,0.1931949507824603,1.0683436011238248,0.5133936076011816,0.3200789212833684,1.1597869438688697,0.41369818995709984,-0.4477656631085839,-0.22737560557451264,-0.5174440434597491,0.7974733647417839,0.7917693855395153
-0.5008210057446509,1.5498142993852508,0.9390096546438922,1.401137128226206,-0.010684955964216718,0.542971155138407,-0.6983308925851475,0.05293427887298657,0.3726417573642265,0.4542839247669069,0.38157262899258293,0.4194027852952483,0.8124825581372095,0.41369818995709984,-0.3483560647839517,-0.2318147086082396,-0.3726473928954714,0.8138101943510785,0.8016124137590168
-0.5008210057446509,1.5498142993852508,1.0834726782268538,-0.7054689621240783,-0.010684955964216718,1.03741426290483,1.5134012399733867,-0.09872103764130656,0.7315353705277589,0.3451108181348704,0.27104369661853317,0.5134696458710523,0.3771153086576053,0.41369818995709984,-0.2776910645903215,-0.26130804548425474,-0.2133595266040775,0.7369069383501483,0.7302955895247586
-0.5008210057446509,1.5498142993852508,1.2279357018098151,-0.7054689621240783,-0.010684955964216718,2.2997653947374754,-0.6983308925851475,-0.068390003264404,0.7315353705277589,0.20016297809196335,0.19275313409260436,0.6883530246502969,0.39547815896210103,0.41369818995709984,-0.2279184596132189,-0.32021834618321854,-0.2179236668548483,0.2444349153750145,0.2765852024706475
-0.5008210057446509,1.5498142993852508,1.3723987253927767,1.391538196395978,-0.010684955964216718,-0.6991224441542135,0.7017224570483985,-0.2503763541555997,0.7315353705277589,-0.01968563885268435,0.1231088262791108,0.876055410673211,0.27584712393041466,0.41369818995709984,-0.1844686865394989,-0.3841673321663211,-0.1736507912776574,0.9044601125738521,0.8814493986276837
-0.5008210057446509,1.5498142993852508,1.5168617489757383,-0.7054689621240783,-0.010684955964216718,1.1457692938711914,1.3655742550748293,-0.553686987184186,0.7315353705277589,-0.08909923080707231,0.030824472353445955,0.8149243116929425,0.24772680837507793,0.41369818995709984,-0.13264598119789078,-0.3779574499782563,-0.1786572376986871,0.6570387336357072,0.6530725795295471
-0.5008210057446509,1.5498142993852508,1.6613247725587,-0.7054689621240783,-0.010684955964216718,1.1987870646704117,1.3596421089647466,-0.37170063629299027,0.9707977793034471,-0.1670456194441899,-0.01949544559136838,0.8545866849495897,0.4332310053073029,0.41369818995709984,-0.09889605916611918,-0.39373891950147405,-0.24989171913595803,0.605597926516213,0.5967261248378661
-0.5008210057446509,1.6598921513974148,-1.6613247698494156,1.2826549164147913,-0.010684955964216718,0.037029724908069675,0.1155037957370915,-0.553686987184186,1.0904289836912913,-0.31623510763425816,-0.07485095470206513,0.8906560195353984,0.5896707510931929,0.41369818995709984,-0.061824617417137295,-0.408146319475578,-0.3086881003076675,0.76877181154665,0.7527464310204
-0.5008210057446509,1.6598921513974148,-1.516861746266454,-0.7054689621240783,-0.010684955964216718,-0.6991224441542135,0.7630680795948795,-0.553686987184186,1.0904289836912913,-0.31713547956393473,-0.11792131518984454,0.798725376019884,0.5970796161749521,0.41369818995709984,-0.03466392451125467,-0.38284532537450894,-0.3169302514950549,-0.5189209316141351,-0.5192888503821731
-0.5008210057446509,1.6598921513974148,-1.3723987226834924,-0.7054689621240783,-0.010684955964216718,-0.6991224441542135,0.257563812304179,-0.5840180215610886,1.0904289836912913,-0.3785795089847666,-0.16103190394622316,0.5543058303376032,0.5810720739300603,0.41369818995709984,-0.008755588113350362,-0.30724998663717507,-0.3192713752369986,-0.7843651160981143,-0.8042401323667416
-0.5008210057446509,1.6598921513974148,-1.2279356991005308,-0.7054689621240783,-0.010684955964216718,1.2244095069521177,0.6329362882714054,-0.7053423036984792,1.0904289836912913,-0.483032017765594,-0.2098690220256529,0.16604710096850753,0.5223621006209056,0.41369818995709984,0.016771250088192923,-0.18293810599932095,-0.3123988345327256,0.5566952638239245,0.5472534179791347
-0.5008210057446509,1.6598921513974148,-1.0834726755175694,-0.7054689621240783,-0.010684955964216718,1.301014464293822,1.1095545674859986,-0.7053423036984792,0.6717197683338367,-0.5757870496264705,-0.2463108930628412,0.15834444440155723,0.5136963445525511,0.41369818995709984,0.029584859970016492,-0.20050498388140753,-0.3289529176947729,0.636564188579338,0.6254183769038182
-0.5008210057446509,1.6598921513974148,-0.9390096519346078,-0.7054689621240783,-0.010684955964216718,1.032298267820234,0.9186528652517798,-0.6143490559379912,0.910982177109525,-0.665528578112018,-0.2678019633630914,0.27169607694660824,0.5625591345751305,0.41369818995709984,0.028862643586899134,-0.26309732627961707,-0.3671752355680789,0.5174555509793243,0.5062551779085487
-0.5008210057446509,1.6598921513974148,-0.7945466283516462,-0.7054689621240783,-0.010684955964216718,0.9415382865605764,0.8689037498846292,-0.553686987184186,1.0904289836912913,-0.7588241007003677,-0.28541912197314845,0.45953059131922114,0.651478092850969,0.41369818995709984,0.04143760595689408,-0.3320845672761369,-0.4010925989719123,0.42015209415241045,0.4107144680005501
-0.5008210057446509,1.6598921513974148,-0.6500836047686848,-0.7054689621240783,-0.010684955964216718,0.8875754179227365,0.8389404379593074,-0.40203167066989287,1.0904289836912913,-0.8129052818077153,-0.28024449626491443,0.6422138049355169,0.7460467719191222,0.41369818995709984,0.04390926062186939,-0.3861405536951252,-0.4252913624191403,0.36752735966428285,0.35719334783443474
-0.5008210057446509,1.6598921513974148,-0.5056205811857232,-0.7054689621240783,-0.010684955964216718,-0.6991224441542135,1.0757786463902446,-0.22004531977869715,1.0904289836912913,-0.63004817133492,-0.1736706378773545,1.1880990981722435,0.9388583770889581,0.41369818995709984,-0.009385868498483186,-0.5412806861224516,-0.4678487575241266,-0.3922172118336336,-0.4040817037023451
-0.5008210057446509,1.6598921513974148,-0.3611575576027617,-0.7054689621240783,-0.010684955964216718,-0.6991224441542135,-0.5777246239162915,0.05293427887298657,0.7315353705277589,-0.21621555931254405,0.007478667143043097,1.6241959621009543,1.1447050905160403,-0.03299710411711016,-0.10054294416938547,-0.6362777922337136,-0.49570667809277635,-1.2214442520698394,-1.2504983627968491
-0.5008210057446509,1.6598921513974148,-0.21669453401980013,-0.7054689621240783,-0.010684955964216718,-0.6991224441542135,0.09681601577092122,0.05293427887298657,1.0904289836912913,0.44321991903373437,0.1360319811268295,1.8291739167367298,1.0877718697089507,-1.1201473684190058,-0.14773410214796168,-0.6530017697723794,-0.42935988571186007,-0.8591521266790205,-0.8773370443932931
-0.5008210057446509,1.6598921513974148,-0.0722315104368386,-0.7054689621240783,-0.010684955964216718,-0.6991224441542135,-0.6983308925851475,0.507900228415866,-0.2853298667689162,1.060748636124161,0.29402038982056095,1.7119880047275196,1.07283926692024,-1.9016055746635319,-0.24591812846796537,-0.618615179116093,-0.4247354999366738,-1.2740310493992413,-1.2860490588430924
-0.5008210057446509,1.6598921513974148,0.07223151314612293,-0.7054689621240783,-0.010684955964216718,-0.6991224441542135,-0.6983308925851475,0.6595555449301591,-1.3021951040655912,1.3942153607949763,0.4124178303807947,1.3659242507244567,0.9712222718858954,-2.195987750770247,-0.32770328228658063,-0.531464705017486,-0.4104746474917651,-1.2740310493992413,-1.2860490588430924
-0.5008210057446509,1.6598921513974148,0.21669453672908448,-0.7054689621240783,-0.010684955964216718,-0.6991224441542135,-0.6983308925851475,0.6595555449301591,-1.3021951040655912,1.6877212246136761,0.5038157508790807,1.0736026374101257,0.949528115450817,-2.2345819770853583,-0.38617047487360123,-0.4429797462761434,-0.4081313566446266,-1.2740310493992413,-1.2860490588430924
-0.5008210057446509,1.6598921513974148,0.361157560312046,-0.7054689621240783,-0.010684955964216718,-0.6991224441542135,-0.6983308925851475,0.6140590656796955,-0.5844078777385264,1.8159546564791478,0.5621276848522696,0.8177296949113836,1.2085507925062469,-1.5714815041125747,-0.3973726711214597,-0.32718658051792904,-0.46481329327776855,-1.2740310493992413,-1.2860490588430924
-0.5008210057446509,1.6598921513974148,0.5056205838950075,2.2671933654336223,-0.010684955964216718,-0.6991224441542135,-0.6983308925851475,0.6595555449301591,-1.3021951040655912,1.8370097135805588,0.5875837097663849,0.5469884770871936,1.598995299158743,-0.6838376978139131,-0.4092917751121319,-0.2347024705555943,-0.5918607021650661,0.8910221679188639,0.8748678455246509
-0.5008210057446509,1.6598921513974148,0.6500836074779691,-0.7054689621240783,-0.010684955964216718,1.3273558999262294,1.122630442904619,0.507900228415866,-1.062932695289903,1.6858321827641913,0.5902267775892622,0.3277517424165158,2.2944945430888843,0.30468716682332947,-0.41100501811919277,-0.16003909820103182,-0.8007403870237709,0.8404304691159037,0.8318498554871722
-0.5008210057446509,1.6598921513974148,0.7945466310609306,1.192768202942246,-0.010684955964216718,0.7788803367386092,-0.6983308925851475,0.23492077439396258,-0.46477667335068235,1.0317066244608346,0.5084970509776509,0.26220329435148226,1.8427105700425348,0.41369818995709984,-0.3631900949049472,-0.1374191209656362,-0.6716103900442694,0.8032543936977918,0.7930815980573179
-0.5008210057446509,1.6598921513974148,0.9390096546438922,-0.7054689621240783,-0.010684955964216718,1.083951002412991,1.3852524204591485,-0.053224413761062565,-0.16569866238107206,0.8152140000653602,0.381533106483082,0.4203506996492157,0.917045994083426,0.41369818995709984,-0.28688683610526283,-0.1961231068536402,-0.3754535774122194,0.7297414506147334,0.7227458596343089
-0.5008210057446509,1.6598921513974148,1.0834726782268538,1.435136073640245,-0.010684955964216718,0.5347175529595001,-0.6983308925851475,-0.17454869589845315,0.013748144200694123,0.4584533291039603,0.2698777825882546,0.536388373677496,0.7899792624078917,0.41369818995709984,-0.22239168245353966,-0.2477129966323449,-0.34094914521111436,0.7784578027054504,0.7651712640063464
-0.5008210057446509,1.6598921513974148,1.2279357018098151,-0.7054689621240783,-0.010684955964216718,1.0729642794575363,1.4966675571476658,-0.2958729780358437,0.1931949507824603,0.343170938048643,0.17462641741362414,0.601626533230979,0.5667792361999034,0.41369818995709984,-0.16861781049853797,-0.2828889189272252,-0.273910829562537,0.6993442009299344,0.6919654192846393
-0.5008210057446509,1.6598921513974148,1.3723987253927767,1.5737528446821882,-0.010684955964216718,0.42141155900804567,-0.6983308925851475,-0.37170063629299027,0.31282615517030443,0.1814009930373066,0.09971785248642112,0.6925308378236726,0.5308962143377621,0.41369818995709984,-0.1314744608036259,-0.3345033341370554,-0.281508266954471,0.7769988196854147,0.762970172990382
-0.5008210057446509,1.6598921513974148,1.5168617489757383,-0.7054689621240783,-0.010684955964216718,1.0492465388592673,1.534874980042475,-0.40203167066989287,0.4324573595581485,0.14697079720344194,0.03107078227872878,0.7125990030404881,0.38133960271395456,0.41369818995709984,-0.09909392666834313,-0.36242919477464197,-0.24931830310141365,0.6869796573543383,0.6797139360472969
-0.5008210057446509,1.6598921513974148,1.6613247725587,-0.7054689621240783,-0.010684955964216718,1.2059313778390919,1.3521468528354808,-0.35653504678964887,0.4922729617520706,0.050564777235452024,-0.01474145230568037,0.8133114933856528,0.5095449988056306,0.41369818995709984,-0.07629500567733834,-0.4083337023747917,-0.30813657203559064,0.604457381616158,0.595698525559793
-0.1764205307986887,-1.5323655569553345,-1.6613247698494156,1.2189899378090532,-0.010684955964216718,0.08106848810247817,0.14838339680575333,-0.28070738853250227,0.5520885639459927,-0.1129978845452255,-0.046144203381495094,0.8995768142424739,0.6671795875907858,0.41369818995709984,-0.05616826117368458,-0.4383476668238232,-0.3650833289235373,0.7596098302054096,0.7438353113785009
-0.1764205307986887,-1.5323655569553345,-1.516861746266454,-0.7054689621240783,-0.010684955964216718,-0.6991224441542135,-0.28131488193543475,-0.2048797302753557,0.6119041661399147,-0.14258640725353378,-0.07173008796968502,0.8320413262861655,0.6475850008891528,0.41369818995709984,-0.03782473720836602,-0.41155427872522754,-0.3535851021809612,-1.0926552598817614,-1.104590483866887
-0.1764205307986887,-1.5323655569553345,-1.3723987226834924,1.77918125274847,-0.010684955964216718,-0.6991224441542135,-0.6983308925851475,-0.12905207201820915,0.6717197683338367,-0.21440009912150235,-0.10833781239495774,0.5850474088871748,0.4885132465596184,0.41369818995709984,0.000776075551707691,-0.30826090769734193,-0.27725922379902435,0.5503468425817782,0.5073194552067166
-0.1764205307986887,-1.5323655569553345,-1.2279356991005308,-0.7054689621240783,-0.010684955964216718,0.8078066796059725,0.7670670378074274,-0.113886627144648,0.7315353705277589,-0.21795609999680735,-0.15685804463928152,0.1876232342538195,0.1728265028043018,0.41369818995709984,0.04601051697475477,-0.1478977189817135,-0.14243039028875407,0.4776061434414654,0.4941436448819589
-0.1764205307986887,-1.5323655569553345,-1.0834726755175694,2.25895579081192,-0.010684955964216718,-0.6991224441542135,-0.6983308925851475,-0.113886627144648,0.7913509727216809,-0.26599488909764063,-0.20930229746977294,0.07039981484211416,0.06858839954841145,0.41369818995709984,0.09873762158262547,-0.08011717222364353,-0.07838614717731403,0.8954551001645638,0.8810705290234649
-0.1764205307986887,-1.5323655569553345,-0.9390096519346078,-0.7054689621240783,-0.010684955964216718,1.2607262395135985,1.2474486663219277,-0.12905207201820915,0.7913509727216809,-0.24190425412336772,-0.25982265099848506,-0.12451848395627968,-0.1179949292715709,0.41369818995709984,0.1601848917946041,0.028353646396064944,0.028744481417163268,0.7931522188570269,0.7864539412977415
-0.1764205307986887,-1.5323655569553345,-0.7945466283516462,2.3335496618418246,-0.010684955964216718,-0.6991224441542135,-0.6983308925851475,-0.09872103764130656,0.7315353705277589,-0.255519536632013,-0.2982921679248927,-0.14112914861581857,-0.13488707457907645,0.41369818995709984,0.20862430415001496,0.0618480707113189,0.06267766468891872,0.891882796890954,0.8808533295748592
-0.1764205307986887,-1.5323655569553345,-0.6500836047686848,-0.7054689621240783,-0.010684955964216718,1.2329402999885977,1.2245683997369858,-0.09872103764130656,0.7315353705277589,-0.22722939573314171,-0.3240714305059981,-0.17951030310087135,-0.1736997676267844,0.41369818995709984,0.2509056937532858,0.10528067301644475,0.10682766540156438,0.8033723004069989,0.79230234380916
-0.1764205307986887,-1.5323655569553345,-0.5056205811857232,2.2782316974857797,-0.010684955964216718,-0.6991224441542135,-0.6983308925851475,0.26525166414108486,0.3726417573642265,0.15361856558169276,-0.23514366685152271,0.3579554307166688,-0.08036198646945317,0.0272423198776385,0.23883336309930606,-0.042849703951546345,0.13449314702891585,0.8870581623563464,0.8723966895339107
-0.1764205307986887,-1.5323655569553345,-0.3611575576027617,-0.7054689621240783,-0.010684955964216718,1.140576143652178,1.1738563063051808,0.8112108614444523,-0.22551426457499413,0.5994732464343407,-0.04079454941689962,1.339988734340054,0.136663426512859,-0.5924706520979369,0.16182719206306276,-0.3210571589547849,0.12941887021528886,0.7817552303379011,0.7741454944314252
-0.1764205307986887,-1.5323655569553345,-0.21669453401980013,-0.7054689621240783,-0.010684955964216718,-0.6991224441542135,-0.6983308925851475,1.1145214944730386,-0.7638546843202927,1.282285617667994,0.13080230620893338,1.574236101977468,0.2704196020116475,-1.7985109757590425,0.11136808337397591,-0.3276028674409813,0.15949633992445403,-1.2740310493992413,-1.2860490588430924
-0.1764205307986887,-1.5323655569553345,-0.0722315104368386,-0.7054689621240783,-0.010684955964216718,-0.6991224441542135,-0.6983308925851475,1.4481633065083077,-1.182563899677747,1.6587206862487451,0.2872373391274571,1.5272342120053006,0.33548446310426216,-2.1805947522366007,0.07878847522730928,-0.23324299226826253,0.22421585301459415,-1.2740310493992413,-1.2860490588430924
-0.1764205307986887,-1.5323655569553345,0.07223151314612293,-0.7054689621240783,-0.010684955964216718,-0.6991224441542135,-0.6983308925851475,1.569487444015918,-1.2423795018716692,1.9920094770909618,0.4027877474854246,1.2660633489041242,0.31274806817929834,-2.360887163350873,0.056752309327194564,-0.07798345971571953,0.30435626996042003,-1.2740310493992413,-1.2860490588430924
-0.1764205307986887,-1.5323655569553345,0.21669453672908448,-0.7054689621240783,-0.010684955964216718,-0.6991224441542135,-0.6983308925851475,1.7211427605302112,-1.6610887172291235,2.239400377715032,0.5263718116585624,1.0569271872371861,0.48284675604099825,-2.551039891531465,0.02469680875958939,0.04353660934567463,0.27641058163138077,-1.2740310493992413,-1.2860490588430924
-0.1764205307986887,-1.5323655569553345,0.361157560312046,0.527637830155385,-0.010684955964216718,-0.6991224441542135,-0.6983308925851475,1.6908115815235283,-1.7209043194230456,2.4051042657564037,0.6002760813889818,0.8626107117606457,0.8399002221603468,-2.3480458201947356,0.061337768040318236,0.18321539366658016,0.1886278682160885,-0.3787369647715253,-0.43470129351696235
-0.1764205307986887,-1.5323655569553345,0.5056205838950075,-0.7054689621240783,-0.010684955964216718,-0.6991224441542135,-0.6983308925851475,1.569487444015918,-1.4816419106473573,2.3250106305410827,0.6374900528796354,0.6777478065948046,1.3385748654157517,-1.7544554347707486,0.09314352121182369,0.30777726159362645,0.030651967409627275,-1.2740310493992413,-1.2860490588430924
-0.1764205307986887,-1.5323655569553345,0.6500836074779691,1.2201796003880905,-0.010684955964216718,-0.6991224441542135,-0.6983308925851475,1.4178321275016248,-1.003117093095981,1.982487341564256,0.6095906899674424,0.431694131581089,1.6862733397155907,-0.43255170579060526,0.15593653174075706,0.4682178990391251,-0.05808102163358532,0.08137236667991272,0.08859498159961772
-0.1764205307986887,-1.5323655569553345,0.7945466310609306,0.21403480855146909,-0.010684955964216718,0.940086214316923,-0.6983308925851475,1.1751835632268437,-0.5844078777385264,1.2334588358976517,0.5038771519206268,0.05485555383078851,1.1401219243167537,0.41369818995709984,0.2486027090688648,0.6649094901771745,0.17783156684610846,0.40742032968096326,0.3891654140269028
-0.1764205307986887,-1.5323655569553345,0.9390096546438922,0.941247411750392,-0.010684955964216718,1.0182150381213637,-0.6983308925851475,0.8112108614444523,0.07356374639461619,0.7701104502122391,0.35813930965399937,-0.10940982027847679,0.5524889139286925,0.41369818995709984,0.3865443491314563,0.7799415070290534,0.46665294510427585,0.8293065561355063,0.8209361979101567
-0.1764205307986887,-1.5323655569553345,1.0834726782268538,1.1043838623300324,-0.010684955964216718,0.9155532992398983,-0.6983308925851475,0.6595555449301591,0.07356374639461619,0.5639466838896738,0.2343470465468833,-0.05455012948358381,0.06089528760577453,0.41369818995709984,0.4883457312146783,0.7557676070829565,0.7052029006060427,0.8071904976726344,0.7975632832836422
-0.1764205307986887,-1.5323655569553345,1.2279357018098151,0.3436299866531473,-0.010684955964216718,0.18542143809789602,1.0392686976720942,0.5685622971696711,0.31282615517030443,0.4584633629664753,0.12693404059152602,0.18808696213921358,-0.48275240765565486,0.41369818995709984,0.5966999058471603,0.6554846251580534,1.0072078633167831,0.8961897219665088,0.8825960477922096
-0.1764205307986887,-1.5323655569553345,1.3723987253927767,-0.7054689621240783,-0.010684955964216718,-0.6991224441542135,-0.6983308925851475,0.507900228415866,0.3726417573642265,0.3603214847833957,0.044933302486193726,0.17902040002698655,-0.6057927280452444,0.41369818995709984,0.6784244929059484,0.666916918228338,1.0828090617215784,-1.2740310493992413,-1.2860490588430924
-0.1764205307986887,-1.5323655569553345,1.5168617489757383,0.48639218727603456,-0.010684955964216718,0.3775467627720306,0.6882052341515174,0.46240374916540233,0.5520885639459927,0.15230479851639947,-0.01239268602676563,0.011188412916822633,-0.6381331452253541,0.41369818995709984,0.7597905054424137,0.7670308037596911,1.1209462123607288,0.9442105144780256,0.9316034150775604
-0.1764205307986887,-1.5323655569553345,1.6613247725587,-0.7054689621240783,-0.010684955964216718,2.764499571113732,-0.6983308925851475,0.416906980655378,0.6119041661399147,0.05653024296268493,-0.07225517273876933,0.04779393287011827,-0.6124301857169517,0.41369818995709984,0.8417327467536482,0.764070110925042,1.1232134378155296,0.6260222487147672,0.6285046581254209
-0.1764205307986887,-1.4222877049431708,-1.6613247698494156,2.341302293325065,-0.010684955964216718,-0.6991224441542135,-0.6983308925851475,0.35624491190157287,0.7315353705277589,-0.10312055028549001,-0.1228305754771435,0.24094256422351557,-0.6965622256188921,0.41369818995709984,0.9136141494822916,0.6801574240057309,1.1827299480434716,0.9346654713395446,0.9127105464362485
-0.1764205307986887,-1.4222877049431708,-1.516861746266454,-0.7054689621240783,-0.010684955964216718,-0.6991224441542135,1.607902423671707,0.32591373289489,0.7315353705277589,-0.09174616373852114,-0.15985187473397994,0.2464237596335964,-0.7465267866597413,0.41369818995709984,0.9625352002943354,0.6807137640486318,1.215099998338217,0.11049676393600448,0.09911071339437628
-0.1764205307986887,-1.4222877049431708,-1.3723987226834924,-0.7054689621240783,-0.010684955964216718,-0.6991224441542135,-0.6983308925851475,0.2955828431477677,0.7315353705277589,-0.14795786831988053,-0.20307256190968268,0.06838208707607041,-0.6569898639695461,0.41369818995709984,1.0176577081882756,0.7673100494579453,1.1633404244445464,-1.2740310493992413,-1.2860490588430924
-0.1764205307986887,-1.4222877049431708,-1.2279356991005308,0.9346675783789249,-0.010684955964216718,-0.6991224441542135,0.6368927991487131,0.35624491190157287,0.7315353705277589,-0.2830256984063814,-0.2267218435323251,-0.16236260063287974,-0.6189309701192693,0.41369818995709984,1.0576472129913965,0.8879398883965537,1.1462840062983441,0.8140344871139366,0.7904696722352644
-0.1764205307986887,-1.4222877049431708,-1.0834726755175694,-0.7054689621240783,-0.010684955964216718,-0.6991224441542135,0.8135312534681786,0.35624491190157287,0.7315353705277589,-0.31984261567047334,-0.2567857695987945,-0.42340389270725487,-0.5126997848919732,0.41369818995709984,1.106201002415166,1.032531503815559,1.0945170642470112,-0.40902143803904456,-0.40195519815741126
-0.1764205307986887,-1.4222877049431708,-0.9390096519346078,2.037757849988942,-0.010684955964216718,-0.6991224441542135,-0.6983308925851475,0.23492077439396258,0.851166574915603,-0.40397253931348254,-0.29432156723824177,-0.6845270191143467,-0.44426923972984955,0.41369818995709984,1.1542258582232345,1.1731190199002748,1.0543519365665661,0.7783861586287109,0.7454962724449139
-0.1764205307986887,-1.4222877049431708,-0.7945466283516462,-0.7054689621240783,-0.010684955964216718,1.4818686221518296,1.0159543153771176,0.20458959538727972,0.7315353705277589,-0.3805963153502754,-0.332079678993632,-0.9264983543428558,-0.4628936977647107,0.41369818995709984,1.198470479531498,1.296235393338438,1.0509105735172217,0.8882203084855691,0.8800615761131494
-0.1764205307986887,-1.4222877049431708,-0.6500836047686848,1.3170306212038836,-0.010684955964216718,0.7132945831923257,-0.6983308925851475,0.35624491190157287,0.7315353705277589,-0.3824345189630177,-0.3374702669859249,-0.8109593582795672,-0.42126704464294396,0.41369818995709984,1.2170637508929163,1.2318079463130263,1.0297119505016765,0.9086257296086016,0.8976039149754423
-0.1764205307986887,-1.4222877049431708,-0.5056205811857232,-0.7054689621240783,-0.010684955964216718,1.0690638456459682,1.384713286897483,0.6140590656796955,0.6717197683338367,-0.1556591922622031,-0.21741570406304334,0.27231665396970917,-0.26618983911937383,0.41369818995709984,1.1772532920491248,0.7278314199480539,1.0130226399754736,0.8045286862084435,0.798602152344426
-0.1764205307986887,-1.4222877049431708,-0.3611575576027617,0.9673435601588479,-0.010684955964216718,-0.6991224441542135,-0.6983308925851475,0.9628661779587454,0.07356374639461619,0.7824888919348726,-0.05012891925011066,1.0744346197927446,-0.08041648807994596,-1.3176929945044475,1.0833125584444965,0.4071327949783339,0.9699787297542546,-0.03839168821509791,-0.1000654839849868
-0.1764205307986887,-1.4222877049431708,-0.21669453401980013,-0.7054689621240783,-0.010684955964216718,-0.6991224441542135,-0.6983308925851475,1.2661768109873317,-0.22551426457499413,1.1436684759478648,0.12041847259665196,1.4511564131307308,0.023194427412119613,-1.5653837380293214,1.0208597834986555,0.329602098535688,1.0156517719978064,-1.2740310493992413,-1.2860490588430924
-0.1764205307986887,-1.4222877049431708,-0.0722315104368386,-0.7054689621240783,-0.010684955964216718,-0.6991224441542135,-0.6983308925851475,1.4936597857587715,-0.6442234799324486,1.548601720843631,0.2674817304497583,1.3217933819250969,0.03986772779133871,-2.022101971864704,0.9762150837529686,0.45679356597718834,1.0917024280200036,-1.2740310493992413,-1.2860490588430924
-0.1764205307986887,-1.4222877049431708,0.07223151314612293,-0.7054689621240783,-0.010684955964216718,-0.6991224441542135,-0.6983308925851475,1.4178321275016248,-0.7638546843202927,1.8789091166705665,0.3701407431194276,1.0335745669791514,0.0664762525202368,-1.9754842459718966,0.97122206624563,0.6413381843765399,1.1387364123258907,-1.2740310493992413,-1.2860490588430924
-0.1764205307986887,-1.4222877049431708,0.21669453672908448,-0.27345033438398036,-0.010684955964216718,-0.6991224441542135,-0.6983308925851475,1.569487444015918,-1.003117093095981,2.256637884591581,0.46525166223350994,0.8036976641733835,0.21397186478110142,-2.2914671617553397,0.9417219520786974,0.783079471400961,1.0919711490641588,-0.9722717559884461,-0.9942012589418704
-0.1764205307986887,-1.4222877049431708,0.361157560312046,-0.0172414455541859,-0.010684955964216718,-0.6991224441542135,-0.6983308925851475,1.6756462812797475,-1.062932695289903,2.409736565617481,0.5557765587272835,0.6215344395462244,0.6845245155085391,-1.8997395084887834,0.9415549712109669,0.9238924493437435,0.8926681187718001,-0.7851241742905554,-0.7864378201078276
-0.1764205307986887,-1.4222877049431708,0.5056205838950075,0.24696869109407749,-0.010684955964216718,-0.6991224441542135,-0.6983308925851475,1.569487444015918,-1.003117093095981,2.3000356778171573,0.6023093733509871,0.47079389380030945,1.2133603500106573,-1.2032487354361745,0.9391612570377212,1.012010172024285,0.6388788628296718,-0.6134543908207765,-0.6152161650634329
-0.1764205307986887,-1.4222877049431708,0.6500836074779691,0.06722989012964645,-0.010684955964216718,-0.6991224441542135,-0.6983308925851475,1.569487444015918,-1.003117093095981,1.9955681536629375,0.6162438809864716,0.3231221355312671,1.7320077372958838,0.36033805693885335,0.9656479939268826,1.105248546561411,0.4124935189178825,-0.7477838845282081,-0.7576533607287882
-0.1764205307986887,-1.4222877049431708,0.7945466310609306,0.07540162156532701,-0.010684955964216718,0.7563383184543162,-0.6983308925851475,1.281342400490673,-0.5245922755446044,1.2187558826923839,0.5274071602556681,-0.0677476205160677,1.2031501021495685,0.41369818995709984,1.0570941491924974,1.330330045310186,0.6640224841418331,0.2103997486830089,0.1942138483754905
-0.1764205307986887,-1.4222877049431708,0.9390096546438922,0.7159178558568882,-0.010684955964216718,0.8420858438765182,-0.6983308925851475,1.1145214944730386,-0.22551426457499413,0.7518829355675465,0.40435523844259696,-0.18259017231029934,0.5844629125890275,0.41369818995709984,1.1843890698244495,1.4056231188656654,0.9853335369014988,0.7045157152029269,0.7119313761451475
-0.1764205307986887,-1.4222877049431708,1.0834726782268538,1.0352573080598304,-0.010684955964216718,0.8945890719196444,-0.6983308925851475,0.8112108614444523,0.3726417573642265,0.5279331445509471,0.2798875638784733,-0.14584826180247604,0.07733129635777114,0.41369818995709984,1.2994552962152983,1.3862372715084328,1.2678642422001973,0.8211699131387598,0.811775093997221
-0.1764205307986887,-1.4222877049431708,1.2279357018098151,0.3370345446789994,-0.010684955964216718,0.19895596234491514,0.9873555018653501,0.7505487926906471,0.4324573595581485,0.4006148009468406,0.17525383725195204,0.06874437448653453,-0.4648867797361165,0.41369818995709984,1.4068804587946557,1.2659718718709358,1.5962803660515383,0.8966942906778179,0.8835431193501865
-0.1764205307986887,-1.4222877049431708,1.3723987253927767,-0.7054689621240783,-0.010684955964216718,-0.6991224441542135,-0.6983308925851475,0.8112108614444523,0.3726417573642265,0.3166587975874242,0.10239620826421,0.09967008028471842,-0.5674663570603953,0.41369818995709984,1.4701280819750402,1.2488406430943693,1.6613511668937557,-1.2740310493992413,-1.2860490588430924
-0.1764205307986887,-1.4222877049431708,1.5168617489757383,0.47375702340594245,-0.010684955964216718,0.37665989919017856,0.6572188890427944,0.6595555449301591,0.7315353705277589,0.1332832708846889,0.04764835773709066,-0.04848160224806819,-0.6508965839164516,0.41369818995709984,1.5347125173045961,1.337888611074796,1.7203311018754648,0.9367026472603025,0.9243237501618864
-0.1764205307986887,-1.4222877049431708,1.6613247725587,-0.7054689621240783,-0.010684955964216718,-0.6991224441542135,-0.6983308925851475,0.7808796824377694,0.7913509727216809,0.06271043334773818,0.0006377442038842676,-0.0880135520369482,-0.5883228656665153,0.41369818995709984,1.5897679432892458,1.3669512469585885,1.686899170035267,-1.2740310493992413,-1.2860490588430924
-0.1764205307986887,-1.312209852931007,-1.6613247698494156,0.5607103960298583,-0.010684955964216718,0.4255697372196021,0.5723001126687255,0.6595555449301591,1.0904289836912913,-0.02777828343309069,-0.033036139650039716,-0.18493097520238053,-0.6085220010014606,0.41369818995709984,1.6496460276878557,1.4476119477647942,1.7256301074977927,0.9732567872886275,0.962264600635637
-0.1764205307986887,-1.312209852931007,-1.516861746266454,-0.7054689621240783,-0.010684955964216718,-0.6991224441542135,-0.6983308925851475,0.507900228415866,0.07356374639461619,-0.12129789561760787,-0.08034670079999454,-0.26985199665613824,-0.6091257111484577,0.41369818995709984,1.6918724004734351,1.4628719291735526,1.6889605204965619,-1.2740310493992413,-1.2860490588430924
-0.1764205307986887,-1.312209852931007,-1.3723987226834924,0.4022584997559405,-0.010684955964216718,-0.6991224441542135,0.2492146834830607,0.47756904940918316,-0.46477667335068235,-0.26327370558358104,-0.1286347383010001,-0.442418440890344,-0.6792458062358581,0.41369818995709984,1.6734789270288966,1.4167223823975081,1.5783120300393638,0.17080991591564865,0.1434414282125082
-0.1764205307986887,-1.312209852931007,-1.2279356991005308,-0.7054689621240783,-0.010684955964216718,-0.6991224441542135,-0.6983308925851475,0.35624491190157287,-0.2853298667689162,-0.3436195252101116,-0.18519427243327996,-0.6374935888264447,-0.7158029710954795,0.41369818995709984,1.6218446784180651,1.3302534571217588,1.394441822681262,-1.2740310493992413,-1.2860490588430924
-0.1764205307986887,-1.312209852931007,-1.0834726755175694,0.5294475310202245,-0.010684955964216718,0.5200115110379828,0.42539627870546165,0.35624491190157287,-0.2853298667689162,-0.4666534095203263,-0.22676560059641548,-0.8648089065299897,-0.8090107868739433,0.41369818995709984,1.5820834451479977,1.3194355906417778,1.305922510210257,1.0110980005548618,1.0006138270537943
-0.1764205307986887,-1.312209852931007,-0.9390096519346078,-0.7054689621240783,-0.010684955964216718,-0.6991224441542135,-0.6983308925851475,0.2955828431477677,-0.4049610711567603,-0.5081521270339028,-0.2664229100851469,-0.8888255783003811,-0.8191413785350811,0.41369818995709984,1.5675479053931618,1.2482868846757973,1.2268409408626109,-1.2740310493992413,-1.2860490588430924
-0.1764205307986887,-1.312209852931007,-0.7945466283516462,0.5922584320045622,-0.010684955964216718,0.4808550700891925,0.4465760316749249,0.20458959538727972,-0.2853298667689162,-0.561310861714041,-0.3056348855828942,-0.9291289871633083,-0.860633873846404,0.41369818995709984,1.544405129291585,1.1795507066452733,1.159137974050788,1.0266445851971044,1.015676608814599
-0.1764205307986887,-1.312209852931007,-0.6500836047686848,-0.7054689621240783,-0.010684955964216718,1.1864554877779872,1.1593921410036248,0.20458959538727972,-0.2853298667689162,-0.595403250843235,-0.33048113463613743,-0.8737706184034235,-0.8138815538793687,0.41369818995709984,1.5286876931637092,1.0890122808855667,1.0729409315065317,0.8493812984420297,0.8383324394074912
-0.1764205307986887,-1.312209852931007,-0.5056205811857232,2.265551412195294,-0.010684955964216718,-0.6991224441542135,-0.6983308925851475,0.5685622971696711,-0.7040390821263706,-0.12165978359231441,-0.24181803064349888,-0.1880185163805007,-0.5946198978942213,0.12051520998149258,1.4480914334712613,0.7300029962794701,0.9504483443176672,0.9924233779188919,0.9759311587711594
-0.1764205307986887,-1.312209852931007,-0.3611575576027617,-0.7054689621240783,-0.010684955964216718,1.0408610161167449,1.0638017901255168,0.6595555449301591,-1.5414575128412795,0.30002131568927026,-0.07134827229754173,0.9131920013481988,-0.2659684787321416,-0.6475248690165193,1.2190245695795892,0.13748170354286637,0.6692185522674079,0.8366212723624215,0.8304419522688988
-0.1764205307986887,-1.312209852931007,-0.21669453401980013,-0.7054689621240783,-0.010684955964216718,-0.6991224441542135,-0.6983308925851475,0.8112108614444523,-1.7209043194230456,1.0106154454543697,0.0692622301204332,1.3164613636840305,-0.11903465230251038,-1.7833636661888428,1.0727565685026816,-0.049406384341141016,0.5626108461564362,-1.2740310493992413,-1.2860490588430924
-0.1764205307986887,-1.312209852931007,-0.0722315104368386,-0.7054689621240783,-0.010684955964216718,-0.6991224441542135,-0.6983308925851475,0.8112108614444523,-1.6012731150352015,1.4156430086577765,0.1782130851508371,1.2412002032546954,-0.05500616029557409,-2.151025500512091,0.949792533151114,-0.05537445438372217,0.4909914868365685,-1.2740310493992413,-1.2860490588430924
-0.1764205307986887,-1.312209852931007,0.07223151314612293,-0.7054689621240783,-0.010684955964216718,-0.6991224441542135,-0.6983308925851475,0.8112108614444523,-1.5414575128412795,1.7928018531879406,0.2702850055879342,0.9754875346877473,-0.06332813697466634,-2.4221865597307763,0.8465032839719008,0.016099105976991813,0.4596042187476655,-1.2740310493992413,-1.2860490588430924
-0.1764205307986887,-1.312209852931007,0.21669453672908448,-0.7054689621240783,-0.010684955964216718,-0.6991224441542135,-0.6983308925851475,0.8112108614444523,-1.5414575128412795,2.064731567978619,0.3418856776217258,0.7359857209371549,0.12856197173468376,-2.4319696602657275,0.7615153309374096,0.08197140208520434,0.34034560264100283,-1.2740310493992413,-1.2860490588430924
-0.1764205307986887,-1.312209852931007,0.361157560312046,2.1626137539709016,-0.010684955964216718,-0.6991224441542135,-0.6983308925851475,0.9628661779587454,-2.4386915457501104,2.3533342176483374,0.40815292815018117,0.5121210842631599,0.5919505953844223,-2.027797276026883,0.6568916826273448,0.10396813218050562,0.07207466623461564,0.8190720737660891,0.7982284053687121
-0.1764205307986887,-1.312209852931007,0.5056205838950075,-0.7054689621240783,-0.010684955964216718,-0.6991224441542135,-0.6983308925851475,0.9628661779587454,-2.3190603413622664,2.350272551732936,0.45759770481318834,0.37126288663374063,1.1367436629525156,-1.3089148788247373,0.587822411448601,0.12142722724685619,-0.17697773117271617,-1.2740310493992413,-1.2860490588430924
-0.1764205307986887,-1.312209852931007,0.6500836074779691,0.7268977902059127,-0.010684955964216718,1.2605900091945181,-0.6983308925851475,0.8112108614444523,-1.9601667281987338,2.023339209407701,0.4491998773033306,0.15310022757996825,1.5825492285709633,0.04331271798193005,0.5727864116942379,0.18598741278985106,-0.35755935639770703,0.8882906924906072,0.8769763194172476
-0.1764205307986887,-1.312209852931007,0.7945466310609306,0.984380080871081,-0.010684955964216718,1.012984151263037,-0.6983308925851475,0.5685622971696711,-1.2423795018716692,1.2789884904455753,0.360301755530981,0.09736422747223496,1.014637416318141,0.41369818995709984,0.6538503143370638,0.22607767213035632,-0.13953318735382436,0.8131234552737885,0.8048603651362327
-0.1764205307986887,-1.312209852931007,0.9390096546438922,1.0857400143601312,-0.010684955964216718,0.9062106954362448,-0.6983308925851475,0.35624491190157287,-1.122748297483825,0.8414773007362077,0.23744885778361113,0.10823284978615885,0.4493626435268552,0.41369818995709984,0.7492258286346475,0.22151529653491928,0.08199350671122069,0.7819914037768013,0.7721423417808881
-0.1764205307986887,-1.312209852931007,1.0834726782268538,-0.7054689621240783,-0.010684955964216718,0.6579403993512867,1.8061300119271726,0.35624491190157287,-1.122748297483825,0.7107655048295387,0.1307578433857448,0.364443358907357,-0.25795003409917844,0.41369818995709984,0.8338687200494067,0.11563965577194474,0.3878838723257202,0.8209737019738198,0.8085003000466398
-0.1764205307986887,-1.312209852931007,1.2279357018098151,-0.7054689621240783,-0.010684955964216718,-0.6991224441542135,-0.6983308925851475,-0.2048797302753557,-0.04606745799322794,0.49382470124172906,0.016270308229714047,0.3682674090799266,-0.3728972845737455,0.41369818995709984,0.9313942336699359,0.11705374049815814,0.44415687620860317,-1.2740310493992413,-1.2860490588430924
-0.1764205307986887,-1.312209852931007,1.3723987253927767,0.5906911130043403,-0.010684955964216718,0.3246110875586139,0.6010006949768338,-0.3868660811665514,0.1931949507824603,0.13435354955295226,-0.07461381964505931,0.16418963210403378,-0.4221348779792523,0.41369818995709984,1.0016618097462944,0.1980552157157927,0.4638380921667486,0.9304087691218046,0.9161974172069307
-0.1764205307986887,-1.312209852931007,1.5168617489757383,-0.7054689621240783,-0.010684955964216718,1.1673086107560193,1.3679230076247755,-0.553686987184186,0.3726417573642265,0.00716564616154039,-0.17337563057429373,0.10153095891305536,-0.36013803831422436,0.41369818995709984,1.084710178655327,0.22436368871125664,0.43492890886810076,0.778952650863634,0.773325873870649
-0.1764205307986887,-1.312209852931007,1.6613247725587,1.5454497833820509,-0.010684955964216718,0.46958369304109165,-0.6983308925851475,-0.4930249184303809,0.013748144200694123,-0.20321635596231788,-0.24508781254560585,0.1433295492299921,-0.2719376628105756,0.41369818995709984,1.1459979483563667,0.2067860540611325,0.3942818169923317,0.871577101442579,0.8578131808960199
-0.1764205307986887,-1.2021320009188432,-1.6613247698494156,-0.7054689621240783,-0.010684955964216718,1.028302283576533,1.5566105310829943,-0.7053423036984792,0.013748144200694123,-0.24898615428643286,-0.3394428636654822,0.11968795148455172,-0.3350572356517551,0.41369818995709984,1.1583193025009502,0.13564918053999314,0.33661948196906166,0.7706228568760796,0.7635635782763839
-0.1764205307986887,-1.2021320009188432,-1.516861746266454,-0.7054689621240783,-0.010684955964216718,-0.6991224441542135,-0.6983308925851475,-0.7053423036984792,0.013748144200694123,-0.3562922935665174,-0.409471810187512,0.11519473515383072,-0.2900120738226172,0.41369818995709984,1.1018522607992152,0.011947638920588347,0.18299751220947552,-1.2740310493992413,-1.2860490588430924
-0.1764205307986887,-1.2021320009188432,-1.3723987226834924,0.832994037562449,-0.010684955964216718,0.24688065334469345,0.3751184057919264,-0.6143490559379912,-0.5844078777385264,-0.5178307908158419,-0.4467083659693091,-0.05687644087924641,-0.36874929277208607,0.41369818995709984,1.0278956623155402,-0.03349368224786545,0.09725902912443922,0.9100006478451261,0.8932771380351048
-0.1764205307986887,-1.2021320009188432,-1.2279356991005308,-0.7054689621240783,-0.010684955964216718,1.0629755276821342,1.1570796521030442,-0.7053423036984792,-0.3451454689628382,-0.5660194189302321,-0.5002797160796764,-0.16319032081066956,-0.39027826740305566,0.41369818995709984,0.9769148590657117,-0.09045184468337872,0.0038502939129235725,0.7461247228667386,0.7398013438835007
-0.1764205307986887,-1.2021320009188432,-1.0834726755175694,-0.7054689621240783,-0.010684955964216718,-0.6991224441542135,-0.6983308925851475,-0.7508389275787232,-0.5844078777385264,-0.6590025539322822,-0.54557533500418,-0.16885138126453375,-0.35210953184547794,0.41369818995709984,0.9245513963186355,-0.17786779581715184,-0.10410275110298077,-1.2740310493992413,-1.2860490588430924
-0.1764205307986887,-1.2021320009188432,-0.9390096519346078,0.9434030136033756,-0.010684955964216718,0.3258209725683468,0.36967351316710473,-0.7963355514589672,-0.6442234799324486,-0.7383269263547889,-0.5757444191762858,-0.26411933116114705,-0.4124428146610027,0.41369818995709984,0.8890872660724751,-0.20140812212583836,-0.1411840880912239,0.953658532095495,0.9426574326756088
-0.1764205307986887,-1.2021320009188432,-0.7945466283516462,-0.7054689621240783,-0.010684955964216718,1.1752850220773532,1.2076666045020676,-0.7053423036984792,-0.6442234799324486,-0.7992933439199083,-0.6084994046843123,-0.33810523990564867,-0.45109284136354755,0.41369818995709984,0.829075500458948,-0.2547928862192849,-0.20890959279707275,0.7761848133662783,0.7651026207843814
-0.1764205307986887,-1.2021320009188432,-0.6500836047686848,1.7130052626126144,-0.010684955964216718,0.349175537431722,-0.6983308925851475,-0.8569976202127723,-0.3451454689628382,-0.8280169476794262,-0.6324415763327209,-0.31533909903208274,-0.4308819672201884,0.41369818995709984,0.7592678456743441,-0.33996841770620173,-0.29540894651600375,0.9053110209928167,0.894287935091682
-0.1764205307986887,-1.2021320009188432,-0.5056205811857232,-0.7054689621240783,-0.010684955964216718,1.074476478045722,1.4650808704679434,-0.40203167066989287,-0.6442234799324486,-0.5676154719942799,-0.556902768530797,0.5539486575729339,-0.3247958401254346,0.25855730901508023,0.629105294071137,-0.6640939338373174,-0.38014145936961335,0.7796098682610615,0.7750536340127652
-0.1764205307986887,-1.2021320009188432,-0.3611575576027617,-0.7054689621240783,-0.010684955964216718,-0.6991224441542135,-0.6983308925851475,0.20458959538727972,-1.3620107062595133,-0.08651450782321629,-0.3597341434987387,1.0446861349683276,-0.1566424405151699,-0.6424543167899615,0.4406818629472525,-0.8149173752511839,-0.44943833205221256,-1.2740310493992413,-1.2860490588430924
-0.1764205307986887,-1.2021320009188432,-0.21669453401980013,-0.7054689621240783,-0.010684955964216718,-0.6991224441542135,-0.6983308925851475,0.6595555449301591,-1.9601667281987338,0.4708438114616117,-0.19258498170996122,1.2797578130196683,-0.08476320113832522,-1.4955027771404648,0.2924009219879645,-0.887198123485434,-0.4839332289904605,-1.2740310493992413,-1.2860490588430924
-0.1764205307986887,-1.2021320009188432,-0.0722315104368386,-0.7054689621240783,-0.010684955964216718,-0.6991224441542135,-0.6983308925851475,0.9931973569654283,-2.259244739168344,0.996277055920479,-0.02790033069220842,1.1608721337246568,-0.08418967649867796,-1.9670348855242268,0.12727518274178828,-0.8652758302249525,-0.4960412791348537,-1.2740310493992413,-1.2860490588430924
-0.1764205307986887,-1.2021320009188432,0.07223151314612293,-0.7054689621240783,-0.010684955964216718,-0.6991224441542135,-0.6983308925851475,1.1145214944730386,-2.6181383523318766,1.4445900330892945,0.10995629972446683,0.9304454064959494,-0.1163481421483732,-2.321345279605325,0.010873350710927819,-0.8196456202097596,-0.5054801058108103,-1.2740310493992413,-1.2860490588430924
-0.1764205307986887,-1.2021320009188432,0.21669453672908448,-0.7054689621240783,-0.010684955964216718,-0.6991224441542135,-0.6983308925851475,1.2661768109873317,-2.4386915457501104,1.7567889827733816,0.24629695959814063,0.7348443024839514,0.0509449705024206,-2.4111270465333488,-0.09018313261697065,-0.758491887968889,-0.553454613771241,-1.2740310493992413,-1.2860490588430924
-0.1764205307986887,-1.2021320009188432,0.361157560312046,-0.7054689621240783,-0.010684955964216718,-0.6991224441542135,-0.6983308925851475,1.2510112214839904,-2.6779539545257984,1.8026738360543348,0.36774045642634196,0.5704127023863554,0.3783638147810479,-2.1127389703750104,-0.20913986844483967,-0.7345111795767462,-0.6813497942107449,-1.2740310493992413,-1.2860490588430924
-0.1764205307986887,-1.2021320009188432,0.5056205838950075,-0.7054689621240783,-0.010684955964216718,-0.6991224441542135,-0.6983308925851475,1.2661768109873317,-2.6181383523318766,1.6238817777484373,0.4245702962932445,0.3963706828403535,0.6310299270803873,-1.2632377906776966,-0.26822817194737786,-0.6897909921375283,-0.7631688508404638,-1.2740310493992413,-1.2860490588430924
-0.1764205307986887,-1.2021320009188432,0.6500836074779691,1.0012108192008444,-0.010684955964216718,0.9938221375389492,-0.6983308925851475,1.1145214944730386,-2.1396135347805,1.0677783602021482,0.39513731886059417,0.10110900063498536,0.6192139779255492,0.41369818995709984,-0.262450440882439,-0.5834676546888318,-0.7439607139463434,0.9662097462931488,0.946110699003299
-0.1764205307986887,-1.2021320009188432,0.7945466310609306,-0.7054689621240783,-0.010684955964216718,2.714459736224654,-0.6983308925851475,0.7505487926906471,-1.4218263084534353,0.7223619742001722,0.2688212612182019,0.0001416304410469774,0.19634436697510074,0.41369818995709984,-0.181795062241156,-0.5298025692203272,-0.5935946030314265,0.6025847350575608,0.6279751832431595
-0.1764205307986887,-1.2021320009188432,0.9390096546438922,1.6658351682651635,-0.010684955964216718,0.28424528718002534,-0.6983308925851475,0.6595555449301591,-0.8236702865142147,0.235787872489277,0.14927413908694886,0.40321322647281366,-0.2136075238022399,0.41369818995709984,-0.10476789794553042,-0.6647374037013223,-0.4697176690441231,0.8388305380755487,0.8221047719246833
-0.1764205307986887,-1.2021320009188432,1.0834726782268538,-0.7054689621240783,-0.010684955964216718,0.5718614432222483,1.9345513328528279,0.35624491190157287,-0.2853298667689162,0.12606156557058187,0.03367785638759628,0.4774736212083022,-0.6738434389065491,0.41369818995709984,-0.020770006327654824,-0.648905592503689,-0.264312937365282,0.8239066088640653,0.8127850714332375
-0.1764205307986887,-1.2021320009188432,1.2279357018098151,-0.7054689621240783,-0.010684955964216718,-0.6991224441542135,-0.6983308925851475,0.23492077439396258,-0.16569866238107206,-0.011268566050960679,-0.052925842556402466,0.4628193085652696,-0.7161459119984265,0.41369818995709984,0.03748001461058342,-0.6213364262942268,-0.22154815029315328,-1.2740310493992413,-1.2860490588430924
-0.1764205307986887,-1.2021320009188432,1.3723987253927767,0.742787616848787,-0.010684955964216718,0.21460216165366533,0.5898192284087389,0.20458959538727972,0.3726417573642265,-0.21673798908749012,-0.1119089534320096,0.2358492294528728,-0.632206723948999,0.41369818995709984,0.10409548745991842,-0.46088266559172236,-0.151505576713023,0.9703047993126171,0.9554615450760544
-0.1764205307986887,-1.2021320009188432,1.5168617489757383,-0.7054689621240783,-0.010684955964216718,1.1350853049581373,1.4134282279338084,0.20458959538727972,0.013748144200694123,-0.2836357572472915,-0.17037615440680945,0.12934781250897412,-0.4971416713120682,0.41369818995709984,0.1656691998318548,-0.34705196459427456,-0.11702975030048934,0.7900819641513234,0.7851491053649857
-0.1764205307986887,-1.2021320009188432,1.6613247725587,1.6667114029260017,-0.010684955964216718,0.39970279515226287,-0.6983308925851475,0.23492077439396258,0.013748144200694123,-0.3418161056540878,-0.20558294702209245,0.16232449127086787,-0.3898648936496257,0.41369818995709984,0.20626437223324656,-0.3032172742999059,-0.09863731180169218,0.8834156550879415,0.8723825510792372
-0.1764205307986887,-1.0920541489066795,-1.6613247698494156,-0.7054689621240783,-0.010684955964216718,0.9815886338623441,1.5270973705276867,0.35624491190157287,0.7315353705277589,-0.3642411194508759,-0.2281806475883698,0.20918572848367867,-0.3318751800852911,0.41369818995709984,0.2845113172895331,-0.19436028770765018,0.014235278716930349,0.7888904763524812,0.7778139111563193
-0.1764205307986887,-1.0920541489066795,-1.516861746266454,-0.7054689621240783,-0.010684955964216718,-0.6991224441542135,-0.6983308925851475,0.507900228415866,0.7315353705277589,-0.4049692363233028,-0.23497922498163476,0.2510823495116822,-0.2310094687894319,0.41369818995709984,0.39464967766767817,-0.035654932081965525,0.16030055266224477,-1.2740310493992413,-1.2860490588430924
-0.1764205307986887,-1.0920541489066795,-1.3723987226834924,1.330032407827748,-0.010684955964216718,-0.6991224441542135,0.5466148632861839,0.598893476176354,0.6717197683338367,-0.4388803470030597,-0.23450918942221252,0.1606051178428534,-0.21637536712895863,0.41369818995709984,0.510295511058944,0.1790252022452416,0.34417054330982694,0.9123364607591277,0.9013163863054781
-0.1764205307986887,-1.0920541489066795,-1.2279356991005308,-0.7054689621240783,-0.010684955964216718,-0.6991224441542135,0.17139561695876224,0.6595555449301591,0.7315353705277589,-0.4495289508281125,-0.23463269726440303,-0.06257586117657152,-0.19755051086474704,0.41369818995709984,0.6707211732218059,0.5008481246102441,0.5691845430543461,-0.7860125248400773,-0.7924231504791808
-0.1764205307986887,-1.0920541489066795,-1.0834726755175694,2.1708938485792166,-0.010684955964216718,-0.6991224441542135,-0.6983308925851475,0.35624491190157287,-0.8236702865142147,-0.49784132991352065,-0.27307045503139027,-0.3380378970693506,-0.2438584330846873,0.41369818995709984,0.6330163141638754,0.4891460517975783,0.4512808011154731,0.8985312952082884,0.8709451415207761
-0.1764205307986887,-1.0920541489066795,-0.9390096519346078,-0.7054689621240783,-0.010684955964216718,1.3375876798634476,1.0566256750723144,0.35624491190157287,0.25301055297638236,-0.472370035457188,-0.3032169549123528,-0.59056415633637,-0.352066769043399,0.41369818995709984,0.7059526885019372,0.6719532370235084,0.5647354760894192,0.8542734368177864,0.846403857784875
-0.1764205307986887,-1.0920541489066795,-0.7945466283516462,2.2989322928250195,-0.010684955964216718,-0.6991224441542135,-0.6983308925851475,0.35624491190157287,-1.122748297483825,-0.4497182563675616,-0.3253178010734751,-0.5898199753732284,-0.35682182493731657,0.41369818995709984,0.68121249427265,0.5817484862083259,0.47939877430749905,0.9287663556640865,0.9177536717467044
-0.1764205307986887,-1.0920541489066795,-0.6500836047686848,-0.7054689621240783,-0.010684955964216718,1.273540088554125,1.1641808292681066,0.35624491190157287,-1.7807199216169676,-0.3896421768696038,-0.3378316156442195,-0.5821198761291755,-0.3792572032750971,0.41369818995709984,0.594904620217226,0.4023204320937047,0.3177396615119537,0.8403998673745828,0.8293469391997018
-0.1764205307986887,-1.0920541489066795,-0.5056205811857232,-0.7054689621240783,-0.010684955964216718,1.5891340207975229,-0.6983308925851475,0.35624491190157287,-1.6012731150352015,-0.19093022577482216,-0.2576820836535486,0.3849232531106528,-0.287292024215869,0.06978394887212375,0.4155647552564119,-0.17252082156105755,0.09079130367055507,-0.025924448795833603,-0.00888454074489697
-0.1764205307986887,-1.0920541489066795,-0.3611575576027617,-0.7054689621240783,-0.010684955964216718,-0.6991224441542135,-0.6983308925851475,0.507900228415866,-1.5414575128412795,0.32804321799690805,-0.11540246096825599,0.9549394452071878,-0.23002173191003938,-0.9489934167974988,0.28627475107764594,-0.4019637594783285,0.03288473589183094,-1.2740310493992413,-1.2860490588430924
-0.1764205307986887,-1.0920541489066795,-0.21669453401980013,-0.7054689621240783,-0.010684955964216718,-0.6991224441542135,-0.6983308925851475,0.507900228415866,-1.3620107062595133,0.7296853559877643,-0.013653171776207255,1.195062688421847,-0.2718253056443289,-1.6583185133215754,0.18299032793507236,-0.5088716197021842,0.015259886053032351,-1.2740310493992413,-1.2860490588430924
-0.1764205307986887,-1.0920541489066795,-0.0722315104368386,-0.7054689621240783,-0.010684955964216718,-0.6991224441542135,-0.6983308925851475,0.4320725701587194,-1.2423795018716692,1.1493095134537803,0.08455461826091534,1.0743800635709335,-0.3443158015450082,-2.2090233052022517,0.09238342044108541,-0.49202071230067546,0.01853806608120811,-1.2740310493992413,-1.2860490588430924
-0.1764205307986887,-1.0920541489066795,0.07223151314612293,-0.7054689621240783,-0.010684955964216718,-0.6991224441542135,-0.6983308925851475,0.507900228415866,-1.5414575128412795,1.5081057206573836,0.1590397277291794,0.8047495763251782,-0.3678168959895016,-2.4479523123116453,-0.019901561034357338,-0.46863141101523587,-0.047565143675812556,-1.2740310493992413,-1.2860490588430924
-0.1764205307986887,-1.0920541489066795,0.21669453672908448,-0.7054689621240783,-0.010684955964216718,-0.6991224441542135,-0.6983308925851475,0.4472381596620609,-1.5414575128412795,1.7599603522522795,0.20848873894677597,0.5005585750030765,-0.2478714285895876,-2.5510586106905846,-0.08748779115374951,-0.40567032660869984,-0.13687826677967344,-1.2740310493992413,-1.2860490588430924
-0.1764205307986887,-1.0920541489066795,0.361157560312046,-0.7054689621240783,-0.010684955964216718,-0.6991224441542135,-0.6983308925851475,0.40174139115203655,-1.6610887172291235,1.8669092860268313,0.24336664782228304,0.3081362233525391,0.13569162087345668,-2.0988329750439383,-0.1683427264100803,-0.40516690986454357,-0.3464988849044807,-1.2740310493992413,-1.2860490588430924
-0.1764205307986887,-1.0920541489066795,0.5056205838950075,2.290365861091664,-0.010684955964216718,-0.6991224441542135,-0.6983308925851475,0.2955828431477677,-1.5414575128412795,1.8230947530447998,0.24570412195562608,0.06853552644991404,0.6191561223697953,-1.485070355773548,-0.20204873150843145,-0.35875403740694023,-0.5439154501247652,0.9157118328268251,0.8970254677646745
-0.1764205307986887,-1.0920541489066795,0.6500836074779691,-0.7054689621240783,-0.010684955964216718,1.1923909670968038,1.3027633085925698,0.20458959538727972,-1.3620107062595133,1.6546536273093444,0.22172242779771656,-0.18895023435611785,1.3377263172646947,-0.29503491315981517,-0.22712940262264297,-0.3101162350484547,-0.7975315543618288,0.9755137557161668,0.962655354737987
-0.1764205307986887,-1.0920541489066795,0.7945466310609306,1.104013741096349,-0.010684955964216718,0.9138830062073477,-0.6983308925851475,-0.09872103764130656,-1.122748297483825,0.8363433077493819,0.11168752679242892,-0.2857287096441251,0.862377524813891,0.41369818995709984,-0.18187300273288567,-0.304335763040448,-0.6820976622134708,0.8724789527603309,0.8643574412635373
-0.1764205307986887,-1.0920541489066795,0.9390096546438922,0.4729710315858907,-0.010684955964216718,0.3615662946247964,0.7566349501207298,-0.2503763541555997,-0.5844078777385264,0.47505134447622205,-0.01637105006349712,-0.10282300893575601,0.07025195639791462,0.41369818995709984,-0.08793082131726554,-0.35488590362064526,-0.41452626736396536,0.9240441469577825,0.9124806428689508
-0.1764205307986887,-1.0920541489066795,1.0834726782268538,-0.7054689621240783,-0.010684955964216718,1.2016670324807213,1.3497085940527076,-0.553686987184186,0.013748144200694123,0.2860628750826131,-0.15239411834296668,-0.08489873274792248,-0.19460239298024443,0.41369818995709984,-0.02417236215857856,-0.38304884342577894,-0.34421215550292655,0.783560013034863,0.7773659885198551
-0.1764205307986887,-1.0920541489066795,1.2279357018098151,1.4895745739693795,-0.010684955964216718,0.5814524361030519,-0.6983308925851475,-0.6143490559379912,0.013748144200694123,0.05677038673887653,-0.25170712712792,0.01775647055829585,-0.12153585698097207,0.41369818995709984,0.02010724791532205,-0.437410322057033,-0.39017472300050393,0.8689878341063432,0.8556438501767855
-0.1764205307986887,-1.0920541489066795,1.3723987253927767,-0.7054689621240783,-0.010684955964216718,1.0634285775858656,1.5683381533645104,-0.553686987184186,-0.3451454689628382,-0.027713397788827223,-0.3191762854006638,0.12191111752335278,-0.1823915167709124,0.41369818995709984,0.026450590474422987,-0.5071027767660932,-0.4059551496080072,0.7803131682807134,0.7728396339729685
-0.1764205307986887,-1.0920541489066795,1.5168617489757383,1.5952245408757038,-0.010684955964216718,0.4403500961438892,-0.6983308925851475,-0.7053423036984792,0.013748144200694123,-0.19870780707225846,-0.3877746582305781,0.19482977017867537,-0.15218085483159813,0.41369818995709984,0.028035219605038318,-0.5675071925454696,-0.4554141246268768,0.8534945324960475,0.8394202807967814
-0.1764205307986887,-1.0920541489066795,1.6613247725587,-0.7054689621240783,-0.010684955964216718,1.0452112412364494,1.585317925926388,-0.8873286545896748,0.1931949507824603,-0.23656958388624252,-0.4588721240273306,0.20647581865340697,-0.23672794545959908,0.41369818995709984,0.031150667557737353,-0.6094798862925421,-0.4674801329304909,0.7633391024109714,0.7561443729602378
-0.1764205307986887,-0.9819762968945157,-1.6613247698494156,1.6693880091719164,-0.010684955964216718,0.38150311828865324,-0.6983308925851475,-0.7053423036984792,-0.3451454689628382,-0.3372841444181602,-0.49601693112635753,0.2652175256065438,-0.1833608069513689,0.41369818995709984,0.012396689176220128,-0.665107651657174,-0.5256068785970068,0.8661307115284276,0.851548411139727
-0.1764205307986887,-0.9819762968945157,-1.516861746266454,-0.7054689621240783,-0.010684955964216718,0.9866404030789169,1.5370591836632193,-1.0086529367270654,0.31282615517030443,-0.3626029241642653,-0.5614026885411216,0.22380594348807933,-0.2770868072726719,0.41369818995709984,0.008009821870816329,-0.692302697474291,-0.5371965571788035,0.7123187992192753,0.7049885752799524
-0.1764205307986887,-0.9819762968945157,-1.3723987226834924,-0.7054689621240783,-0.010684955964216718,-0.6991224441542135,-0.6983308925851475,-1.038983971103968,0.4922729617520706,-0.45859019760329717,-0.6043191935454866,0.18521167876157707,-0.25952135745400146,0.41369818995709984,-0.01155903279729873,-0.716742074455554,-0.5813582602595011,-1.2740310493992413,-1.2860490588430924
-0.1764205307986887,-0.9819762968945157,-1.2279356991005308,0.8965911994806778,-0.010684955964216718,0.24184675384590112,0.38117359677008744,-1.0086529367270654,0.31282615517030443,-0.6219153913044537,-0.6349067928628438,-0.05490644980728735,-0.39462162651617383,0.41369818995709984,-0.048202405096347385,-0.685045966620814,-0.5797398661000236,0.9314233068517146,0.9142069686750857
-0.1764205307986887,-0.9819762968945157,-1.0834726755175694,-0.7054689621240783,-0.010684955964216718,1.1632143430645254,1.265982535394765,-1.0086529367270654,0.31282615517030443,-0.6678758330163531,-0.6658155125698965,-0.1443189827098345,-0.42429901115897395,0.41369818995709984,-0.06945747696634152,-0.6860147211502737,-0.5993688548229743,0.7659350301262008,0.7548481430433702
-0.1764205307986887,-0.9819762968945157,-0.9390096519346078,-0.7054689621240783,-0.010684955964216718,1.2242015875299412,1.283614424795811,-0.8873286545896748,0.1931949507824603,-0.7441612829451596,-0.6913936338080058,-0.12949162455074492,-0.34646568045737014,0.41369818995709984,-0.1092324644408319,-0.7225862265303429,-0.6575731828554642,0.683223743632803,0.6720990463222656
-0.1764205307986887,-0.9819762968945157,-0.7945466283516462,1.3200577930778241,-0.010684955964216718,0.11624649917738748,0.1476081302902713,-0.8569976202127723,-0.04606745799322794,-0.8240769843318818,-0.7080742500947095,-0.05252472974884787,-0.2156668461925523,0.41369818995709984,-0.1427741429916044,-0.7692800657690864,-0.72291140447872,0.8469009373028477,0.8358510381597414
-0.1764205307986887,-0.9819762968945157,-0.6500836047686848,-0.7054689621240783,-0.010684955964216718,1.214999313568859,1.2427272649444188,-0.8569976202127723,-0.04606745799322794,-0.846884622752574,-0.717778437695394,-0.02229376333778931,-0.14274956075739867,0.41369818995709984,-0.18341033670443285,-0.802832576631743,-0.7703512875875933,0.7103102449271645,0.6991979560180687
-0.1764205307986887,-0.9819762968945157,-0.5056205811857232,1.7913773125373988,-0.010684955964216718,0.1323237265906042,-0.6983308925851475,-0.5233559528072834,-0.2853298667689162,-0.5103147588679624,-0.639423651091526,0.8055346744546781,-0.004615648206565807,-0.1093057562687054,-0.26331406013909686,-1.0212625202968324,-0.8088301907159637,0.8852096371703198,0.8675730176286025
-0.1764205307986887,-0.9819762968945157,-0.3611575576027617,-0.7054689621240783,-0.010684955964216718,1.0519221611909564,1.416632215682664,0.20458959538727972,-0.8236702865142147,-0.05263149195850127,-0.41833755597949723,1.5500054675246613,0.18472043118646037,-1.0680437589566714,-0.3619642815984867,-1.1203446166380258,-0.7707127607340862,0.7066580171056344,0.7025106574195858
-0.1764205307986887,-0.9819762968945157,-0.21669453401980013,-0.7054689621240783,-0.010684955964216718,-0.6991224441542135,-0.6983308925851475,0.2500860746377434,-1.7807199216169676,0.6312946380143135,-0.25103453870730524,1.7011918398956887,0.2846109828976562,-2.6207629095152485,-0.533690832458487,-1.2137651032580272,-0.8702693566727333,-1.2740310493992413,-1.2860490588430924
-0.1764205307986887,-0.9819762968945157,-0.0722315104368386,-0.7054689621240783,-0.010684955964216718,-0.6991224441542135,-0.6983308925851475,0.2955828431477677,-1.9003511260048118,0.999810982298251,-0.1405232503107113,1.5039199515907267,0.2616758667159725,-3.3118450155296997,-0.6424327791349614,-1.194336336396325,-0.8930803059532106,-1.2740310493992413,-1.2860490588430924
-0.1764205307986887,-0.9819762968945157,0.07223151314612293,-0.7054689621240783,-0.010684955964216718,-0.6991224441542135,-0.6983308925851475,0.2500860746377434,-2.019982330392656,1.356675336505639,-0.04876327539503253,1.1379815364700845,0.17330527849032315,-3.657353894982188,-0.7275230441462123,-1.1388153857383059,-0.9012574439847539,-1.2740310493992413,-1.2860490588430924
-0.1764205307986887,-0.9819762968945157,0.21669453672908448,-0.7054689621240783,-0.010684955964216718,-0.6991224441542135,-0.6983308925851475,0.20458959538727972,-2.199429136974422,1.6007590760447752,0.013037931559813353,0.7844120397631706,0.1443154526260475,-3.900697113801504,-0.8152987572455731,-1.1041584775012363,-0.9478361194892133,-1.2740310493992413,-1.2860490588430924
-0.1764205307986887,-0.9819762968945157,0.361157560312046,-0.7054689621240783,-0.010684955964216718,-0.6991224441542135,-0.6983308925851475,0.2955828431477677,-2.4386915457501104,1.6922478344562626,0.06411160022153903,0.44972922509447627,0.42431118788542044,-3.754207994215136,-0.9402762150831853,-1.1089774020143683,-1.1093472189999538,-1.2740310493992413,-1.2860490588430924
-0.1764205307986887,-0.9819762968945157,0.5056205838950075,2.3156934203750112,-0.010684955964216718,-0.6991224441542135,-0.6983308925851475,0.05293427887298657,-1.8405355238108898,1.612568263300726,0.08526320039553986,0.23054448932271215,0.8095193474990319,-2.9386364603697848,-0.9933640659298667,-1.079071543084114,-1.2233147394182495,0.929843896979069,0.9098533491613827
-0.1764205307986887,-0.9819762968945157,0.6500836074779691,-0.7054689621240783,-0.010684955964216718,2.8605736910933763,-0.6983308925851475,0.6595555449301591,-1.7807199216169676,1.4576889061405027,0.12329585244014217,0.0505294159293639,1.1438347417207861,-1.7723907291023437,-1.0026978620927007,-0.984539344487434,-1.2543627471889065,0.7647446223888169,0.7637854905432141
-0.1764205307986887,-0.9819762968945157,0.7945466310609306,1.4553974751937082,-0.010684955964216718,0.5362891420803095,-0.6983308925851475,-0.09872103764130656,-1.6610887172291235,0.6280844709336911,0.001112014317895898,0.021733107663743294,0.4991519609278121,0.41369818995709984,-0.9736685277999619,-1.008001576660168,-1.1324604794551059,0.8202072183588522,0.8070680131166833
-0.1764205307986887,-0.9819762968945157,0.9390096546438922,-0.7054689621240783,-0.010684955964216718,0.6958272494097596,1.8472542480064977,-0.2503763541555997,-1.182563899677747,0.4272152393981911,-0.13108795692645314,0.2933259140127655,-0.4257613312928114,0.41369818995709984,-0.9246024545868979,-1.0737652294112017,-0.8890806966056856,0.8455103581751764,0.834260359556415
-0.1764205307986887,-0.9819762968945157,1.0834726782268538,-0.7054689621240783,-0.010684955964216718,2.8399490935269407,-0.6983308925851475,-0.2503763541555997,-1.182563899677747,0.19496008591586808,-0.22523692638964585,0.4150527790467814,-0.5004318916132025,0.41369818995709984,-0.8871806425778805,-1.1028689561488974,-0.8675888642572838,0.5453596587976836,0.5482439294268328
-0.1764205307986887,-0.9819762968945157,1.2279357018098151,1.0122554305759197,-0.010684955964216718,-0.3141855450851763,0.8803250176947712,-0.28070738853250227,-1.3021951040655912,-0.08059319109104925,-0.2943434457702869,0.660397223176953,-0.5007957946740313,0.41369818995709984,-0.8655351443437421,-1.1665382661630244,-0.8742470782577909,0.8817478601859514,0.8608853236629492
-0.1764205307986887,-0.9819762968945157,1.3723987253927767,-0.7054689621240783,-0.010684955964216718,0.9657345151314174,1.5847892731882385,-0.40203167066989287,-1.182563899677747,-0.1742720072274706,-0.3460600609705016,0.6920995026949789,-0.3831821577168936,0.41369818995709984,-0.8558015110453164,-1.180368027693513,-0.9147838644791445,0.7030932742622332,0.6968290476922853
-0.1764205307986887,-0.9819762968945157,1.5168617489757383,-0.7054689621240783,-0.010684955964216718,2.814797150402799,-0.6983308925851475,-0.8569976202127723,-0.3451454689628382,-0.31899107520503633,-0.4168660482596844,0.7496997911949123,-0.27771986444070357,0.41369818995709984,-0.8298282644546093,-1.1979246866459639,-0.9488173847214193,0.49485994522892923,0.4925455896935855
-0.1764205307986887,-0.9819762968945157,1.6613247725587,1.2488536799680423,-0.010684955964216718,-0.44430804718602923,0.725903498639917,-0.8569976202127723,-0.10588306018714999,-0.5190803411610394,-0.46981139004992023,0.9564184302828471,-0.307021607214261,0.41369818995709984,-0.8088325920539942,-1.243985490085699,-0.9408565237883171,0.8622892929414369,0.8400751576248416
-0.1764205307986887,-0.8718984448823519,-1.6613247698494156,-0.7054689621240783,-0.010684955964216718,0.9924524762290604,1.601358616701228,-1.0086529367270654,0.31282615517030443,-0.5597515994792147,-0.538425995339094,0.810104610472321,-0.28905787639583563,0.41369818995709984,-0.7807614673360495,-1.2071371054963438,-0.9407043930036421,0.6876530756736416,0.6819408451109259
-0.1764205307986887,-0.8718984448823519,-1.516861746266454,-0.7054689621240783,-0.010684955964216718,-0.6991224441542135,-0.6983308925851475,-0.8569976202127723,-0.04606745799322794,-0.6374966419418653,-0.5718923860181379,0.729424482823408,-0.19080321148573895,0.41369818995709984,-0.770865196602869,-1.1849557892615186,-0.9628608765152894,-1.2740310493992413,-1.2860490588430924
-0.1764205307986887,-0.8718984448823519,-1.3723987226834924,-0.7054689621240783,-0.010684955964216718,1.111349484410114,1.4335803361575232,-0.9783219023501628,0.1931949507824603,-0.7535442822449909,-0.617576878205767,0.41315950766174414,-0.2522583889911,0.41369818995709984,-0.7587207167011272,-1.1097084319701986,-0.9448578668199981,0.7183453621468229,0.7047363370523736
-0.1764205307986887,-0.8718984448823519,-1.2279356991005308,-0.7054689621240783,-0.010684955964216718,-0.6991224441542135,-0.6983308925851475,-1.0086529367270654,0.31282615517030443,-0.8788110354268701,-0.64752364826193,0.30596164644878854,-0.231533522736478,0.41369818995709984,-0.751455359842029,-1.0796840334561708,-0.946051725071814,-1.2740310493992413,-1.2860490588430924
-0.1764205307986887,-0.8718984448823519,-1.0834726755175694,1.0776561934452966,-0.010684955964216718,0.15092452606039458,0.2832758925949217,-1.1603082532413587,0.31282615517030443,-1.0289577541008663,-0.6795128851483752,-0.002256285995742661,-0.3790039804078844,0.41369818995709984,-0.7428652559253586,-1.004671711546471,-0.9077121668074692,0.9745967835379976,0.9566729442648816
-0.1764205307986887,-0.8718984448823519,-0.9390096519346078,-0.7054689621240783,-0.010684955964216718,1.2449556879922927,1.3461438563584296,-1.1603082532413587,0.4922729617520706,-1.0352068436751891,-0.7197206867337272,-0.19730500826190359,-0.4593728937268761,0.41369818995709984,-0.7337351185087159,-0.9579524863351588,-0.8893418327816591,0.7719263110461076,0.7679073623433575
-0.1764205307986887,-0.8718984448823519,-0.7945466283516462,-0.7054689621240783,-0.010684955964216718,1.2490928430064603,1.3083703395571846,-1.1603082532413587,0.31282615517030443,-1.0747135050174603,-0.7479002360079183,-0.17400438690278236,-0.3839367954006401,0.41369818995709984,-0.7303402430345836,-0.9706360066635686,-0.9171854504560232,0.6989771600443265,0.6878597349905712
-0.1764205307986887,-0.8718984448823519,-0.6500836047686848,1.427904087731483,-0.010684955964216718,0.08046990511482187,0.11191023577814442,-1.1603082532413587,0.31282615517030443,-1.1132615980274683,-0.7650882930862505,-0.09420483077153873,-0.25489458996632075,0.41369818995709984,-0.7358747418528861,-0.9987313939654267,-0.9600887155500998,0.880925573395634,0.8698911094796178
-0.1764205307986887,-0.8718984448823519,-0.5056205811857232,-0.7054689621240783,-0.010684955964216718,1.2683130909873155,1.301363909036707,-0.644680234944674,0.07356374639461619,-0.8689464107263202,-0.6809561625042588,0.6773113568203161,0.006087629607903979,0.3325131968548139,-0.7749352346028826,-1.1644155255584985,-1.0057481050309245,0.7165006171759005,0.7124440488059129
-0.1764205307986887,-0.8718984448823519,-0.3611575576027617,-0.7054689621240783,-0.010684955964216718,-0.6991224441542135,-0.6983308925851475,-0.09872103764130656,-1.122748297483825,-0.44924867160186105,-0.5434093603317072,1.15445495813413,0.15767337811467408,-0.39500224254386407,-0.8471776248721686,-1.2624150607643954,-1.035406456595415,-1.2740310493992413,-1.2860490588430924
-0.1764205307986887,-0.8718984448823519,-0.21669453401980013,-0.7054689621240783,-0.010684955964216718,-0.6991224441542135,2.3081520256046666,0.05293427887298657,-1.3620107062595133,0.14364490624181356,-0.3496361423212411,1.3380170383861634,0.35135113964818787,-1.5052484393571763,-0.9466434465236523,-1.2906838471670181,-1.0721009653063862,0.3444635472716778,0.3392986745835782
-0.1764205307986887,-0.8718984448823519,-0.0722315104368386,-0.7054689621240783,-0.010684955964216718,-0.6991224441542135,-0.6983308925851475,0.23492077439396258,-1.6012731150352015,0.8792567998775691,-0.1866735435031734,1.1943227696635343,0.5425117652632497,-2.7369328410648723,-1.023386598563037,-1.2463474612113792,-1.1046064596758067,-1.2740310493992413,-1.2860490588430924
-0.1764205307986887,-0.8718984448823519,0.07223151314612293,-0.7054689621240783,-0.010684955964216718,-0.6991224441542135,-0.6983308925851475,0.35624491190157287,-1.7807199216169676,1.2132653531241928,-0.07446772751172537,0.8468669795633234,0.5707813313827053,-3.092953698310536,-1.076825060971586,-1.1560775243818893,-1.0985802819053632,-1.2740310493992413,-1.2860490588430924
-0.1764205307986887,-0.8718984448823519,0.21669453672908448,-0.7054689621240783,-0.010684955964216718,-0.6991224441542135,-0.6983308925851475,0.507900228415866,-1.9601667281987338,1.4940810565581275,0.028790474632342505,0.5651897965889114,0.6090121149276132,-3.2220316600206615,-1.1251457528256623,-1.0801031171389128,-1.0986475705216618,-1.2740310493992413,-1.2860490588430924
-0.1764205307986887,-0.8718984448823519,0.361157560312046,2.304244779422498,-0.010684955964216718,-0.6991224441542135,-0.6983308925851475,0.6292243659234763,-2.199429136974422,1.7922406258112702,0.11249138640531471,0.34733060651896314,0.8195057195139426,-2.9659605829473716,-1.1659204537900476,-1.019071366647588,-1.142898233270606,0.9674417363966804,0.9432871061714251
-0.1764205307986887,-0.8718984448823519,0.5056205838950075,-0.7054689621240783,-0.010684955964216718,2.8314531989981266,-0.6983308925851475,0.6595555449301591,-2.3190603413622664,1.7314280608047137,0.1933008031528321,0.19720126094552526,1.2020726472344416,-2.082603464087129,-1.210472493632254,-0.9826863836252895,-1.2336276679745293,0.7563336437816406,0.7573809754813089
-0.1764205307986887,-0.8718984448823519,0.6500836074779691,2.327027418831973,-0.010684955964216718,-0.6991224441542135,-0.6983308925851475,0.507900228415866,-2.199429136974422,1.321485911741475,0.19345607015444305,0.2616977968587641,1.2553844456458638,-0.3807569624537466,-1.217416919054818,-1.0035005146425449,-1.2493917329378117,0.8707663353078178,0.855523980669772
-0.1764205307986887,-0.8718984448823519,0.7945466310609306,-0.7054689621240783,-0.010684955964216718,0.9979339596002631,1.4973942974502685,0.11359634762679172,-1.4218263084534353,0.9544726400622797,0.07024252950787688,0.27190066277839975,0.3289920635650973,0.41369818995709984,-1.1531490717288206,-0.9897471261651227,-1.0105354571167597,0.8402023961379413,0.8299686213950506
-0.1764205307986887,-0.8718984448823519,0.9390096546438922,1.3132542364012658,-0.010684955964216718,0.6939157151871711,-0.6983308925851475,-0.2503763541555997,-0.5844078777385264,0.38534192435072245,-0.06482070639799774,0.24131252360267189,0.10008865344061678,0.41369818995709984,-1.0733179801455826,-0.9520001211739125,-0.9193187488097855,0.8240477368946277,0.8134522425697093
-0.1764205307986887,-0.8718984448823519,1.0834726782268538,-0.7054689621240783,-0.010684955964216718,1.0067511937011673,1.628055999210714,-0.09872103764130656,-0.8834858887081368,0.2857484807238107,-0.15790468538195898,0.2814676077375502,-0.07834794234016555,0.41369818995709984,-1.0155392216852022,-0.9406734595657565,-0.846810226228491,0.7929225257868769,0.7844780410308503
-0.1764205307986887,-0.8718984448823519,1.2279357018098151,1.5256738631947278,-0.010684955964216718,0.5075906906726423,-0.6983308925851475,-0.1593831063951117,-0.5245922755446044,0.08625321942869381,-0.22065584408302458,0.36854189507091356,-0.05592011037922251,0.41369818995709984,-0.9597613380156031,-0.9255330934175755,-0.8128629567729693,0.8303151535273952,0.8171665580460068
-0.1764205307986887,-0.8718984448823519,1.3723987253927767,-0.7054689621240783,-0.010684955964216718,1.0143372042469887,1.617923977501281,-0.2048797302753557,-0.3451454689628382,0.029577281474975174,-0.27828107445363415,0.39519005210272334,-0.12454937679806603,0.41369818995709984,-0.9024808678382622,-0.8910236604703003,-0.7481523288141279,0.7643224983688314,0.7565625843513739
-0.1764205307986887,-0.8718984448823519,1.5168617489757383,1.6200321722214774,-0.010684955964216718,0.4105053548985905,-0.6983308925851475,-0.2503763541555997,-0.2853298667689162,-0.11487488575969237,-0.3275974029607631,0.4268258412254169,-0.08016074975378745,0.41369818995709984,-0.843503321876603,-0.8573276543220232,-0.7159476286457459,0.8383140886881975,0.8242089428093361
-0.1764205307986887,-0.8718984448823519,1.6613247725587,-0.7054689621240783,-0.010684955964216718,0.986214893563765,1.5711048811562764,-0.31103842290940487,0.013748144200694123,-0.1428847474323122,-0.36442885302017525,0.43087834557682037,-0.10190269990883653,0.41369818995709984,-0.7959757891442462,-0.8246741941319431,-0.6728976505299813,0.7568391125441649,0.7457481008622124
-0.1764205307986887,-0.7618205928701882,-1.6613247698494156,1.7171462069629029,-0.010684955964216718,0.403609010343113,-0.6983308925851475,-0.2503763541555997,0.3726417573642265,-0.1933503934134327,-0.3917254976624786,0.45392408708716797,-0.06686235679354532,0.41369818995709984,-0.733992828865271,-0.7743658656972295,-0.622558180670464,0.8438270823922828,0.8327758218157091
-0.1764205307986887,-0.7618205928701882,-1.516861746266454,-0.7054689621240783,-0.010684955964216718,-0.6991224441542135,2.6324284955746946,-0.09872103764130656,0.3726417573642265,-0.2121217434064367,-0.4026781731079347,0.424787654876194,-0.04255128456849738,0.41369818995709984,-0.6702423326670394,-0.6967764373010987,-0.5560635917152622,0.6455331989400135,0.6343913778980558
-0.1764205307986887,-0.7618205928701882,-1.3723987226834924,-0.7054689621240783,-0.010684955964216718,-0.6991224441542135,-0.6983308925851475,-0.068390003264404,0.3726417573642265,-0.28740915847708753,-0.41207394398269187,0.23736742681295894,0.12670304757372178,0.41369818995709984,-0.6117732096653629,-0.5767812476767045,-0.5450494962732046,-1.2740310493992413,-1.2860490588430924
-0.1764205307986887,-0.7618205928701882,-1.2279356991005308,0.8577186024364847,-0.010684955964216718,0.466660417444161,0.16312939145165586,-0.09872103764130656,0.3726417573642265,-0.42756215008617465,-0.42350724137404366,-0.08825308794833742,0.11468921564847909,0.41369818995709984,-0.5656389537108609,-0.4260137414566331,-0.49556278230784157,0.9089751294903892,0.8894523786882427
-0.1764205307986887,-0.7618205928701882,-1.0834726755175694,-0.7054689621240783,-0.010684955964216718,1.2844799297794025,1.1135131745280096,-0.09872103764130656,0.3726417573642265,-0.46332283608952424,-0.43591660359824974,-0.1392767943971396,0.09114200445664555,0.41369818995709984,-0.5317413549579173,-0.3784494645482928,-0.4579812774406383,0.7522990742038419,0.7412059686195309
-0.1764205307986887,-0.7618205928701882,-0.9390096519346078,1.6765704781342425,-0.010684955964216718,0.39834690403666384,-0.6983308925851475,-0.12905207201820915,0.7315353705277589,-0.5113723279770401,-0.4548542374810981,-0.09677067807859055,0.0745089514205596,0.41369818995709984,-0.4690716496651259,-0.3355579276754546,-0.39580421216503897,0.8765794060870911,0.8655430224047002
-0.1764205307986887,-0.7618205928701882,-0.7945466283516462,-0.7054689621240783,-0.010684955964216718,1.0797505675746828,1.3749074284158693,-0.09872103764130656,0.7315353705277589,-0.5166789033991235,-0.4714967427764973,-0.03421515024447367,0.005563575660857867,0.41369818995709984,-0.39618812042826784,-0.2898569381265749,-0.30430599689326004,0.7541546197893481,0.743062409189689
-0.1764205307986887,-0.7618205928701882,-0.6500836047686848,2.4060830179086397,-0.010684955964216718,-0.6991224441542135,-0.6983308925851475,-0.09872103764130656,0.7315353705277589,-0.5164782261488241,-0.47788950868827906,0.03049961055600943,-0.0005204810427686717,0.41369818995709984,-0.33694272943311043,-0.2564081225078001,-0.24526083204518737,0.94616758584062,0.9351630271730114
-0.1764205307986887,-0.7618205928701882,-0.5056205811857232,-0.7054689621240783,-0.010684955964216718,1.2407258206776401,1.2935821071925124,-0.007727789880818559,0.7315353705277589,-0.25599848633606087,-0.39481883979002763,0.6292200472938588,0.016001053313385867,0.41369818995709984,-0.3416046808269719,-0.41688447242318327,-0.20344827099565427,0.7760424252640145,0.7726873894538043
-0.1764205307986887,-0.7618205928701882,-0.3611575576027617,-0.7054689621240783,-0.010684955964216718,-0.6991224441542135,-0.6983308925851475,0.35624491190157287,0.3726417573642265,-0.02392394237900726,-0.2118910218420864,0.8343650803589306,0.15709649952976573,0.41369818995709984,-0.40183458329660937,-0.4312249653000938,-0.19763609486319747,-1.2740310493992413,-1.2860490588430924
-0.1764205307986887,-0.7618205928701882,-0.21669453401980013,1.3731062307222381,-0.010684955964216718,-0.6991224441542135,0.604036570316492,0.507900228415866,0.07356374639461619,0.209014851602669,-0.055295075849165924,0.7796085349208992,0.24363331818391135,0.41369818995709984,-0.4479104442077721,-0.3651183867840239,-0.17788249759154567,0.9078378247747094,0.8913631191205522
-0.1764205307986887,-0.7618205928701882,-0.0722315104368386,-0.7054689621240783,-0.010684955964216718,-0.6991224441542135,0.7383334409052434,0.598893476176354,-0.10588306018714999,0.159365962030267,0.029273213855532915,0.5116104721246469,0.3473473674927556,0.41369818995709984,-0.43302670590938863,-0.20379784571305554,-0.14567476347589092,-0.48339735022735286,-0.473434153583848
-0.1764205307986887,-0.7618205928701882,0.07223151314612293,2.235965216109261,-0.010684955964216718,-0.6991224441542135,-0.6983308925851475,0.6595555449301591,-0.22551426457499413,0.14704906133105872,0.09963527867192802,0.2547086333801867,0.40769238911669414,0.41369818995709984,-0.40000599801386183,-0.03279083502429338,-0.09303924566248174,0.9017034357115664,0.8859087491937268
-0.1764205307986887,-0.7618205928701882,0.21669453672908448,-0.7054689621240783,-0.010684955964216718,1.4727716744096657,1.022433455666503,0.6595555449301591,-0.22551426457499413,0.14980168428099855,0.10693000471124976,-0.03895898421913927,0.37561693361221105,0.41369818995709984,-0.3606359150134346,0.1274563957318905,-0.03835234607167374,0.8240637578062604,0.8168575610945942
-0.1764205307986887,-0.7618205928701882,0.361157560312046,1.3796173503600646,-0.010684955964216718,0.6532637890921192,-0.6983308925851475,0.35624491190157287,0.7315353705277589,0.10829360182907474,0.07974134121097588,-0.00934348018538683,0.34930523303891986,0.41369818995709984,-0.283694895471826,0.17869281811288198,0.0329308952324802,0.8637156941074778,0.8526735452645325
-0.1764205307986887,-0.7618205928701882,0.5056205838950075,-0.7054689621240783,-0.010684955964216718,1.1297784192412497,1.4234074392363776,0.35624491190157287,0.6119041661399147,0.1253009987919472,0.07660635929663115,0.18834098954702136,0.34233405781373366,0.41369818995709984,-0.21775506775203615,0.16030154152839926,0.09769981832106178,0.7665278038566112,0.7599217992197151
-0.1764205307986887,-0.7618205928701882,0.6500836074779691,1.5310286903695929,-0.010684955964216718,0.4272716701642229,-0.6983308925851475,0.35624491190157287,0.3726417573642265,0.06724373243200119,0.023545273014285308,0.35675860360068845,0.40290211679753507,0.41369818995709984,-0.13080315910705642,0.13371726500045317,0.11491855264635463,0.8332594010629538,0.8191418435974774
-0.1764205307986887,-0.7618205928701882,0.7945466310609306,-0.7054689621240783,-0.010684955964216718,1.0522031362240596,1.4700980406850752,0.08326531324988914,0.9707977793034471,-0.06154022402345842,-0.10279619195564328,0.3327768819098947,0.1547244217438562,0.41369818995709984,0.022498307768415902,0.18845286402405242,0.26598680564438704,0.7243413233330495,0.7175185246028185
-0.1764205307986887,-0.7618205928701882,0.9390096546438922,1.6499949482733378,-0.010684955964216718,0.39711021445026,-0.6983308925851475,0.20458959538727972,0.7315353705277589,-0.14836925668299425,-0.17393459178009313,0.36796990718286315,0.13841502442546594,0.41369818995709984,0.1258355760121932,0.20739875956855008,0.3078960195856083,0.822041882756163,0.8109804718635485
-0.1764205307986887,-0.7618205928701882,1.0834726782268538,-0.7054689621240783,-0.010684955964216718,0.9930822261068458,1.4753369851278066,0.05293427887298657,0.7315353705277589,-0.19018236855537313,-0.2342007726962853,0.3984293277727555,0.08794737159545246,0.41369818995709984,0.2175191722804767,0.21542051176485605,0.3520490542455267,0.7301277525963493,0.7190245773832448
-0.1764205307986887,-0.7618205928701882,1.2279357018098151,1.6867313196609786,-0.010684955964216718,0.3570504067096673,-0.6983308925851475,-0.09872103764130656,0.7315353705277589,-0.2425230089784575,-0.284862983803742,0.4361055135790934,0.08840602360990721,0.41369818995709984,0.28171414645321624,0.20177985421646707,0.35406337852409436,0.8175457669151476,0.8064823942260088
-0.1764205307986887,-0.7618205928701882,1.3723987253927767,-0.7054689621240783,-0.010684955964216718,0.986689597360807,1.494672427583151,-0.09872103764130656,0.7315353705277589,-0.2637974732068624,-0.32486540949150866,0.4463092319396949,0.0420712698278782,0.41369818995709984,0.32290002573929605,0.186056471240652,0.36279811272226004,0.7314765693476296,0.7203738777314226
-0.1764205307986887,-0.7618205928701882,1.5168617489757383,1.7154195725698014,-0.010684955964216718,0.3409401203185565,-0.6983308925851475,-0.09872103764130656,0.7315353705277589,-0.3020927128814932,-0.3571383615354429,0.459514394940871,0.04272780461273756,0.41369818995709984,0.35778020555206386,0.1650431248793415,0.34600066364683657,0.8230843220737479,0.8120236439322764
-0.1764205307986887,-0.7618205928701882,1.6613247725587,-0.7054689621240783,-0.010684955964216718,0.987166298361601,1.5078220879993245,0.08326531324988914,0.7315353705277589,-0.30638453034122926,-0.37165794346336145,0.461168130414519,0.00816036777926076,0.41369818995709984,0.3983946821000141,0.16646775123823168,0.3638101508482322,0.7351871204879127,0.7240863490614583
-0.1764205307986887,-0.6517427408580244,-1.6613247698494156,1.7286318062160169,-0.010684955964216718,0.3278406711415013,-0.6983308925851475,0.14392752663347458,0.6119041661399147,-0.32854130554678385,-0.37966336891460245,0.4750620657160598,0.024242535306211836,0.41369818995709984,0.44304469048600464,0.1715380614204008,0.36807501387160096,0.822700540235535,0.8116396516995528
-0.1764205307986887,-0.6517427408580244,-1.516861746266454,-0.7054689621240783,-0.010684955964216718,-0.6991224441542135,1.3569957010269447,0.20458959538727972,0.7315353705277589,-0.3255311467922931,-0.38457121768370495,0.428542657330534,-0.007379299101708182,0.41369818995709984,0.4984056045899415,0.21781884076650324,0.41120712527424846,-0.12528623274706538,-0.13677987474210593
-0.1764205307986887,-0.6517427408580244,-1.3723987226834924,-0.7054689621240783,-0.010684955964216718,-0.6991224441542135,-0.6983308925851475,0.08326531324988914,0.851166574915603,-0.3837837390091972,-0.4025645458931194,0.22454160004156298,0.0024838154248572777,0.41369818995709984,0.5576389304934999,0.3262244733719043,0.42915010615564386,-1.2740310493992413,-1.2860490588430924
-0.1764205307986887,-0.6517427408580244,-1.2279356991005308,1.3937973173724885,-0.010684955964216718,-0.6991224441542135,0.5617775754750844,0.06809986837632802,0.7913509727216809,-0.49305785319055107,-0.41636919385452936,-0.03901268799998454,-0.10988089719866655,0.41369818995709984,0.5978156855182376,0.45093327875034317,0.4892595363648834,0.9044041293882591,0.8882917959741836
-0.1764205307986887,-0.6517427408580244,-1.0834726755175694,-0.7054689621240783,-0.010684955964216718,1.1456744792509672,0.6026015359606749,0.05293427887298657,0.3726417573642265,-0.4990775017753648,-0.4368460883306208,-0.39199655776339515,-0.13123882062132025,0.41369818995709984,0.6199951847065487,0.5955268303875951,0.4798874565289267,0.5995569627692203,0.6086348017756639
-0.1764205307986887,-0.6517427408580244,-0.9390096519346078,2.335739889675468,-0.010684955964216718,-0.6991224441542135,-0.6983308925851475,0.05293427887298657,0.3726417573642265,-0.5137724278906207,-0.45099020641828014,-0.4201620597143253,-0.1385948610652171,0.41369818995709984,0.6355205445761681,0.5969228437435056,0.471654190472838,0.9504800912337098,0.9394775098049373
-0.1764205307986887,-0.6517427408580244,-0.7945466283516462,-0.7054689621240783,-0.010684955964216718,1.2875531007737162,1.1391402553400372,-0.09872103764130656,1.0904289836912913,-0.4867358508819529,-0.47438400324736274,-0.47466628262648053,-0.2224174995168215,0.41369818995709984,0.6673612865133107,0.6147151834836587,0.5030195707992736,0.8287316034191591,0.8176734933628469
-0.1764205307986887,-0.6517427408580244,-0.6500836047686848,1.4757593459138525,-0.010684955964216718,0.5666352865833342,-0.6983308925851475,-0.09872103764130656,1.0904289836912913,-0.4857746068530189,-0.4958715447521218,-0.42616921120030343,-0.25590245051727983,0.41369818995709984,0.7037052032388716,0.5906522933837091,0.5180217899313238,0.8796914231691856,0.8686563511048085
-0.1764205307986887,-0.6517427408580244,-0.5056205811857232,-0.7054689621240783,-0.010684955964216718,1.0509248207068256,1.416852312976501,-0.09872103764130656,0.851166574915603,-0.46414895743659,-0.4934726695772326,-0.3123197531312264,-0.29512935580473304,0.41369818995709984,0.7179019552216069,0.5276722770654271,0.5274034050301376,0.7821640335998999,0.7710846214472065
-0.1764205307986887,-0.6517427408580244,-0.3611575576027617,1.5743199572462565,-0.010684955964216718,0.39013429709266534,-0.6983308925851475,-0.09872103764130656,0.3726417573642265,-0.42387637792234273,-0.43332505618954337,-0.05810566075192706,-0.2212855429912019,0.41369818995709984,0.6612669674448135,0.361354356699584,0.4409398085469208,0.861620014857724,0.8473369957933187
-0.1764205307986887,-0.6517427408580244,-0.21669453401980013,-0.7054689621240783,-0.010684955964216718,1.040785017258184,1.4965786797642497,0.05293427887298657,-0.2853298667689162,-0.3319447917118613,-0.32419705562548334,0.21810226098592525,-0.10124784209660771,0.41369818995709984,0.5587325103960351,0.18993772828395278,0.3312543796382924,0.7480180706032883,0.7414012432181358
-0.1764205307986887,-0.6517427408580244,-0.0722315104368386,-0.7054689621240783,-0.010684955964216718,-0.6991224441542135,-0.6983308925851475,-0.068390003264404,0.3726417573642265,-0.31862985615449746,-0.26719924509320164,0.3028169917259599,-0.011117271095198687,0.41369818995709984,0.5067223135309782,0.12992980697443962,0.2650152923855577,-1.2740310493992413,-1.2860490588430924
-0.1764205307986887,-0.6517427408580244,0.07223151314612293,0.929165097410884,-0.010684955964216718,0.3002080958414528,0.4010463910470996,-0.2503763541555997,1.0904289836912913,-0.32603150206970627,-0.23237003359547256,0.25535222630936416,-0.014527394939417147,0.41369818995709984,0.46801170843735335,0.12768271813140009,0.24390790449871358,0.9164900171075918,0.9054718625486133
-0.1764205307986887,-0.6517427408580244,0.21669453672908448,-0.7054689621240783,-0.010684955964216718,1.1554677152906525,1.2285230240660607,-0.2503763541555997,1.0904289836912913,-0.337005203040244,-0.21574093772293976,0.21056668284827135,-0.0020490415955127703,0.41369818995709984,0.4538521169367431,0.13852424950106357,0.23073645583523145,0.7521455254665081,0.7410522897643854
-0.1764205307986887,-0.6517427408580244,0.361157560312046,2.4039146780005947,-0.010684955964216718,-0.6991224441542135,-0.6983308925851475,-0.22004531977869715,0.851166574915603,-0.3565163831626851,-0.2140682886601309,0.20770162876222445,0.04927470576239523,0.41369818995709984,0.4495376401809334,0.12808781801569338,0.1966602436206191,0.9662385479320391,0.9552431161966075
-0.1764205307986887,-0.6517427408580244,0.5056205838950075,-0.7054689621240783,-0.010684955964216718,1.1781984167715112,1.2192896281648935,-0.2503763541555997,0.3726417573642265,-0.2908681653480812,-0.19561480551866944,0.18479483512930187,0.09950087453360985,0.41369818995709984,0.42948111451038595,0.11464573040527717,0.1520365137123899,0.7953141418762284,0.7842407608785056
-0.1764205307986887,-0.6517427408580244,0.6500836074779691,1.5893225155608803,-0.010684955964216718,0.4622326167260915,-0.6983308925851475,-0.2503763541555997,0.3726417573642265,-0.24524887496169073,-0.20509879628070557,0.2127080145543558,0.19219050576923447,0.41369818995709984,0.42816119348945314,0.08136385982644477,0.09110293339756748,0.8597570888522522,0.8487129338097218
-0.1764205307986887,-0.6517427408580244,0.7945466310609306,-0.7054689621240783,-0.010684955964216718,1.0298204737759746,1.4445478891176555,-0.2503763541555997,0.7913509727216809,-0.29644097258889496,-0.27853655924719395,0.209631555108791,0.08905333504529857,0.41369818995709984,0.47881141322946846,0.06957960530597236,0.12064057720270768,0.7564461501835558,0.74535488789818
-0.1764205307986887,-0.6517427408580244,0.9390096546438922,1.675774618806749,-0.010684955964216718,0.3817776812465527,-0.6983308925851475,-0.40203167066989287,0.3726417573642265,-0.3621835087111396,-0.36853707673098135,0.21451774672474486,0.017439057344080397,0.41369818995709984,0.5308177492652136,0.037579080935770254,0.11963915789219005,0.8412549160291379,0.830202418160012
-0.1764205307986887,-0.6517427408580244,1.0834726782268538,-0.7054689621240783,-0.010684955964216718,1.0084630075485608,1.4840861669825325,-0.2503763541555997,0.3726417573642265,-0.3851978446996402,-0.42589270712606647,0.22141484657901608,-0.06732771669852228,0.41369818995709984,0.5503699541069221,-0.0017889689986953588,0.11693916152998725,0.7495888399842667,0.7384944588993431
-0.1764205307986887,-0.6517427408580244,1.2279357018098151,1.716019337613041,-0.010684955964216718,0.35455947316704,-0.6983308925851475,-0.22004531977869715,0.07356374639461619,-0.4195792090692653,-0.46117995627854785,0.2508845832076171,-0.07974402205509638,0.41369818995709984,0.5523997851175413,-0.052005864905089974,0.08140210370355944,0.8416719997623178,0.8306198099305873
-0.1764205307986887,-0.6517427408580244,1.3723987253927767,-0.7054689621240783,-0.010684955964216718,1.0018076939511473,1.506146623552049,-0.2503763541555997,0.013748144200694123,-0.4255533708106779,-0.4877489632905744,0.26305744019921184,-0.1267504033756597,0.41369818995709984,0.5385172081200446,-0.10203989575484662,0.052793931316469464,0.7501943944419348,0.7391003633988968
-0.1764205307986887,-0.6517427408580244,1.5168617489757383,1.740263803397723,-0.010684955964216718,0.34302120662808666,-0.6983308925851475,-0.2503763541555997,0.013748144200694123,-0.4490500011240646,-0.5079364965363908,0.2877356061590625,-0.11769726662964872,0.41369818995709984,0.5229860570064576,-0.15225377976619073,0.005616918067725502,0.8455159384927114,0.8344654696017492
-0.1764205307986887,-0.6517427408580244,1.6613247725587,-0.7054689621240783,-0.010684955964216718,0.9947104727446184,1.5141340591536288,-0.2503763541555997,0.07356374639461619,-0.4482499678195378,-0.5247483840153656,0.28735200772445346,-0.15621984341227194,0.41369818995709984,0.4996106659388516,-0.19255121445909876,-0.02201497342910654,0.7471657221023791,0.7360704310908475
-0.1764205307986887,-0.5416648888458606,-1.6613247698494156,1.755811765760043,-0.010684955964216718,0.3399154496778201,-0.6983308925851475,-0.2503763541555997,-0.2853298667689162,-0.46877055451098476,-0.5408961521829045,0.2996032892849016,-0.14404502211449666,0.41369818995709984,0.46613389758088186,-0.24723883829725066,-0.0805075264525049,0.8508440616771697,0.8397958719187572
-0.1764205307986887,-0.5416648888458606,-1.516861746266454,-0.7054689621240783,-0.010684955964216718,-0.6991224441542135,2.128456210257335,-0.40203167066989287,-0.3451454689628382,-0.4675604706916795,-0.5619418884921706,0.25225871804448335,-0.1596584757912097,0.41369818995709984,0.43538239211329877,-0.28489355021869883,-0.13244892047201928,0.31423514719487305,0.302942150653808
-0.1764205307986887,-0.5416648888458606,-1.3723987226834924,-0.7054689621240783,-0.010684955964216718,-0.6991224441542135,-0.6983308925851475,-0.5840180215610886,0.013748144200694123,-0.5358596349827383,-0.6022047392871848,0.025425881927580024,-0.09018569213920076,0.41369818995709984,0.4102841059653527,-0.2657740404380755,-0.22247848855328142,-1.2740310493992413,-1.2860490588430924
-0.1764205307986887,-0.5416648888458606,-1.2279356991005308,0.8651552942723588,-0.010684955964216718,0.4380494225376317,0.1947418609572276,-0.7053423036984792,0.31282615517030443,-0.6664570448567365,-0.6321289250522043,-0.32097373381600725,-0.17021501850050658,0.41369818995709984,0.39328632231698885,-0.1824531908961892,-0.23538381669884198,0.9381324686209618,0.9197189169463056
-0.1764205307986887,-0.5416648888458606,-1.0834726755175694,-0.7054689621240783,-0.010684955964216718,1.2729615301619817,1.1370981716861706,-0.7053423036984792,0.013748144200694123,-0.7033000501633674,-0.6618674961743889,-0.39611981471495983,-0.21892520401370621,0.41369818995709984,0.3759058339631041,-0.19834954270204772,-0.2604793282756787,0.7751348136184846,0.7640522770357467
-0.1764205307986887,-0.5416648888458606,-0.9390096519346078,1.6996983008949569,-0.010684955964216718,0.3987470805989621,-0.6983308925851475,-1.0086529367270654,0.31282615517030443,-0.7585658959716491,-0.6998126340908105,-0.3803939837779192,-0.2529300165296343,0.41369818995709984,0.34914594340014093,-0.2668073355757604,-0.3101684498662362,0.9072769128573213,0.8962546146272645
-0.1764205307986887,-0.5416648888458606,-0.7945466283516462,-0.7054689621240783,-0.010684955964216718,1.0921080029998957,1.4054508539228043,-1.0086529367270654,0.31282615517030443,-0.7675555678608936,-0.7292936031421405,-0.3350526488071262,-0.3295970127666923,0.41369818995709984,0.3108330037256199,-0.3467918659431271,-0.34673726647590886,0.7868669812101962,0.7757896532763422
-0.1764205307986887,-0.5416648888458606,-0.6500836047686848,1.1428303624619627,-0.010684955964216718,0.19534712028113146,0.24729574950550764,-1.1603082532413587,0.6717197683338367,-0.7990244364045072,-0.762085288123275,-0.2835737388825879,-0.3390769390471776,0.41369818995709984,0.2737091994790982,-0.4251374951322961,-0.4048813489839832,0.8724503311316837,0.8614121347783881
-0.1764205307986887,-0.5416648888458606,-0.5056205811857232,-0.7054689621240783,-0.010684955964216718,1.248915196988524,1.2949783625013203,-0.6750112693215766,0.3726417573642265,-0.5450252339280786,-0.6924282766460134,0.7058766535842054,-0.15262609106500852,0.29202482562627446,0.1939227487347767,-0.7471542544573347,-0.48393973030604487,0.7409697695361082,0.736279024523565
-0.1764205307986887,-0.5416648888458606,-0.3611575576027617,-0.7054689621240783,-0.010684955964216718,-0.6991224441542135,-0.6983308925851475,-0.40203167066989287,0.3726417573642265,-0.18668456408265494,-0.5733053157327974,1.1037031803534172,-0.014536618288885158,-0.0742389215002189,0.10115812025922093,-0.8373568539189099,-0.5057806833013292,-1.2740310493992413,-1.2860490588430924
-0.1764205307986887,-0.5416648888458606,-0.21669453401980013,-0.7054689621240783,-0.010684955964216718,-0.6991224441542135,2.792009724046499,-0.09872103764130656,-0.8834858887081368,0.31582130452950813,-0.3988141420451167,1.216777769584584,0.1784552614387347,-1.1288693266213568,-0.07586307539809341,-0.8966516015075349,-0.6017160464594635,0.6038455267999827,0.600270778858083
-0.1764205307986887,-0.5416648888458606,-0.0722315104368386,-0.7054689621240783,-0.010684955964216718,-0.6991224441542135,-0.6983308925851475,0.03776868936964514,-1.4816419106473573,0.9464455500503045,-0.2540911813617463,1.0314213010995457,0.4090440290569155,-2.3911010561175683,-0.23246724044788156,-0.9023806561643222,-0.7339980979448034,-1.2740310493992413,-1.2860490588430924
-0.1764205307986887,-0.5416648888458606,0.07223151314612293,-0.7054689621240783,-0.010684955964216718,-0.6991224441542135,-0.6983308925851475,0.20458959538727972,-1.8405355238108898,1.262874107246535,-0.14425459866306173,0.6817423449605338,0.4824618908222876,-2.716411962879864,-0.34106223430867993,-0.8437833774152504,-0.7934589135692389,-1.2740310493992413,-1.2860490588430924
-0.1764205307986887,-0.5416648888458606,0.21669453672908448,2.292653687544369,-0.010684955964216718,-0.6991224441542135,-0.6983308925851475,0.14392752663347458,-2.1396135347805,1.7120667196958295,-0.07190793926243938,0.3758464617068362,0.518418699480173,-3.33397691134645,-0.4450063766598879,-0.8234502890646332,-0.8685933175150741,0.9579148742927489,0.9323785712229145
-0.1764205307986887,-0.5416648888458606,0.361157560312046,-0.7054689621240783,-0.010684955964216718,2.830652635641556,-0.6983308925851475,0.08326531324988914,-2.259244739168344,1.860416039131311,-0.005420491895335725,0.12023351370266241,0.7168573863118113,-3.081845047320419,-0.5822622369159911,-0.8536006493323806,-1.018658850939472,0.7376123984927171,0.7394984940862939
-0.1764205307986887,-0.5416648888458606,0.5056205838950075,2.338703730092554,-0.010684955964216718,-0.6991224441542135,-0.6983308925851475,0.05293427887298657,-2.019982330392656,1.9243250541099868,0.03317606166875362,0.32796144289410206,1.1783644466700756,-2.654359120345391,-0.6835918739176914,-0.9770201484938413,-1.1936041606185641,0.8604056657580127,0.8451861065367018
-0.1764205307986887,-0.5416648888458606,0.6500836074779691,-0.7054689621240783,-0.010684955964216718,2.8570472599633576,-0.6983308925851475,-0.09872103764130656,-1.8405355238108898,1.7530818050361843,0.03448312751867853,0.5261420332686046,1.5278597971435461,-1.5264970248529643,-0.7352253986230269,-1.0642627005268495,-1.3049123178970596,0.6344263869327071,0.6355230689873475
-0.1764205307986887,-0.5416648888458606,0.7945466310609306,1.568629814227594,-0.010684955964216718,0.4147219775988882,-0.6983308925851475,-0.40203167066989287,-1.062932695289903,0.9240024753009896,-0.056035417143210864,0.7462618967798491,0.9276930933147725,0.41369818995709984,-0.7000725477401212,-1.119660486190839,-1.171988694918799,0.7555495191628527,0.7402908622634243
-0.1764205307986887,-0.5416648888458606,0.9390096546438922,-0.7054689621240783,-0.010684955964216718,0.6076515446891363,1.905431203179372,-0.7053423036984792,-0.3451454689628382,0.6722715946771116,-0.19008094842943551,0.732205145253841,-0.16454265857767947,0.41369818995709984,-0.6505393141803432,-1.1196993181234545,-0.8958223441561926,0.7788824468688389,0.766701905403596
-0.1764205307986887,-0.5416648888458606,1.0834726782268538,-0.7054689621240783,-0.010684955964216718,2.8399537186303663,-0.6983308925851475,-0.8569976202127723,-0.04606745799322794,0.4113563852311988,-0.29673808639058674,0.7836584819494052,-0.18930986735823632,0.41369818995709984,-0.600835238923523,-1.1338351097046109,-0.8911760706185389,0.5074271803382158,0.5094437067951083
-0.1764205307986887,-0.5416648888458606,1.2279357018098151,1.0089351040263426,-0.010684955964216718,-0.360338663798983,0.8855586169175094,-0.9479908679732603,-0.16569866238107206,-0.005212795561093047,-0.3921037845391307,0.944255802582842,-0.38345131182409653,0.41369818995709984,-0.5795811322608568,-1.1845773661619583,-0.8522574618461433,0.8471646523089368,0.8253017019219909
-0.1764205307986887,-0.5416648888458606,1.3723987253927767,-0.7054689621240783,-0.010684955964216718,0.9613821876919741,1.6199253955599053,-1.0086529367270654,-0.04606745799322794,-0.10345300559681932,-0.4637390387687356,0.8582368371651364,-0.3206419789195683,0.41369818995709984,-0.5573627834775968,-1.1722131067089023,-0.8786471686453152,0.6892893687830954,0.6828106674310496
-0.1764205307986887,-0.5416648888458606,1.5168617489757383,-0.7054689621240783,-0.010684955964216718,1.1271385363451218,1.478407027952127,-1.1603082532413587,-0.04606745799322794,-0.25908958491483897,-0.5255416572417779,0.7820235001770048,-0.08983688183204687,0.41369818995709984,-0.5523514270310278,-1.1717564819057094,-0.961650114842954,0.6404572701060882,0.631272311854022
-0.1764205307986887,-0.5416648888458606,1.6613247725587,1.2946234853048784,-0.010684955964216718,0.014634553657538305,0.1846318489771782,-1.0996461121726633,-0.22551426457499413,-0.4944064043125629,-0.5825655808606942,0.6929834839765113,0.08025677511176135,0.41369818995709984,-0.5630222766448654,-1.1775807339596287,-1.0354846890929474,0.8227064805735561,0.8063112984339467
-0.1764205307986887,-0.43158703683369687,-1.6613247698494156,-0.7054689621240783,-0.010684955964216718,1.234204635079568,1.391082483348185,-1.1603082532413587,-0.3451454689628382,-0.5276265163271223,-0.6126655006411734,0.5799387301791475,0.1498125689089824,0.41369818995709984,-0.5836835047063557,-1.1762079552226794,-1.079650076252476,0.6785593182145225,0.6725531161129356
-0.1764205307986887,-0.43158703683369687,-1.516861746266454,-0.7054689621240783,-0.010684955964216718,-0.6991224441542135,-0.6983308925851475,-1.1603082532413587,-0.3451454689628382,-0.6192437081788014,-0.6435481072615914,0.5190872318356609,0.1749948284155998,0.41369818995709984,-0.5983546560907644,-1.1835134142353665,-1.1084445113310593,-1.2740310493992413,-1.2860490588430924
-0.1764205307986887,-0.43158703683369687,-1.3723987226834924,-0.7054689621240783,-0.010684955964216718,1.2391713654627026,1.3377669533549936,-1.2513014286869564,-0.04606745799322794,-0.7544132147387872,-0.687840842507508,0.2075098295449199,-0.026526972597300195,0.41369818995709984,-0.6235525998953184,-1.1402235542420986,-1.0888524717516799,0.715636027978463,0.7017930796186262
-0.1764205307986887,-0.43158703683369687,-1.2279356991005308,-0.7054689621240783,-0.010684955964216718,1.2534698727028355,1.3040660749556143,-1.3119635697556518,0.31282615517030443,-0.8973021061936226,-0.7239848832052426,0.1732996687055165,0.011739027372849249,0.41369818995709984,-0.6472703982625047,-1.1516335808025455,-1.1185099564740926,0.6378536019504072,0.629425501825453
-0.1764205307986887,-0.43158703683369687,-1.0834726755175694,-0.7054689621240783,-0.010684955964216718,1.2733224984611498,1.3046280567125448,-1.3119635697556518,-0.04606745799322794,-1.0309899457222313,-0.7549775882449847,0.24515106527166006,0.13289443052570338,0.41369818995709984,-0.6740401822005789,-1.1913528392134363,-1.1715386955250986,0.6096792987572084,0.5997640484463831
-0.1764205307986887,-0.43158703683369687,-0.9390096519346078,-0.7054689621240783,-0.010684955964216718,1.2801565092363691,1.2990841203054966,-1.2513014286869564,0.07356374639461619,-1.1462944112750817,-0.7768610606038517,0.3544587178749656,0.27482417062578063,0.41369818995709984,-0.7011724014902879,-1.232640219268838,-1.2217741443352654,0.5853807961074258,0.575078921302066
-0.1764205307986887,-0.43158703683369687,-0.7945466283516462,1.6672008312951188,-0.010684955964216718,-0.041092529147186974,-0.02989834583279313,-1.1603082532413587,-0.04606745799322794,-1.2077946303259974,-0.789072810280553,0.3955745029782982,0.3299378761287261,0.41369818995709984,-0.7207376366309233,-1.2504202962934283,-1.2432341202373036,0.8152538765004537,0.8041895057072374
-0.1764205307986887,-0.43158703683369687,-0.6500836047686848,-0.7054689621240783,-0.010684955964216718,1.2139923024139292,1.2212868538941115,-1.0086529367270654,1.0904289836912913,-1.184596340191389,-0.795777521713753,0.35447320937138416,0.3030895443136597,0.41369818995709984,-0.7203554145290663,-1.2088406548504471,-1.204229260678155,0.6580266298496437,0.6468905914498927
-0.1764205307986887,-0.43158703683369687,-0.5056205811857232,1.4206968602959391,-0.010684955964216718,-0.01393917763161912,-0.005595936304958807,-0.7053423036984792,-0.3451454689628382,-0.84926599278946,-0.719012810358201,0.8857979584713158,0.38596720868795054,-0.15930463027751463,-0.7701050958321307,-1.3007772453196715,-1.1980676388330365,0.8425970724014249,0.8256652036406952
-0.1764205307986887,-0.43158703683369687,-0.3611575576027617,-0.7054689621240783,-0.010684955964216718,1.2174121459331864,1.2514515024391764,-0.2503763541555997,-0.5844078777385264,-0.38893646187271763,-0.5823270342854919,1.5699014396663855,0.5167543041443545,-1.0138517933050417,-0.8208824816375998,-1.3907756813238945,-1.1733068366535369,0.6489343124724691,0.6446792551769186
-0.1764205307986887,-0.43158703683369687,-0.21669453401980013,-0.7054689621240783,-0.010684955964216718,-0.6991224441542135,-0.6983308925851475,0.20458959538727972,-0.8236702865142147,0.36002247568044965,-0.3576592117499378,1.7708175131001336,0.6225436070835014,-2.3026132510636965,-0.895870162849327,-1.3679210989776003,-1.126092224129663,-1.2740310493992413,-1.2860490588430924
-0.1764205307986887,-0.43158703683369687,-0.0722315104368386,-0.7054689621240783,-0.010684955964216718,-0.6991224441542135,-0.6983308925851475,0.416906980655378,-1.182563899677747,0.798327678376835,-0.19690634466843324,1.6352819568611567,0.5984673110267301,-2.7891943934322794,-0.954947607769426,-1.301597664017894,-1.0755332265139124,-1.2740310493992413,-1.2860490588430924
-0.1764205307986887,-0.43158703683369687,0.07223151314612293,-0.7054689621240783,-0.010684955964216718,-0.6991224441542135,-0.6983308925851475,0.6595555449301591,-1.5414575128412795,1.1821791092044835,-0.05215233058474064,1.2754615105520466,0.48239565040338095,-3.3450504639132177,-0.9766095145281392,-1.1448134671637118,-0.9577181191775067,-1.2740310493992413,-1.2860490588430924
-0.1764205307986887,-0.43158703683369687,0.21669453672908448,-0.7054689621240783,-0.010684955964216718,-0.6991224441542135,-0.6983308925851475,0.507900228415866,-0.8236702865142147,1.4029428144104963,0.03922159410420545,0.9161286604753728,0.41523373503626654,-3.4890826938651203,-0.9226300534122901,-0.9141479149912953,-0.7837381465074388,-1.2740310493992413,-1.2860490588430924
-0.1764205307986887,-0.43158703683369687,0.361157560312046,-0.7054689621240783,-0.010684955964216718,-0.6991224441542135,-0.6983308925851475,0.598893476176354,-1.7807199216169676,1.4176497811607702,0.13271067881055162,0.6489966777003713,0.5163434458498705,-3.2408093165126446,-0.9778136106697214,-0.8605226295645296,-0.831309356191117,-1.2740310493992413,-1.2860490588430924
-0.1764205307986887,-0.43158703683369687,0.5056205838950075,2.3045869128168914,-0.010684955964216718,-0.6991224441542135,-0.6983308925851475,0.46240374916540233,-1.5414575128412795,1.1762644817139931,0.14821267740320856,0.3297021273462615,0.6843148939297207,-2.326077717020283,-0.9674796184133284,-0.7505054179717462,-0.858004624822756,0.9558429563950795,0.9317017695448535
-0.1764205307986887,-0.43158703683369687,0.6500836074779691,-0.7054689621240783,-0.010684955964216718,1.239922944769357,1.2823841857314973,0.3410793223982314,-1.3021951040655912,0.9277711940616119,0.10304621239368131,-0.05567279423553971,0.5848066919782897,-1.1656571540814138,-0.9215565015618092,-0.6096496280921744,-0.8054178668762298,0.9118016503269838,0.9028580925802981
-0.1764205307986887,-0.43158703683369687,0.7945466310609306,1.267296230786129,-0.010684955964216718,0.749040641060684,-0.6983308925851475,0.20458959538727972,-1.062932695289903,0.3242631275254354,-0.014015931952698294,-0.2045396747386308,0.24148679321681046,0.41369818995709984,-0.8515323990339191,-0.5504118913741481,-0.6922074246577378,0.8815570493283034,0.8713735981689218
-0.1764205307986887,-0.43158703683369687,0.9390096546438922,-0.7054689621240783,-0.010684955964216718,1.059173797782307,1.537609636514282,0.20458959538727972,-0.5844078777385264,0.17542883806839707,-0.11848451095023335,-0.010522406041085399,-0.16046258416755724,0.41369818995709984,-0.7721474745380129,-0.5778706931435453,-0.5316966609049176,0.8208597554899602,0.8137102181412136
-0.1764205307986887,-0.43158703683369687,1.0834726782268538,1.5074069540091062,-0.010684955964216718,0.5294224402331503,-0.6983308925851475,0.08326531324988914,-0.9433014909020588,-0.02178338504248054,-0.19798686184782582,0.09503024410788018,-0.12338471930615075,0.41369818995709984,-0.7266669052463458,-0.6132251777878486,-0.546391151099306,0.864329889056813,0.8512213825359773
-0.1764205307986887,-0.43158703683369687,1.2279357018098151,-0.7054689621240783,-0.010684955964216718,1.0059723893538943,1.5403679796472354,-0.022893379384159997,-0.7638546843202927,-0.07727131367442684,-0.251198274818095,0.153042261594294,-0.15558343229897914,0.41369818995709984,-0.6902573544224861,-0.6276740988865773,-0.5322839464127087,0.7842030096230885,0.7731244521178382
-0.1764205307986887,-0.43158703683369687,1.3723987253927767,1.641207125554832,-0.010684955964216718,0.4529619122575082,-0.6983308925851475,-0.09872103764130656,-0.8834858887081368,-0.1530697868091734,-0.29853424329558614,0.23078999232086195,-0.12597144958877035,0.41369818995709984,-0.6600878689736399,-0.6562935559272237,-0.5471461705491748,0.8496347528642642,0.8385861119710515
-0.1764205307986887,-0.43158703683369687,1.5168617489757383,-0.7054689621240783,-0.010684955964216718,1.0005620695058532,1.553475297536404,-0.09872103764130656,-1.122748297483825,-0.19196572038636694,-0.33407556572343095,0.2857852212293168,-0.13785447764883035,0.41369818995709984,-0.6431938451130276,-0.6896240470975857,-0.561068737873175,0.7712887147651741,0.7602041585029025
-0.1764205307986887,-0.43158703683369687,1.6613247725587,-0.7054689621240783,-0.010684955964216718,2.609090840215416,-0.6983308925851475,-0.22004531977869715,-0.8236702865142147,-0.2707322100530414,-0.3668369030633415,0.4072623210603539,-0.09614313740922095,0.41369818995709984,-0.6321118171774954,-0.7423335012936363,-0.5927466147687008,0.5440248828453623,0.5328367021253618
-0.1764205307986887,-0.3215091848215331,-1.6613247698494156,1.1900392092022765,-0.010684955964216718,-0.33673255637884925,0.6868838119226142,-0.40203167066989287,-0.3451454689628382,-0.43565813928741937,-0.42239425927613244,0.6604816148325671,-0.19554401311229688,0.41369818995709984,-0.6042185319097203,-0.8252976564073983,-0.5731982423589967,0.8707814561682352,0.8499034326742492
-0.1764205307986887,-0.3215091848215331,-1.516861746266454,-0.7054689621240783,-0.010684955964216718,-0.6991224441542135,1.477035926619758,-0.09872103764130656,-1.6012731150352015,-0.46474162424914084,-0.4364332192581553,0.6306717542586127,-0.17569536505713598,0.41369818995709984,-0.6254328237701098,-0.8606454718555182,-0.6283083775943494,-0.07192066610360691,-0.08338999631828485
-0.1764205307986887,-0.3215091848215331,-1.3723987226834924,-0.7054689621240783,-0.010684955964216718,-0.6991224441542135,-0.6983308925851475,-0.2503763541555997,-1.7807199216169676,-0.5491625299050842,-0.4701910884447688,0.3709560078860534,-0.11096086757273917,0.3564643609485134,-0.6857177430574388,-0.8986321376386045,-0.766549751654873,-1.2740310493992413,-1.2860490588430924
-0.1764205307986887,-0.3215091848215331,-1.2279356991005308,-0.7054689621240783,-0.010684955964216718,1.3120770809918507,1.213006164850553,-0.40203167066989287,-1.182563899677747,-0.6744821280962088,-0.5333014785268343,-0.003823072490879296,-0.17911890468239883,0.41369818995709984,-0.6991273684642539,-0.8585554318258266,-0.8115934665498548,0.7618604982744418,0.7491919415534538
-0.1764205307986887,-0.3215091848215331,-1.0834726755175694,-0.7054689621240783,-0.010684955964216718,-0.6991224441542135,-0.6983308925851475,-0.553686987184186,-0.6442234799324486,-0.803274780565848,-0.5881333143866433,-0.07176687966980504,-0.18027182336590028,0.41369818995709984,-0.6833235462805292,-0.8533416263580369,-0.8252106887519075,-1.2740310493992413,-1.2860490588430924
-0.1764205307986887,-0.3215091848215331,-0.9390096519346078,0.998707342858228,-0.010684955964216718,0.25635349585617134,0.2564308352820943,-0.6750112693215766,-0.46477667335068235,-0.9611897155989333,-0.6302424309826312,-0.33061569358014786,-0.37880525915116453,0.41369818995709984,-0.6772410510017991,-0.7942932087574712,-0.7813844535553651,0.9877123298476578,0.9708271766340659
-0.1764205307986887,-0.3215091848215331,-0.7945466283516462,-0.7054689621240783,-0.010684955964216718,1.219007806615006,1.219578689277466,-0.553686987184186,-1.182563899677747,-0.9667437929630525,-0.6447853029607914,-0.3752375683758074,-0.40805082334159865,0.41369818995709984,-0.6898862322049003,-0.8045480659983679,-0.7961164346696237,0.8036934386806255,0.7926238399741244
-0.1764205307986887,-0.3215091848215331,-0.6500836047686848,-0.7054689621240783,-0.010684955964216718,1.2588076625198847,1.258249574188155,-0.553686987184186,-0.9433014909020588,-0.9937047815407742,-0.657942769829123,-0.300748719461485,-0.3239967626669787,0.41369818995709984,-0.7103464558403509,-0.85292404862282,-0.8482359647361507,0.7061664091318259,0.6950523152216627
-0.1764205307986887,-0.3215091848215331,-0.5056205811857232,-0.7054689621240783,-0.010684955964216718,1.2759411479279148,1.2760273566525444,-0.5233559528072834,-1.062932695289903,-0.9588645351921311,-0.6118821080421364,0.20699580764254374,0.01147322721090746,0.41369818995709984,-0.7576679168081966,-1.0090294934138342,-0.9627380016507442,0.6560173555165607,0.6470174277316728
-0.1764205307986887,-0.3215091848215331,-0.3611575576027617,-0.7054689621240783,-0.010684955964216718,2.5309957586427845,-0.6983308925851475,0.6595555449301591,-2.498507147944032,-0.5277141453930864,-0.36685948735448487,1.3874304838505733,0.2541974072700457,-0.4676395996131015,-0.9067422581910362,-1.2955779614887326,-1.0404625297254058,0.33883192681741314,0.3624657619967678
-0.1764205307986887,-0.3215091848215331,-0.21669453401980013,-0.7054689621240783,-0.010684955964216718,-0.6991224441542135,-0.6983308925851475,-0.2503763541555997,-1.8405355238108898,0.14115316371726291,-0.24389437391049623,1.7722598432142638,0.2811396495524227,-1.7964425086763118,-1.0196485918838285,-1.41991942323869,-1.1026544396715894,-1.2740310493992413,-1.2860490588430924
-0.1764205307986887,-0.3215091848215331,-0.0722315104368386,-0.7054689621240783,-0.010684955964216718,-0.6991224441542135,-0.6983308925851475,-0.22004531977869715,-1.9601667281987338,0.5916080360709404,-0.1570337786547412,1.7564879804650702,0.1862062289371255,-2.3190744116146123,-1.079632607786678,-1.4327063161079403,-1.0984706263825064,-1.2740310493992413,-1.2860490588430924
-0.1764205307986887,-0.3215091848215331,0.07223151314612293,-0.7054689621240783,-0.010684955964216718,-0.6991224441542135,-0.6983308925851475,-0.2503763541555997,-2.4386915457501104,0.9780789739391635,-0.09724045633436418,1.4084440060984587,0.026605389742653345,-2.9107507630186062,-1.162897907042661,-1.4236722444716225,-1.129755065329916,-1.2740310493992413,-1.2860490588430924
-0.1764205307986887,-0.3215091848215331,0.21669453672908448,-0.7054689621240783,-0.010684955964216718,-0.6991224441542135,-0.6983308925851475,-0.2503763541555997,-2.259244739168344,1.2694957875822468,-0.01393476965640166,1.079984862921055,-0.0010889747645242936,-3.105298983750001,-1.2273428699133322,-1.3813632941556968,-1.1496961172009181,-1.2740310493992413,-1.2860490588430924
-0.1764205307986887,-0.3215091848215331,0.361157560312046,-0.7054689621240783,-0.010684955964216718,-0.6991224441542135,-0.6983308925851475,-0.2503763541555997,-2.199429136974422,1.2953851596433699,0.036519242517076674,0.7563386014365467,0.20381863398945121,-2.545823095874284,-1.3016387387727717,-1.363957445091132,-1.2518245252294955,-1.2740310493992413,-1.2860490588430924
-0.1764205307986887,-0.3215091848215331,0.5056205838950075,-0.7054689621240783,-0.010684955964216718,2.864342729921264,-0.6983308925851475,-0.2503763541555997,-2.6181383523318766,1.2392209486779147,0.04420989941050634,0.4541619181166256,0.5420707214614158,-1.7733769947984648,-1.3601797697203781,-1.3596009540359333,-1.3852932835195086,0.6950961392038616,0.6724715638671384
-0.1764205307986887,-0.3215091848215331,0.6500836074779691,2.3628751763221665,-0.010684955964216718,-0.6991224441542135,-0.6983308925851475,-0.40203167066989287,-2.259244739168344,0.9186216492962955,0.003956929242867449,0.5560073025053359,0.8648577673344707,-0.2695721769671971,-1.3831852450795583,-1.4184652157676965,-1.4876087127263973,1.0113595554380341,0.9882037472379418
-0.1764205307986887,-0.3215091848215331,0.7945466310609306,-0.7054689621240783,-0.010684955964216718,0.8011883668359635,1.7383622647712336,-0.8569976202127723,-1.4218263084534353,0.5180417628836906,-0.15165801160351114,0.3831152258221953,-0.07193352202832114,0.41369818995709984,-1.3440890396584286,-1.4032396560166582,-1.3142924160222371,0.8569235476161781,0.8515975883733735
-0.1764205307986887,-0.3215091848215331,0.9390096546438922,-0.7054689621240783,-0.010684955964216718,2.8895785556029874,-0.6983308925851475,-1.0086529367270654,-1.062932695289903,0.15328343457369278,-0.29678960680475763,0.3570757116399653,-0.31038896825640055,0.41369818995709984,-1.311868247335917,-1.4161890836509556,-1.2810200914796364,0.5714571838166502,0.5761849992488334
-0.1764205307986887,-0.3215091848215331,1.0834726782268538,1.0462536583530537,-0.010684955964216718,-0.35011266524104667,0.829918545076694,-1.1603082532413587,-0.7040390821263706,-0.30397372764096603,-0.42050070761557706,0.5487513250044638,-0.5488301602171203,0.41369818995709984,-1.2700878003358373,-1.459129133547643,-1.232699388464336,0.8972768038243738,0.8753860506242016
-0.1764205307986887,-0.3215091848215331,1.2279357018098151,-0.7054689621240783,-0.010684955964216718,1.0105600714881064,1.6146889665148179,-1.2513014286869564,-0.4049610711567603,-0.4028320236076144,-0.5172553396694408,0.4853263073852329,-0.5228219916899582,0.41369818995709984,-1.2389388707509827,-1.4498950935935078,-1.242281460793669,0.7394492230129446,0.7337123827374944
-0.1764205307986887,-0.3215091848215331,1.3723987253927767,-0.7054689621240783,-0.010684955964216718,1.1587212653185632,1.476508950813371,-1.1603082532413587,-0.3451454689628382,-0.5323410938608224,-0.5701512783228004,0.4497709947018004,-0.3107998265508847,0.41369818995709984,-1.2332385975741096,-1.441130156293489,-1.2886282560422846,0.6756402721129929,0.6667518417837617
-0.1764205307986887,-0.3215091848215331,1.5168617489757383,-0.7054689621240783,-0.010684955964216718,1.221657149949959,1.4165898731556592,-0.40203167066989287,-1.9003511260048118,-0.6646516185282098,-0.5793875476413574,0.4806898809722579,-0.0488022000488634,0.2235548213560678,-1.2783584206269658,-1.4634880986594905,-1.364037232216301,0.6378096794510995,0.6280091974964317
-0.1764205307986887,-0.3215091848215331,1.6613247725587,-0.7054689621240783,-0.010684955964216718,2.8646622825215755,-0.6983308925851475,-0.5233559528072834,-1.6610887172291235,-0.7918381840712864,-0.5965876026243595,0.6391654760418235,0.06029912383561487,0.22429656803618728,-1.3196215164992795,-1.5058899874512603,-1.4007036769149996,0.4766128469202369,0.4718497607237062
-0.1764205307986887,-0.21143133280936935,-1.6613247698494156,1.498573202528689,-0.010684955964216718,-0.5295774656811117,0.5103968055029556,-0.553686987184186,-2.079797932586578,-0.9372676495149118,-0.6152281119268523,0.8620642971015693,-0.04182263996052447,0.1987882038932149,-1.3841827868529653,-1.591638962242258,-1.4305582598548794,0.8506811524071966,0.8273157145449582
-0.1764205307986887,-0.21143133280936935,-1.516861746266454,-0.7054689621240783,-0.010684955964216718,-0.6991224441542135,1.5960385506844823,-0.59918361106443,-1.6610887172291235,-0.9135449228328545,-0.6236626389098181,0.8034308501510887,-0.033559357323501376,0.1670826281341656,-1.4044514168338236,-1.5877895452323483,-1.4394580191136293,-0.025105132174526736,-0.036553086730439534
-0.1764205307986887,-0.21143133280936935,-1.3723987226834924,-0.7054689621240783,-0.010684955964216718,-0.6991224441542135,-0.6983308925851475,-0.644680234944674,-1.6610887172291235,-0.9202127589361352,-0.6314111680493028,0.548973812096537,0.058519017388288644,0.41369818995709984,-1.422488246170695,-1.5507303279894575,-1.4666600652950725,-1.2740310493992413,-1.2860490588430924
-0.1764205307986887,-0.21143133280936935,-1.2279356991005308,-0.7054689621240783,-0.010684955964216718,1.3238326222758185,1.2015076533710976,-0.8569976202127723,-1.4816419106473573,-1.0220062941504957,-0.714853066233224,-0.03756865300392281,-0.1985852029777949,0.004562888656635901,-1.4383410526263116,-1.4649815683338208,-1.4400075969910309,0.7453639995795491,0.7314160108313397
-0.1764205307986887,-0.21143133280936935,-1.0834726755175694,-0.7054689621240783,-0.010684955964216718,1.2961272015968175,1.2759053598668177,-0.9328252784699188,-2.1396135347805,-1.1369087362785797,-0.7488205458720123,-0.12412636111201263,-0.2044328065405142,-0.29694894717980796,-1.5165221222824676,-1.5405885243806352,-1.5329952636631965,0.6692664694265745,0.6612415327536633
-0.1764205307986887,-0.21143133280936935,-0.9390096519346078,-0.7054689621240783,-0.010684955964216718,2.837470458554786,-0.6983308925851475,-1.0086529367270654,-2.378875943556188,-1.2522105261347591,-0.7904158698444876,-0.050541952062401835,-0.22221710128747105,-1.1264838037810356,-1.6603322228988227,-1.6931379967938036,-1.673147591084496,0.5106427033100721,0.506434060095938
-0.1764205307986887,-0.21143133280936935,-0.7945466283516462,-0.7054689621240783,-0.010684955964216718,0.7264107458113052,1.9308562137140102,-1.1603082532413587,-2.259244739168344,-1.338533183199373,-0.8157286256616619,0.3056044736841192,-0.3097986738904478,-1.5709363086032126,-1.7735746900435636,-1.8347579474747613,-1.75156310065052,0.6404840916323048,0.6252261758823162
-0.1764205307986887,-0.21143133280936935,-0.6500836047686848,-0.7054689621240783,-0.010684955964216718,-0.6991224441542135,-0.6983308925851475,-1.3119635697556518,-0.04606745799322794,-1.4073046079528029,-0.8406129857062097,0.34474174330583474,-0.2842810198577209,-1.5625009875248825,-1.7689397644548839,-1.7960900555718584,-1.7074731287517702,-1.2740310493992413,-1.2860490588430924
-0.1764205307986887,-0.21143133280936935,-0.5056205811857232,-0.7054689621240783,-0.010684955964216718,1.153727204778823,1.4621661534481307,-1.0693150777957607,-2.019982330392656,-1.1825895676883953,-0.7915951932976326,0.8532960893273716,-0.30263045438117225,-2.5796263874021883,-1.853041898464175,-1.8909061252770487,-1.731141276492051,0.7356209451736975,0.720463011467407
-0.1764205307986887,-0.21143133280936935,-0.3611575576027617,-0.7054689621240783,-0.010684955964216718,-0.6991224441542135,-0.6983308925851475,-0.8569976202127723,-1.4816419106473573,-0.6944327913968055,-0.6816492179387222,1.2015957959837225,-0.1682630223585492,-3.4684307815662736,-1.8654033087128674,-1.8810961679621843,-1.6867650299970682,-1.2740310493992413,-1.2860490588430924
-0.1764205307986887,-0.21143133280936935,-0.21669453401980013,-0.7054689621240783,-0.010684955964216718,-0.6991224441542135,-0.6983308925851475,-0.8569976202127723,-1.2423795018716692,-0.27972321979062126,-0.5892498252800457,1.2297698223443105,-0.20635797112038282,-4.205387696845968,-1.8708198109353316,-1.821112341813075,-1.603014865928262,-1.2740310493992413,-1.2860490588430924
-0.1764205307986887,-0.21143133280936935,-0.0722315104368386,-0.7054689621240783,-0.010684955964216718,-0.6991224441542135,-0.6983308925851475,-0.8873286545896748,-1.122748297483825,0.13534757086610186,-0.5151147723245044,0.9207369563364765,-0.3386719501569004,-4.9001434378376665,-1.8761178339582933,-1.7354212384341194,-1.5302700205254742,-1.2740310493992413,-1.2860490588430924
-0.1764205307986887,-0.21143133280936935,0.07223151314612293,-0.7054689621240783,-0.010684955964216718,-0.6991224441542135,-0.6983308925851475,-0.7053423036984792,-1.4816419106473573,0.5045455488768896,-0.44127190363563107,0.4896353964673416,-0.48482514582701164,-5.397886463805113,-1.8785573954796153,-1.6232737564991842,-1.4518228712236063,-1.2740310493992413,-1.2860490588430924
-0.1764205307986887,-0.21143133280936935,0.21669453672908448,-0.7054689621240783,-0.010684955964216718,-0.6991224441542135,-0.6983308925851475,-0.7053423036984792,-1.4816419106473573,0.7886336293390396,-0.38988911248888,0.08635750972185181,-0.53247464615139,-5.600999869781231,-1.883856142408073,-1.5328033135134744,-1.4204113315565217,-1.2740310493992413,-1.2860490588430924
-0.1764205307986887,-0.21143133280936935,0.361157560312046,-0.7054689621240783,-0.010684955964216718,-0.6991224441542135,-0.6983308925851475,-0.7205078932018206,-1.3620107062595133,0.907431885819602,-0.37058730691134417,-0.2124111146168091,-0.3688675193425397,-5.513999067929932,-1.867316349636808,-1.4423826743637789,-1.4182342576778242,-1.2740310493992413,-1.2860490588430924
-0.1764205307986887,-0.21143133280936935,0.5056205838950075,1.2553136679763972,-0.010684955964216718,0.9102302256610212,-0.6983308925851475,-0.7053423036984792,-1.4816419106473573,0.8818007184871975,-0.3680373992894334,-0.5123092232351523,-0.0872937528378215,-5.275280066386913,-1.861220582757319,-1.373873894409568,-1.4672398742899415,1.062664994854744,1.040380382326674
-0.1764205307986887,-0.21143133280936935,0.6500836074779691,-0.7054689621240783,-0.010684955964216718,2.906192347571563,-0.6983308925851475,-0.7053423036984792,-1.4816419106473573,0.7014794995340188,-0.39177348928115835,-0.41284982110971047,0.26933711617862904,-4.728013750047043,-1.843377277489696,-1.385631902416029,-1.528044620200933,0.6875249083805799,0.6958475520707558
-0.1764205307986887,-0.21143133280936935,0.7945466310609306,1.747983782401792,-0.010684955964216718,0.24299451530734975,-0.6983308925851475,-0.9176596889665775,-1.122748297483825,-0.0874931438805096,-0.484697260949821,-0.11366094337491117,-0.42273271872204254,-2.8841309488028997,-1.8045170652602431,-1.4403356614062373,-1.3842762610515884,0.8717722325460607,0.8539542023907453
-0.1764205307986887,-0.21143133280936935,0.9390096546438922,-0.7054689621240783,-0.010684955964216718,0.6307740134533376,1.9536620664519881,-0.8873286545896748,-1.122748297483825,-0.20383444189323996,-0.5768319939466607,-0.024687417569749962,-1.1181263133764594,-2.4145491428099253,-1.7654696028091736,-1.4518887529815832,-1.2221297662977322,0.8617505222839456,0.8510355335738213
-0.1764205307986887,-0.21143133280936935,1.0834726782268538,-0.7054689621240783,-0.010684955964216718,2.8739431832408924,-0.6983308925851475,-0.8569976202127723,-0.9433014909020588,-0.375224185359761,-0.6447330767875222,0.07142785864686649,-1.0479651324596106,-1.8583725067290615,-1.7259296433190323,-1.4528651448163497,-1.2180329622822204,0.5740342104563578,0.574962944992716
-0.1764205307986887,-0.21143133280936935,1.2279357018098151,-0.7054689621240783,-0.010684955964216718,0.5001815903328487,2.1609241245782864,-0.8569976202127723,-1.062932695289903,-0.552882417201467,-0.6676977720848801,0.40230537684423884,-0.9711220540963451,-1.039158926487477,-1.6996205045782085,-1.499452922322243,-1.2165339756189764,0.7177596088158918,0.700923667108783
-0.1764205307986887,-0.21143133280936935,1.3723987253927767,-0.7054689621240783,-0.010684955964216718,2.879880975111422,-0.6983308925851475,-0.8569976202127723,-1.2423795018716692,-0.7229496975885151,-0.6938729655200934,0.5715609403672853,-0.8255230978806298,-0.3702824229788105,-1.6844348976880175,-1.5312712270418896,-1.2512085255778733,0.4978095930717798,0.4958367760553823
-0.1764205307986887,-0.21143133280936935,1.5168617489757383,-0.7054689621240783,-0.010684955964216718,0.46239092140243016,2.2021586189210005,-0.8569976202127723,-1.2423795018716692,-0.8740148491447148,-0.7129863334184013,0.8457051025269408,-0.7083538586705872,0.15945106095053907,-1.6749975830392638,-1.5841616100763312,-1.282870149184438,0.6520681107939744,0.6346253795681573
-0.1764205307986887,-0.21143133280936935,1.6613247725587,-0.7054689621240783,-0.010684955964216718,1.0086800720616016,1.599026423852437,-0.8266665858358697,-1.3620107062595133,-0.9967229673852769,-0.7228733126255278,0.9007804608861807,-0.3731983011609288,0.41369818995709984,-1.669746372571706,-1.5985250148691617,-1.3624817924627326,0.6050742767191392,0.5951229470209879
-0.1764205307986887,-0.10135348079720558,-1.6613247698494156,-0.7054689621240783,-0.010684955964216718,1.1210676676351206,1.476435794665229,-0.8569976202127723,-1.4816419106473573,-1.0953250653957096,-0.7312280888303934,0.8954774256379516,-0.03398363139902991,0.41369818995709984,-1.673371449993548,-1.6090417994117723,-1.4461848219935518,0.5920332546501076,0.581719896895755
-0.1764205307986887,-0.10135348079720558,-1.516861746266454,-0.7054689621240783,-0.010684955964216718,-0.6991224441542135,-0.6983308925851475,-0.8569976202127723,-1.2423795018716692,-1.1721643845353424,-0.7345740927151093,0.8584721108716967,0.1152644172607569,0.41369818995709984,-1.6695234096789564,-1.6002693323741273,-1.473198871799346,-1.2740310493992413,-1.2860490588430924
-0.1764205307986887,-0.10135348079720558,-1.3723987226834924,-0.7054689621240783,-0.010684955964216718,1.1688451962531763,1.3984783812705188,-1.2816325353787492,-0.4049610711567603,-1.260639639571501,-0.768356663470161,0.5420562536590866,0.020849181188298854,0.41369818995709984,-1.651646080853024,-1.541436910675755,-1.45115442762627,0.6696857132826711,0.6542167698323907
-0.1764205307986887,-0.10135348079720558,-1.2279356991005308,-0.7054689621240783,-0.010684955964216718,-0.6991224441542135,2.8117149299554893,-1.3119635697556518,-0.4049610711567603,-1.3456284618457914,-0.7974875760087682,0.4142310259557522,0.13768721830380828,0.41369818995709984,-1.6385018874613873,-1.5174439395680495,-1.4737002315861634,0.5044325299345991,0.5007766291751804
-0.1764205307986887,-0.10135348079720558,-1.0834726755175694,-0.7054689621240783,-0.010684955964216718,2.826468809129185,-0.6983308925851475,-1.766929519298531,0.31282615517030443,-1.4465811593813975,-0.8508020298073792,0.11796175852881087,0.27060993840521463,0.41369818995709984,-1.621062762762331,-1.4683356361756024,-1.506347779701103,0.5660289749370482,0.5325891767160075
-0.1764205307986887,-0.10135348079720558,-0.9390096519346078,1.7073865244659858,-0.010684955964216718,-0.24846424447372772,0.21251146837927457,-1.9185848358128244,0.4922729617520706,-1.513490968176217,-0.8975275166649,0.14622443874984195,0.18815151718856066,0.41369818995709984,-1.6113322663877212,-1.4853179912825296,-1.5019780287863058,0.8770837947881571,0.8660477037649981
-0.1764205307986887,-0.10135348079720558,-0.7945466283516462,-0.7054689621240783,-0.010684955964216718,1.2457436374304298,1.3752903977071458,-1.9185848358128244,0.31282615517030443,-1.4797417371450348,-0.9439142391552697,0.08502088228748063,-0.012332237766030393,0.41369818995709984,-1.6035719994712314,-1.4910709259643604,-1.4804565070967353,0.686034423568008,0.6813533820739895
-0.1764205307986887,-0.10135348079720558,-0.6500836047686848,-0.7054689621240783,-0.010684955964216718,1.2780041542876905,1.3323800196842157,-1.9185848358128244,0.31282615517030443,-1.4634025954256593,-0.9564104097485583,0.1322248007685422,0.024031236754762847,0.41369818995709984,-1.6019982289230552,-1.5046264974775725,-1.4923364694193757,0.6368795665251865,0.6257339308197171
-0.1764205307986887,-0.10135348079720558,-0.5056205811857232,-0.7054689621240783,-0.010684955964216718,1.275655863139347,1.309391381384118,-1.5546120617155428,-0.10588306018714999,-1.3048668987649812,-0.9140451025999122,0.8285505805312228,0.21223703659479995,0.31690024820151086,-1.6204513039200927,-1.6309856062083288,-1.5313603995042386,0.6092415138460762,0.5993556725019764
-0.1764205307986887,-0.10135348079720558,-0.3611575576027617,-0.7054689621240783,-0.010684955964216718,1.246880782177197,1.2933529963904518,-0.8569976202127723,-1.4816419106473573,-0.9464499715644439,-0.7631770974482394,1.4699655230410626,0.5893051710597336,-0.2146630335317927,-1.684465784322511,-1.7386883915901579,-1.606057806687542,0.571333516779665,0.5610013234553142
-0.1764205307986887,-0.10135348079720558,-0.21669453401980013,-0.7054689621240783,-0.010684955964216718,-0.6991224441542135,-0.6983308925851475,-0.7053423036984792,-1.9003511260048118,-0.5166829169441295,-0.6122618064369849,1.5525397745159786,0.7137994267200078,-1.014326791967705,-1.7578360193544735,-1.767407241167471,-1.64609258299052,-1.2740310493992413,-1.2860490588430924
-0.1764205307986887,-0.10135348079720558,-0.0722315104368386,-0.7054689621240783,-0.010684955964216718,-0.6991224441542135,2.5436376837608576,-0.4930249184303809,-2.259244739168344,-0.34893345879803916,-0.37485220914195766,1.3976231204786194,0.8583033198079756,-1.159740729852133,-1.855344641846764,-1.7570962335974183,-1.684467031648501,0.3964692265339075,0.3821027436546943
-0.1764205307986887,-0.10135348079720558,0.07223151314612293,-0.7054689621240783,-0.010684955964216718,-0.6991224441542135,-0.6983308925851475,-0.40203167066989287,-2.079797932586578,0.06133780095569042,-0.2133808792984533,1.0898501622182348,1.0111954299939423,-1.9361868812423504,-1.910531577329843,-1.7057856970846483,-1.7053507742792415,-1.2740310493992413,-1.2860490588430924
-0.1764205307986887,-0.10135348079720558,0.21669453672908448,-0.7054689621240783,-0.010684955964216718,2.858119443030193,-0.6983308925851475,-0.40203167066989287,-2.6779539545257984,0.2884843805695589,-0.11130976395761098,0.7829714145309722,1.0665263034525436,-2.2187654575766285,-1.9741160578676722,-1.694137085409129,-1.750901483434547,0.6339011170434458,0.6186581465185361
-0.1764205307986887,-0.10135348079720558,0.361157560312046,2.3517173577253487,-0.010684955964216718,-0.6991224441542135,-0.6983308925851475,-0.34136960191608773,-2.4386915457501104,0.6730428642424289,-0.053186973422748154,0.8695734495692834,1.1072935081011548,-2.728030710955994,-2.016326263430509,-1.730828636320497,-1.7796252708837796,1.1038243369313812,1.0732291351614622
-0.1764205307986887,-0.10135348079720558,0.5056205838950075,-0.7054689621240783,-0.010684955964216718,1.070648153801198,1.4754472433911954,-0.40203167066989287,-2.498507147944032,0.6645040472421903,-0.04691489231676399,0.8425468087486594,1.220195690452769,-2.3578897579968254,-2.040657451054589,-1.7484901737613139,-1.8175749669235797,0.7414808186161675,0.7433271466308197
-0.1764205307986887,-0.10135348079720558,0.6500836074779691,1.6954829017157889,-0.010684955964216718,0.2757059797486029,-0.6983308925851475,-0.40203167066989287,-2.259244739168344,0.5394025183297243,-0.08528419145122276,0.8105035528443144,1.3429249324193921,-1.554724346858078,-2.0297553136347983,-1.741935752293007,-1.833861846015108,0.8468840163399997,0.8319500541007271
-0.1764205307986887,-0.10135348079720558,0.7945466310609306,-0.7054689621240783,-0.010684955964216718,1.094234499415786,1.4862724667679799,-0.8873286545896748,-1.4218263084534353,0.20162859094331648,-0.23562076000192728,0.6380879906610549,0.7241295781241808,-0.12904042977068486,-1.9799989965313545,-1.710673034642499,-1.7357447497021075,0.722563182152061,0.7172791953990719
-0.1764205307986887,-0.10135348079720558,0.9390096546438922,1.7040988503955798,-0.010684955964216718,0.30057221762022907,-0.6983308925851475,-1.0086529367270654,-0.9433014909020588,-0.23583577407431447,-0.37196141987560105,0.513154242713707,0.529701371338497,0.41369818995709984,-1.9272709267161559,-1.6749533577233218,-1.6884530965885585,0.854636337467804,0.8388778968906878
-0.1764205307986887,-0.10135348079720558,1.0834726782268538,-0.7054689621240783,-0.010684955964216718,1.0966574229148602,1.5308287533158698,-1.0086529367270654,-1.2423795018716692,-0.2783505873985735,-0.470752166927863,0.43722050636235715,0.23280594439478103,0.41369818995709984,-1.8945175812504633,-1.6610136620234894,-1.6364097402696287,0.7298555771088362,0.7234624129095675
-0.1764205307986887,-0.10135348079720558,1.2279357018098151,-0.7054689621240783,-0.010684955964216718,1.2541960139406492,1.3803861741006478,-1.0996461121726633,-1.2423795018716692,-0.3928597021160705,-0.5469155715317218,0.43285004153071105,0.20387481257257456,0.41369818995709984,-1.8701270333757158,-1.6593019375256777,-1.6303274344746401,0.6599122371457415,0.6512157291491087
-0.1764205307986887,-0.10135348079720558,1.3723987253927767,1.3097473242564242,-0.010684955964216718,0.06949248492421176,0.1265763141447371,-1.0086529367270654,-1.2423795018716692,-0.5825686028382543,-0.6034708711094122,0.43840625174578207,0.2588912536629483,0.41369818995709984,-1.850667005833824,-1.656192371021389,-1.6357733698291754,0.8363084145599758,0.8199022465727376
-0.1764205307986887,-0.10135348079720558,1.5168617489757383,-0.7054689621240783,-0.010684955964216718,1.2277530362648532,1.275712931947063,-1.0086529367270654,-1.2423795018716692,-0.612471519905365,-0.6290038237652348,0.3986364709274444,0.2503428856787321,0.41369818995709984,-1.8418162959386146,-1.6465916328448544,-1.6312162726702877,0.6894650587803262,0.6783431206593987
-0.1764205307986887,-0.10135348079720558,1.6613247725587,1.3337991045321502,-0.010684955964216718,0.14474722741361185,0.16784188412917614,-1.0086529367270654,-1.122748297483825,-0.6591798188367134,-0.657741628486127,0.36356363983065354,0.24698726344500646,0.41369818995709984,-1.8283950880438644,-1.6317642886465655,-1.6214855369245915,0.8374586800131563,0.8264045013865153
-0.1764205307986887,0.008724371214958183,-1.6613247698494156,-0.7054689621240783,-0.010684955964216718,1.244161431594939,1.263245363525314,-0.8569976202127723,-1.7209043194230456,-0.6714967195359216,-0.6716838994716922,0.33174457590031337,0.24225400819528597,0.41369818995709984,-1.8253462393967919,-1.6256088357047707,-1.6198781950016075,0.6930276415008104,0.6819076504782144
-0.1764205307986887,0.008724371214958183,-1.516861746266454,-0.7054689621240783,-0.010684955964216718,2.47551343841366,-0.6983308925851475,-0.8569976202127723,-1.2423795018716692,-0.724810644622958,-0.6868132572604828,0.38257477824987945,0.2270757289162,0.41369818995709984,-1.8167102881320452,-1.6268523180899088,-1.609619769140977,0.3528324034819771,0.3415569341336568
-0.1764205307986887,0.008724371214958183,-1.3723987226834924,-0.7054689621240783,-0.010684955964216718,0.7533828773653805,1.870137449222024,-0.8569976202127723,-1.2423795018716692,-0.825510488823187,-0.6971371013494145,0.6661639863105762,0.12175094739571485,0.41369818995709984,-1.8081382818527731,-1.6657827827006078,-1.5818218773862232,0.6225210494871679,0.6081194653480758
-0.1764205307986887,0.008724371214958183,-1.2279356991005308,-0.7054689621240783,-0.010684955964216718,-0.6991224441542135,-0.6983308925851475,-0.8569976202127723,-1.2423795018716692,-0.9416297040122528,-0.7155849384180901,0.6730892167167187,0.10850621755965023,0.41369818995709984,-1.7949301434756617,-1.655347319324361,-1.5668857549626145,-1.2740310493992413,-1.2860490588430924
-0.1764205307986887,0.008724371214958183,-1.0834726755175694,-0.7054689621240783,-0.010684955964216718,1.1569618339290837,1.4377835656203988,-0.8569976202127723,-0.9433014909020588,-1.0464962768528645,-0.732969902284829,0.4257824534832802,-0.04527049568893025,0.41369818995709984,-1.766660909953661,-1.5836093576052845,-1.5060068940539608,0.6997531842021764,0.6851322426694482
-0.1764205307986887,0.008724371214958183,-0.9390096519346078,-0.7054689621240783,-0.010684955964216718,-0.6991224441542135,2.627641274625505,-0.8569976202127723,-1.062932695289903,-1.1231636824814073,-0.742204054326091,0.3495051834227137,0.04039429719733064,0.41369818995709984,-1.7520225756184016,-1.5557008153642384,-1.5073139835522051,0.5312328149424885,0.5200387368791219
-0.1764205307986887,0.008724371214958183,-0.7945466283516462,-0.7054689621240783,-0.010684955964216718,2.5133167212625116,-0.6983308925851475,-0.8569976202127723,-0.6442234799324486,-1.2107144843178534,-0.7545950668137432,0.17237306537569413,0.2470082256028883,0.41369818995709984,-1.7224795097253764,-1.4910839416536856,-1.51423994339953,0.419340967997163,0.3818529642887978
-0.1764205307986887,0.008724371214958183,-0.6500836047686848,1.5971944541795542,-0.010684955964216718,-0.17298234633654022,0.23021263602376174,-0.8569976202127723,-0.6442234799324486,-1.2539631074540405,-0.7619095541078154,0.23042429514653465,0.24045293959007788,0.41369818995709984,-1.7048427588259285,-1.4840343861526115,-1.4949127240749553,0.8853837070753628,0.8743512796662217
-0.1764205307986887,0.008724371214958183,-0.5056205811857232,-0.7054689621240783,-0.010684955964216718,1.1674702791439402,1.2769272401596323,-0.7053423036984792,-0.8834858887081368,-1.2194165188150021,-0.7422922742133701,0.2612442982649596,0.19578090417123678,0.41369818995709984,-1.688972578638409,-1.4627838530560735,-1.4587107983747625,0.6933302387194015,0.6822100904651408
-0.1764205307986887,0.008724371214958183,-0.3611575576027617,-0.7054689621240783,-0.010684955964216718,1.272182410466748,1.3178636598815499,-0.40203167066989287,-1.4218263084534353,-1.0821171577051723,-0.6384101810264654,0.49078278200730563,0.3479770707155262,0.31863879010475615,-1.699813063440129,-1.4770348496229118,-1.4587024550197625,0.6261714772062675,0.617118489295118
-0.1764205307986887,0.008724371214958183,-0.21669453401980013,-0.7054689621240783,-0.010684955964216718,2.674643692457786,-0.6983308925851475,-0.23521076465225826,-1.8405355238108898,-0.7758809980516472,-0.4304081538365522,1.0585655787734498,0.5236533695464273,-0.1058450517264446,-1.7711160656775153,-1.576506125831703,-1.4889844994593169,0.38147419327641363,0.4072204255499612
-0.1764205307986887,0.008724371214958183,-0.0722315104368386,-0.7054689621240783,-0.010684955964216718,-0.6991224441542135,-0.6983308925851475,-0.053224413761062565,-2.1396135347805,-0.274310954350047,-0.23095851539900936,1.395271235853983,0.5735315664968033,-0.8295452925070318,-1.8415590681857235,-1.6338629340906872,-1.4986030875111822,-1.2740310493992413,-1.2860490588430924
-0.1764205307986887,0.008724371214958183,0.07223151314612293,-0.7054689621240783,-0.010684955964216718,-0.6991224441542135,2.8039702302265415,0.35624491190157287,-2.378875943556188,0.1057884808211708,-0.055419995209552916,1.4126499498237057,0.6296036618581067,-1.3024251803474145,-1.895692479870376,-1.6287540071112634,-1.5004576961368932,0.6168845687563406,0.5650529127923711
-0.1764205307986887,0.008724371214958183,0.21669453672908448,-0.7054689621240783,-0.010684955964216718,-0.6991224441542135,-0.6983308925851475,0.20458959538727972,-1.6012731150352015,0.6002338132129754,0.06092792092941631,1.2496018614136,0.9050053305960946,-1.9379254231455956,-1.907773256088475,-1.5664044449676608,-1.5155577600684886,-1.2740310493992413,-1.2860490588430924
-0.1764205307986887,0.008724371214958183,0.361157560312046,-0.7054689621240783,-0.010684955964216718,-0.6991224441542135,-0.6983308925851475,0.14392752663347458,-1.4816419106473573,0.7718944709674006,0.10347249088901318,0.966692048802644,1.1561395283974287,-1.9371509179370165,-1.8926675201046697,-1.4792934482077515,-1.526295874663988,-1.2740310493992413,-1.2860490588430924
-0.1764205307986887,0.008724371214958183,0.5056205838950075,1.4764095249496587,-0.010684955964216718,0.5168077859878839,-0.6983308925851475,0.05293427887298657,-1.122748297483825,0.6481241011485872,0.11048914784363169,0.5595815874749267,1.1833064850122992,-0.9043868305626179,-1.8415100839138314,-1.3310438862499046,-1.4670510110722146,0.9898053089437657,0.9650586871273231
-0.1764205307986887,0.008724371214958183,0.6500836074779691,-0.7054689621240783,-0.010684955964216718,1.154121810193813,1.4103697140153555,-0.09872103764130656,-0.8834858887081368,0.3649256898294312,0.03692928855314923,0.4092655573299791,0.7621691867892063,0.41369818995709984,-1.7781538749090557,-1.2540771671554662,-1.3390906007663472,0.7910912815841845,0.7884745108851949
-0.1764205307986887,0.008724371214958183,0.7945466310609306,1.6409277853896138,-0.010684955964216718,0.34651431599024435,-0.6983308925851475,-0.068390003264404,-0.6442234799324486,-0.11899813432917697,-0.08769859332627304,0.3390994365532181,0.5535034823701738,0.41369818995709984,-1.678023508012298,-1.1735251097064396,-1.2302787319617432,0.8989906813485884,0.8838959660016007
-0.1764205307986887,0.008724371214958183,0.9390096546438922,-0.7054689621240783,-0.010684955964216718,1.12105358209287,1.4899753417161994,-0.09872103764130656,-0.5844078777385264,-0.21017316730602972,-0.1838836777878639,0.33270698175069924,0.28339937017208555,0.41369818995709984,-1.6144988703288001,-1.1420435993940483,-1.136782662410877,0.7631383909899548,0.7574151946397213
-0.1764205307986887,0.008724371214958183,1.0834726782268538,1.7482667107515344,-0.010684955964216718,0.36669542920776055,-0.6983308925851475,-0.09872103764130656,-0.5844078777385264,-0.2838919552035071,-0.24078762236008075,0.3556248571161772,0.22428608494528415,0.41369818995709984,-1.5556060213101661,-1.1087834574866517,-1.082833987204678,0.8714721554708726,0.8604335078288213
-0.1764205307986887,0.008724371214958183,1.2279357018098151,-0.7054689621240783,-0.010684955964216718,1.0387558582462044,1.4885224899604048,-0.068390003264404,-0.6442234799324486,-0.3264917218970595,-0.2861799302810421,0.3729345233676704,0.13628023826677887,0.41369818995709984,-1.4802554221431403,-1.0557592602578232,-1.001337612538465,0.7606009666037213,0.7495115935721565
-0.1764205307986887,0.008724371214958183,1.3723987253927767,-0.7054689621240783,-0.010684955964216718,2.6260599242198643,-0.6983308925851475,-0.09872103764130656,-0.2853298667689162,-0.3830077869747063,-0.3215434014161325,0.47162076153713345,0.11896465737006008,0.41369818995709984,-1.4066933521547533,-1.0221985742514579,-0.9359649339426119,0.5449342945933228,0.5337464809478234
-0.1764205307986887,0.008724371214958183,1.5168617489757383,1.246518848298069,-0.010684955964216718,-0.35507006658034,0.636973082256846,-0.09872103764130656,-1.122748297483825,-0.4927220532583834,-0.35659633854800105,0.7568364269605727,-0.0025529718709923115,0.41369818995709984,-1.3575331712272172,-1.0716089276903988,-0.8796754600602484,0.8703132495260251,0.849255932431236
-0.1764205307986887,0.008724371214958183,1.6613247725587,-0.7054689621240783,-0.010684955964216718,0.9817526148019777,1.457414776915366,-0.09872103764130656,-1.6610887172291235,-0.5182301385439376,-0.3778968538917288,0.7736082029626474,-0.0041553192194805025,0.41369818995709984,-1.3469038255284802,-1.089250780245707,-0.8943203235456759,0.6874871062295363,0.6763645566256851
-0.1764205307986887,0.11880222322712194,-1.6613247698494156,-0.7054689621240783,-0.010684955964216718,2.6134365453476818,-0.6983308925851475,-0.09872103764130656,-0.8834858887081368,-0.5640407412422802,-0.3946473403291574,0.8263853804780961,0.05641273976432091,0.41369818995709984,-1.3257780914404276,-1.1029867427589084,-0.9122544192957726,0.505438067152356,0.4942323688076629
-0.1764205307986887,0.11880222322712194,-1.516861746266454,-0.7054689621240783,-0.010684955964216718,-0.6991224441542135,2.775792536203649,-0.2503763541555997,-0.8834858887081368,-0.6308134205827283,-0.4144558809392235,0.9577883029148845,0.07863933500959824,0.41369818995709984,-1.3034851803910856,-1.1308999104102107,-0.9147992509260277,0.5414573967485371,0.5302682161930294
-0.1764205307986887,0.11880222322712194,-1.3723987226834924,-0.7054689621240783,-0.010684955964216718,-0.6991224441542135,-0.6983308925851475,-0.2503763541555997,-1.182563899677747,-0.7186859749438209,-0.4288089037199594,0.8889451705170419,0.251812752189407,0.41369818995709984,-1.293260739166412,-1.1137713708256534,-0.960691820925813,-1.2740310493992413,-1.2860490588430924
-0.1764205307986887,0.11880222322712194,-1.2279356991005308,-0.7054689621240783,-0.010684955964216718,-0.6991224441542135,2.0392279288699378,-0.2503763541555997,-1.182563899677747,-0.8096924390304222,-0.4546107505922082,0.6007255031301306,0.26430703677330164,0.41369818995709984,-1.277013645517339,-1.0506420505670104,-0.9710956595450144,0.17539612688331768,0.15669356570198817
-0.1764205307986887,0.11880222322712194,-1.0834726755175694,-0.7054689621240783,-0.010684955964216718,-0.6991224441542135,-0.6983308925851475,-0.40203167066989287,-0.6442234799324486,-0.9000206140110115,-0.4821579397143837,0.2515801750357082,0.3558202717085971,0.41369818995709984,-1.2629081056270923,-0.9633977774511162,-0.9964702942709416,-1.2740310493992413,-1.2860490588430924
-0.1764205307986887,0.11880222322712194,-0.9390096519346078,1.086590593501621,-0.010684955964216718,0.39159236094757455,-0.034782357187153515,-0.4930249184303809,-0.7040390821263706,-1.0328609266191893,-0.5307635688095935,-0.2878137802464669,0.15633431546918186,0.41369818995709984,-1.2325984238138654,-0.8228840527951378,-0.9488652777462244,0.9818133941824428,0.9594676454719883
-0.1764205307986887,0.11880222322712194,-0.7945466283516462,-0.7054689621240783,-0.010684955964216718,1.4247082303071206,1.165687133223833,-0.553686987184186,-0.6442234799324486,-1.0433556778856792,-0.579456712032984,-0.38950402037940196,0.02346442000563777,0.41369818995709984,-1.199833495860238,-0.7975279840417165,-0.9160806602277136,0.7791431017007959,0.7755798304127836
-0.1764205307986887,0.11880222322712194,-0.6500836047686848,-0.7054689621240783,-0.010684955964216718,1.340154402032662,1.1998254811967721,-0.40203167066989287,-0.6442234799324486,-1.056084635872169,-0.5990323521406338,-0.30541668619019463,0.04425636516548166,0.41369818995709984,-1.1774643334319903,-0.8173159193881919,-0.9178527021455025,0.6963648513969783,0.6852463748325363
-0.1764205307986887,0.11880222322712194,-0.5056205811857232,-0.7054689621240783,-0.010684955964216718,1.3276113317745049,1.239676087602427,-0.2503763541555997,-0.46477667335068235,-0.970222867559076,-0.5301559102260162,0.23634449765400142,0.2987864325436747,0.41369818995709984,-1.1846331695582961,-0.944698211894678,-0.9667712011287887,0.6485928330413763,0.63948552458842
-0.1764205307986887,0.11880222322712194,-0.3611575576027617,-0.7054689621240783,-0.010684955964216718,2.5035234852228267,-0.6983308925851475,0.05293427887298657,-0.5844078777385264,-0.8119955449396914,-0.3826833120959354,0.8240871996343048,0.453898016006171,0.41369818995709984,-1.231237240179664,-1.0698196468950363,-0.9837470029617443,0.322513278242668,0.34499708653237465
-0.1764205307986887,0.11880222322712194,-0.21669453401980013,-0.7054689621240783,-0.010684955964216718,-0.6991224441542135,2.834147665376296,0.35624491190157287,-1.6012731150352015,-0.6990055570069607,-0.21452491479668673,1.0615465648308453,0.6262581014601643,0.41369818995709984,-1.2888408135100267,-1.1186580629774219,-1.02009780878882,0.574331947398386,0.5594385119510542
-0.1764205307986887,0.11880222322712194,-0.0722315104368386,-0.7054689621240783,-0.010684955964216718,-0.6991224441542135,-0.6983308925851475,0.416906980655378,-1.182563899677747,-0.6772273928803043,-0.1177660481882336,1.0575264532361421,0.8295122152004198,0.41369818995709984,-1.3119464291294787,-1.0958089665828268,-1.0489274593268187,-1.2740310493992413,-1.2860490588430924
-0.1764205307986887,0.11880222322712194,0.07223151314612293,-0.7054689621240783,-0.010684955964216718,1.0599573323489924,0.7981316746678153,0.507900228415866,-1.062932695289903,-0.6570533089077076,-0.05328719121469704,0.932484445286138,0.8735662862049042,0.41369818995709984,-1.3170871233579893,-1.0397101623458316,-1.0337384357269765,0.5009844337287037,0.48977670653414335
-0.1764205307986887,0.11880222322712194,0.21669453672908448,-0.7054689621240783,-0.010684955964216718,-0.6991224441542135,-0.6983308925851475,0.20458959538727972,-0.5844078777385264,-0.6585369827115877,-0.010175190940121965,0.8158125551793041,0.8458115506830268,0.41369818995709984,-1.2878724692582895,-0.960218937360666,-0.9761714533322778,-1.2740310493992413,-1.2860490588430924
-0.1764205307986887,0.11880222322712194,0.361157560312046,1.2006988083778924,-0.010684955964216718,0.13772621529761792,0.08592995121362611,0.38657609090825573,-1.003117093095981,-0.6442393975519245,0.007774380205202134,0.5817245940024943,0.6501524459865211,0.41369818995709984,-1.2470463710036923,-0.8503163929151626,-0.8757991589983075,0.9508910546186256,0.9327105175500289
-0.1764205307986887,0.11880222322712194,0.5056205838950075,-0.7054689621240783,-0.010684955964216718,1.2683164546988976,1.2285462914942664,0.20458959538727972,0.013748144200694123,-0.65034734412687,-0.030651379657115167,0.4210906184075283,0.48629628874203457,0.41369818995709984,-1.160091084133065,-0.7271909837918478,-0.7514409109472386,0.7169884449346047,0.7134032097671612
-0.1764205307986887,0.11880222322712194,0.6500836074779691,1.9039555255325016,-0.010684955964216718,0.1766233876646093,-0.6983308925851475,0.20458959538727972,0.013748144200694123,-0.6712980490581253,-0.08959002770953371,0.39434869286948077,0.4228522216968441,0.41369818995709984,-1.056071173006615,-0.638250798627157,-0.6513217345000212,0.9140222566854243,0.9030029605144153
-0.1764205307986887,0.11880222322712194,0.7945466310609306,-0.7054689621240783,-0.010684955964216718,1.0745092742336488,1.3542159770140187,0.20458959538727972,0.3726417573642265,-0.6774621852631546,-0.17528259165771548,0.35665801556672433,0.29592803269490636,0.41369818995709984,-0.9107913029316674,-0.5171358294500561,-0.5005167847831571,0.7515469914083195,0.7404535569447384
-0.1764205307986887,0.11880222322712194,0.9390096546438922,1.8399173757362342,-0.010684955964216718,0.23256217406704113,-0.6983308925851475,0.20458959538727972,0.7315353705277589,-0.6717328497671072,-0.2423854609584771,0.36010017218661644,0.23362849947006462,0.41369818995709984,-0.7702455334983433,-0.40754221938259044,-0.36659856887574227,0.8809613954340038,0.8699269678791518
-0.1764205307986887,0.11880222322712194,1.0834726782268538,-0.7054689621240783,-0.010684955964216718,1.0428061874551557,1.4267455815262384,0.20458959538727972,0.7315353705277589,-0.637609021202033,-0.28481781522145516,0.36521993262719893,0.15373920032340951,0.41369818995709984,-0.6627231262806978,-0.32349399718600647,-0.24981630387517895,0.7522659523191181,0.7411729788919597
-0.1764205307986887,0.11880222322712194,1.2279357018098151,1.813849215167068,-0.010684955964216718,0.270424426984569,-0.6983308925851475,0.11359634762679172,0.851166574915603,-0.6047501282380124,-0.31295007863606467,0.4061089684336293,0.14747235360305327,0.41369818995709984,-0.6124406505326206,-0.30332505711564195,-0.21184840415174264,0.8696275905101934,0.8585879272310936
-0.1764205307986887,0.11880222322712194,1.3723987253927767,-0.7054689621240783,-0.010684955964216718,1.0208098262590923,1.463992332137567,0.05293427887298657,1.0904289836912913,-0.5584344877930831,-0.34162365927901783,0.4044791013070236,0.08291729219012506,0.41369818995709984,-0.5544452030271217,-0.2644201936128723,-0.14756447920575758,0.7481507381524266,0.7370558199100407
-0.1764205307986887,0.11880222322712194,1.5168617489757383,1.8009294185595843,-0.010684955964216718,0.29521077670611723,-0.6983308925851475,0.20458959538727972,1.0904289836912913,-0.5339919987066186,-0.3562554569035552,0.42495132354162723,0.07950549137327605,0.41369818995709984,-0.4756444702664402,-0.20491418309999015,-0.07603093725160409,0.865024908605284,0.8539832989206528
-0.1764205307986887,0.11880222322712194,1.6613247725587,-0.7054689621240783,-0.010684955964216718,1.0143026210872839,1.4937320880972913,0.20458959538727972,0.7315353705277589,-0.49058818516353336,-0.3653258728340276,0.4367081893419126,0.044476887066398664,0.41369818995709984,-0.3982379794909414,-0.14581155138851534,0.0047778149362984815,0.7511650096725372,0.7400714088582765
-0.1764205307986887,0.22888007523928572,-1.6613247698494156,1.783628269238683,-0.010684955964216718,0.2996845131104815,-0.6983308925851475,0.20458959538727972,1.0904289836912913,-0.4757180009163493,-0.37392695896417605,0.4582058980583711,0.056976202568184885,0.41369818995709984,-0.31088719891769806,-0.08307291694499541,0.07472005154590945,0.8503891757929464,0.8393409825075263
-0.1764205307986887,0.22888007523928572,-1.516861746266454,-0.7054689621240783,-0.010684955964216718,-0.6991224441542135,2.0846914355013766,0.20458959538727972,0.7315353705277589,-0.4380796447743652,-0.3783471281964005,0.43604584271148755,0.05906487197953187,0.41369818995709984,-0.2726157631582776,-0.04394194617807691,0.10635805370585097,0.2884627206748804,0.2771579123374899
-0.1764205307986887,0.22888007523928572,-1.3723987226834924,-0.7054689621240783,-0.010684955964216718,-0.6991224441542135,-0.6983308925851475,0.23492077439396258,0.9707977793034471,-0.4679725279789609,-0.3855889223033549,0.23250936574887643,0.14388614763262733,0.41369818995709984,-0.21783976469506128,0.07763061591134039,0.11448036397596582,-1.2740310493992413,-1.2860490588430924
-0.1764205307986887,0.22888007523928572,-1.2279356991005308,0.8739486786768774,-0.010684955964216718,0.4207023414441301,0.17048630071051,0.20458959538727972,1.0904289836912913,-0.5531653721243891,-0.3926599227085372,-0.07717476515682724,0.09183710961200751,0.41369818995709984,-0.20149735682235623,0.21508683682033194,0.1463192567874654,0.9218966247580261,0.9034701442340577
-0.1764205307986887,0.22888007523928572,-1.0834726755175694,-0.7054689621240783,-0.010684955964216718,1.2519927828542892,1.1104148334801958,0.17425856101037715,1.0904289836912913,-0.5715233269817764,-0.40242551135076776,-0.13007639905328233,0.06140927971703736,0.41369818995709984,-0.18627265903538442,0.24521848031169396,0.16672666969638872,0.7516258358947816,0.7405324454237131
-0.1764205307986887,0.22888007523928572,-0.9390096519346078,2.393949930758113,-0.010684955964216718,-0.6991224441542135,-0.6983308925851475,0.14392752663347458,1.0904289836912913,-0.5853152054706852,-0.4142018076638601,-0.10620890445190548,0.063671515795646,0.41369818995709984,-0.1807210277870112,0.2334056127882417,0.16414543069886103,0.97053701252617,0.9595436652790003
-0.1764205307986887,0.22888007523928572,-0.7945466283516462,-0.7054689621240783,-0.010684955964216718,1.2263783293875912,1.153966847518778,0.20458959538727972,1.0904289836912913,-0.5361539616165106,-0.4206510343035004,-0.12969706282350224,0.011230066179478065,0.41369818995709984,-0.17365016020448934,0.2458096722830365,0.18881467268388036,0.7971333253926356,0.7860607283337091
-0.1764205307986887,0.22888007523928572,-0.6500836047686848,2.37113589473405,-0.010684955964216718,-0.6991224441542135,-0.6983308925851475,0.20458959538727972,1.0904289836912913,-0.5032696495341189,-0.42789141689225835,-0.12923333493810815,-0.01757026177754569,0.41369818995709984,-0.14025471056389696,0.26975940118323133,0.22513687272238464,0.9401136613561267,0.9291062361340156
-0.1764205307986887,0.22888007523928572,-0.5056205811857232,-0.7054689621240783,-0.010684955964216718,1.2400696866871317,1.200023359144755,0.17425856101037715,1.0904289836912913,-0.4212709182892891,-0.4106066708174684,-0.13738096568920496,-0.05049426543308589,0.41369818995709984,-0.13298983630846287,0.2887730643663654,0.2548710729686933,0.8109822334325394,0.7999160041033503
-0.1764205307986887,0.22888007523928572,-0.3611575576027617,2.3686126833765497,-0.010684955964216718,-0.6991224441542135,-0.6983308925851475,0.20458959538727972,1.0904289836912913,-0.3380915358885313,-0.3516962531289791,-0.0647896503647488,-0.003419966720985399,0.41369818995709984,-0.16439720015536866,0.26298134650742433,0.23981532633833155,0.9252808173276338,0.9142665960708821
-0.1764205307986887,0.22888007523928572,-0.21669453401980013,-0.7054689621240783,-0.010684955964216718,1.2886162438656745,1.2648388679326938,0.35624491190157287,0.7315353705277589,-0.1916760762217682,-0.2400868035755368,0.012058755142902342,0.04002871716387127,0.41369818995709984,-0.18938376355510783,0.2677876856019525,0.2587053321898551,0.8061088161220614,0.7997903972524113
-0.1764205307986887,0.22888007523928572,-0.0722315104368386,2.2963875523603736,-0.010684955964216718,-0.6991224441542135,-0.6983308925851475,0.3107484326511092,1.030613381497369,-0.046900149689950967,-0.1439588856009027,0.12326990842283471,0.13719334986411202,0.41369818995709984,-0.19297216309848844,0.2687319147002867,0.26507597133101213,0.9044836939156935,0.8892157132513185
-0.1764205307986887,0.22888007523928572,0.07223151314612293,-0.7054689621240783,-0.010684955964216718,1.2765613322508882,1.2626898798789634,0.507900228415866,0.7315353705277589,0.05472682340666117,-0.040973812227850445,0.2146251542864354,0.22001818960054062,0.41369818995709984,-0.205330195121533,0.2765019585245145,0.27602288651203083,0.7961803511658535,0.7894283443127983
-0.1764205307986887,0.22888007523928572,0.21669453672908448,2.2720408233167486,-0.010684955964216718,-0.6991224441542135,-0.6983308925851475,0.38657609090825573,0.7913509727216809,0.10182109158275206,-0.01273850798489911,0.2509570406897099,0.25768970277316094,0.41369818995709984,-0.13238923604866362,0.33170655263454996,0.33075009425946217,0.8731939534457821,0.8584061763717414
-0.1764205307986887,0.22888007523928572,0.361157560312046,-0.7054689621240783,-0.010684955964216718,1.2312445688872067,1.221743608182941,0.26525166414108486,1.030613381497369,0.11112047536162534,-0.020984597288637042,0.2164937048834645,0.2266606781901395,0.41369818995709984,-0.059049887651194594,0.3947904793320745,0.392910689535581,0.7901672890065358,0.7790914947054292
-0.1764205307986887,0.22888007523928572,0.5056205838950075,2.337218939336392,-0.010684955964216718,-0.6991224441542135,-0.6983308925851475,0.05293427887298657,1.0904289836912913,0.07442262659937768,-0.07556024259578788,0.1798788080795451,0.19099817822891516,0.41369818995709984,0.0684419352756534,0.4523226229100703,0.45062633534664315,0.8714147322033351,0.8603759294844268
-0.1764205307986887,0.22888007523928572,0.6500836074779691,-0.7054689621240783,-0.010684955964216718,1.2533496200137708,1.2449540207086383,0.09843090275323058,1.0904289836912913,0.0550418866896312,-0.14312891290138235,0.09707354510289787,0.1046416341325534,0.41369818995709984,0.19791822446870827,0.5172543472210814,0.5182339495298948,0.8012310785657498,0.7901602654735714
-0.1764205307986887,0.22888007523928572,0.7945466310609306,1.4510338839936858,-0.010684955964216718,0.6039699623623869,-0.6983308925851475,0.14392752663347458,0.9707977793034471,-0.012778327897379682,-0.21684051039798458,0.08995310571558757,0.05784487439080852,0.41369818995709984,0.3197737192041579,0.5395625933187495,0.5596657501967013,0.8320868143396334,0.8210302493695057
-0.1764205307986887,0.22888007523928572,0.9390096546438922,-0.7054689621240783,-0.010684955964216718,1.0350764833551809,1.481471411131749,0.20458959538727972,0.7315353705277589,-0.061784381344656,-0.26899540199820104,0.14165876493702814,-0.00737426818381654,0.41369818995709984,0.4196268302959701,0.5295091027755152,0.6052824477051885,0.7620615697159445,0.7509729770320205
-0.1764205307986887,0.22888007523928572,1.0834726782268538,1.6066365823460693,-0.010684955964216718,0.4532400491589637,-0.6983308925851475,0.20458959538727972,0.7315353705277589,-0.1277202365513557,-0.3024046261902882,0.2230754015803905,-0.003920543051203844,0.41369818995709984,0.4974220583227893,0.4983232960164755,0.6101447816307639,0.8232061890083024,0.8121455624906918
-0.1764205307986887,0.22888007523928572,1.2279357018098151,-0.7054689621240783,-0.010684955964216718,0.9937763069686414,1.5011707477795706,0.11359634762679172,0.9707977793034471,-0.1636006599807172,-0.3293850907565838,0.28702296551165546,-0.03363062866029965,0.41369818995709984,0.5684429787185906,0.4773361961691766,0.6331986634035783,0.7408561830727346,0.7297579184368894
-0.1764205307986887,0.22888007523928572,1.3723987253927767,1.6673106297415627,-0.010684955964216718,0.3899302669620058,-0.6983308925851475,0.05293427887298657,1.0904289836912913,-0.21764438133467565,-0.35390386758824754,0.34435984975315725,-0.01639889639510822,0.41369818995709984,0.6278891328379558,0.45439394616337664,0.6279921931730685,0.8214467688925926,0.8103852224312847
-0.1764205307986887,0.22888007523928572,1.5168617489757383,-0.7054689621240783,-0.010684955964216718,0.988055159147205,1.514868345649163,0.05293427887298657,0.7315353705277589,-0.2416326709112959,-0.3752530803097532,0.371603010579094,-0.04612323627156368,0.41369818995709984,0.6741881979437003,0.42764401540765257,0.6271632754360571,0.7404522400872985,0.7293536405952865
-0.1764205307986887,0.22888007523928572,1.6613247725587,1.7008025646823157,-0.010684955964216718,0.35590369640808817,-0.6983308925851475,-0.007727789880818559,0.9707977793034471,-0.2813895098922738,-0.39439397281289224,0.4074353665764109,-0.02293322025003678,0.41369818995709984,0.7170718769195943,0.3972899219532745,0.6005997668002621,0.8212397571130687,0.8101780633345486
-0.1764205307986887,0.33895792725144946,-1.6613247698494156,-0.7054689621240783,-0.010684955964216718,0.9834182827311025,1.5156697094151999,0.05293427887298657,0.7315353705277589,-0.2925966653973265,-0.40720844075948326,0.4176271507634912,-0.047968744651481265,0.41369818995709984,0.7470729336897183,0.3719284748158345,0.5904583646201509,0.7369883029800134,0.7258880799591846
-0.1764205307986887,0.33895792725144946,-1.516861746266454,-0.7054689621240783,-0.010684955964216718,-0.6991224441542135,-0.6983308925851475,0.05293427887298657,0.7315353705277589,-0.34626846491406343,-0.4155554536142683,0.41681647940501737,-0.0175635538870235,0.41369818995709984,0.7694527133985731,0.3543379320440654,0.5566968160798237,-1.2740310493992413,-1.2860490588430924
-0.1764205307986887,0.33895792725144946,-1.3723987226834924,-0.7054689621240783,-0.010684955964216718,-0.6991224441542135,1.3695710123144387,0.02260324449608401,0.9707977793034471,-0.4583025602112014,-0.42605079716407035,0.25667606712924834,-0.060184651778704946,0.41369818995709984,0.7953593606836535,0.4183919040832142,0.5699930900025264,-0.1233058500579942,-0.15469237474015934
-0.1764205307986887,0.33895792725144946,-1.2279356991005308,-0.7054689621240783,-0.010684955964216718,-0.6991224441542135,-0.6983308925851475,0.05293427887298657,0.7315353705277589,-0.5699299496143994,-0.43815950601242976,-0.013113826577111172,-0.040006478601641464,0.41369818995709984,0.8198090275072363,0.5304316032024137,0.5491141150032144,-1.2740310493992413,-1.2860490588430924
-0.1764205307986887,0.33895792725144946,-1.0834726755175694,0.8610893429786285,-0.010684955964216718,0.4161348415794112,0.17110624142148417,0.05293427887298657,0.7315353705277589,-0.699018935490314,-0.4473654276897627,-0.34959102947881027,-0.1492243520839428,0.41369818995709984,0.8355452851780066,0.6811700661487837,0.5922674640367709,0.9579155943337211,0.9407948449512448
-0.1764205307986887,0.33895792725144946,-0.9390096519346078,-0.7054689621240783,-0.010684955964216718,1.2491344689372903,1.1055116946229187,0.02260324449608401,0.9707977793034471,-0.723191179213042,-0.4577252654927042,-0.3872288554416872,-0.172954353292506,0.41369818995709984,0.845687201176143,0.6963751880405508,0.6006424587725996,0.7836449778695894,0.7725662905159496
-0.1764205307986887,0.33895792725144946,-0.7945466283516462,2.3895601458110627,-0.010684955964216718,-0.6991224441542135,-0.6983308925851475,0.05293427887298657,0.7315353705277589,-0.7388975186698068,-0.4714212265529865,-0.3538975612380215,-0.16736919594646738,0.41369818995709984,0.865367778592465,0.6786114613033774,0.5964757656145554,0.999258546858284,0.9882781278038323
-0.1764205307986887,0.33895792725144946,-0.6500836047686848,-0.7054689621240783,-0.010684955964216718,1.2195556711389617,1.1443957594839238,0.05293427887298657,1.0904289836912913,-0.7094501389608757,-0.48286652184900825,-0.3665247692643866,-0.21318241124039608,0.41369818995709984,0.8864102635484845,0.6880021198001391,0.621953554547755,0.8134687149199856,0.802403552505306
-0.1764205307986887,0.33895792725144946,-0.5056205811857232,1.571406530821737,-0.010684955964216718,0.469660953291496,-0.6983308925851475,0.14392752663347458,0.851166574915603,-0.6441250115192538,-0.4649028355217195,-0.28675078636211687,-0.20137400846239548,0.41369818995709984,0.8953606311003017,0.6616362056633548,0.6285122984198208,0.8891378206944675,0.8781071908859786
-0.1764205307986887,0.33895792725144946,-0.3611575576027617,-0.7054689621240783,-0.010684955964216718,1.0850559816677532,1.4512222871491447,0.20458959538727972,0.7315353705277589,-0.48641610512980926,-0.3525008185009631,0.0033391365037550944,-0.14114889038154102,0.41369818995709984,0.8290108315679772,0.536666871363047,0.6119612492050462,0.7640645436905202,0.7579176220434771
-0.1764205307986887,0.33895792725144946,-0.21669453401980013,-0.7054689621240783,-0.010684955964216718,-0.6991224441542135,-0.6983308925851475,0.35624491190157287,0.3726417573642265,-0.26542028323761674,-0.18435159606999144,0.30091860569512785,0.026050311801942106,0.41369818995709984,0.7086774687886599,0.4073911725465953,0.5378826589101182,-1.2740310493992413,-1.2860490588430924
-0.1764205307986887,0.33895792725144946,-0.0722315104368386,0.8473925250124039,-0.010684955964216718,0.23581635479087357,0.3077344663931451,0.4472381596620609,0.1931949507824603,0.36002247568044965,-0.01941922360875937,0.5427407637546223,0.19164045874641486,-0.5949965686316561,0.5979677056723852,0.31068460085880945,0.4696797409298547,0.9221183973774812,0.9052649083570173
-0.1764205307986887,0.33895792725144946,0.07223151314612293,-0.7054689621240783,-0.010684955964216718,-0.6991224441542135,-0.6983308925851475,0.35624491190157287,0.3726417573642265,0.6597265908367297,0.11307434342045401,0.5203897616314,0.23541866775317413,-0.7571196959253363,0.5040737846231612,0.3213858639732636,0.45052491482352647,-1.2740310493992413,-1.2860490588430924
-0.1764205307986887,0.33895792725144946,0.21669453672908448,1.23247756461751,-0.010684955964216718,-0.6991224441542135,0.7264246051851349,0.4320725701587194,0.1931949507824603,1.2306185838817478,0.19397339157344679,0.41710971909725186,0.39966639810689353,-1.6138429612005325,0.4506818934681845,0.36716709901170325,0.3765262907102866,0.9304665524098282,0.9193441454448906
-0.1764205307986887,0.33895792725144946,0.361157560312046,-0.7054689621240783,-0.010684955964216718,-0.6991224441542135,-0.6983308925851475,0.507900228415866,0.013748144200694123,1.3865060097626418,0.24555379526770277,0.28282639863703213,0.7378723688315181,-1.4514764848382957,0.419418345513139,0.4266522413945925,0.2282241307828984,-1.2740310493992413,-1.2860490588430924
-0.1764205307986887,0.33895792725144946,0.5056205838950075,1.027338364223888,-0.010684955964216718,1.010346580918622,-0.6983308925851475,0.35624491190157287,0.3726417573642265,1.4261718750568173,0.23322206654430214,0.06628422985924165,1.022379160467064,-0.6471656951509094,0.4488291780022389,0.5339202382123447,0.1170225950799871,0.9348861638975413,0.9239893449730897
-0.1764205307986887,0.33895792725144946,0.6500836074779691,0.5070042441621369,-0.010684955964216718,0.4029444670736489,0.6386517957594113,0.20458959538727972,0.3726417573642265,1.222257700710108,0.17947427665937696,0.024720913248865117,1.5099992001418994,0.41369818995709984,0.49884429132048186,0.5419024055022725,-0.085062781571977,0.9131420065968401,0.9034664559415342
-0.1764205307986887,0.33895792725144946,0.7945466310609306,1.1578696996679607,-0.010684955964216718,0.8659592612514521,-0.6983308925851475,0.1894240058839383,0.6119041661399147,0.6178312012917281,0.0818437975646078,0.0746296269144036,0.9377130047822941,0.41369818995709984,0.58357356879109,0.5223024984610931,0.1449186567000654,0.8461627152960413,0.8369429776518355
-0.1764205307986887,0.33895792725144946,0.9390096546438922,0.529193666965129,-0.010684955964216718,0.31620054721119867,0.7040264564819312,0.20458959538727972,0.3726417573642265,0.3352321460267995,-0.022164626500880264,0.10880569011517507,0.11309525316314363,0.41369818995709984,0.6669974033506842,0.4872358649294741,0.489716578850467,0.8851417733086845,0.8735462073703992
-0.1764205307986887,0.33895792725144946,1.0834726782268538,-0.7054689621240783,-0.010684955964216718,1.188934332982116,1.3341980233313093,0.12876193713013315,0.5520885639459927,0.2441681544617791,-0.10423664627513396,0.1494492229234556,0.09109504922299022,0.41369818995709984,0.7385617354721054,0.46395649781337805,0.4952177753874698,0.7385822936823472,0.7317379168065845
-0.1764205307986887,0.33895792725144946,1.2279357018098151,1.4985470087816615,-0.010684955964216718,0.4965609752785272,-0.6983308925851475,0.06809986837632802,0.6119041661399147,0.04900484607645818,-0.16436308688987628,0.2617745165456859,0.1069919112742658,0.41369818995709984,0.785181732014384,0.3943341772319226,0.4682074096605068,0.8256296669106762,0.8117826754874082
-0.1764205307986887,0.33895792725144946,1.3723987253927767,-0.7054689621240783,-0.010684955964216718,1.0097108394295806,1.487848573008323,0.05293427887298657,0.3726417573642265,0.004106655942810171,-0.2034953116095234,0.3148312946979162,0.06711098666089906,0.41369818995709984,0.8081700749434934,0.3462238867779974,0.46117255277714314,0.7456329348826871,0.7345367161164951
-0.1764205307986887,0.33895792725144946,1.5168617489757383,1.6276217207180874,-0.010684955964216718,0.43053478574694565,-0.6983308925851475,0.05293427887298657,0.3726417573642265,-0.06213489760851225,-0.2364570845333317,0.3862667000727504,0.08388406691163572,0.41369818995709984,0.8272662193227588,0.2887558535375053,0.4257336648160398,0.8170971813894314,0.8060336519689838
-0.1764205307986887,0.33895792725144946,1.6613247725587,-0.7054689621240783,-0.010684955964216718,0.9857591106443729,1.5080604219260794,0.08326531324988914,0.3726417573642265,-0.10140743549210096,-0.2619568665115374,0.42556508103700175,0.04968053313898774,0.41369818995709984,0.8345921429416839,0.2430223785491523,0.41088552686334,0.7343171309831832,0.7232157071207739
-0.1764205307986887,0.44903577926361327,-1.6613247698494156,1.6774831328680027,-0.010684955964216718,0.3790631659996941,-0.6983308925851475,0.05293427887298657,0.7315353705277589,-0.15605853999029884,-0.28554333557443723,0.46885203328022174,0.0672979691092051,0.41369818995709984,0.849850622985133,0.21209602503517772,0.3893375664903928,0.8161892097234155,0.8051253074825035
-0.1764205307986887,0.44903577926361327,-1.516861746266454,-0.7054689621240783,-0.010684955964216718,-0.6991224441542135,1.7420636724041607,0.05293427887298657,0.3726417573642265,-0.1814923746932423,-0.30739363725568736,0.4395655714592673,0.042860285450550824,0.41369818995709984,0.8586301488399082,0.20546878024725687,0.38043488163963,0.09291561352152831,0.08152155370754907
-0.1764205307986887,0.44903577926361327,-1.3723987226834924,-0.7054689621240783,-0.010684955964216718,-0.6991224441542135,-0.6983308925851475,-0.053224413761062565,0.910982177109525,-0.270960313194215,-0.3439307857711369,0.23337629821109293,0.07893532067888988,0.41369818995709984,0.8865449099707295,0.28552430528367123,0.35665046870564804,-1.2740310493992413,-1.2860490588430924
-0.1764205307986887,0.44903577926361327,-1.2279356991005308,0.7976457553580406,-0.010684955964216718,0.41481374385549086,0.23433715450203177,-0.09872103764130656,1.0904289836912913,-0.4197939337270857,-0.3701822011889592,-0.10132356527691741,-0.026424677266836793,0.41369818995709984,0.9112474611142277,0.43468539576501825,0.4061623210912708,0.9039272822543819,0.8870795771647956
-0.1764205307986887,0.44903577926361327,-1.0834726755175694,-0.7054689621240783,-0.010684955964216718,1.2258777670577607,1.1285688775088114,0.05293427887298657,0.7315353705277589,-0.4566429593512255,-0.3857575987278322,-0.15645688962183155,-0.05257706544022595,0.41369818995709984,0.9272380509159054,0.46220056299893203,0.42060369339890646,0.7498919772335869,0.7387979234119705
-0.1764205307986887,0.44903577926361327,-0.9390096519346078,-0.7054689621240783,-0.010684955964216718,-0.6991224441542135,-0.6983308925851475,0.02260324449608401,0.6119041661399147,-0.527308108423314,-0.4039668892213056,-0.14024857709814928,-0.04316002563338615,0.41369818995709984,0.9369036370977125,0.44763632934684094,0.40912193665581076,-1.2740310493992413,-1.2860490588430924
-0.1764205307986887,0.44903577926361327,-0.7945466283516462,0.9418234947757711,-0.010684955964216718,0.3584035648096058,0.32257667499892495,-0.09872103764130656,0.7315353705277589,-0.5991472194096538,-0.4267269143801762,-0.20335137203230846,-0.1189734428014954,0.41369818995709984,0.9489721069223807,0.46348664218549884,0.43113842517187395,0.9381277883546421,0.927119475894694
-0.1764205307986887,0.44903577926361327,-0.6500836047686848,-0.7054689621240783,-0.010684955964216718,1.1990889577849169,1.1687028853823405,0.05293427887298657,0.7315353705277589,-0.6400432362481645,-0.4404969801457728,-0.23031322733953186,-0.16161131041948232,0.41369818995709984,0.9581686023428179,0.47103359064062833,0.4460897173318463,0.7625744188984346,0.7514860595030664
-0.1764205307986887,0.44903577926361327,-0.5056205811857232,2.2897196290588346,-0.010684955964216718,-0.6991224441542135,-0.6983308925851475,0.05293427887298657,0.6119041661399147,-0.54391348196142,-0.39633269305573443,-0.032650068631268625,-0.09262317185770164,0.41369818995709984,0.9204917342973972,0.3793609712590447,0.41169255683788397,0.99358642409933,0.9738132592421138
-0.1764205307986887,0.44903577926361327,-0.3611575576027617,-0.7054689621240783,-0.010684955964216718,1.2630188191888614,1.2509318632092508,0.20458959538727972,0.3726417573642265,-0.3319300753801727,-0.26654288913184626,0.21641869007847428,0.01701813721381296,0.41369818995709984,0.8116501299643148,0.2697602617246743,0.360672615947199,0.7879825046864651,0.7844069389472029
-0.1764205307986887,0.44903577926361327,-0.21669453401980013,-0.7054689621240783,-0.010684955964216718,-0.6991224441542135,-0.6983308925851475,0.20458959538727972,0.3726417573642265,-0.17179765673127925,-0.1496240138824077,0.28983005361202807,0.11737153337103991,0.41369818995709984,0.7217232110328486,0.2426760106183439,0.3200068869667547,-1.2740310493992413,-1.2860490588430924
-0.1764205307986887,0.44903577926361327,-0.0722315104368386,0.888305363777124,-0.010684955964216718,0.3492597353372647,0.3590239483924492,0.26525166414108486,0.3726417573642265,-0.1992509734964021,-0.10317800762778657,0.23076015688705903,0.09990418645125654,0.41369818995709984,0.6921733886885281,0.27756020936404646,0.3377908023268517,0.9265570899509592,0.9155435649045714
-0.1764205307986887,0.44903577926361327,0.07223151314612293,-0.7054689621240783,-0.010684955964216718,1.0880074283491852,1.0976410153953078,0.35624491190157287,0.3726417573642265,-0.19585150087633063,-0.046607181349935016,0.227773203742903,0.13292377754673795,0.41369818995709984,0.6583269459239642,0.29694390536767146,0.34150955484113055,0.753011374735647,0.7419186286971258
-0.1764205307986887,0.44903577926361327,0.21669453672908448,2.3585704313483427,-0.010684955964216718,-0.6991224441542135,-0.6983308925851475,0.35624491190157287,0.3726417573642265,-0.17865346052567374,-0.0007137844692292326,0.2839499158299538,0.21735599554954638,0.41369818995709984,0.6395705545241273,0.29622685921028985,0.32772416527596127,0.9488614391280763,0.9378581444819837
-0.1764205307986887,0.44903577926361327,0.361157560312046,-0.7054689621240783,-0.010684955964216718,1.1757843230153404,1.1824700759200792,0.2955828431477677,0.7315353705277589,-0.1497954030084552,0.0038235407733016773,0.26626261823061215,0.22312310442599942,0.41369818995709984,0.6464399350769454,0.32159346959638785,0.3431147296589198,0.7860756561816857,0.7749981047197726
-0.1764205307986887,0.44903577926361327,0.5056205838950075,2.339427466911109,-0.010684955964216718,-0.6991224441542135,-0.6983308925851475,0.32591373289489,0.7913509727216809,-0.16157047513185516,-0.0343022714722672,0.23782433517062665,0.20985825091836824,0.41369818995709984,0.698060670785186,0.367555418337858,0.38297819629624874,0.9119128966571975,0.9008926424755568
-0.1764205307986887,0.44903577926361327,0.6500836074779691,-0.7054689621240783,-0.010684955964216718,1.2076443479623418,1.208910468636952,0.35624491190157287,0.7315353705277589,-0.17296693617635697,-0.09656010456366892,0.15672736388943853,0.1353746730462832,0.41369818995709984,0.7696163160406558,0.43413077680500334,0.4477963126727523,0.7921785434522924,0.7811036631821346
-0.1764205307986887,0.44903577926361327,0.7945466310609306,2.3404981811731655,-0.010684955964216718,-0.6991224441542135,-0.6983308925851475,0.38657609090825573,0.9707977793034471,-0.1935082595170015,-0.1665523516125907,0.10078592550894794,0.08389329026110373,0.41369818995709984,0.859074626814416,0.5071102846909712,0.5197920981649569,0.896080995779698,0.8850534751385568
-0.1764205307986887,0.44903577926361327,0.9390096546438922,-0.7054689621240783,-0.010684955964216718,1.229010854164633,1.2274191837333506,0.35624491190157287,1.0904289836912913,-0.1733535743452671,-0.21911587773068325,0.023224026912923912,0.010395772295780654,0.41369818995709984,0.9454722651513368,0.5996329038828803,0.6117874473684232,0.7999936881549262,0.788922228616519
-0.1764205307986887,0.44903577926361327,1.0834726782268538,1.4909585367404088,-0.010684955964216718,0.5626133386908581,-0.6983308925851475,0.35624491190157287,0.7315353705277589,-0.19039709321319345,-0.26078954096306234,0.032518190763018984,-0.014089705082844234,0.41369818995709984,1.021309087509803,0.6408349827677443,0.6698944723776664,0.8481271670786013,0.8370778052340831
-0.1764205307986887,0.44903577926361327,1.2279357018098151,-0.7054689621240783,-0.010684955964216718,1.0287758310977186,1.4648393922941338,0.3714105014049143,0.9707977793034471,-0.1974883583146059,-0.2828932101605776,0.10057792991329324,-0.05505898493343634,0.41369818995709984,1.0774479587200447,0.6493715538823264,0.7322860810675511,0.7626572236102441,0.7515688411797047
-0.1764205307986887,0.44903577926361327,1.3723987253927767,1.6206299637632287,-0.010684955964216718,0.42455158377005625,-0.6983308925851475,0.35624491190157287,1.0904289836912913,-0.2315907813063149,-0.29748407375741753,0.1917712119933923,-0.03670787343735442,0.41369818995709984,1.140059510271329,0.6571338528335672,0.776177546130457,0.828593895583215,0.8175355922034963
-0.1764205307986887,0.44903577926361327,1.5168617489757383,-0.7054689621240783,-0.010684955964216718,0.9888046361341203,1.484968233089643,0.20458959538727972,1.0904289836912913,-0.2481914723752473,-0.3194719984628228,0.2523141267072602,-0.06436366757402946,0.41369818995709984,1.1937834327471106,0.6562765384209762,0.8197307260724543,0.7406898536081432,0.7295915354630519
-0.1764205307986887,0.44903577926361327,1.6613247725587,1.6711361726721639,-0.010684955964216718,0.37170157808599946,-0.6983308925851475,0.23492077439396258,1.0904289836912913,-0.2736714628457596,-0.33131251885385427,0.34378104233738044,-0.014366405566884581,0.41369818995709984,1.2203367689418985,0.6234849613292943,0.8054247978394938,0.8237013971869721,0.8126410231196811
-0.1764205307986887,0.559113631275777,-1.6613247698494156,-0.7054689621240783,-0.010684955964216718,0.983035870770598,1.5006666201684487,0.20458959538727972,1.0904289836912913,-0.28405784839708786,-0.3467037132680888,0.3693440420197294,-0.042756713715739456,0.41369818995709984,1.2512721464054506,0.6180854940451769,0.8271300900495835,0.7390933427624066,0.7279942998952392
-0.1764205307986887,0.559113631275777,-1.516861746266454,-0.7054689621240783,-0.010684955964216718,-0.6991224441542135,-0.6983308925851475,0.05293427887298657,1.0904289836912913,-0.35000173069379953,-0.3748924374105569,0.34687199327936385,-0.044510827087292204,0.41369818995709984,1.2855336283210208,0.611546239619803,0.809858261647018,-1.2740310493992413,-1.2860490588430924
-0.1764205307986887,0.559113631275777,-1.3723987226834924,-0.7054689621240783,-0.010684955964216718,-0.6991224441542135,1.0230354741692647,0.08326531324988914,0.851166574915603,-0.4733520161353196,-0.404437630539826,0.16224862402491186,-0.14124867025305862,0.41369818995709984,1.3072507931992574,0.6489623664261789,0.8064654417540373,-0.30814162770805203,-0.348106844482406
-0.1764205307986887,0.559113631275777,-1.2279356991005308,-0.7054689621240783,-0.010684955964216718,-0.6991224441542135,-0.2011523818791245,0.05293427887298657,1.0904289836912913,-0.5938727523476184,-0.4290883843228591,-0.11191088207212797,-0.15521785226551976,0.41369818995709984,1.326788037327383,0.7459823903345782,0.7761112327114961,-1.0067718441357258,-1.0333591434958036
-0.1764205307986887,0.559113631275777,-1.0834726755175694,0.8635723666694561,-0.010684955964216718,0.4346142320842805,0.09824062170733992,0.05293427887298657,1.0904289836912913,-0.7517274842056139,-0.45624034835002497,-0.5084502229829849,-0.2530960368200585,0.41369818995709984,1.3534181075047407,0.9293689350870096,0.8080795017031253,0.9472125453016078,0.9332467543019166
-0.1764205307986887,0.559113631275777,-0.9390096519346078,-0.7054689621240783,-0.010684955964216718,1.3411256737520305,1.1602647743695709,-0.12905207201820915,0.9707977793034471,-0.8083572663917636,-0.510962791549608,-0.5970827724018269,-0.344802123607867,0.37485125499387206,1.3380539372588842,0.8625302509383056,0.7449872679037614,0.7761750928131528,0.7716788463537693
-0.1764205307986887,0.559113631275777,-0.7945466283516462,1.1266411915251473,-0.010684955964216718,0.23539315782743442,0.16344926618536562,-0.2503763541555997,0.7315353705277589,-0.8413225182984428,-0.5458272910022486,-0.5288832329331619,-0.30803282171048124,0.41369818995709984,1.307908099389572,0.7292186127541735,0.6300847499491685,0.8850398875111102,0.874007448840976
-0.1764205307986887,0.559113631275777,-0.6500836047686848,-0.7054689621240783,-0.010684955964216718,1.2409743148707773,1.172738212052489,-0.09872103764130656,0.7315353705277589,-0.8297039744302764,-0.5564567287807146,-0.42008278270450605,-0.24327149266399564,0.41369818995709984,1.258938788211132,0.5891433339634047,0.5132383386348391,0.7447588051423673,0.7336621809781468
-0.1764205307986887,0.559113631275777,-0.5056205811857232,1.154513132454688,-0.010684955964216718,0.14500875598913013,0.11363323076006498,-0.068390003264404,0.3726417573642265,-0.8103820998472844,-0.536070877228295,-0.21759907033465542,-0.10250305611057256,0.41369818995709984,1.1787117203216144,0.4181543946449456,0.3717196513882176,0.8610130203181114,0.8461130973909397
-0.1764205307986887,0.559113631275777,-0.3611575576027617,-0.7054689621240783,-0.010684955964216718,1.2755982595785014,1.2427446631114554,-0.09872103764130656,0.013748144200694123,-0.6847541276148664,-0.4264375531499012,0.08804619527509755,0.1110082607244272,0.41369818995709984,1.0316812054556488,0.22419523772378894,0.21695973469084132,0.7056618404205168,0.700116955571839
-0.1764205307986887,0.559113631275777,-0.21669453401980013,1.7253163237155476,-0.010684955964216718,0.18225313713539737,-0.6983308925851475,-0.2503763541555997,0.7315353705277589,-0.3775801362782757,-0.3156813663462209,0.4467184036032779,0.21988990119430374,0.1016825659595953,0.90247613952174,0.0408700065491715,0.13318291522813905,0.8606173578038562,0.8437784082235686
-0.1764205307986887,0.559113631275777,-0.0722315104368386,-0.7054689621240783,-0.010684955964216718,1.0695164750857518,1.3841362127546895,-0.2503763541555997,0.5520885639459927,0.08895099059688515,-0.1715568893781509,0.7277852388461785,0.35518637605425013,-0.5588919904794692,0.7566009778272966,-0.09564585769797937,0.04779160239530988,0.714089199959812,0.7097985185408675
-0.1764205307986887,0.559113631275777,0.07223151314612293,-0.7054689621240783,-0.010684955964216718,-0.6991224441542135,-0.6983308925851475,-0.2503763541555997,0.3726417573642265,0.49490367592417206,-0.07579173158000785,0.7188465428788212,0.4043116122935103,-1.2099841228769437,0.6009622614072622,-0.16767898513200555,-0.05094842830593617,-1.2740310493992413,-1.2860490588430924
-0.1764205307986887,0.559113631275777,0.21669453672908448,1.4244280339735504,-0.010684955964216718,-0.6991224441542135,0.5265610651870496,-0.09872103764130656,0.013748144200694123,0.976089593464529,-0.004252460587762439,0.6211269727645731,0.5516864825249754,-1.9911322930485493,0.5040723368121693,-0.1677863376770201,-0.1445316154856333,0.9150760366483223,0.896650081547839
-0.1764205307986887,0.559113631275777,0.361157560312046,-0.7054689621240783,-0.010684955964216718,2.6580313721130273,-0.6983308925851475,-0.09872103764130656,0.013748144200694123,1.1250904450393158,0.029240748937014262,0.4765035433892241,0.7555225057680311,-2.0076262121279247,0.4422170252023118,-0.1447887978835072,-0.24981998795401011,0.5656586938670651,0.5953499819163229
-0.1764205307986887,0.559113631275777,0.5056205838950075,2.3276262868290813,-0.010684955964216718,-0.6991224441542135,-0.6983308925851475,-0.09872103764130656,0.013748144200694123,1.3280025709828636,0.031994620938313935,0.6029367349954106,1.0967906285160354,-1.856507610501758,0.3901923502273361,-0.22875397783084145,-0.4056482875124234,0.9172033977008553,0.8965773402230701
-0.1764205307986887,0.559113631275777,0.6500836074779691,-0.7054689621240783,-0.010684955964216718,1.0364597046273856,1.4834650733809716,-0.2503763541555997,0.013748144200694123,1.207176136425942,-0.013966528815822082,0.5933876912965419,1.565590842844551,-1.0011730728437571,0.36344693777429177,-0.2787918811170916,-0.606168147371663,0.7713207565884396,0.765680863090009
-0.1764205307986887,0.559113631275777,0.7945466310609306,1.4211025045564132,-0.010684955964216718,0.5341771516706176,-0.6983308925851475,-0.2503763541555997,0.1931949507824603,0.5132054411514756,-0.10356264633632278,0.5411620430859646,1.0006305024214928,0.41369818995709984,0.4082779225342676,-0.27209772923197734,-0.4349943592183431,0.795340963402445,0.7827947453041562
-0.1764205307986887,0.559113631275777,0.9390096546438922,-0.7054689621240783,-0.010684955964216718,1.0116402433699498,1.513345272375811,-0.7053423036984792,0.6717197683338367,0.31457643665348434,-0.2306105761635812,0.48040090348485237,0.19762892801010018,0.41369818995709984,0.47078137086482447,-0.2818280864633642,-0.18118646617153958,0.7294633347891992,0.7221659780875598
-0.1764205307986887,0.559113631275777,1.0834726782268538,1.5772123927913089,-0.010684955964216718,0.44722068728256537,-0.6983308925851475,-0.7053423036984792,0.6717197683338367,0.07665950901604811,-0.3271697129472348,0.46911884730251646,0.21037895092015327,0.41369818995709984,0.5126675080673114,-0.3047313969688683,-0.2138958851397908,0.8194542355121146,0.8054455742166269
-0.1764205307986887,0.559113631275777,1.2279357018098151,-0.7054689621240783,-0.010684955964216718,1.0528152266160382,1.5778430025947432,-0.7963355514589672,0.7913509727216809,-0.016023947958888327,-0.4044115174531915,0.4335720590287419,0.05253557904249496,0.41369818995709984,0.5277623854686778,-0.3319107379046505,-0.19657117937047217,0.7405004828324396,0.7331472543608392
-0.1764205307986887,0.559113631275777,1.3723987253927767,1.0426141627900385,-0.010684955964216718,0.17096825268297414,0.2993471873744284,-0.8569976202127723,1.0904289836912913,-0.20208119164979105,-0.4688070948531367,0.41956815884261317,0.0805401834863239,0.41369818995709984,0.5424291934201109,-0.35653254967183,-0.23794165096026584,0.8234240014024101,0.8093285266233041
-0.1764205307986887,0.559113631275777,1.5168617489757383,-0.7054689621240783,-0.010684955964216718,1.2592703830944152,1.3681005527751373,-0.7053423036984792,0.6717197683338367,-0.25539244104015674,-0.5076626620062771,0.3735235600750368,0.11602157040344911,0.41369818995709984,0.5351626300518529,-0.3690835466180174,-0.2803945915948627,0.7070637601935011,0.7006708141657835
-0.1764205307986887,0.559113631275777,1.6613247725587,1.198255792944511,-0.010684955964216718,0.19091112051608033,0.24046896030009515,-0.7963355514589672,0.7913509727216809,-0.3270154895203409,-0.528817790975769,0.4127545982029901,0.19981821577928002,0.41369818995709984,0.5484940736651064,-0.3851311385824836,-0.31334000831882775,0.8228310476617565,0.8117701762738564
-0.1764205307986887,0.6691914832879408,-1.6613247698494156,-0.7054689621240783,-0.010684955964216718,1.2369153661508967,1.2810319498814569,-0.7053423036984792,0.6717197683338367,-0.3870413997057238,-0.5568561884303137,0.38922978486986404,0.22297133840293487,0.41369818995709984,0.5494665200479875,-0.39171083845567856,-0.3365158981141096,0.7022346254028169,0.6911187512453575
-0.1764205307986887,0.6691914832879408,-1.516861746266454,-0.7054689621240783,-0.010684955964216718,-0.6991224441542135,-0.6983308925851475,-0.8569976202127723,0.6717197683338367,-0.4852849543622884,-0.5927405097798991,0.3520284086814756,0.22492668849015332,0.41369818995709984,0.5425667354643396,-0.4066786660445377,-0.3653624520726277,-1.2740310493992413,-1.2860490588430924
-0.1764205307986887,0.6691914832879408,-1.3723987226834924,0.9950956557252764,-0.010684955964216718,0.22639186563339023,0.24959429891081195,-0.8569976202127723,0.910982177109525,-0.6323011079316144,-0.6240945634779358,0.14702232349382885,0.060080278907328415,0.41369818995709984,0.533498130014852,-0.3620314094926142,-0.33258455258022074,0.8959215067043431,0.8773297807840824
-0.1764205307986887,0.6691914832879408,-1.2279356991005308,-0.7054689621240783,-0.010684955964216718,1.2581744438145301,1.2736429693026436,-0.8569976202127723,1.0904289836912913,-0.6788782977261005,-0.6512846384964062,-0.015261125369956212,-0.07182200334838973,0.41369818995709984,0.5254135534361805,-0.32432592562602885,-0.3040788842688449,0.7192119314569341,0.7143254878031746
-0.1764205307986887,0.6691914832879408,-1.0834726755175694,-0.7054689621240783,-0.010684955964216718,1.2477391593265872,1.255344499525977,-0.8873286545896748,0.910982177109525,-0.7540051709965119,-0.675157645753188,0.01069484959762562,-0.034932797907919824,0.41369818995709984,0.5156577203692126,-0.3530671492808601,-0.33728045282683544,0.6546683587550374,0.6435307618661309
-0.1764205307986887,0.6691914832879408,-0.9390096519346078,-0.7054689621240783,-0.010684955964216718,1.2707118378093925,1.2741053832361717,-0.9176596889665775,0.910982177109525,-0.8578743779031357,-0.6988132792077145,0.10639669194583005,0.06940424673317283,0.41369818995709984,0.4933826656554373,-0.41367185608109525,-0.4022272952519102,0.621383564761245,0.6102306030074951
-0.1764205307986887,0.6691914832879408,-0.7945466283516462,1.4360374255927535,-0.010684955964216718,-0.01723798009190957,-0.014059987355930581,-1.1603082532413587,1.0904289836912913,-1.015984638793179,-0.7380605426603735,0.19545631428853685,0.1690248058508505,0.41369818995709984,0.4673558500580306,-0.4892110444892732,-0.48267609126695626,0.8295218483862111,0.8120640102448946
-0.1764205307986887,0.6691914832879408,-0.6500836047686848,-0.7054689621240783,-0.010684955964216718,1.2200968082397528,1.219598183609206,-1.1603082532413587,1.0904289836912913,-1.0064678546598147,-0.7580102350900858,0.18274812437042098,0.16110614108940494,0.41369818995709984,0.45361226291575457,-0.5092201389866001,-0.5043991537396434,0.681261992003889,0.670136464889487
-0.1764205307986887,0.6691914832879408,-0.5056205811857232,1.3292763773484741,-0.010684955964216718,0.035629001824038754,0.040458531560432505,-0.8873286545896748,0.910982177109525,-0.659932358525336,-0.7058962775175668,0.8143369798675077,0.26052546349141686,-0.030553083904539906,0.37312989768800153,-0.7241489697908349,-0.5598048821235669,0.8422091503276214,0.8258932630617312
-0.1764205307986887,0.6691914832879408,-0.3611575576027617,-0.7054689621240783,-0.010684955964216718,1.2260875785677021,1.257889033859203,-0.2503763541555997,0.3726417573642265,-0.15224834793128128,-0.5739997826854574,1.538446368028441,0.42717545713839566,-0.8585553093528394,0.2858712944145747,-0.8902889732133372,-0.5750604358528895,0.6676881396153873,0.6633205003060721
-0.1764205307986887,0.6691914832879408,-0.21669453401980013,-0.7054689621240783,-0.010684955964216718,-0.6991224441542135,-0.6983308925851475,-0.2503763541555997,0.3726417573642265,0.5415029402161912,-0.40620343980360146,1.6887615457324228,0.5002378007060917,-2.0168617772586233,0.16588926710262092,-0.9139908661779474,-0.5800738170105425,-1.2740310493992413,-1.2860490588430924
-0.1764205307986887,0.6691914832879408,-0.0722315104368386,-0.7054689621240783,-0.010684955964216718,-0.6991224441542135,-0.6983308925851475,0.23492077439396258,-0.8834858887081368,0.9269992555721269,-0.24910428757364186,1.5290524685853475,0.47667046584269157,-2.5005660188599923,0.04254687047850801,-0.8700479627971213,-0.5703554337644565,-1.2740310493992413,-1.2860490588430924
-0.1764205307986887,0.6691914832879408,0.07223151314612293,-0.7054689621240783,-0.010684955964216718,-0.6991224441542135,-0.6983308925851475,0.507900228415866,-1.3620107062595133,1.320528681257547,-0.1093978625605016,1.1917850529083538,0.3838777007902883,-2.8412242962055796,-0.06361917914157558,-0.7790930349790015,-0.5419793583437298,-1.2740310493992413,-1.2860490588430924
-0.1764205307986887,0.6691914832879408,0.21669453672908448,-0.7054689621240783,-0.010684955964216718,-0.6991224441542135,-0.6983308925851475,0.507900228415866,-1.3620107062595133,1.6105079768643191,-0.006002743151376789,0.8643198558970706,0.3448461628142939,-3.0025483493943366,-0.14517437231431352,-0.6837768831277464,-0.5280223340471322,-1.2740310493992413,-1.2860490588430924
-0.1764205307986887,0.6691914832879408,0.361157560312046,-0.7054689621240783,-0.010684955964216718,-0.6991224441542135,-0.6983308925851475,0.7202176136839643,-1.6012731150352015,1.7644040154980754,0.07722742730307496,0.605917721052806,0.577922719329892,-2.897220320817374,-0.2093058841052422,-0.6001221435059753,-0.5966417696458365,-1.2740310493992413,-1.2860490588430924
-0.1764205307986887,0.6691914832879408,0.5056205838950075,-0.7054689621240783,-0.010684955964216718,-0.6991224441542135,-0.6983308925851475,0.6595555449301591,-1.5414575128412795,1.7614908507478961,0.11382950565556181,0.3770126009480478,0.9096580911595488,-2.323678154810622,-0.23914599255343524,-0.5212038239864883,-0.6917618678296866,-1.2740310493992413,-1.2860490588430924
-0.1764205307986887,0.6691914832879408,0.6500836074779691,1.0890486793100045,-0.010684955964216718,0.9692357184245697,-0.6983308925851475,0.507900228415866,-1.3620107062595133,1.3658730438110271,0.09208506783904644,0.02577282540065979,1.1302277857965233,-0.750670945608588,-0.24417834225938664,-0.40161416451710885,-0.7531091485261966,0.9707524847871178,0.9478032154613019
-0.1764205307986887,0.6691914832879408,0.7945466310609306,-0.7054689621240783,-0.010684955964216718,0.9598552728656161,1.5391331290205745,0.05293427887298657,-0.5844078777385264,0.8521118571537396,-0.026519865896067422,-0.17339489161223684,0.17453701488746032,0.41369818995709984,-0.17699967093420937,-0.32892982234609075,-0.44902744890727825,0.8733104200730446,0.8670380103075559
-0.1764205307986887,0.6691914832879408,0.9390096546438922,1.4007370456517445,-0.010684955964216718,0.6015187626628246,-0.6983308925851475,0.05293427887298657,-0.5844078777385264,0.1308530693835634,-0.12870460845172504,-0.03262875760712368,-0.0490772235602732,0.41369818995709984,-0.12722513554245093,-0.37162859793569647,-0.3662225761244443,0.8939941370318544,0.8821870571323823
-0.1764205307986887,0.6691914832879408,1.0834726782268538,-0.7054689621240783,-0.010684955964216718,1.0193701577018983,1.577150639393273,-0.09872103764130656,0.3726417573642265,0.004659856229468796,-0.22651082156195387,0.009710280282128985,-0.27137420000671164,0.41369818995709984,-0.034910052379874684,-0.32216575146873255,-0.22009900704938973,0.8132519825873363,0.8062533102792718
-0.1764205307986887,0.6691914832879408,1.2279357018098151,0.9526061686805712,-0.010684955964216718,0.22481785884488104,0.3528390048191595,-0.12905207201820915,-0.2853298667689162,-0.1759028443482369,-0.29209630880151755,0.0878603631445536,-0.19079985754047785,0.41369818995709984,-0.012995502603078092,-0.36921413378199297,-0.27077459492462075,0.8753564164957127,0.8621135250732723
-0.1764205307986887,0.6691914832879408,1.3723987253927767,-0.7054689621240783,-0.010684955964216718,1.2005456551319957,1.3070631712482632,-0.2503763541555997,0.013748144200694123,-0.23583911869515278,-0.338750513990117,0.11202791696589133,-0.13381968149973292,0.41369818995709984,0.007009384475425562,-0.38135658867811506,-0.29552055243353603,0.752952331375922,0.7418596160167499
-0.1764205307986887,0.6691914832879408,1.5168617489757383,1.134003607941368,-0.010684955964216718,0.2204223287348036,0.2680858254566442,-0.40203167066989287,0.3726417573642265,-0.32468629556853273,-0.38923840260031045,0.15926252332172164,-0.03938935267359996,0.41369818995709984,0.02951439983507821,-0.3986962836192491,-0.3307457638224319,0.8563428345720528,0.8452971651226869
-0.1764205307986887,0.6691914832879408,1.6613247725587,-0.7054689621240783,-0.010684955964216718,1.2373433984497353,1.2795107631563378,-0.40203167066989287,0.13337934858853825,-0.38197630590816745,-0.4281864241953191,0.18671794194814206,0.03298123968399516,0.41369818995709984,0.03662532352170882,-0.4185870536681632,-0.367266904117819,0.7309354585569785,0.7198327232561701
-0.1764205307986887,0.7792693353001046,-1.6613247698494156,1.2198152202496462,-0.010684955964216718,0.19704547928219615,0.2180227046169528,-0.40203167066989287,0.3726417573642265,-0.44669538805388526,-0.4595588276299099,0.23379655160723134,0.11714011114802433,0.41369818995709984,0.04342593305241263,-0.4386996282740111,-0.4010639931833409,0.8510823952389868,0.840034381501943
-0.1764205307986887,0.7792693353001046,-1.516861746266454,-0.7054689621240783,-0.010684955964216718,1.1485210201774285,1.166371530999431,-0.40203167066989287,0.013748144200694123,-0.4825731357865761,-0.485724140437748,0.2478831385670425,0.16025423899308677,0.41369818995709984,0.041045490479925915,-0.45676475965159596,-0.42952480241718444,0.6706311270792444,0.6595008635877149
-0.1764205307986887,0.7792693353001046,-1.3723987226834924,-0.7054689621240783,-0.010684955964216718,-0.6991224441542135,1.550118289764214,-0.5233559528072834,0.25301055297638236,-0.5526242124727484,-0.5138634614433398,0.24853610834684373,0.2439796130321194,0.41369818995709984,0.038056243385352635,-0.4746052897125573,-0.4756098113582681,-0.10649712359650668,-0.1179821845384142
-0.1764205307986887,0.7792693353001046,-1.2279356991005308,-0.7054689621240783,-0.010684955964216718,1.1320012019011814,0.35784317881513134,-0.553686987184186,0.31282615517030443,-0.6763042775289272,-0.5483143860644167,0.09656634272824809,0.40101636107448435,0.41369818995709984,0.03808037356855068,-0.4433831250775507,-0.5457121970417749,0.31303699901703746,0.28152444087502504
-0.1764205307986887,0.7792693353001046,-1.0834726755175694,1.2649488404703206,-0.010684955964216718,0.15800056639555404,-0.0014396085273175696,-0.7053423036984792,0.31282615517030443,-0.8400709611807423,-0.5910777413444654,0.020552476926113134,0.36545615644372337,0.41369818995709984,0.031187828039862336,-0.4534944870328268,-0.5682858483034214,0.8574279363172441,0.8418572176291093
-0.1764205307986887,0.7792693353001046,-0.9390096519346078,-0.7054689621240783,-0.010684955964216718,1.281525960314284,1.1423289410865594,-0.7053423036984792,0.4922729617520706,-0.8437353277712091,-0.619301753441845,-0.00275581640170026,0.29891472094991156,0.41369818995709984,0.03012392826266072,-0.4636946998920929,-0.564185468564338,0.7042908824093397,0.6931759988529057
-0.1764205307986887,0.7792693353001046,-0.7945466283516462,1.312334405298457,-0.010684955964216718,0.15863809485637334,0.09726559069564206,-0.7053423036984792,0.31282615517030443,-0.8529678191333159,-0.6425332256783344,0.031205431675690135,0.26730797929566646,0.41369818995709984,0.013806374478649665,-0.5027295051527558,-0.5812121973693716,0.8413065789688974,0.8302540542553409
-0.1764205307986887,0.7792693353001046,-0.6500836047686848,-0.7054689621240783,-0.010684955964216718,1.2575765440807891,1.1958251604771672,-0.7053423036984792,0.31282615517030443,-0.842379418483353,-0.6607785098858175,0.03741546411152821,0.21529331921397288,0.41369818995709984,-0.005351060565938801,-0.5308997595601551,-0.5902529268210431,0.7018949460741547,0.6907788136177756
-0.1764205307986887,0.7792693353001046,-0.5056205811857232,-0.7054689621240783,-0.010684955964216718,1.2795445239603773,1.2455635854043314,-0.462693739423698,0.25301055297638236,-0.6164857338355202,-0.6047031264949245,0.9013677927116155,0.3577077044042784,0.26324060863734866,-0.05111202258636713,-0.7839914520079309,-0.6288326003409719,0.6346197179337582,0.6260560417001021
-0.1764205307986887,0.7792693353001046,-0.3611575576027617,-0.7054689621240783,-0.010684955964216718,-0.6991224441542135,-0.6983308925851475,-0.09872103764130656,0.013748144200694123,-0.018248789740540786,-0.43569005492771745,1.3339866974998706,0.480714485341257,-1.0198688330145913,-0.1343293027777861,-0.8532798825095015,-0.6124930605932098,-1.2740310493992413,-1.2860490588430924
-0.1764205307986887,0.7792693353001046,-0.21669453401980013,-0.7054689621240783,-0.010684955964216718,-0.6991224441542135,1.694290821119196,0.20458959538727972,-0.5844078777385264,0.41033426910300724,-0.29480995253421804,1.4803789418792503,0.5734728724547341,-1.6868933097178491,-0.21198047361091302,-0.8687758674090031,-0.6147464165747641,0.00362009236757008,-0.026009795194324864
-0.1764205307986887,0.7792693353001046,-0.0722315104368386,-0.7054689621240783,-0.010684955964216718,-0.6991224441542135,-0.6983308925851475,0.49273463891252456,-0.8834858887081368,1.059651600489191,-0.13933404623019108,1.3254972379214889,0.7057088722639312,-2.6014903652540378,-0.2893944447432032,-0.7972448659069689,-0.623391866038904,-1.2740310493992413,-1.2860490588430924
-0.1764205307986887,0.7792693353001046,0.07223151314612293,-0.7054689621240783,-0.010684955964216718,-0.6991224441542135,-0.6983308925851475,0.8112108614444523,-1.3021951040655912,1.4045315093086999,-0.004047790449275277,0.9963152248050887,0.7166393798698402,-2.769373143819371,-0.35751081498745635,-0.6809368812304784,-0.6030824062847857,-1.2740310493992413,-1.2860490588430924
-0.1764205307986887,0.7792693353001046,0.21669453672908448,-0.7054689621240783,-0.010684955964216718,-0.6991224441542135,-0.6983308925851475,0.8112108614444523,-1.3021951040655912,1.696876120772334,0.09996133937531101,0.7414524248508171,0.7258367362620782,-2.7837014901780823,-0.4148631931107275,-0.5930624766429458,-0.594493951687269,-1.2740310493992413,-1.2860490588430924
-0.1764205307986887,0.7792693353001046,0.361157560312046,-0.7054689621240783,-0.010684955964216718,-0.6991224441542135,-0.6983308925851475,0.8870385197015989,-1.7209043194230456,1.7146327128029908,0.2156317267799779,0.55012545984133,0.8427904844890954,-1.859961295359349,-0.4753674557633267,-0.5200446746627643,-0.6180677219963164,-1.2740310493992413,-1.2860490588430924
-0.1764205307986887,0.7792693353001046,0.5056205838950075,1.109341836296508,-0.010684955964216718,0.9139488088151752,-0.6983308925851475,0.7657143821939886,-1.4218263084534353,1.7860430433978576,0.23834728911565997,0.27751654386107666,1.1952674922996798,-1.128851777409682,-0.4782394301675575,-0.41322631074898086,-0.7085131575644609,0.9621989380674346,0.9400276801063583
-0.1764205307986887,0.7792693353001046,0.6500836074779691,-0.7054689621240783,-0.010684955964216718,2.8248306815886397,-0.6983308925851475,0.6595555449301591,-1.062932695289903,1.6168627564571327,0.22681800848694866,0.3179972604448898,1.5975447178333193,0.1381767366109615,-0.4510203422183356,-0.3932639006249368,-0.7958091391530008,0.639837314828975,0.6467649845989538
-0.1764205307986887,0.7792693353001046,0.7945466310609306,1.670154804204763,-0.010684955964216718,0.2632700226811423,-0.6983308925851475,0.46240374916540233,-0.7040390821263706,0.7088684358900419,0.14349961814521797,0.6656474070853027,0.955454536727172,0.41369818995709984,-0.39552043825917804,-0.4977078155621164,-0.5955510656012931,0.8111449626922694,0.794036251105482
-0.1764205307986887,0.7792693353001046,0.9390096546438922,-0.7054689621240783,-0.010684955964216718,0.6601077858860983,1.8080754623882211,-0.09872103764130656,0.3726417573642265,0.48735553561624473,0.00810044090858513,0.6670317712137586,-0.043871062028738306,0.41369818995709984,-0.30126649487663926,-0.4802928232447197,-0.23710471493403362,0.7823969668544251,0.7721122207252796
-0.1764205307986887,0.7792693353001046,1.0834726782268538,-0.7054689621240783,-0.010684955964216718,-0.6991224441542135,-0.6983308925851475,-0.09872103764130656,0.7315353705277589,0.2507517061199341,-0.08852362571210577,0.6289651674450852,-0.14520632566115085,0.41369818995709984,-0.22368771459310643,-0.44532063413647016,-0.17425433007440955,-1.2740310493992413,-1.2860490588430924
-0.1764205307986887,0.7792693353001046,1.2279357018098151,0.7787606916834924,-0.010684955964216718,0.25378393555530937,0.5390778934793241,-0.2503763541555997,0.4324573595581485,-0.024849733427055067,-0.16825887711211465,0.39122790649369443,-0.23913104723917372,0.41369818995709984,-0.17010688410368904,-0.363687521499672,-0.1360502158847399,0.9494677136267166,0.9341153471911993
-0.1764205307986887,0.7792693353001046,1.3723987253927767,-0.7054689621240783,-0.010684955964216718,1.1937751344128908,1.4006036826631028,-0.40203167066989287,0.3726417573642265,-0.16544555283513618,-0.24962443202903853,0.21700687434487487,-0.24128176463785098,0.41369818995709984,-0.1180394987044528,-0.3077129579335102,-0.13961488721966836,0.7795684659051567,0.7745200610276999
-0.1764205307986887,0.7792693353001046,1.5168617489757383,1.0593629111034213,-0.010684955964216718,0.18582529371973736,0.27890476033931905,-0.553686987184186,0.7315353705277589,-0.3821007258033531,-0.3282579934767079,0.19545631428853685,-0.13253595895104878,0.41369818995709984,-0.07161375013691844,-0.3113345465963851,-0.19264828554684307,0.8832412251624123,0.8691841867459483
-0.1764205307986887,0.7792693353001046,1.6613247725587,-0.7054689621240783,-0.010684955964216718,1.27111548319926,1.3551584126645817,-0.553686987184186,0.7913509727216809,-0.4167195582524992,-0.3879729765371812,0.17428850022584214,-0.05686676142916661,0.41369818995709984,-0.031981613346960466,-0.3101338761480362,-0.2272803602439219,0.7429014594544304,0.7370951616969579
-0.1764205307986887,0.8893471873122684,-1.6613247698494156,1.1692410152439752,-0.010684955964216718,0.1615375091242676,0.20193568860217204,-0.553686987184186,0.31282615517030443,-0.5224798137811109,-0.4382385510314317,0.21171492082920118,0.05079320447935604,0.41369818995709984,-0.015147191038847381,-0.35076670686835437,-0.2951456432348354,0.8752248290080328,0.8602773701119935
-0.1764205307986887,0.8893471873122684,-1.516861746266454,-0.7054689621240783,-0.010684955964216718,1.1744754187459057,1.2100654553884205,-0.6143490559379912,0.4922729617520706,-0.5399093018937797,-0.48579048179298173,0.18546826349228226,0.07339124916229965,0.41369818995709984,-0.005270707055889326,-0.3749113484053892,-0.3371291888842383,0.676388754703654,0.6693168443287107
-0.1764205307986887,0.8893471873122684,-1.3723987226834924,-0.7054689621240783,-0.010684955964216718,-0.6991224441542135,1.9756550265180615,-0.6598456798182352,0.3726417573642265,-0.6042002725721921,-0.5214052031670426,0.17371139769199692,0.15574066715796803,0.41369818995709984,-0.005033748656884566,-0.404102204964189,-0.39957150783568135,0.12466203997809372,0.11328246515304717
-0.1764205307986887,0.8893471873122684,-1.2279356991005308,-0.7054689621240783,-0.010684955964216718,1.1583045855463148,0.24611005394113722,-0.7053423036984792,0.31282615517030443,-0.7235537361119162,-0.5626681146042509,0.02225480153481164,0.37199718818917415,0.41369818995709984,-0.017077846996522615,-0.40355274925283213,-0.5218814080566241,0.2575184198614092,0.21869837338755774
-0.1764205307986887,0.8893471873122684,-1.0834726755175694,1.3206699373576727,-0.010684955964216718,0.207262858329203,0.02106879843927496,-0.7053423036984792,0.31282615517030443,-0.8084221520360271,-0.5886838064832639,-0.003607404926532414,0.3854289004735448,0.41369818995709984,-0.02169443364597176,-0.4218876603727982,-0.5521651861803343,0.8589684639773878,0.8479240490199746
-0.1764205307986887,0.8893471873122684,-0.9390096519346078,-0.7054689621240783,-0.010684955964216718,1.294885992022975,1.1333927813403073,-0.6750112693215766,0.3726417573642265,-0.8494820552956156,-0.6126005708041361,-0.019328973658744038,0.32544107401991285,0.41369818995709984,-0.03984419224021005,-0.4531068131127543,-0.5678272888442015,0.7020832367883999,0.6909671214416139
-0.1764205307986887,0.8893471873122684,-0.7945466283516462,1.3193936201223728,-0.010684955964216718,0.1600142733574527,0.08898301510385065,-0.7053423036984792,0.31282615517030443,-0.8626919697586561,-0.6367834063050416,0.011552405209218358,0.2832023258879962,0.41369818995709984,-0.05098123699343375,-0.49318954271563326,-0.5832689969097573,0.840843052593007,0.8297903539230818
-0.1764205307986887,0.8893471873122684,-0.6500836047686848,-0.7054689621240783,-0.010684955964216718,1.261923510604898,1.1910899244126172,-0.7053423036984792,0.31282615517030443,-0.8513175832116873,-0.6559793480178427,0.01798151497326651,0.22332434114166513,0.41369818995709984,-0.07015073712962124,-0.5258621499528201,-0.5940310580176595,0.7011578041288066,0.6900413600182173
-0.1764205307986887,0.8893471873122684,-0.5056205811857232,-0.7054689621240783,-0.010684955964216718,1.2969227193860144,1.254795933223147,-0.4323627050467954,0.013748144200694123,-0.6900018377101952,-0.6020148900897604,0.6309155523748309,0.3470891137076513,0.32535779828129563,-0.12058523303184608,-0.7195670168775695,-0.6393465279040693,0.6332907023092149,0.6246440403790249
-0.1764205307986887,0.8893471873122684,-0.3611575576027617,-0.7054689621240783,-0.010684955964216718,-0.6991224441542135,-0.6983308925851475,-0.09872103764130656,-0.2853298667689162,-0.42416869778361216,-0.4283035802056256,0.9096143066147448,0.4879933850441487,0.049208083157201245,-0.22993381251391926,-0.7778880618234376,-0.6601986307989658,-1.2740310493992413,-1.2860490588430924
-0.1764205307986887,0.8893471873122684,-0.21669453401980013,-0.7054689621240783,-0.010684955964216718,1.2224230250308379,1.2336565314242207,0.35624491190157287,-1.6012731150352015,-0.2840779161221178,-0.24838017873885623,0.9571455624266728,0.5731366394423093,-0.050653950956799164,-0.36650606468002195,-0.8168473545724771,-0.7131917209695172,0.6913654269163553,0.677495428094416
-0.1764205307986887,0.8893471873122684,-0.0722315104368386,-0.7054689621240783,-0.010684955964216718,-0.6991224441542135,-0.6983308925851475,0.507900228415866,-1.8405355238108898,-0.36566927254883985,-0.1501293373967415,0.8845832300950538,0.6107788055938951,0.41369818995709984,-0.4542265196598593,-0.8237017823013506,-0.7525461345965873,-1.2740310493992413,-1.2860490588430924
-0.1764205307986887,0.8893471873122684,0.07223151314612293,-0.7054689621240783,-0.010684955964216718,0.8234154576233704,0.8580208819785065,0.507900228415866,-1.5414575128412795,-0.4085473116961407,-0.08600477149051722,0.7851937281288074,0.5788962019419248,0.41369818995709984,-0.5042027833831534,-0.8027381322083735,-0.7500244909919166,0.4679057514632199,0.45668268224654274
-0.1764205307986887,0.8893471873122684,0.21669453672908448,-0.7054689621240783,-0.010684955964216718,-0.6991224441542135,-0.6983308925851475,0.507900228415866,-1.9601667281987338,-0.456053637159513,-0.02043057639652524,0.6902403289485736,0.5481790942681852,0.41369818995709984,-0.5681231560710992,-0.8002259966008892,-0.7657249514177318,-1.2740310493992413,-1.2860490588430924
-0.1764205307986887,0.8893471873122684,0.361157560312046,-0.7054689621240783,-0.010684955964216718,1.2172029651191665,1.2410687794312396,0.5382314074225488,-1.5414575128412795,-0.49948286982096957,-0.0009205718850110893,0.5796642441881606,0.47576825456745697,0.41369818995709984,-0.583272567686493,-0.7650059715570551,-0.7403613689282982,0.7469840917671273,0.7358886802314953
-0.1764205307986887,0.8893471873122684,0.5056205838950075,-0.7054689621240783,-0.010684955964216718,-0.6991224441542135,-0.6983308925851475,0.507900228415866,-1.062932695289903,-0.5695252504929622,-0.009533655919829447,0.512993983812137,0.4390844782742292,0.41369818995709984,-0.5710660732139322,-0.7258679013232319,-0.7091340332027715,-1.2740310493992413,-1.2860490588430924
-0.1764205307986887,0.8893471873122684,0.6500836074779691,-0.7054689621240783,-0.010684955964216718,1.275642618524992,1.2879195278632625,0.35624491190157287,-0.5844078777385264,-0.6657071808647845,-0.06312970759863483,0.38419697340779296,0.3268396691937895,0.41369818995709984,-0.5193794621055611,-0.644582017158685,-0.6310454314553833,0.7602738879920736,0.7491843600632666
-0.1764205307986887,0.8893471873122684,0.7945466310609306,-0.7054689621240783,-0.010684955964216718,2.596784491159858,-0.6983308925851475,0.35624491190157287,-0.4049610711567603,-0.7891591427797896,-0.1503304787397375,0.39659487481435834,0.24752137922783585,0.41369818995709984,-0.4346803473639504,-0.5913478478177638,-0.5476788450060569,0.4249968898342413,0.46578210971228007
-0.1764205307986887,0.8893471873122684,0.9390096546438922,1.4121514194420508,-0.010684955964216718,-0.42587787724204673,0.46084441519320113,0.35624491190157287,-0.5844078777385264,-0.9304111767963497,-0.24518591306026005,0.6120885412042173,0.0034313049611166477,0.41369818995709984,-0.3417185752916666,-0.6030135627544627,-0.4082345108518991,0.9114225487550905,0.8897466224695614
-0.1764205307986887,0.8893471873122684,1.0834726782268538,-0.7054689621240783,-0.010684955964216718,0.9803380689656636,1.383148290330067,0.20458959538727972,0.3726417573642265,-0.927169570279847,-0.2927159652897649,0.5927551800999198,-0.03874120275189333,0.41369818995709984,-0.24754667453200113,-0.505208079643963,-0.2932773818463973,0.6960892557148469,0.6849705725138351
-0.1764205307986887,0.8893471873122684,1.2279357018098151,-0.7054689621240783,-0.010684955964216718,-0.6991224441542135,2.6250258899253107,0.14392752663347458,0.7315353705277589,-0.9268177161676555,-0.3328976537884824,0.5253535253752416,0.07139397475931751,0.41369818995709984,-0.10702503528187514,-0.3366906153498063,-0.17593708725817267,0.5480191301287146,0.5368327621694262
-0.1764205307986887,0.8893471873122684,1.3723987253927767,-0.7054689621240783,-0.010684955964216718,2.558261584264383,-0.6983308925851475,0.09843090275323058,0.7913509727216809,-0.9521003740087067,-0.3672977637544867,0.39169078193812273,0.3288159814388898,0.41369818995709984,0.015481009192593688,-0.17230374998206024,-0.15116404093432234,0.4478502702527043,0.41702052614259205
-0.1764205307986887,0.8893471873122684,1.5168617489757383,1.5476326554374193,-0.010684955964216718,-0.17740967403266844,0.27987832403572466,0.05293427887298657,0.7315353705277589,-0.9705653567329203,-0.38893492618807085,0.4657406237550592,0.3572473754171931,0.41369818995709984,0.07128205783806278,-0.15878184715280558,-0.12046439532372974,0.8786956065045542,0.867660102313185
-0.1764205307986887,0.8893471873122684,1.6613247725587,-0.7054689621240783,-0.010684955964216718,1.1359466253551618,1.282451891851411,0.05293427887298657,0.851166574915603,-0.9512896379174972,-0.4085733788554632,0.4776620106617436,0.3160089414593981,0.41369818995709984,0.1599054642731708,-0.09330496983765257,-0.032706820328697164,0.683520760533859,0.6723963636806871
-0.1764205307986887,0.999425039324432,-1.6613247698494156,1.422805277522428,-0.010684955964216718,0.04981850378570998,0.1035566002029142,0.05293427887298657,0.7315353705277589,-0.9213118013436081,-0.42390458374634804,0.48245784353532284,0.3227897802910171,0.41369818995709984,0.24445955661376123,-0.03509321365504582,0.026424161885089635,0.8460322078698197,0.8349820354601784
-0.1764205307986887,0.999425039324432,-1.516861746266454,-0.7054689621240783,-0.010684955964216718,-0.6991224441542135,0.7187359778619978,0.20458959538727972,0.7315353705277589,-0.8669891386117335,-0.4240549104342714,0.42244514710218123,0.322660653398465,0.41369818995709984,0.3124878516893415,0.0451109699156472,0.08472080859887798,-0.5091290044272915,-0.5207978742871322
-0.1764205307986887,0.999425039324432,-1.3723987226834924,-0.7054689621240783,-0.010684955964216718,-0.6991224441542135,-0.1483430232576408,0.23492077439396258,0.4324573595581485,-0.8535731955050523,-0.4255737040136658,0.19848418459905118,0.28988590030704353,0.41369818995709984,0.3696537034964918,0.17779742474143817,0.14065596078189146,-0.9860098452224635,-1.0156657383189025
-0.1764205307986887,0.999425039324432,-1.2279356991005308,-0.7054689621240783,-0.010684955964216718,1.2107063766620394,0.7434030152399554,0.20458959538727972,0.3726417573642265,-0.8714950118051223,-0.4368870223583182,-0.15727438050803177,0.17117887719478883,0.41369818995709984,0.434308116357322,0.3608487886018202,0.22111754271758688,0.6832986278939177,0.6825631420216952
-0.1764205307986887,0.999425039324432,-1.0834726755175694,-0.7054689621240783,-0.010684955964216718,-0.6991224441542135,1.5095612758535772,0.20458959538727972,1.0904289836912913,-0.9039686044485681,-0.43904099912612105,-0.19369833053561245,0.18758302346680505,0.41369818995709984,0.4919609152614087,0.43004944387620453,0.264940960677376,-0.07961124371804021,-0.09108408188000126
-0.1764205307986887,0.999425039324432,-0.9390096519346078,-0.7054689621240783,-0.010684955964216718,1.1895320224838832,0.26726706352357066,0.17425856101037715,0.851166574915603,-0.9554128864869819,-0.4497325437052314,-0.26631266176614515,0.263325169298116,0.41369818995709984,0.5776491262123071,0.5275724542580388,0.2927269333535584,0.31505653393397515,0.3037638202659861
-0.1764205307986887,0.999425039324432,-0.7945466283516462,1.3177927515968486,-0.010684955964216718,0.19751692448364291,-0.02056480566293008,0.20458959538727972,-0.5844078777385264,-1.008527472172054,-0.48054386865672805,-0.2739130254171997,0.26482102888456444,0.41369818995709984,0.6172317961267091,0.49957624435748677,0.26245312391374426,0.8938526489808059,0.8828241072132456
-0.1764205307986887,0.999425039324432,-0.6500836047686848,-0.7054689621240783,-0.010684955964216718,1.2754004312910716,1.0815039010441203,0.20458959538727972,0.910982177109525,-1.0013131250237914,-0.48700156440554715,-0.23844125194841534,0.21801504579335157,0.41369818995709984,0.6606294480047213,0.4930404320978849,0.29221831376433854,0.7152788876562236,0.7041689547191763
-0.1764205307986887,0.999425039324432,-0.5056205811857232,1.3081523762353648,-0.010684955964216718,0.1484034242295141,0.06103605641066367,0.20458959538727972,0.9707977793034471,-0.9583916058055922,-0.4688917859449245,-0.12115475190524096,0.23398904858563233,0.41369818995709984,0.706176616602015,0.48592784193611077,0.329890186918165,0.8578302592104927,0.8467853911559163
-0.1764205307986887,0.999425039324432,-0.3611575576027617,-0.7054689621240783,-0.010684955964216718,1.2362354759473386,1.1491651630331363,0.20458959538727972,0.7315353705277589,-0.872464951848236,-0.41950488152797233,-0.004407846993416691,0.2570432298240849,0.41369818995709984,0.731706833029206,0.4806886504957525,0.3662474940608251,0.7024403771106393,0.6913244760061124
-0.1764205307986887,0.999425039324432,-0.21669453401980013,1.7848385638787352,-0.010684955964216718,0.1265563802929056,-0.6983308925851475,0.05293427887298657,1.0904289836912913,-0.7304563645980472,-0.3492564439263925,0.2012307493908522,0.3042760024497721,0.41369818995709984,0.7353833077412595,0.422579298744863,0.37933962667417753,0.8803916630147055,0.8629636764999374
-0.1764205307986887,0.999425039324432,-0.0722315104368386,-0.7054689621240783,-0.010684955964216718,1.135507240529733,1.3800474338846092,0.05293427887298657,0.7315353705277589,-0.6033527456517611,-0.26791417905971027,0.3474508006951406,0.28550732476868385,0.41369818995709984,0.7048180872879652,0.35238794513422234,0.3823001090807954,0.7092343237043697,0.7044332823500266
-0.1764205307986887,0.999425039324432,0.07223151314612293,2.2806332693879057,-0.010684955964216718,-0.6991224441542135,-0.6983308925851475,0.05293427887298657,0.7315353705277589,-0.43023115751515645,-0.19864886388196706,0.4153008393678286,0.3350660584329405,0.39901651947000355,0.667886841903364,0.30459949717997997,0.34140618392333855,0.9726964154019685,0.9510446098740315
-0.1764205307986887,0.999425039324432,0.21669453672908448,-0.7054689621240783,-0.010684955964216718,1.2328131096443946,1.2771643163875652,0.08326531324988914,0.7913509727216809,-0.33594295146199266,-0.14487637242860377,0.3912176772021049,0.3175978730268419,0.41369818995709984,0.6425438756977898,0.3090844240455468,0.343183426893595,0.7440357039959782,0.7413407962017786
-0.1764205307986887,0.999425039324432,0.361157560312046,2.3701789259214143,-0.010684955964216718,-0.6991224441542135,-0.6983308925851475,0.11359634762679172,0.7315353705277589,-0.28081222833557923,-0.12516593233319184,0.3957859083378161,0.3353972605274737,0.41369818995709984,0.6412051331339625,0.3074672515387849,0.33560072581698563,0.9191104262158779,0.908093418912256
-0.1764205307986887,0.999425039324432,0.5056205838950075,-0.7054689621240783,-0.010684955964216718,1.1828348727236657,1.1997210921945523,0.06809986837632802,0.7315353705277589,-0.23962522948413442,-0.1402529445760886,0.3186203947908881,0.2727237624060198,0.41369818995709984,0.6679558542273104,0.3389837213472982,0.36164044512719723,0.7679599653504303,0.7568740401644688
-0.1764205307986887,0.999425039324432,0.6500836074779691,1.5719522936878858,-0.010684955964216718,0.4682234921700279,-0.6983308925851475,0.02260324449608401,0.7315353705277589,-0.2450776303747686,-0.19435573128742428,0.2830037063579181,0.2135727452950311,0.41369818995709984,0.7232902251297294,0.3478804290557767,0.38153295384183583,0.8392420414911936,0.8281886104421848
-0.1764205307986887,0.999425039324432,0.7945466310609306,-0.7054689621240783,-0.010684955964216718,1.025696458260175,1.4376190166911968,-0.022893379384159997,0.7315353705277589,-0.2644811137062157,-0.26912032135858804,0.2656292545930242,0.10057246004452974,0.41369818995709984,0.7839814967021135,0.33712624264257796,0.4141734588648924,0.7414482367621729,0.7303502991971904
-0.1764205307986887,0.999425039324432,0.9390096546438922,1.6743097424746964,-0.010684955964216718,0.3840807725205099,-0.6983308925851475,-0.053224413761062565,0.6119041661399147,-0.3118141878101628,-0.3330042234123154,0.2805392995257962,0.05291709031594453,0.41369818995709984,0.8310797534753772,0.30192149220935705,0.40627739437711474,0.8337445286680119,0.8226887515742364
-0.1764205307986887,0.999425039324432,1.0834726782268538,-0.7054689621240783,-0.010684955964216718,1.0078653180467936,1.4862225780480436,-0.068390003264404,0.4922729617520706,-0.3311494408765081,-0.37998237202700313,0.28689424692581994,-0.022239792067305364,0.41369818995709984,0.84850753698833,0.2533527483016725,0.3927563916457112,0.7440906071201128,0.7329937804108339
-0.1764205307986887,0.999425039324432,1.2279357018098151,1.709148681885878,-0.010684955964216718,0.34895248130742546,-0.6983308925851475,-0.09872103764130656,0.3726417573642265,-0.3681850963434264,-0.4161405279067023,0.3047767535063294,-0.038402454280522726,0.41369818995709984,0.8432307485265825,0.18521228008506682,0.3363481603986726,0.829305836094534,0.8182478424708108
-0.1764205307986887,0.999425039324432,1.3723987253927767,-0.7054689621240783,-0.010684955964216718,0.9947775367442891,1.4993529537489474,-0.09872103764130656,0.13337934858853825,-0.37799486926222775,-0.4443080792762234,0.3040547360082985,-0.09196496010021171,0.41369818995709984,0.8140081314664274,0.10821167717131032,0.2784389920937147,0.740080878955857,0.7289821475761148
-0.1764205307986887,0.999425039324432,1.5168617489757383,1.7313717439187857,-0.010684955964216718,0.33882508154524327,-0.6983308925851475,-0.09872103764130656,0.013748144200694123,-0.40658201249154213,-0.46665664688082503,0.31406665515159543,-0.09252339198618405,0.41369818995709984,0.7662583597468166,0.01846494953916567,0.18763446719479163,0.8348690526564342,0.8238136807939017
-0.1764205307986887,0.999425039324432,1.6613247725587,-0.7054689621240783,-0.010684955964216718,0.9949548674142648,1.513654247053064,-0.2503763541555997,0.07356374639461619,-0.4177938504657685,-0.4985555466026966,0.2905324649678456,-0.15062462423045,0.41369818995709984,0.7072619922422628,-0.07128758674771925,0.10688010934727857,0.7445861753192686,0.7334896508501034
-0.1764205307986887,1.1095028913365959,-1.6613247698494156,1.1315586190064981,-0.010684955964216718,0.16085656776084015,0.29686071680348136,-0.40203167066989287,0.013748144200694123,-0.4567914605164471,-0.532282362388988,0.2861236402927386,-0.12024374956913518,0.41369818995709984,0.6444530557924187,-0.1707466002409477,-0.013239931074317562,0.8360574802811442,0.8250025404173076
-0.1764205307986887,1.1095028913365959,-1.516861746266454,-0.7054689621240783,-0.010684955964216718,-0.6991224441542135,1.6277824497169453,-0.40203167066989287,0.013748144200694123,-0.4883225390076534,-0.5605388394048861,0.20510935578523287,-0.06956563667398799,0.41369818995709984,0.572059127972649,-0.23663223474152678,-0.13353594043773157,-0.0014009333422206243,-0.01283808297237104
-0.1764205307986887,1.1095028913365959,-1.3723987226834924,-0.7054689621240783,-0.010684955964216718,-0.6991224441542135,0.6943558006236745,-0.462693739423698,-0.10588306018714999,-0.577706861987668,-0.5962361345934402,-0.04321777928426584,0.08073219685252159,0.38826353250316137,0.4904156183294062,-0.2537191456337789,-0.2973946650060001,-0.5582007417403779,-0.5737096577925955
-0.1764205307986887,1.1095028913365959,-1.2279356991005308,-0.7054689621240783,-0.010684955964216718,1.709693017848158,0.8135795700645875,-0.553686987184186,0.013748144200694123,-0.7042472467847805,-0.6329243155559112,-0.3974317213613229,0.16928892904016174,0.37870389193020226,0.41210110876016515,-0.22222870720391635,-0.4214705392501863,0.7096701285028282,0.6975966223474521
-0.1764205307986887,1.1095028913365959,-1.0834726755175694,1.240372108798687,-0.010684955964216718,0.21959475056958838,-0.002852685557868626,-0.553686987184186,-0.6442234799324486,-0.8542595117010762,-0.6540215722793483,-0.3488212752866947,0.17809303535053642,0.3930252186042437,0.29527000077021154,-0.36877913008255536,-0.545743836777619,0.8788927177207096,0.8636951878504302
-0.1764205307986887,1.1095028913365959,-0.9390096519346078,-0.7054689621240783,-0.010684955964216718,1.315253896349292,1.1200567718820185,-0.553686987184186,-0.3451454689628382,-0.8604490670244768,-0.6684882222748995,-0.30843688453201673,0.13811987724248956,0.3797451451562375,0.22979467907698398,-0.44415481561656295,-0.5911993016596129,0.718231055642477,0.7071224574099333
-0.1764205307986887,1.1095028913365959,-0.7945466283516462,-0.7054689621240783,-0.010684955964216718,1.3248863049289517,1.208538189785662,-0.7053423036984792,0.013748144200694123,-0.8990714106170955,-0.6886835188707965,-0.2012509574925823,0.1470464025548942,0.41369818995709984,0.15179868792595705,-0.544646478841394,-0.6565819489393621,0.6542307538541482,0.6430928795815363
-0.1764205307986887,1.1095028913365959,-0.6500836047686848,-0.7054689621240783,-0.010684955964216718,1.3277816196733552,1.2498997117093906,-0.7053423036984792,0.013748144200694123,-0.9848769893001045,-0.707259098336252,0.021999921686038055,0.24380017696065082,0.41369818995709984,0.09039943677854251,-0.6576398730148008,-0.7282268801005284,0.6163202366443341,0.6065248935470857
-0.1764205307986887,1.1095028913365959,-0.5056205811857232,-0.7054689621240783,-0.010684955964216718,1.2728156291721027,1.2261992158760828,0.2955828431477677,-1.7209043194230456,-0.7784376262204614,-0.5938358479003545,1.1089968387510225,0.5996277760870691,-0.006660417183089554,-0.04319973551572959,-0.9858852313042895,-0.8585858424360017,0.5929219652201158,0.5829800635079484
-0.1764205307986887,1.1095028913365959,-0.3611575576027617,-0.7054689621240783,-0.010684955964216718,-0.6991224441542135,-0.6983308925851475,-0.40203167066989287,-0.6442234799324486,-0.17878791428337432,-0.4667385149362199,1.5155259353400656,0.6680910222154883,-1.3586832731868848,-0.1645260553336462,-1.1017733793242752,-0.8954528527204789,-1.2740310493992413,-1.2860490588430924
-0.1764205307986887,1.1095028913365959,-0.21669453401980013,-0.7054689621240783,-0.010684955964216718,-0.6991224441542135,1.8903884964197304,-0.40203167066989287,-0.6442234799324486,0.20267947081071758,-0.37263118525982286,1.5687276284564817,0.6453420499957955,-2.1698078367938542,-0.2707611172776762,-1.1315690889498253,-0.9086869307240909,0.08381798584218342,0.0551478033028927
-0.1764205307986887,1.1095028913365959,-0.0722315104368386,-0.7054689621240783,-0.010684955964216718,-0.6991224441542135,-0.6983308925851475,-0.31103842290940487,-0.5245922755446044,0.764993180329605,-0.27431400256247435,1.3044786010278089,0.7234571120993313,-3.1529521131316183,-0.3820398701137606,-1.0647030826103059,-0.9251597474413331,-1.2740310493992413,-1.2860490588430924
-0.1764205307986887,1.1095028913365959,0.07223151314612293,-0.7054689621240783,-0.010684955964216718,-0.6991224441542135,-0.6983308925851475,-0.2503763541555997,0.013748144200694123,1.0729237248998242,-0.19075141957275552,0.9046624770444245,0.6834168750860625,-3.3147312758764738,-0.40869817260546004,-0.9059605085672114,-0.853268849840557,-1.2740310493992413,-1.2860490588430924
-0.1764205307986887,1.1095028913365959,0.21669453672908448,2.3279499410731748,-0.010684955964216718,-0.6991224441542135,-0.6983308925851475,-0.2503763541555997,-1.182563899677747,1.4880058872673976,-0.1493339468930345,0.5048736311719457,0.5906735807262604,-4.078428509958707,-0.5205854886617991,-0.8847483771325674,-0.9145318301449892,1.0169686746119158,0.9904025842973642
-0.1764205307986887,1.1095028913365959,0.361157560312046,-0.7054689621240783,-0.010684955964216718,1.3808054871998183,1.1701934681027926,-0.18971428540179458,-1.4816419106473573,1.6467456057992134,-0.10854177677434668,0.09995394312632915,0.8387514959084217,-4.06445816751816,-0.6424829699160134,-0.8574812609695991,-1.0585695604700476,0.8524432726765524,0.8481377650811971
-0.1764205307986887,1.1095028913365959,0.5056205838950075,1.335938200736322,-0.010684955964216718,0.7137751734846367,-0.6983308925851475,-0.09872103764130656,-1.8405355238108898,1.759813857859561,-0.08438364284187926,0.19812530695245026,1.2160904614531887,-4.048556241845946,-0.7681056688523411,-0.9814532277374672,-1.2361899448016023,0.8660142449011651,0.8545428948585229
-0.1764205307986887,1.1095028913365959,0.6500836074779691,-0.7054689621240783,-0.010684955964216718,2.848760336016589,-0.6983308925851475,-0.2503763541555997,-1.4218263084534353,1.53306328135295,-0.10645908167546524,0.34238218671250603,1.3650299471489546,-3.4506475804025265,-0.8093009589098682,-1.0467278778135147,-1.2943489803355208,0.5959682785634918,0.5969701668598373
-0.1764205307986887,1.1095028913365959,0.7945466310609306,1.7286612293291164,-0.010684955964216718,0.23665938500616965,-0.6983308925851475,-0.5385213976808445,-0.5245922755446044,0.570597796888763,-0.1867991686226586,0.6970555944701282,0.721180621753363,-0.5809045516568314,-0.7669039857290787,-1.1182644728349287,-1.1331262141709486,0.7814277917057671,0.763700864720314
-0.1764205307986887,1.1095028913365959,0.9390096546438922,-0.7054689621240783,-0.010684955964216718,0.7225133603633584,1.8205006882829653,-0.8569976202127723,-0.3451454689628382,0.366932462332425,-0.30592354105407094,0.6922017956108747,-0.1457706269513301,0.2664743433752827,-0.7180336083017508,-1.130605390101343,-0.9242536807593867,0.7610171502856858,0.7506574231161216
-0.1764205307986887,1.1095028913365959,1.0834726782268538,-0.7054689621240783,-0.010684955964216718,1.1030049569024998,1.4784583839873557,-1.0086529367270654,-0.3451454689628382,0.1479982647249748,-0.40389772482967884,0.6719392738538573,-0.0018201348314430287,0.41369818995709984,-0.6778655401429644,-1.1370310530562406,-0.9755425594047465,0.6724717318145763,0.6645544390603206
-0.1764205307986887,1.1095028913365959,1.2279357018098151,-0.7054689621240783,-0.010684955964216718,1.1910923641940896,1.4063218103569877,-1.0541495606073095,0.013748144200694123,-0.09827151899408931,-0.48320105166157,0.6688125203913104,0.15904346475383144,0.41369818995709984,-0.6615310952307146,-1.1506557905879342,-1.0332018604807438,0.637057416645334,0.6276155747221189
-0.1764205307986887,1.1095028913365959,1.3723987253927767,-0.7054689621240783,-0.010684955964216718,1.2408147488025953,1.371928987989079,-1.1603082532413587,0.31282615517030443,-0.33518840500086694,-0.5540987876335229,0.6901320689459172,0.3283682297465336,0.41369818995709984,-0.6526041339565996,-1.167721403079472,-1.088940781288368,0.6136906470136518,0.6037537564311014
-0.1764205307986887,1.1095028913365959,1.5168617489757383,1.423693712010649,-0.010684955964216718,-0.003392890661462481,0.06315354958972826,-1.1603082532413587,-0.04606745799322794,-0.578007877863117,-0.5994219311628576,0.710384361411345,0.43672497778304875,0.41369818995709984,-0.6492193931594104,-1.1870420644223971,-1.1309493570027709,0.8161013647248001,0.7987855424448997
-0.1764205307986887,1.1095028913365959,1.6613247725587,-0.7054689621240783,-0.010684955964216718,1.2822630336147398,1.3420890353565411,-1.2513014286869564,0.07356374639461619,-0.6208885927070886,-0.6341967992100228,0.5835053431800462,0.39944252226071547,0.41369818995709984,-0.6637515546885984,-1.1795939706655325,-1.1442384794783307,0.6589135403172212,0.6530619244622571
-0.1764205307986887,1.2195807433487595,-1.6613247698494156,1.3464960748806736,-0.010684955964216718,0.06072108139361551,0.09032230713684873,-1.3119635697556518,0.31282615517030443,-0.7177153659765396,-0.6719683203882795,0.514032256908479,0.3861231671425915,0.41369818995709984,-0.6741637287385529,-1.1815420213571288,-1.1593746257114197,0.8299734940860592,0.8137333724220556
-0.1764205307986887,1.2195807433487595,-1.516861746266454,-0.7054689621240783,-0.010684955964216718,1.2091252219864181,1.2342684019010874,-1.3119635697556518,0.31282615517030443,-0.7212807317901919,-0.6973678845745362,0.4548890502604513,0.35100316782734925,0.41369818995709984,-0.6788543950504201,-1.1781681610621582,-1.16139620979239,0.6561487629939976,0.6450118162194535
-0.1764205307986887,1.2195807433487595,-1.3723987226834924,-0.7054689621240783,-0.010684955964216718,1.2659547087042253,1.2799084056005368,-1.2513014286869564,0.4324573595581485,-0.7808992671574672,-0.7311363401476233,0.4095195847377869,0.3291765305544575,0.41369818995709984,-0.6887663504026792,-1.1771534751331783,-1.1657669359045248,0.6057962978040698,0.594636297313027
-0.1764205307986887,1.2195807433487595,-1.2279356991005308,-0.7054689621240783,-0.010684955964216718,1.2838422962025964,1.2917062493996103,-1.3119635697556518,0.31282615517030443,-0.8791488421315407,-0.7579241324801016,0.4420683381348501,0.38005252622000935,0.41369818995709984,-0.7054533372914523,-1.1964274521028204,-1.1897924392914283,0.5789065477053774,0.5677343014569505
-0.1764205307986887,1.2195807433487595,-1.0834726755175694,-0.7054689621240783,-0.010684955964216718,1.2880355831537922,1.2918263596371042,-1.3119635697556518,0.4922729617520706,-1.0074317743854195,-0.7833173448344743,0.530975373544679,0.4877544164442957,0.41369818995709984,-0.7194553586957794,-1.2247384050361505,-1.2231737692253277,0.5604455972279249,0.5499323477820317
-0.1764205307986887,1.2195807433487595,-0.9390096519346078,-0.7054689621240783,-0.010684955964216718,1.297449770944555,1.2983873551581497,-1.3119635697556518,-0.04606745799322794,-1.123391785622581,-0.8027730058954247,0.6224491087025257,0.589833417438356,0.41369818995709984,-0.7457200978995188,-1.2662517847880206,-1.267867496631349,0.5531409615746212,0.5424514660186872
-0.1764205307986887,1.2195807433487595,-0.7945466283516462,-0.7054689621240783,-0.010684955964216718,1.299643331360116,1.2986464411154663,-1.3119635697556518,-0.04606745799322794,-1.2123112063060688,-0.817164139667465,0.6733492112112871,0.6441698461270428,0.41369818995709984,-0.766998576047215,-1.2936173253785324,-1.2964322185592831,0.5362678814512383,0.5250763297507927
-0.1764205307986887,1.2195807433487595,-0.6500836047686848,-0.7054689621240783,-0.010684955964216718,1.2981645596557785,1.2958771979260564,-1.4636188862699449,0.31282615517030443,-1.3011329640610774,-0.8386199220128037,0.7178065649005477,0.6914755670621587,0.41369818995709984,-0.7939893924633834,-1.3250958237958732,-1.3289606842437685,0.5277904790643712,0.5165948961878806
-0.1764205307986887,1.2195807433487595,-0.5056205811857232,-0.7054689621240783,-0.010684955964216718,1.2686770025341179,1.2715679758629368,-0.9479908679732603,-0.4049610711567603,-1.0741870616975084,-0.7749703319796892,1.4964406345568153,0.8879731580739383,0.05485424952669098,-0.8558893449121573,-1.482919232010161,-1.3748221562840084,0.5284080942083246,0.5176030294776353
-0.1764205307986887,1.2195807433487595,-0.3611575576027617,-0.7054689621240783,-0.010684955964216718,-0.6991224441542135,-0.6983308925851475,-0.40203167066989287,-1.182563899677747,-0.5840087965712362,-0.6399776719836379,1.9612519724184303,1.0240770952554934,-0.5440816257734248,-0.9216561592184171,-1.5639773953953533,-1.4001395794327929,-1.2740310493992413,-1.2860490588430924
-0.1764205307986887,1.2195807433487595,-0.21669453401980013,-0.7054689621240783,-0.010684955964216718,-0.6991224441542135,1.1915435344543917,-0.09872103764130656,-1.3620107062595133,-0.1645913366730285,-0.4389457216478598,1.9333924967742215,0.9736572361454505,-1.3177620214037016,-1.0187666336879402,-1.5222723300370544,-1.348003687722045,-0.2980268521502727,-0.3525848414162067
-0.1764205307986887,1.2195807433487595,-0.0722315104368386,-0.7054689621240783,-0.010684955964216718,-0.6991224441542135,-0.6983308925851475,0.17425856101037715,-1.6012731150352015,0.3771489411451664,-0.23879738170306766,1.6683566663341172,1.0153450987682322,-2.2756424526144947,-1.1023487622493133,-1.4273096455835126,-1.3059864435868629,-1.2740310493992413,-1.2860490588430924
-0.1764205307986887,1.2195807433487595,0.07223151314612293,-0.7054689621240783,-0.010684955964216718,-0.6991224441542135,-0.6983308925851475,0.35624491190157287,-2.019982330392656,0.6277888064515833,-0.08759343522063653,1.2639305416076976,0.9333763535596982,-2.5198830211241128,-1.1828041016718847,-1.3444168078418395,-1.285322445422875,-1.2740310493992413,-1.2860490588430924
-0.1764205307986887,1.2195807433487595,0.21669453672908448,-0.7054689621240783,-0.010684955964216718,-0.6991224441542135,-0.6983308925851475,0.35624491190157287,-2.019982330392656,0.7169276342620651,0.018462395988821375,0.9016567701990209,0.823822247064972,-2.2987231758091267,-1.2365275415440025,-1.2531525153749605,-1.2457631319996365,-1.2740310493992413,-1.2860490588430924
-0.1764205307986887,1.2195807433487595,0.361157560312046,-0.7054689621240783,-0.010684955964216718,-0.6991224441542135,-0.6983308925851475,0.4472381596620609,-1.8405355238108898,0.6282818035631521,0.08650251337203455,0.5900052055442556,0.7269854625140033,-1.5480228878932132,-1.2512660161395337,-1.1445849934105945,-1.1852966712095536,-1.2740310493992413,-1.2860490588430924
-0.1764205307986887,1.2195807433487595,0.5056205838950075,-0.7054689621240783,-0.010684955964216718,1.3103323658405435,1.2176110194705634,0.20458959538727972,-1.8405355238108898,0.5722266272370263,0.06298873749625257,0.15804012297676737,0.79453727401772,-0.8761384495034945,-1.2396176528043434,-1.0292545838133547,-1.1910509856333091,0.8580475315738711,0.8382752708733772
-0.1764205307986887,1.2195807433487595,0.6500836074779691,-0.7054689621240783,-0.010684955964216718,2.8113983300809307,-0.6983308925851475,0.05293427887298657,-1.122748297483825,0.3798734692800643,7.948875718307773e-05,0.2683903108812438,0.8753136916859348,0.07912129943053602,-1.1949599227597296,-1.025052344811814,-1.180253925776511,0.5998555997624639,0.6001718096753693
-0.1764205307986887,1.2195807433487595,0.7945466310609306,1.2072115426987549,-0.010684955964216718,-0.2997887543972503,0.5439707611295556,-0.2503763541555997,-0.5245922755446044,-0.26652400811426336,-0.13789006311520924,0.4895305462285484,0.1823433224826592,0.41369818995709984,-1.112575857794139,-1.0506231186552644,-0.978288931818118,0.920495065005528,0.8993665089913915
-0.1764205307986887,1.2195807433487595,0.9390096546438922,-0.7054689621240783,-0.010684955964216718,1.1109683338414524,1.4536819268118906,-0.40203167066989287,-0.6442234799324486,-0.41901396814758873,-0.26720206812959457,0.43300774310938367,0.07968492744474463,0.41369818995709984,-1.0495832906501579,-1.0347147192692037,-0.9488832647193413,0.7225946839445971,0.718442032069673
-0.1764205307986887,1.2195807433487595,1.0834726782268538,-0.7054689621240783,-0.010684955964216718,1.2220555395404793,1.3827168996341463,-0.40203167066989287,-0.8834858887081368,-0.5721273655051775,-0.36039191097829054,0.43148016889867374,0.12128642597705318,0.38097592986836,-1.0081162947298208,-1.0396996207131548,-0.965667711163596,0.6629009472113371,0.6541001788076203
-0.1764205307986887,1.2195807433487595,1.2279357018098151,-0.7054689621240783,-0.010684955964216718,1.2579595867372153,1.349914018193622,-0.553686987184186,-0.5844078777385264,-0.7048372379006607,-0.4234585439962657,0.5354438690873919,0.2985776494511715,0.41369818995709984,-0.9794296090384942,-1.0678453496894285,-1.014915610136492,0.6237305383103164,0.6139705316263169
-0.1764205307986887,1.2195807433487595,1.3723987253927767,-0.7054689621240783,-0.010684955964216718,1.2842600271347142,1.3400618344720674,-0.553686987184186,-0.6442234799324486,-0.8272008601948755,-0.47244598876361876,0.6347856343595536,0.46274740057757047,0.41369818995709984,-0.9617322913792191,-1.0977932675827096,-1.0629523140160135,0.6020236431299295,0.5918721269718094
-0.1764205307986887,1.2195807433487595,1.5168617489757383,1.6555011968351292,-0.010684955964216718,-0.02307249550526579,0.006262643866390318,-0.7053423036984792,-0.3451454689628382,-0.9024233896212628,-0.5069307898214108,0.6796189145147311,0.5379931625102394,0.41369818995709984,-0.9464805677870655,-1.1105751047709824,-1.083906487565585,0.8258523395813466,0.8147927319968588
-0.1764205307986887,1.2195807433487595,1.6613247725587,-0.7054689621240783,-0.010684955964216718,1.2280646000501572,1.252771876585728,-0.7660043724522843,-0.10588306018714999,-0.9258310530203502,-0.5424572913081928,0.637437578204151,0.5262744777679731,0.41369818995709984,-0.9292354497609218,-1.1003119648186968,-1.0808049266107858,0.6685190668973718,0.6573876768768936
-0.1764205307986887,1.3296585953609235,-1.6613247698494156,1.4909938803579732,-0.010684955964216718,0.06596563333024488,0.07902974383948373,-0.8569976202127723,0.013748144200694123,-0.9316620649898825,-0.5862404684851861,0.5732402490699073,0.48853420871750025,0.41369818995709984,-0.9105362468952641,-1.0862582473776667,-1.072811775810281,0.8421306658616454,0.8310785925394818
-0.1764205307986887,1.3296585953609235,-1.516861746266454,-0.7054689621240783,-0.010684955964216718,1.1986697552289816,1.208273653800117,-0.8569976202127723,-0.3451454689628382,-0.907109872339921,-0.6276078322689327,0.4730809929115454,0.4096267770460308,0.41369818995709984,-0.9029159350413228,-1.0765705945153887,-1.067862974387433,0.646938718917859,0.6357974369700673
-0.1764205307986887,1.3296585953609235,-1.3723987226834924,-0.7054689621240783,-0.010684955964216718,1.2352217373692445,1.2396517720918698,-0.9176596889665775,-0.10588306018714999,-0.92869538630629,-0.6589985854400775,0.4276245784103696,0.37957542750661855,0.41369818995709984,-0.9009939659495989,-1.0817608426611762,-1.0767892806848192,0.59764183379326,0.5864782040613412
-0.1764205307986887,1.3296585953609235,-1.2279356991005308,-0.7054689621240783,-0.010684955964216718,1.2783199227124722,1.279746581685449,-1.0086529367270654,0.6717197683338367,-0.9948767366825226,-0.6868069054285987,0.45755974780629627,0.4197137674187743,0.41369818995709984,-0.8852369563212783,-1.0829440871453044,-1.0806657984572794,0.5763232207071626,0.5651496280185427
-0.1764205307986887,1.3296585953609235,-1.0834726755175694,-0.7054689621240783,-0.010684955964216718,1.2921409931399024,1.2915746102562489,-1.0086529367270654,-0.04606745799322794,-1.074122176053245,-0.704836227352023,0.5441362096156336,0.5125283331153747,0.41369818995709984,-0.8796783273197777,-1.1059480809996398,-1.1058163545060642,0.5627875304901906,0.5516080620185386
-0.1764205307986887,1.3296585953609235,-0.9390096519346078,-0.7054689621240783,-0.010684955964216718,1.233944788359841,1.2322057758331295,-1.0086529367270654,0.13337934858853825,-1.157410593093332,-0.7294721601939932,0.6005251795031681,0.5735558825999462,0.41369818995709984,-0.8754109044212042,-1.127419665679349,-1.1288545247662163,0.5461929262128279,0.5350058279394561
-0.1764205307986887,1.3296585953609235,-0.7945466283516462,-0.7054689621240783,-0.010684955964216718,1.2193624679549575,1.2167308399116858,-1.1603082532413587,0.31282615517030443,-1.238213956850545,-0.7545315484949023,0.6559057117281637,0.6319589699177107,0.41369818995709984,-0.8761019928679961,-1.1545604973855568,-1.1571832489384368,0.5399863530422162,0.5287963825710156
-0.1764205307986887,1.3296585953609235,-0.6500836047686848,-0.7054689621240783,-0.010684955964216718,1.299671502444617,1.2961511666527659,-1.1603082532413587,0.31282615517030443,-1.3072596405127175,-0.7718332327880498,0.7159908656433981,0.693828359662817,0.41369818995709984,-0.8815044995842054,-1.182654809010611,-1.1861694728267598,0.5352292223487576,0.5240370508797284
-0.1764205307986887,1.3296585953609235,-0.5056205811857232,-0.7054689621240783,-0.010684955964216718,1.2613697595856737,1.2638067164328335,-0.9328252784699188,0.07356374639461619,-1.0700363872371494,-0.7264359845534009,1.4914078230947443,0.8516566387868004,-0.13595013938075662,-0.9085510567235613,-1.3477463502524956,-1.2203218587889693,0.5272878904657359,0.5165649800374122
-0.1764205307986887,1.3296585953609235,-0.3611575576027617,-0.7054689621240783,-0.010684955964216718,-0.6991224441542135,-0.6983308925851475,-0.553686987184186,-0.3451454689628382,-0.6098473303956167,-0.6180419734515017,1.8697833519063785,0.9256882725349529,-1.2089931773910427,-0.9417510518802495,-1.394054666924774,-1.2047671361875045,-1.2740310493992413,-1.2860490588430924
-0.1764205307986887,1.3296585953609235,-0.21669453401980013,-0.7054689621240783,-0.010684955964216718,-0.6991224441542135,1.963811486328458,-0.2503763541555997,-0.8834858887081368,-0.14192216555504283,-0.4504065436440426,1.8937139271392243,0.9309162347106849,-2.10856927768109,-1.004617659467937,-1.3710462627955433,-1.1745054625367812,0.08806982778336064,0.05418310990285912
-0.1764205307986887,1.3296585953609235,-0.0722315104368386,-0.7054689621240783,-0.010684955964216718,-0.6991224441542135,-0.6983308925851475,0.05293427887298657,-1.182563899677747,0.10892172162251179,-0.23925047904413235,1.5578487768509681,1.0604615319341684,-2.377967226100185,-1.0858118651000321,-1.2740607681125442,-1.174263830307561,-1.2740310493992413,-1.2860490588430924
-0.1764205307986887,1.3296585953609235,0.07223151314612293,-0.7054689621240783,-0.010684955964216718,-0.6991224441542135,-0.6983308925851475,0.20458959538727972,-1.3620107062595133,0.16120684133968,-0.06938061593167205,1.1778689541417022,1.0267367738475417,-2.126067011668261,-1.1298161497836432,-1.1469311520872598,-1.1214533187496716,-1.2740310493992413,-1.2860490588430924
-0.1764205307986887,1.3296585953609235,0.21669453672908448,-0.7054689621240783,-0.010684955964216718,-0.6991224441542135,-0.6983308925851475,0.35624491190157287,-1.6012731150352015,0.21753493872621302,0.05297189861505157,0.8432415481357847,0.9200762836268255,-1.8592008295201097,-1.1582229253498726,-1.0363004820132962,-1.064369817523933,-1.2740310493992413,-1.2860490588430924
-0.1764205307986887,1.3296585953609235,0.361157560312046,-0.7054689621240783,-0.010684955964216718,2.828702523851759,-0.6983308925851475,0.46240374916540233,-1.6012731150352015,0.21238957402853692,0.11773799954156837,0.578329321635721,0.7879165860723183,-1.5450336721712807,-1.1634451795975926,-0.9387888738055816,-1.0010580559683357,0.6697881391109747,0.6538503994417237
-0.1764205307986887,1.3296585953609235,0.5056205838950075,2.3444789130844432,-0.010684955964216718,-0.6991224441542135,-0.6983308925851475,0.35624491190157287,-1.3620107062595133,0.18803538293220412,0.10987090287358081,0.6556678806987061,0.6359610651005124,-0.8980433755159181,-1.1293542980772326,-0.9245910156728487,-0.9265369427926293,1.0833613125305683,1.0572784994281967
-0.1764205307986887,1.3296585953609235,0.6500836074779691,-0.7054689621240783,-0.010684955964216718,0.956456347427761,1.5666247483361069,0.20458959538727972,-0.8236702865142147,0.07505743563449138,0.030921867109001914,0.5735462753766287,0.3391729644051515,0.06444430873321966,-1.0515805459134597,-0.8559213144687968,-0.7958639669144293,0.7929659082554554,0.7912241329614589
-0.1764205307986887,1.3296585953609235,0.7945466310609306,-0.7054689621240783,-0.010684955964216718,2.569221187295206,-0.6983308925851475,0.05293427887298657,-0.5844078777385264,-0.16306150710157954,-0.10518871529864837,0.5440646045745066,0.07543128636736075,0.3459792919465725,-0.9427647608763993,-0.8029995216716854,-0.6699783431220646,0.4068435768621855,0.4510590606739171
-0.1764205307986887,1.3296585953609235,0.9390096546438922,1.198396449777864,-0.010684955964216718,-0.3492313990854995,0.6730592912802424,0.05293427887298657,-0.5844078777385264,-0.3950330367368128,-0.2026554582826278,0.7172968052030005,-0.10070534145062558,0.41369818995709984,-0.8685948515732537,-0.8265136014663603,-0.5876253117723467,0.8960188922458409,0.8752672056428891
-0.1764205307986887,1.3296585953609235,1.0834726782268538,-0.7054689621240783,-0.010684955964216718,1.0229270724681314,1.5247718854059462,0.05293427887298657,-0.5844078777385264,-0.47264094974509213,-0.2671343152561644,0.6790929584388338,-0.130754175531092,0.41369818995709984,-0.7822399236605935,-0.7696277245120593,-0.5261497384483045,0.6975525589807161,0.6921350807407199
-0.1764205307986887,1.3296585953609235,1.2279357018098151,-0.7054689621240783,-0.010684955964216718,1.131623625276076,1.3923458418148091,-0.068390003264404,-0.46477667335068235,-0.5506181088939223,-0.31645276104058806,0.6609760305927299,-0.030784806106260443,0.41369818995709984,-0.7147504555758254,-0.7356017007203907,-0.5269285960553161,0.639212499275299,0.6280678003665272
-0.1764205307986887,1.3296585953609235,1.3723987253927767,-0.7054689621240783,-0.010684955964216718,1.2086027955313032,1.368523558812245,0.05293427887298657,-0.5844078777385264,-0.6379796051909191,-0.34357226014923525,0.7392983065302456,0.2558953420584751,0.41369818995709984,-0.6538569730682418,-0.7261006777835639,-0.58466851344456,0.6075794792718641,0.5978057700215486
-0.1764205307986887,1.3296585953609235,1.5168617489757383,-0.7054689621240783,-0.010684955964216718,1.2307795357609634,1.3328208431213007,0.05293427887298657,-0.2853298667689162,-0.7232560648573054,-0.35896910063625564,0.8463469905741866,0.5265335700393926,0.41369818995709984,-0.5897259438809771,-0.711391442898327,-0.6214302024165699,0.5756622230946308,0.5653936700405138
-0.1764205307986887,1.3296585953609235,1.6613247725587,-0.7054689621240783,-0.010684955964216718,1.2250774139331642,1.2907447386502482,0.11359634762679172,0.13337934858853825,-0.7973614909236929,-0.36277031913933105,0.9555480880567675,0.733602796514144,0.41369818995709984,-0.5042136419655925,-0.6611424918231805,-0.6004103655795958,0.5580087985675642,0.5473736972964286
-0.1764205307986887,1.4397364473730871,-1.6613247698494156,1.6944468134343922,-0.010684955964216718,-0.07445544991752956,-0.03924273365499528,0.35624491190157287,0.013748144200694123,-0.8243311755155943,-0.3484864607502218,0.9964303043354714,0.815892681981428,0.41369818995709984,-0.426987886262247,-0.5887003920683676,-0.5390431475152937,0.788136053423799,0.7770594504301247
-0.1764205307986887,1.4397364473730871,-1.516861746266454,-0.7054689621240783,-0.010684955964216718,-0.6991224441542135,-0.009785593101381072,0.35624491190157287,0.3726417573642265,-0.8033343148167702,-0.33817461456596004,0.8970945061500704,0.7706739534850283,0.41369818995709984,-0.2888720262769656,-0.4152010382253102,-0.37846173613312295,-0.9302020571100721,-0.9420631460194947
-0.1764205307986887,1.4397364473730871,-1.3723987226834924,-0.7054689621240783,-0.010684955964216718,-0.6991224441542135,0.2753911690637994,0.4472381596620609,0.31282615517030443,-0.7825260907332274,-0.3275070657961895,0.6340661741844201,0.6109984890084967,0.41369818995709984,-0.16140095530766796,-0.19397132297541317,-0.18909293276425224,-0.7576284197085873,-0.7727064607217187
-0.1764205307986887,1.4397364473730871,-1.2279356991005308,-0.7054689621240783,-0.010684955964216718,-0.6991224441542135,0.35483476323308516,0.507900228415866,0.07356374639461619,-0.7984705671936808,-0.3239959142824873,0.3161449062262109,0.4618460277886512,0.41369818995709984,-0.08412814574708631,-0.005110658968683932,-0.06291821713890106,-0.7116979061395324,-0.7245304960427053
-0.1764205307986887,1.4397364473730871,-1.0834726755175694,-0.7054689621240783,-0.010684955964216718,1.0061353191336584,0.34226060483617793,0.35624491190157287,0.7315353705277589,-0.8488425637913283,-0.3453874725498869,-0.14337362567876458,0.3410696204503008,0.41369818995709984,0.04037587789618029,0.2896426414945191,0.08798056823289793,0.3207491778606385,0.30407845210875406
-0.1764205307986887,1.4397364473730871,-0.9390096519346078,-0.7054689621240783,-0.010684955964216718,1.3133096710547636,1.088451010103497,0.40174139115203655,0.6119041661399147,-0.8949334457159223,-0.35704237829808344,-0.1424504321128054,0.31473779620544307,0.41369818995709984,0.10793918434153432,0.3439294681555927,0.1506786055973275,0.7051165893942752,0.694001971473028
-0.1764205307986887,1.4397364473730871,-0.7945466283516462,-0.7054689621240783,-0.010684955964216718,-0.6991224441542135,1.6295857802111162,0.35624491190157287,1.0904289836912913,-0.9417006099740252,-0.36444861427492575,-0.07064762468171233,0.3696729041232352,0.41369818995709984,0.20006484556600596,0.39508241801661304,0.20622389555579623,-0.04965627920045008,-0.06111547569578051
-0.1764205307986887,1.4397364473730871,-0.6500836047686848,-0.7054689621240783,-0.010684955964216718,1.0535282283554839,0.108598609971779,0.35624491190157287,1.0904289836912913,-0.990755494885541,-0.37570476613262144,-0.09624557444365901,0.4672634878716351,0.41369818995709984,0.3269389358029841,0.5158400473595073,0.2670811937677617,0.10761813013404277,0.09623077164894893
-0.1764205307986887,1.4397364473730871,-0.5056205811857232,1.3839606683175245,-0.010684955964216718,0.1608042725573352,-0.06141350089201836,0.507900228415866,0.851166574915603,-0.9925094140531576,-0.3551530611921174,-0.054351510738552884,0.507708713775181,0.41369818995709984,0.43881949540802767,0.6082613377965028,0.3540269711568217,0.8898837831417257,0.8788534554065653
-0.1764205307986887,1.4397364473730871,-0.3611575576027617,-0.7054689621240783,-0.010684955964216718,1.329565227739832,1.1321904212665463,0.6595555449301591,0.7315353705277589,-0.8324733204844078,-0.2359722280328466,0.16706235815877288,0.5548417065293507,0.41369818995709984,0.48167373556042004,0.6199728765650415,0.44319749873886466,0.6959484877047707,0.6906868112098284
-0.1764205307986887,1.4397364473730871,-0.21669453401980013,2.2561543157445594,-0.010684955964216718,-0.6991224441542135,-0.6983308925851475,0.8112108614444523,0.3726417573642265,-0.33592489050946567,-0.06530485713938461,0.43284663176684784,0.6338405332091851,-0.31580148030826993,0.5446240748838046,0.644274782050785,0.5520368897794427,1.0379668694653588,1.0120266335523225
-0.1764205307986887,1.4397364473730871,-0.0722315104368386,-0.7054689621240783,-0.010684955964216718,0.9568347649807617,0.8551073178492805,0.8112108614444523,0.31282615517030443,0.050909273181799296,0.1001998859505133,0.7059533732711272,0.7025544867458712,-0.7742851648381324,0.524556449328986,0.5812031180688232,0.5842387727110715,0.583851429082352,0.6150977148025244
-0.1764205307986887,1.4397364473730871,0.07223151314612293,-0.7054689621240783,-0.010684955964216718,-0.6991224441542135,-0.6983308925851475,0.20458959538727972,0.3726417573642265,0.5291619582469469,0.1721548490516171,0.6960420421617944,0.7059520332953606,-1.1753595282426608,0.4960722158746909,0.5329097474228993,0.5293505490476664,-1.2740310493992413,-1.2860490588430924
-0.1764205307986887,1.4397364473730871,0.21669453672908448,2.267333125220844,-0.010684955964216718,-0.6991224441542135,-0.6983308925851475,0.35624491190157287,0.7315353705277589,0.920180242606954,0.23391088742417618,0.5976976328196163,0.6877895812202153,-1.5682699983760955,0.5079268922762243,0.6074257520553477,0.5666104555039612,0.9665141436141704,0.9473389004136221
-0.1764205307986887,1.4397364473730871,0.361157560312046,-0.7054689621240783,-0.010684955964216718,1.259771996584115,1.2142435308748576,0.20458959538727972,-0.6442234799324486,1.0902769556573793,0.25123374449027064,0.42171631007642396,0.8253625464261299,-1.2417809545367016,0.4591622050513039,0.5586926447320496,0.3755586782408079,0.8070056271530074,0.802500677541758
-0.1764205307986887,1.4397364473730871,0.5056205838950075,2.254948865153615,-0.010684955964216718,-0.6991224441542135,-0.6983308925851475,0.20458959538727972,-0.5844078777385264,1.3648235017919614,0.24048573918330168,0.43725545644195485,1.1595110818711447,-1.0875853911302287,0.42694406704894394,0.4412435821021382,0.12916466877593868,0.866185074621833,0.8523526638149886
-0.1764205307986887,1.4397364473730871,0.6500836074779691,-0.7054689621240783,-0.010684955964216718,1.3027591794451292,1.207033981994639,0.05293427887298657,-0.2853298667689162,1.222649021348192,0.17651361724229542,0.36635367911171024,1.4404107053783828,-0.0270853596776092,0.4608937869975953,0.43911782960256196,-0.013540941985875448,0.7798296607678429,0.7726064519234277
-0.1764205307986887,1.4397364473730871,0.7945466310609306,1.3409092715763113,-0.010684955964216718,0.6156310043740915,-0.6983308925851475,-0.007727789880818559,-0.04606745799322794,0.588186488953336,0.06795022395682065,0.3796440862094661,1.0423041107769146,0.41369818995709984,0.5442925261666636,0.4390855592984494,0.15173766990602683,0.8102785733924013,0.7977835563093508
-0.1764205307986887,1.4397364473730871,0.9390096546438922,-0.7054689621240783,-0.010684955964216718,1.0778959011010314,1.4321304190323132,-0.2503763541555997,0.3726417573642265,0.41181058474104304,-0.05195189500084287,0.40691623002823996,0.4027344195344803,0.41369818995709984,0.6403407899718087,0.4304508864593651,0.43385164087576505,0.7344813003248578,0.7276135861447587
-0.1764205307986887,1.4397364473730871,1.0834726782268538,1.5163546303481703,-0.010684955964216718,0.45209228769751514,-0.6983308925851475,-0.553686987184186,0.7315353705277589,0.07191482989480309,-0.18034359015113424,0.38736890624152714,0.3596538311420288,0.41369818995709984,0.6979438806985074,0.34480291772024,0.3583741841775929,0.8119535687041141,0.7976358197032709
-0.1764205307986887,1.4397364473730871,1.2279357018098151,-0.7054689621240783,-0.010684955964216718,1.0739275623618971,1.5259451087903324,-0.28070738853250227,0.4324573595581485,0.0287264099337058,-0.23811491265507773,0.44711649353430555,0.23597542266651592,0.41369818995709984,0.7461323391486587,0.31639278738560395,0.4117573532832085,0.735098375438082,0.7279332381634614
-0.1764205307986887,1.4397364473730871,1.3723987253927767,1.615494015844347,-0.010684955964216718,0.3720969193128983,-0.6983308925851475,-0.2503763541555997,0.3726417573642265,-0.09441985363667654,-0.27805382002400353,0.5257601397159272,0.24262294217400643,0.41369818995709984,0.7778567736027867,0.27592862278811425,0.40173644215192833,0.8174570218653169,0.8028246325684048
-0.1764205307986887,1.4397364473730871,1.5168617489757383,-0.7054689621240783,-0.010684955964216718,1.002085095040694,1.4987266197356284,-0.2503763541555997,0.3726417573642265,-0.1232605191255358,-0.3147645852776181,0.517702867707205,0.16567840696659283,0.41369818995709984,0.7909917975248082,0.24686060852030295,0.4027242086997187,0.7281083976896546,0.7170042127009315
-0.1764205307986887,1.4397364473730871,1.6613247725587,1.087578779519618,-0.010684955964216718,0.17721829159272257,0.299849847670258,-0.28070738853250227,0.25301055297638236,-0.18593269331819992,-0.35023392027744327,0.520512513130475,0.17707343599116349,0.41369818995709984,0.8004821985765976,0.20424917788716196,0.3540037831312373,0.8063428294380449,0.7952742879625345
-0.1764205307986887,1.5498142993852508,-1.6613247698494156,-0.7054689621240783,-0.010684955964216718,1.1787445994396757,1.2837288753886062,-0.31103842290940487,0.31282615517030443,-0.2401998353441583,-0.38098454994649195,0.49910345827445945,0.20971403127214117,0.41369818995709984,0.7996912111713659,0.16750470367704937,0.2917291981218719,0.691050589001236,0.679929496254781
-0.1764205307986887,1.5498142993852508,-1.516861746266454,-0.7054689621240783,-0.010684955964216718,-0.6991224441542135,-0.6983308925851475,-0.34136960191608773,0.31282615517030443,-0.33254816131109477,-0.40910410969733335,0.4782050155569568,0.2479699694065073,0.41369818995709984,0.7980242981160452,0.1347344249860818,0.2320863456610731,-1.2740310493992413,-1.2860490588430924
-0.1764205307986887,1.5498142993852508,-1.3723987226834924,-0.7054689621240783,-0.010684955964216718,1.0368726002241042,1.0995562810846302,-0.37170063629299027,0.31282615517030443,-0.4677511140794639,-0.4364981490951926,0.3177048731936211,0.15352790177196052,0.41369818995709984,0.8023310532132315,0.1666125373360168,0.23790762363534806,0.7216795118688586,0.7081424751978193
-0.1764205307986887,1.5498142993852508,-1.2279356991005308,-0.7054689621240783,-0.010684955964216718,-0.6991224441542135,1.0667840036487728,-0.37170063629299027,0.31282615517030443,-0.604469849011761,-0.4729230819140233,0.22232951573531728,0.14091035969972068,0.41369818995709984,0.7911249961360614,0.14260386134697633,0.17864098063636671,-0.3418837377243491,-0.3470579350697527
-0.1764205307986887,1.5498142993852508,-1.0834726755175694,-0.7054689621240783,-0.010684955964216718,0.9794016957539606,0.3939962554925602,-0.37170063629299027,0.31282615517030443,-0.7417872710741179,-0.511218982102266,-0.042297995482169844,0.17844352263032084,0.41369818995709984,0.7565589913085321,0.1560814462919164,0.06768129387319519,0.28676594412375694,0.2642874106716213
-0.1764205307986887,1.5498142993852508,-0.9390096519346078,-0.7054689621240783,-0.010684955964216718,1.3396080091325238,1.185915122609804,-0.37170063629299027,0.31282615517030443,-0.8672547015062965,-0.5472952699265704,-0.07539827818410431,0.16271938875999167,0.41369818995709984,0.7013626450540059,0.059755449057298245,-0.03329692307324152,0.6695120033981141,0.6614148825022674
-0.1764205307986887,1.5498142993852508,-0.7945466283516462,-0.7054689621240783,-0.010684955964216718,1.237763231701592,1.1480609034674856,-0.31103842290940487,0.1931949507824603,-0.9475657370761084,-0.5587384479452974,0.029577269431016046,0.23244371830658275,0.41369818995709984,0.6633214112422947,-0.03925199531371481,-0.11686721741087926,0.6263342064659976,0.6151835700562657
-0.1764205307986887,1.5498142993852508,-0.6500836047686848,-0.7054689621240783,-0.010684955964216718,1.1737028162418623,1.117152535685722,-0.2503763541555997,0.013748144200694123,-1.0240016949426394,-0.5584610846196923,0.25914644104813084,0.3967635584834157,0.41369818995709984,0.6157318639391188,-0.17815629233591834,-0.2301493908113192,0.6026725800561761,0.5922675938923838
-0.1764205307986887,1.5498142993852508,-0.5056205811857232,-0.7054689621240783,-0.010684955964216718,0.9522853450657973,0.91601767179514,-0.2048797302753557,0.07356374639461619,-0.9830427992323681,-0.4998294417750046,0.6464265681884904,0.6001878849456719,0.41369818995709984,0.5568141608317908,-0.327271128714704,-0.31505873944882457,0.45674331629080667,0.4453088077246515
-0.1764205307986887,1.5498142993852508,-0.3611575576027617,-0.7054689621240783,-0.010684955964216718,-0.6991224441542135,0.8396898168407048,-0.09872103764130656,0.013748144200694123,-0.7424207422608963,-0.3658283733119685,0.9385453005529615,0.8354629525799179,0.3815948320667562,0.4391327051859383,-0.434613347231915,-0.4060479017103447,-0.4991464463930428,-0.5208474613310592
-0.1764205307986887,1.5498142993852508,-0.21669453401980013,-0.7054689621240783,-0.010684955964216718,0.4012200393078219,-0.13937400612966586,-0.09872103764130656,0.013748144200694123,-0.4224723060944147,-0.1943698464693889,1.067125790951993,0.9942378827538454,0.2296186589634166,0.2973476095435629,-0.48393678598511264,-0.46704584504945273,-0.3776870550288532,-0.4155982946543815
-0.1764205307986887,1.5498142993852508,-0.0722315104368386,-0.7054689621240783,-0.010684955964216718,-0.6991224441542135,1.3044127805975252,0.06809986837632802,-0.5844078777385264,-0.15363502773085,-0.03142771466516992,1.0063135048929328,1.0412065321902213,0.026994291019302025,0.14898317815040965,-0.49231888991067574,-0.5104605469695024,-0.23176256153492492,-0.21860239041925317
-0.1764205307986887,1.5498142993852508,0.07223151314612293,-0.7054689621240783,-0.010684955964216718,0.8836797143305809,-0.6983308925851475,0.05293427887298657,-0.8834858887081368,-0.041306605799939576,0.06803138625311729,0.781368825515272,1.0684128976619096,0.05745036290710908,0.04313492304304426,-0.4590679988237914,-0.5578895945524017,-0.3975511853509915,-0.44761108574346314
-0.1764205307986887,1.5498142993852508,0.21669453672908448,1.2668026760048092,-0.010684955964216718,0.06050144153889467,0.09630664774804133,-0.09872103764130656,-0.2853298667689162,-0.1199687432964583,0.09864580441620732,0.7130414199017372,0.9832008873858966,0.41369818995709984,0.002531305077533171,-0.452797448463995,-0.5462006625526831,0.8978778580259653,0.8868511079334792
-0.1764205307986887,1.5498142993852508,0.361157560312046,-0.7054689621240783,-0.010684955964216718,1.2585078717251186,1.1984340470667816,-0.068390003264404,-0.5245922755446044,-0.27087937336992757,0.05087297105691081,0.5899770749923843,0.7699159618560207,0.41369818995709984,-0.0017250179367692266,-0.44324672925883485,-0.507254314833794,0.6948205435217303,0.689644048951381
-0.1764205307986887,1.5498142993852508,0.5056205838950075,-0.7054689621240783,-0.010684955964216718,2.0233265369350377,-0.6983308925851475,-0.09872103764130656,-0.2853298667689162,-0.40251361570380606,-0.020547732406831686,0.6432435536222009,0.6785276613817011,0.41369818995709984,0.013863804314661,-0.4800490748809893,-0.49655921727641117,0.11993182081597328,0.13750645327935768
-0.1764205307986887,1.5498142993852508,0.6500836074779691,1.318330082229365,-0.010684955964216718,-0.2908985172434131,0.40579158389398995,-0.2503763541555997,0.013748144200694123,-0.6048370883798089,-0.12586039928585172,0.7627983990753636,0.3624493445171516,0.41369818995709984,0.05688333622195993,-0.531069716495148,-0.4035845532354142,0.8695775476626215,0.8498056929223766
-0.1764205307986887,1.5498142993852508,0.7945466310609306,-0.7054689621240783,-0.010684955964216718,1.0408376803676433,1.3432737876467953,-0.2503763541555997,0.13337934858853825,-0.6500496728722592,-0.2088456713332171,0.7145638794666523,0.27243783857251147,0.41369818995709984,0.10294713204152367,-0.5162243009265559,-0.3729284664392371,0.6861235286383248,0.675000298202273
-0.1764205307986887,1.5498142993852508,0.9390096546438922,-0.7054689621240783,-0.010684955964216718,1.1756758433168135,1.3254004200719394,-0.40203167066989287,0.3726417573642265,-0.7022786029593436,-0.2886705541387014,0.6888312440321095,0.3009765587991698,0.41369818995709984,0.14203851142601354,-0.5121720112714585,-0.3871973371733666,0.6231559456144554,0.6120038520907344
-0.1764205307986887,1.5498142993852508,1.0834726782268538,-0.7054689621240783,-0.010684955964216718,1.2363765416018184,1.325663488742192,-0.40203167066989287,0.3726417573642265,-0.7724587820098752,-0.34461043178273393,0.7746584102325105,0.4926167985865683,0.41369818995709984,0.1804503848516466,-0.5381868244994978,-0.4512560998896118,0.5928602217067447,0.5830189954845852
-0.1764205307986887,1.5498142993852508,1.2279357018098151,1.593172637555473,-0.010684955964216718,-0.029270081537528823,0.01672863701716226,-0.37170063629299027,0.4324573595581485,-0.8193236091964571,-0.37451203325661003,0.8126747199842017,0.5859847652512494,0.41369818995709984,0.2021429369430212,-0.5499278368124595,-0.48218827588760654,0.8063329288746763,0.7952644525158051
-0.1764205307986887,1.5498142993852508,1.3723987253927767,-0.7054689621240783,-0.010684955964216718,1.1977375866567563,1.2389671646998017,-0.40203167066989287,0.3726417573642265,-0.8271781167731749,-0.4074434585391944,0.769635828062029,0.5957539693105042,0.41369818995709984,0.22629966334257975,-0.5361699304924614,-0.48517237974084776,0.6583403877033046,0.64720450612467
-0.1764205307986887,1.5498142993852508,1.5168617489757383,1.4490225271585797,-0.010684955964216718,0.05473724872080442,0.07605989768797661,-0.7053423036984792,1.0904289836912913,-0.834459356338204,-0.4517714817400225,0.7196810825843374,0.5878872907006056,0.41369818995709984,0.2583223468610356,-0.520230336479092,-0.4824279577221516,0.8193732309027356,0.8083107627919602
-0.1764205307986887,1.5498142993852508,1.6613247725587,-0.7054689621240783,-0.010684955964216718,1.2273784028873824,1.2451724410707126,-0.7963355514589672,0.910982177109525,-0.8280289883144443,-0.4970466336506774,0.6369559490584752,0.5380770111417668,0.41369818995709984,0.2950885417925623,-0.49139466840089135,-0.4634259125320568,0.6814340817962584,0.6703085852072499
-0.1764205307986887,1.6598921513974148,-1.6613247698494156,1.408782293582943,-0.010684955964216718,0.10260854079921483,0.11242982260395246,-0.8569976202127723,1.0904289836912913,-0.8266737479507558,-0.5495727545365637,0.5562118883371274,0.4824576983907112,0.41369818995709984,0.3209879500226833,-0.4752352060488349,-0.4549087556954492,0.8398609167068485,0.8288078337758513
-0.1764205307986887,1.6598921513974148,-1.516861746266454,-0.7054689621240783,-0.010684955964216718,1.195594271682955,1.2022574514854356,-1.0086529367270654,0.6717197683338367,-0.8150057036941821,-0.6054187662205314,0.451590956163779,0.39677613577814486,0.41369818995709984,0.32199224824738576,-0.4789056304386001,-0.46435278342387326,0.6492793921084233,0.6381392978173451
-0.1764205307986887,1.6598921513974148,-1.3723987226834924,-0.7054689621240783,-0.010684955964216718,1.143259544566901,1.1461315934746517,-1.0541495606073095,0.910982177109525,-0.8489014291180828,-0.6529219996043034,0.4179587502991866,0.37616362668976955,0.41369818995709984,0.31120798677251743,-0.5126171263328514,-0.5025980726122441,0.6055745251846146,0.5944143850461969
-0.1764205307986887,1.6598921513974148,-1.2279356991005308,-0.7054689621240783,-0.010684955964216718,1.2159529258024209,1.2163426302086513,-0.8569976202127723,0.31282615517030443,-0.9134278611035132,-0.6642755462175551,0.4762512208633479,0.4424384235353243,0.41369818995709984,0.28385208068456264,-0.5652114831109004,-0.5586753868960366,0.5862759870461841,0.5751071982114127
-0.1764205307986887,1.6598921513974148,-1.0834726755175694,-0.7054689621240783,-0.010684955964216718,1.0734930128718678,1.0727404652694128,-0.6901767141951377,0.3726417573642265,-0.9949449669476244,-0.6761210069222742,0.526343209336533,0.498238849330479,0.41369818995709984,0.25206828597976744,-0.6114858083961804,-0.6074803295671152,0.5717100982081554,0.5605345495459522
-0.1764205307986887,1.6598921513974148,-0.9390096519346078,-0.7054689621240783,-0.010684955964216718,1.066209736368447,1.0643933278047624,-0.5233559528072834,0.1931949507824603,-1.0741322099157598,-0.6846903338930022,0.5579747362543975,0.5340464074242457,0.41369818995709984,0.2082025085477132,-0.6463919509486794,-0.6441635693310733,0.5680695710524244,0.5568923606790029
-0.1764205307986887,1.6598921513974148,-0.7945466283516462,-0.7054689621240783,-0.010684955964216718,0.7930740433397583,0.7912953479130033,-0.553686987184186,0.31282615517030443,-1.1421370475730461,-0.6893419921094466,0.5927926875024149,0.5715669930601167,0.41369818995709984,0.16789689834469793,-0.6709356685799065,-0.669919397860766,0.2675545309429695,0.25624017110078046
-0.1764205307986887,1.6598921513974148,-0.6500836047686848,-0.7054689621240783,-0.010684955964216718,1.0826563939177807,1.0794951464090348,-0.553686987184186,0.31282615517030443,-1.1994732136802497,-0.6916335919014045,0.6128182306709404,0.5935504272739647,0.41369818995709984,0.12986193838061824,-0.6865867660745094,-0.6863911310254109,0.576932375369692,0.56575922081062
-0.1764205307986887,1.6598921513974148,-0.5056205811857232,-0.7054689621240783,-0.010684955964216718,1.060738659479952,1.0625895780776506,-0.553686987184186,0.07356374639461619,-0.9812179741029792,-0.6455044714818894,1.2366456111744368,0.6902589234186965,-0.027849335359183342,0.05123928637193821,-0.8849970736095951,-0.7396065661889489,0.5662644283349763,0.5555500271055918
-0.1764205307986887,1.6598921513974148,-0.3611575576027617,-0.7054689621240783,-0.010684955964216718,-0.6991224441542135,-0.6983308925851475,-0.553686987184186,0.013748144200694123,-0.5561869025897301,-0.524917060439843,1.6049819427318686,0.7413931728693527,-0.8860373748354987,-0.05816817075713819,-0.9956491496519534,-0.7717547049117466,-1.2740310493992413,-1.2860490588430924
-0.1764205307986887,1.6598921513974148,-0.21669453401980013,-0.7054689621240783,-0.010684955964216718,-0.6991224441542135,1.8356230493013292,-0.553686987184186,-0.3451454689628382,-0.1705434239169081,-0.3966693401455909,1.5879348282978412,0.7185595135318171,-1.5607682953588622,-0.2105164953962879,-1.039981448035738,-0.8196813198473722,0.05047918877547179,0.020626922071550865
-0.1764205307986887,1.6598921513974148,-0.0722315104368386,-0.7054689621240783,-0.010684955964216718,-0.6991224441542135,-0.6983308925851475,-0.7053423036984792,-0.22551426457499413,0.27848061964213483,-0.28929938549522577,1.2916809048082842,0.7773348887735632,-2.394002525781127,-0.32902947715514497,-1.0081226978682707,-0.8815450217118034,-1.2740310493992413,-1.2860490588430924
-0.1764205307986887,1.6598921513974148,0.07223151314612293,-0.7054689621240783,-0.010684955964216718,-0.6991224441542135,2.828495986103503,-0.7053423036984792,0.013748144200694123,0.4893857204651068,-0.21063124185174303,0.8770732251863739,0.8244972285487674,-2.5792169057964442,-0.40465491910879636,-0.9133151260098299,-0.9066996952604582,0.5508641920203448,0.545074251813171
-0.1764205307986887,1.6598921513974148,0.21669453672908448,-0.7054689621240783,-0.010684955964216718,-0.6991224441542135,-0.6983308925851475,-0.7053423036984792,-0.3451454689628382,0.6146370883911296,-0.13837280233839963,0.4764268237023023,1.0530602132292468,-2.560545714521955,-0.4880302520001625,-0.8427550303908627,-1.0037448329888503,-1.2740310493992413,-1.2860490588430924
-0.1764205307986887,1.6598921513974148,0.361157560312046,1.0544194692842692,-0.010684955964216718,0.5847028326513544,-0.1420771153226896,-0.6750112693215766,-0.46477667335068235,0.42463921242851477,-0.11092724252636946,0.032317014695090664,1.1800062028753817,-1.6895350510486216,-0.5724219482078301,-0.7737277742172434,-1.0859518014484386,0.9690245664639443,0.9441974997093072
-0.1764205307986887,1.6598921513974148,0.5056205838950075,-0.7054689621240783,-0.010684955964216718,1.5519664794377122,1.0685336723265417,-0.7053423036984792,-0.3451454689628382,0.5693321923635416,-0.13209930971421902,-0.0007653667465620432,1.4393542126211378,-1.7278484899769369,-0.5960555322356551,-0.7903996889986077,-1.1703198072082825,0.7619449230784389,0.7583083761458271
-0.1764205307986887,1.6598921513974148,0.6500836074779691,1.6810463795098762,-0.010684955964216718,0.3708277488865286,-0.6983308925851475,-0.7053423036984792,-0.3451454689628382,0.539831967645365,-0.1755239612693107,0.15420669595357397,1.6400484276408624,-0.9964137266375647,-0.6044004734910335,-0.855430375575564,-1.2342454013103072,0.9212232064387228,0.9047512111705509
-0.1764205307986887,1.6598921513974148,0.7945466310609306,-0.7054689621240783,-0.010684955964216718,1.2839308038636037,1.3264128676235896,-0.8873286545896748,-0.22551426457499413,0.1615787631769015,-0.3036608773851404,0.14180794210604278,0.9527093325309657,0.41369818995709984,-0.5617518224994885,-0.8762731195957993,-1.093851224949268,0.7377697274451552,0.733838604303854
-0.1764205307986887,1.6598921513974148,0.9390096546438922,1.1456081555114632,-0.010684955964216718,0.21500570192754584,0.1444940680071834,-1.0086529367270654,0.31282615517030443,-0.29783434163014033,-0.40791067106222373,0.2060172054138077,0.6633166811363195,0.41369818995709984,-0.5189815553846253,-0.9041380969262934,-1.0309963975239946,0.8582113408950597,0.8433354033104692
-0.1764205307986887,1.6598921513974148,1.0834726782268538,-0.7054689621240783,-0.010684955964216718,1.355048706686797,1.271159852595222,-1.1603082532413587,0.31282615517030443,-0.3862540759603826,-0.510722127697111,0.15687057397169257,0.47271197194828407,0.41369818995709984,-0.48604433792296375,-0.9116256680218559,-1.001525717269374,0.7049864419885399,0.6990295239928291
-0.1764205307986887,1.6598921513974148,1.2279357018098151,1.2208121973197277,-0.010684955964216718,0.172871377626607,0.12903694948571706,-1.3119635697556518,0.4324573595581485,-0.5502448492083655,-0.5963554078810412,0.1665159434996964,0.35748550553073083,0.41369818995709984,-0.4732727145599048,-0.9435685361153767,-0.9999957410018442,0.8488727695053733,0.8335300776367633
-0.1764205307986887,1.6598921513974148,1.3723987253927767,-0.7054689621240783,-0.010684955964216718,1.3367179501874675,1.2891713574240191,-1.3119635697556518,0.31282615517030443,-0.5819819563432125,-0.6359414357008514,0.14943302654510546,0.2722441482336832,0.41369818995709984,-0.4829390246472079,-0.9653247448773589,-1.0035279057588506,0.6965054393968114,0.6905515738173004
-0.1764205307986887,1.6598921513974148,1.5168617489757383,1.300100131344344,-0.010684955964216718,0.18721082754365478,0.1643150870160263,-1.3119635697556518,0.6717197683338367,-0.6412091710724038,-0.6722710910414208,0.16042013815327524,0.2556303803828486,0.41369818995709984,-0.4857347476725329,-0.9835469250682917,-1.0144054735736356,0.8427731224191417,0.8317211750591302
-0.1764205307986887,1.6598921513974148,1.6613247725587,-0.7054689621240783,-0.010684955964216718,1.2682943803416393,1.2423723842601655,-1.2513014286869564,0.5520885639459927,-0.6750346594586998,-0.7037465353043534,0.14655944804940055,0.21665082855840112,0.41369818995709984,-0.4967460741712948,-0.9962237762005182,-1.0203951356215468,0.7001717080173008,0.689054946673323
-0.1764205307986887,1.7699700034095784,-1.6613247698494156,1.315149336057784,-0.010684955964216718,0.1720063781700395,0.15975194607360968,-1.4636188862699449,1.0904289836912913,-0.7304556956738796,-0.7417855391808398,0.14177128714451345,0.19122373104772378,0.41369818995709984,-0.505733602205237,-1.0101718621794196,-1.0289060078530894,0.8454036121010393,0.8343529766797826
-0.1764205307986887,1.7699700034095784,-1.516861746266454,-0.7054689621240783,-0.010684955964216718,1.2552755551265706,1.2398192556516563,-1.4636188862699449,0.6717197683338367,-0.7624342844332535,-0.77718500402994,0.10333642887861541,0.13786749286159214,0.41369818995709984,-0.5192059660883671,-1.0209056107333472,-1.035597378563077,0.6949931733448288,0.6838739202035166
-0.1764205307986887,1.7699700034095784,-1.3723987226834924,-0.7054689621240783,-0.010684955964216718,1.2929806596436162,1.2810558461590735,-1.4939499206468474,0.910982177109525,-0.8289761849358573,-0.8069842704345725,0.12653816708570406,0.14932456987349307,0.41369818995709984,-0.5351907646460772,-1.0465555543895535,-1.058353066661087,0.6339599803929278,0.6228128031411106
-0.1764205307986887,1.7699700034095784,-1.2279356991005308,-0.7054689621240783,-0.010684955964216718,1.3132808692743407,1.3033883849070669,-1.4636188862699449,0.6717197683338367,-0.9308600249128527,-0.8304641698736394,0.20708275662105513,0.22029824402984208,0.41369818995709984,-0.5544379639721624,-1.0860510720252639,-1.095873350806537,0.6097255613896759,0.5985674024276498
-0.1764205307986887,1.7699700034095784,-1.0834726755175694,-0.7054689621240783,-0.010684955964216718,1.309241051664084,1.3008270812562153,-1.4636188862699449,1.0904289836912913,-1.05852754693248,-0.8500158141719493,0.3595000537466947,0.361871627445928,0.41369818995709984,-0.5664487626589871,-1.1312530551048827,-1.1392021270056127,0.5821749936886947,0.5717723670547545
-0.1764205307986887,1.7699700034095784,-0.9390096519346078,-0.7054689621240783,-0.010684955964216718,1.30915002121939,1.3017850285255819,-1.4939499206468474,0.910982177109525,-1.176905719035749,-0.8693352637269408,0.4798979633150316,0.47546975343921954,0.41369818995709984,-0.5800972768794629,-1.1692014267937554,-1.1761783593919082,0.567022991499249,0.5563878842238452
-0.1764205307986887,1.7699700034095784,-0.7945466283516462,-0.7054689621240783,-0.010684955964216718,1.3090045406934585,1.302376146971887,-1.615274202784238,1.0904289836912913,-1.290318467042444,-0.8921764511821081,0.5408133947309532,0.532874203555493,0.41369818995709984,-0.6009085946804451,-1.2001657516989024,-1.2067147136260725,0.5549963271498843,0.54423905846174
-0.1764205307986887,1.7699700034095784,-0.6500836047686848,-0.7054689621240783,-0.010684955964216718,1.324543837043486,1.318370512506786,-1.615274202784238,1.0904289836912913,-1.373814250574507,-0.9094858988253361,0.5847686606913588,0.575117144118986,0.41369818995709984,-0.6167669510781975,-1.2225349886713432,-1.228979118976421,0.5507815673187784,0.5395965227003635
-0.1764205307986887,1.7699700034095784,-0.5056205811857232,-0.7054689621240783,-0.010684955964216718,1.2848591882602989,1.285373316598274,-1.3422946041325543,0.7913509727216809,-1.1574513974675595,-0.8692258710667149,1.3619314172406591,0.7352915079531054,0.04895888435141979,-0.667598871097694,-1.3875020741070336,-1.2661601428036249,0.5438072504614976,0.5330502132814441
-0.1764205307986887,1.7699700034095784,-0.3611575576027617,-0.7054689621240783,-0.010684955964216718,1.1357992527414653,1.168272962001712,-0.8569976202127723,-0.04606745799322794,-0.6852651856789621,-0.7536154731853977,2.0904990716527156,0.9385766456870261,-1.1491433458954736,-0.7411561150494413,-1.5078406197671856,-1.291104173727345,0.5200010758264956,0.5088910776320049
-0.1764205307986887,1.7699700034095784,-0.21669453401980013,-0.7054689621240783,-0.010684955964216718,-0.6991224441542135,-0.6983308925851475,-0.553686987184186,-0.9433014909020588,0.008950335840869544,-0.6314753921272418,2.2363542782236427,1.0156452768691002,-2.4674178979012784,-0.829093017772565,-1.5445840183004946,-1.3203685455674208,-1.2740310493992413,-1.2860490588430924
-0.1764205307986887,1.7699700034095784,-0.0722315104368386,-0.7054689621240783,-0.010684955964216718,-0.6991224441542135,-0.6983308925851475,-0.2503763541555997,-1.7807199216169676,0.41658937899483894,-0.47327313842674623,1.9882828754438833,0.915306134979233,-3.1790934188423265,-0.9580353060114473,-1.5317490426781164,-1.3348514179395368,-1.2740310493992413,-1.2860490588430924
-0.1764205307986887,1.7699700034095784,0.07223151314612293,-0.7054689621240783,-0.010684955964216718,-0.6991224441542135,-0.6983308925851475,-0.09872103764130656,-1.8405355238108898,0.8243963221148921,-0.3498422239779247,1.5391436647384638,0.7215000850394823,-3.7424968202908526,-1.041513674785069,-1.454336240413162,-1.2987267495395387,-1.2740310493992413,-1.2860490588430924
-0.1764205307986887,1.7699700034095784,0.21669453672908448,-0.7054689621240783,-0.010684955964216718,-0.6991224441542135,-0.6983308925851475,0.05293427887298657,-1.8405355238108898,1.108572700567174,-0.2586327411588666,1.1038642916959531,0.5705742252628326,-4.078656649710479,-1.1200248453473742,-1.364361576866302,-1.260204937728311,-1.2740310493992413,-1.2860490588430924
-0.1764205307986887,1.7699700034095784,0.361157560312046,-0.7054689621240783,-0.010684955964216718,-0.6991224441542135,-0.6983308925851475,0.20458959538727972,-2.079797932586578,1.265672217039876,-0.18627761264906545,0.7283666035848527,0.6341952129205458,-4.208536025420417,-1.1791698547804277,-1.2913551770602403,-1.2798783521077555,-1.2740310493992413,-1.2860490588430924
-0.1764205307986887,1.7699700034095784,0.5056205838950075,-0.7054689621240783,-0.010684955964216718,-0.6991224441542135,-0.6983308925851475,0.05293427887298657,-1.6012731150352015,1.2672823175114447,-0.16867104042548192,0.3793832392739319,0.7773919058430018,-3.94492463706421,-1.1878465860547793,-1.173934189594907,-1.2723946877385484,-1.2740310493992413,-1.2860490588430924
-0.1764205307986887,1.7699700034095784,0.6500836074779691,-0.7054689621240783,-0.010684955964216718,2.931473162895699,-0.6983308925851475,-0.09872103764130656,-1.122748297483825,1.024216680555494,-0.18884163545294083,0.10210124191917418,0.9700760610929161,-3.1470871665899165,-1.163685516222245,-1.0676461343453736,-1.2778886244731487,0.7329449129003045,0.7111695388339059
-0.1764205307986887,1.7699700034095784,0.7945466310609306,1.8187099493329346,-0.010684955964216718,0.1429426487077396,-0.6983308925851475,-0.37170063629299027,-0.6442234799324486,0.023521510985107543,-0.2842560309792628,0.20820286405011362,0.3290465651755901,-0.33954322380931745,-1.1031378192398893,-1.0646067019686896,-1.1005330603963985,0.8977550910401955,0.8812043320800116
-0.1764205307986887,1.7699700034095784,0.9390096546438922,-0.7054689621240783,-0.010684955964216718,0.7468217476922694,1.8111566148854688,-0.4778593289270394,-0.04606745799322794,-0.14596648107274302,-0.38806754825634426,0.20957529400504835,-0.5827670553415112,0.33589317502337085,-1.028017422020573,-1.0241653417194396,-0.812468326916996,0.8371672434296352,0.8284724040613537
-0.1764205307986887,1.7699700034095784,1.0834726782268538,-0.7054689621240783,-0.010684955964216718,1.1303870408056593,1.5011879363301368,-0.553686987184186,-0.04606745799322794,-0.3419398566251058,-0.4652663014573088,0.2370937932629378,-0.4185302253098903,0.41369818995709984,-0.979937308092981,-1.0175191650197726,-0.8448695835265465,0.7352200623623935,0.7276533377419564
-0.1764205307986887,1.7699700034095784,1.2279357018098151,-0.7054689621240783,-0.010684955964216718,1.2115035763070277,1.4250279841684288,-0.5840180215610886,-0.10588306018714999,-0.5227794918082246,-0.5223325706221189,0.30839621784710747,-0.19456717655500294,0.41369818995709984,-0.931030976692688,-1.0040970849979063,-0.8742316918109078,0.68055005149257,0.671357289714763
-0.1764205307986887,1.7699700034095784,1.3723987253927767,-0.7054689621240783,-0.010684955964216718,1.2539611848258148,1.384380206326143,-0.59918361106443,-0.10588306018714999,-0.6762179863112984,-0.556482136108251,0.43991507225524445,0.0773195575493573,0.41369818995709984,-0.8954478846433612,-1.0142534102435792,-0.9248719558714635,0.6425363884134802,0.6327490631994005
-0.1764205307986887,1.7699700034095784,1.5168617489757383,-0.7054689621240783,-0.010684955964216718,1.2785200635516147,1.3609561946171886,-0.59918361106443,-0.04606745799322794,-0.8180332544770321,-0.5916134125000232,0.5276090841707429,0.2751771733645109,0.41369818995709984,-0.8534702940465537,-1.008556195620183,-0.9492488553657042,0.6141637139324246,0.6040195183979331
-0.1764205307986887,1.7699700034095784,1.6613247725587,-0.7054689621240783,-0.010684955964216718,1.293964965745366,1.346278639748846,-0.59918361106443,0.13337934858853825,-0.9262631780326616,-0.6053834782656198,0.6691245137847925,0.4912567737831942,0.41369818995709984,-0.8156633643136956,-1.0117236335365134,-0.973150075269686,0.5922832888777239,0.5819022624705277
0.14797994414727353,-1.5323655569553345,-1.6613247698494156,1.7055721589612647,-0.010684955964216718,-0.03900592424834222,-0.01074081535663361,-0.6295146454413326,0.3726417573642265,-0.9817571269821168,-0.6102454526933373,0.7319281019399566,0.5862052871521664,0.41369818995709984,-0.7958138756149873,-1.0093894148723699,-0.9795402183575963,0.8275035735409749,0.8164448821422434
0.14797994414727353,-1.5323655569553345,-1.516861746266454,-0.7054689621240783,-0.010684955964216718,1.0603889385913872,1.0848215009198898,-0.6598456798182352,0.6119041661399147,-0.9922191009643911,-0.6264652082888957,0.6768484813758877,0.5633800126777836,0.41369818995709984,-0.7604132077506377,-0.9684663665503993,-0.9459626570483077,0.6335475769260676,0.6224003290939001
0.14797994414727353,-1.5323655569553345,-1.3723987226834924,2.490383107486049,-0.010684955964216718,-0.6991224441542135,-0.6983308925851475,-0.7205078932018206,0.7913509727216809,-0.9796781106690152,-0.6561437898877307,0.5777061872897228,0.4910404443138536,0.41369818995709984,-0.7246083593177209,-0.9207826895168424,-0.9041396938938395,1.028630458198589,1.0176635739590607
0.14797994414727353,-1.5323655569553345,-1.2279356991005308,-0.7054689621240783,-0.010684955964216718,1.2518418362970367,1.2660062220559112,-0.7660043724522843,0.910982177109525,-0.9092156456197291,-0.7068921036051716,0.29451165939619045,0.2390140970730681,0.41369818995709984,-0.6745527072917054,-0.8213398111756702,-0.8105088303998568,0.7267957629972303,0.7263155120816294
0.14797994414727353,-1.5323655569553345,-1.0834726755175694,1.7634488577016,-0.010684955964216718,0.19666306732169153,-0.6983308925851475,-0.8115009963325283,0.910982177109525,-0.8886917143074439,-0.7614014075570886,0.13690555411173874,0.11795092741489409,0.41369818995709984,-0.6259870940781688,-0.7586362437959526,-0.7569652955098258,0.9021757825893669,0.88536308680539
0.14797994414727353,-1.5323655569553345,-0.9390096519346078,-0.7054689621240783,-0.010684955964216718,1.1332003650802458,1.4613652089150344,-0.8266665858358697,0.910982177109525,-0.8569439043859143,-0.8094353717827308,0.047356630654663924,-0.12935138792563897,0.41369818995709984,-0.5852143235284394,-0.7202397451506366,-0.6695785122136237,0.7625776590828097,0.757277498385511
0.14797994414727353,-1.5323655569553345,-0.7945466283516462,1.8330904958602678,-0.010684955964216718,0.276598309361776,-0.6983308925851475,-0.7053423036984792,1.0904289836912913,-0.864702755806656,-0.8424754839664429,0.024826615928624063,-0.18352766572810836,0.41369818995709984,-0.5430231808103292,-0.6887198331763512,-0.6269890439517545,0.9085859473448843,0.8975641633782446
0.14797994414727353,-1.5323655569553345,-0.6500836047686848,-0.7054689621240783,-0.010684955964216718,1.0417283281250254,1.462986592312967,-0.7053423036984792,0.6717197683338367,-0.8501108440132203,-0.8738669428966859,-0.014109477625163179,-0.2858313810546621,0.41369818995709984,-0.49941149420735037,-0.6533337236340176,-0.5696652107599124,0.7869737272843332,0.7758964088543833
0.14797994414727353,-1.5323655569553345,-0.5056205811857232,1.808411500929691,-0.010684955964216718,0.29367723957258174,-0.6983308925851475,-0.6143490559379912,0.910982177109525,-0.7873711084796221,-0.8572025590692415,0.08793282062664642,-0.29449629863670135,0.41369818995709984,-0.4782688689910591,-0.6541331666345667,-0.5351516767169892,0.9104303322953204,0.899409334165692
0.14797994414727353,-1.5323655569553345,-0.3611575576027617,-0.7054689621240783,-0.010684955964216718,1.0761484529340637,1.5508104433492138,-0.28070738853250227,0.1931949507824603,-0.5840141479645775,-0.7362269805231677,0.3555805301859557,-0.25718365760701817,0.41369818995709984,-0.519859170147538,-0.7047441905218563,-0.5159502578489727,0.792990029628026,0.7871075886949604
0.14797994414727353,-1.5323655569553345,-0.21669453401980013,-0.7054689621240783,-0.010684955964216718,-0.6991224441542135,-0.6983308925851475,0.05293427887298657,0.013748144200694123,-0.5186957097646322,-0.5942931797960086,0.4142216491051284,-0.13476465557704648,0.41369818995709984,-0.5570517454161741,-0.6723013478499511,-0.502446808669647,-1.2740310493992413,-1.2860490588430924
0.14797994414727353,-1.5323655569553345,-0.0722315104368386,1.0188201935723846,-0.010684955964216718,0.2653353415926307,0.397740529693668,0.3107484326511092,-0.8834858887081368,-0.5183973695858538,-0.5214320220127754,0.31236944518869175,-0.14238649618288512,0.41369818995709984,-0.566955255204314,-0.6114251402244487,-0.4676008406898413,0.9743498094845136,0.9633581793688527
0.14797994414727353,-1.5323655569553345,0.07223151314612293,-0.7054689621240783,-0.010684955964216718,1.140530523313844,1.2434902688963871,0.35624491190157287,-1.122748297483825,-0.4969055050029579,-0.44617128329555483,0.24245138473297795,-0.109658698325119,0.41369818995709984,-0.5800369514214678,-0.5642965124216283,-0.4516734843501305,0.7802087623397362,0.7691283920737739
0.14797994414727353,-1.5323655569553345,0.21669453672908448,-0.7054689621240783,-0.010684955964216718,-0.6991224441542135,-0.6983308925851475,0.507900228415866,-1.3620107062595133,-0.4894878049077251,-0.36719401716704664,0.25202173945599154,-0.002735761887721995,0.41369818995709984,-0.6035163435786574,-0.552878633420514,-0.4725997022426892,-1.2740310493992413,-1.2860490588430924
0.14797994414727353,-1.5323655569553345,0.361157560312046,1.012661971882525,-0.010684955964216718,0.28651768458579474,0.33883306112172507,0.4472381596620609,-1.4218263084534353,-0.5183278014724167,-0.3475047498445817,0.1634360742902684,-0.032322590008472554,0.41369818995709984,-0.612277530494202,-0.5276875734887886,-0.46566626588244225,0.9847610619126197,0.9737741223603368
0.14797994414727353,-1.5323655569553345,0.5056205838950075,-0.7054689621240783,-0.010684955964216718,1.1682769392277534,1.2079971696757636,0.05293427887298657,0.3726417573642265,-0.568751974155142,-0.3765149775773913,0.066135052690227,-0.07745914684597534,0.41369818995709984,-0.576055712495623,-0.47701502088832426,-0.43051711988588387,0.7971524064784004,0.7860797845117471
0.14797994414727353,-1.5323655569553345,0.6500836074779691,1.7754314205113322,-0.010684955964216718,0.3246601767245171,-0.6983308925851475,0.05293427887298657,0.7315353705277589,-0.6079355451244313,-0.41676441894953903,0.06637203127871884,-0.0565791606230277,0.41369818995709984,-0.5421928612064847,-0.46517934901663244,-0.4254450101774517,0.9615734024727864,0.9505757869132675
0.14797994414727353,-1.5323655569553345,0.7945466310609306,-0.7054689621240783,-0.010684955964216718,1.0567679030731179,1.435258106385972,-0.09872103764130656,1.0904289836912913,-0.6578011661271567,-0.4947564453769159,0.046590286226411565,-0.1411790758888909,0.41369818995709984,-0.49360601343173377,-0.4545968406213126,-0.3920601045199809,0.8229745158254788,0.8119136098719922
0.14797994414727353,-1.5323655569553345,0.9390096546438922,1.7850314287969171,-0.010684955964216718,0.32513898004504993,-0.6983308925851475,-0.09872103764130656,1.0904289836912913,-0.7064473383722294,-0.5684701601508129,0.053634005926800045,-0.18041268906686628,0.41369818995709984,-0.4500312460090479,-0.45649992802251205,-0.3779392470706564,0.9423886308079725,0.931382322431291
0.14797994414727353,-1.5323655569553345,1.0834726782268538,-0.7054689621240783,-0.010684955964216718,1.0335280197514993,1.487980421768155,-0.09872103764130656,0.013748144200694123,-0.7234908572401557,-0.6236435834141658,0.05346010796977726,-0.2520546368164885,0.41369818995709984,-0.4176369576693423,-0.4569151392687606,-0.3532255794291436,0.8190504725369214,0.8079878322910145
0.14797994414727353,-1.5323655569553345,1.2279357018098151,1.7863590570709147,-0.010684955964216718,0.32368764361330515,-0.6983308925851475,-0.113886627144648,-0.04606745799322794,-0.7401791773750522,-0.6681113469164438,0.05317283536430335,-0.28116520471016354,0.41369818995709984,-0.37778499491045014,-0.4469756704667242,-0.3325210563980131,0.9298797190174388,0.9188677409939395
0.14797994414727353,-1.5323655569553345,1.3723987253927767,-0.7054689621240783,-0.010684955964216718,1.0192335069188703,1.5091518948870406,-0.2503763541555997,0.013748144200694123,-0.7266006856956285,-0.7047501247420387,0.05900694133422453,-0.3286117913462456,0.41369818995709984,-0.3469912616222705,-0.4425610928641228,-0.30878562004143356,0.8140326870115059,0.8029676563562602
0.14797994414727353,-1.5323655569553345,1.5168617489757383,1.7921674307696536,-0.010684955964216718,0.33024236121121264,-0.6983308925851475,-0.2503763541555997,0.3726417573642265,-0.7356278173382622,-0.734405416290632,0.07730714398797496,-0.3237577940671257,0.41369818995709984,-0.3257451179200596,-0.44637802443455915,-0.3081465407194867,0.9304031888042696,0.9193914785322754
0.14797994414727353,-1.5323655569553345,1.6613247725587,-0.7054689621240783,-0.010684955964216718,1.010842202797066,1.5221078696846373,-0.28070738853250227,0.5520885639459927,-0.7284957478626223,-0.764358538178679,0.054873455091070264,-0.3822053211595997,0.41369818995709984,-0.2918501734872678,-0.4253633872610842,-0.27248032342344874,0.8112823105077275,0.8002161901337346
0.14797994414727353,-1.4222877049431708,-1.6613247698494156,1.7979252110665995,-0.010684955964216718,0.3369836596859469,-0.6983308925851475,-0.40203167066989287,0.7315353705277589,-0.7412113273657587,-0.7910192938734757,0.06795160438834244,-0.37117084125059674,0.41369818995709984,-0.26952516929427256,-0.423935318736422,-0.2703303383596865,0.9336350927082449,0.9226248816445376
0.14797994414727353,-1.4222877049431708,-1.516861746266454,-0.7054689621240783,-0.010684955964216718,0.9712751788032697,1.496036192339059,-0.40203167066989287,0.7315353705277589,-0.7365429055996274,-0.8182136034465354,0.04333566661899499,-0.4237925654245486,0.41369818995709984,-0.238361037694003,-0.404483424823439,-0.23895975698078342,0.7784857042931254,0.7674047300344615
0.14797994414727353,-1.4222877049431708,-1.3723987226834924,-0.7054689621240783,-0.010684955964216718,-0.6991224441542135,-0.6983308925851475,-0.4475282945501369,0.910982177109525,-0.7853208559057301,-0.8454777831703201,-0.0030874159373956637,-0.4338544012078339,0.41369818995709984,-0.19788724011409736,-0.3706232703949091,-0.21582937639459243,-1.2740310493992413,-1.2860490588430924
0.14797994414727353,-1.4222877049431708,-1.2279356991005308,1.0016866124687689,-0.010684955964216718,0.2779451605024978,0.41178682456163923,-0.553686987184186,0.7315353705277589,-0.8595587289573152,-0.8648508704167773,-0.12847892468337696,-0.49531041719951024,0.41369818995709984,-0.17693693245789446,-0.3202106013102315,-0.18516852196698677,0.9965380520548542,0.9855563728266347
0.14797994414727353,-1.4222877049431708,-1.0834726755175694,-0.7054689621240783,-0.010684955964216718,1.2322366535719902,1.3311206439305276,-0.7053423036984792,1.0904289836912913,-0.9427193814813783,-0.9106772201831511,-0.32969250001418865,-0.5880411342645833,0.41369818995709984,-0.13645348280470962,-0.245628334986672,-0.1464358508203051,0.8065914235837166,0.8020236583753863
0.14797994414727353,-1.4222877049431708,-0.9390096519346078,1.1837536069618033,-0.010684955964216718,0.1790819980412512,0.22519871486191995,-0.6143490559379912,0.910982177109525,-0.9908484753448463,-0.9394340803996956,-0.35669953469259935,-0.5596516646020436,0.41369818995709984,-0.10548914912131985,-0.23392991947513905,-0.15528500817275628,0.9343796150735586,0.923369711829143
0.14797994414727353,-1.4222877049431708,-0.7945466283516462,-0.7054689621240783,-0.010684955964216718,1.2179362542440924,1.25933706443618,-0.7053423036984792,1.0904289836912913,-1.0103496216047725,-0.9641045954374791,-0.36640201776531167,-0.5184912098715692,0.41369818995709984,-0.0741722734614067,-0.22921608858573364,-0.16972594705935298,0.7912626513355817,0.7801873273951869
0.14797994414727353,-1.4222877049431708,-0.6500836047686848,1.245728550656588,-0.010684955964216718,0.16760138762113702,0.18856163375452006,-0.553686987184186,0.7315353705277589,-1.0363828123619434,-0.9754532017370431,-0.3344056461140855,-0.4465029672737389,0.41369818995709984,-0.05054737629953298,-0.2394089868427342,-0.1955114649302144,0.9242178568423395,0.9132033432984152
0.14797994414727353,-1.4222877049431708,-0.5056205811857232,-0.7054689621240783,-0.010684955964216718,1.2795031082615211,1.3008358851479687,-0.4930249184303809,0.910982177109525,-0.8587486617902733,-0.919901491597038,0.15302691765690962,-0.314699626403223,0.41269788489163906,-0.055382099805092413,-0.389750094777798,-0.22373172548743495,0.7667823383403041,0.7623013626127886
0.14797994414727353,-1.4222877049431708,-0.3611575576027617,1.7686481370773361,-0.010684955964216718,0.15921460348677127,-0.6983308925851475,-0.2958729780358437,0.7913509727216809,-0.2804898068867649,-0.8075234703856214,0.7699205433446055,-0.2512513669264562,-1.2040173909075285,-0.021917637840553637,-0.5029670145910244,-0.14823801550030177,0.9374390691646783,0.9199008727107979
0.14797994414727353,-1.4222877049431708,-0.21669453401980013,-0.7054689621240783,-0.010684955964216718,-0.6991224441542135,2.843269754931723,-0.09872103764130656,0.7315353705277589,0.23668824441895353,-0.6427957680628765,0.9816540926343297,0.02075694769361874,-1.674803072821391,-0.1171230343465912,-0.5504882644272147,-0.22836326270976406,0.6594060483422449,0.6643493290149864
0.14797994414727353,-1.4222877049431708,-0.0722315104368386,-0.7054689621240783,-0.010684955964216718,-0.6991224441542135,-0.6983308925851475,0.09843090275323058,0.4922729617520706,0.9262734728502109,-0.5060055396436293,0.8808623252793457,0.239522219780124,-2.601399109353329,-0.17240769707162223,-0.48697966052756847,-0.2729581701189024,-1.2740310493992413,-1.2860490588430924
0.14797994414727353,-1.4222877049431708,0.07223151314612293,2.301407243100668,-0.010684955964216718,-0.6991224441542135,-0.6983308925851475,0.21975518489062115,0.013748144200694123,1.584419265401232,-0.4075606145495008,0.5592457257344023,0.2963112209409865,-3.382982499974468,-0.21919588099079115,-0.3680113119800366,-0.27962440240863035,0.9955181140176522,0.9699891146106723
0.14797994414727353,-1.4222877049431708,0.21669453672908448,-0.7054689621240783,-0.010684955964216718,-0.6991224441542135,-0.6983308925851475,0.35624491190157287,-0.2853298667689162,1.8423918774335881,-0.30083148916033,0.286868673696846,0.3349838867740437,-3.2821119711628923,-0.26449185438099326,-0.2545558070517378,-0.27422787705253643,-1.2740310493992413,-1.2860490588430924
0.14797994414727353,-1.4222877049431708,0.361157560312046,0.9652421398921814,-0.010684955964216718,1.1622855382038824,-0.6983308925851475,0.5837278866730126,-0.9433014909020588,2.0573446383950986,-0.21445857344145297,0.07994289145422223,0.5190056399008647,-3.201641815949491,-0.3102400274043266,-0.1775607976573608,-0.33757452900177,0.9638156100603945,0.9542874386227426
0.14797994414727353,-1.4222877049431708,0.5056205838950075,1.0874074437085817,-0.010684955964216718,0.9953350719390436,-0.6983308925851475,0.35624491190157287,-0.8236702865142147,2.184298418327828,-0.1787210499842998,0.10195035986822794,1.0225745277785228,-2.7142019321562905,-0.3250448600036525,-0.18973702880512072,-0.5113707311513188,0.8755661284288825,0.8677064108748689
0.14797994414727353,-1.4222877049431708,0.6500836074779691,1.1440960945529157,-0.010684955964216718,0.960007585930699,-0.6983308925851475,0.05293427887298657,0.013748144200694123,1.8843682068028773,-0.18290690719591138,0.2772693359809953,1.3854579892479697,-1.4606968406522096,-0.3099564977517496,-0.24285179802082532,-0.6170736708434611,0.8355041287939649,0.8259996088294919
0.14797994414727353,-1.4222877049431708,0.7945466310609306,1.177614940877601,-0.010684955964216718,0.8995958514938049,-0.6983308925851475,-0.03805896888750143,0.6119041661399147,1.0225918637522367,-0.2563136167620776,0.340635535173586,0.7059897651795479,0.41369818995709984,-0.2546370875629134,-0.2534340912807844,-0.38485209593155273,0.8160727430961529,0.8057422768596278
0.14797994414727353,-1.4222877049431708,0.9390096546438922,0.35071458788257276,-0.010684955964216718,0.17043662857900158,1.0852602281922716,-0.09872103764130656,0.7315353705277589,0.6075826141189388,-0.3504364731386357,0.342972928301804,-0.32363369809246517,0.41369818995709984,-0.1714301833502696,-0.23385806426464836,0.02118171770834608,0.9243481842583179,0.9101027187169989
0.14797994414727353,-1.4222877049431708,1.0834726782268538,-0.7054689621240783,-0.010684955964216718,1.0305707916907856,1.5207730320016335,-0.32620401241274627,0.910982177109525,0.4690845409006538,-0.44325438094256364,0.2899766734581453,-0.4772477449958825,0.41369818995709984,-0.11081395664763148,-0.21581853399499282,0.08322745640914048,0.7970625813671113,0.7900824015202977
0.14797994414727353,-1.4222877049431708,1.2279357018098151,1.4769994224854566,-0.010684955964216718,0.5806839331224996,-0.6983308925851475,-0.553686987184186,1.0904289836912913,0.18597710326830016,-0.5237158584546528,0.296686236299941,-0.39061953133337207,0.41369818995709984,-0.05843432667781258,-0.2180750887939054,0.04761780055868682,0.8587241900775496,0.8458879066418664
0.14797994414727353,-1.4222877049431708,1.3723987253927767,-0.7054689621240783,-0.010684955964216718,0.9705430459542003,1.6644202644819912,-0.553686987184186,1.0904289836912913,0.058997904217199644,-0.584768255006275,0.28335661691775843,-0.4073473333230839,0.41369818995709984,-0.01804739775741989,-0.21336663628851874,0.05437700166127173,0.8070256082899875,0.7985595320752656
0.14797994414727353,-1.4222877049431708,1.5168617489757383,1.592644097975041,-0.010684955964216718,0.4575234205109712,-0.6983308925851475,-0.553686987184186,1.0904289836912913,-0.16399465631547167,-0.6340612934631624,0.290281847323901,-0.348232371123652,0.41369818995709984,0.014956901613532244,-0.21591728112557732,0.03011084124248542,0.8778198566720468,0.8640638121976393
0.14797994414727353,-1.4222877049431708,1.6613247725587,-0.7054689621240783,-0.010684955964216718,0.99411110138706,1.6385049610232725,-0.6750112693215766,0.910982177109525,-0.22441723853227974,-0.6863495735329446,0.2570392069806783,-0.39752949705754326,0.41369818995709984,0.05038749090504737,-0.20388540580488101,0.05028745744816241,0.796927213664327,0.7891996701763417
0.14797994414727353,-1.312209852931007,-1.6613247698494156,1.6614046574237624,-0.010684955964216718,0.39060879065773346,-0.6983308925851475,-0.7053423036984792,1.0904289836912913,-0.389781313096478,-0.7398665801927481,0.2104226203250515,-0.37461198908848037,0.41369818995709984,0.0869413402244313,-0.19870795821305814,0.028106052226774838,0.8970085885622081,0.8825288389062259
0.14797994414727353,-1.312209852931007,-1.516861746266454,-0.7054689621240783,-0.010684955964216718,0.974643725720898,1.5809386186284429,-0.8569976202127723,0.6717197683338367,-0.42044412801805564,-0.7838332547352816,0.18463713355062925,-0.4283975322680322,0.41369818995709984,0.11728480429413549,-0.19422668864862408,0.04476935749064014,0.7631364108772811,0.7556657145527446
0.14797994414727353,-1.312209852931007,-1.3723987226834924,-0.7054689621240783,-0.010684955964216718,-0.6991224441542135,-0.6983308925851475,-0.6901767141951377,0.910982177109525,-0.5061767939667893,-0.8075869887044623,0.15468150557152344,-0.3961552179868095,0.41369818995709984,0.1337826105466359,-0.18635316471587526,0.028259266564047283,-1.2740310493992413,-1.2860490588430924
0.14797994414727353,-1.312209852931007,-1.2279356991005308,0.8879016930181383,-0.010684955964216718,0.23580237436460993,0.39782689167944024,-0.553686987184186,0.7315353705277589,-0.6767631595079451,-0.8329653801177722,-0.09199615622915623,-0.513921459453327,0.41369818995709984,0.1519149954089716,-0.10795805439373365,0.06231749180554277,0.9788239640758751,0.9612552379150412
0.14797994414727353,-1.312209852931007,-1.0834726755175694,-0.7054689621240783,-0.010684955964216718,1.2139479434674385,1.3344671708792013,-0.7053423036984792,1.0904289836912913,-0.7412106584415911,-0.8610136581996921,-0.23889475054221984,-0.5360809757933824,0.41369818995709984,0.1677443955868863,-0.05978924712168432,0.06312755572735945,0.7943944695444132,0.7895959567174771
0.14797994414727353,-1.312209852931007,-0.9390096519346078,1.143892644490387,-0.010684955964216718,0.18864282263380175,0.24453709194784887,-0.7963355514589672,0.910982177109525,-0.8149107164623738,-0.8874563343331352,-0.23941473953135659,-0.4783436466099453,0.41369818995709984,0.18650609562702689,-0.06275553347571297,0.03607363118598089,0.9155482035158797,0.9045297087140012
0.14797994414727353,-1.312209852931007,-0.7945466283516462,-0.7054689621240783,-0.010684955964216718,1.2084217858017845,1.2590970535776624,-0.8569976202127723,1.0904289836912913,-0.8605079323512312,-0.9161637914128035,-0.2444543705211541,-0.42819797252499703,0.41369818995709984,0.20689658303303524,-0.06161273443940602,0.01480067646225398,0.7792568681744125,0.7681761978872922
0.14797994414727353,-1.312209852931007,-0.6500836047686848,1.21968891615439,-0.010684955964216718,0.1724325183811131,0.19788233491557594,-0.7053423036984792,1.0904289836912913,-0.9091159759187472,-0.9334788851288174,-0.21412707828096036,-0.35115868836395747,0.41369818995709984,0.219227589250898,-0.07310311405709319,-0.016125214930675865,0.9081902848306291,0.89716849155253
0.14797994414727353,-1.312209852931007,-0.5056205811857232,-0.7054689621240783,-0.010684955964216718,1.2634626188857416,1.291558469788034,-0.462693739423698,0.910982177109525,-0.6796542497605914,-0.863308081028043,0.5314697893048419,-0.1795230550863608,0.41369818995709984,0.16949238605775235,-0.3433834764227561,-0.08405984528782301,0.762802851896883,0.758354684707511
0.14797994414727353,-1.312209852931007,-0.3611575576027617,2.30107336253068,-0.010684955964216718,-0.6991224441542135,-0.6983308925851475,-0.09872103764130656,0.7315353705277589,0.19228907171438334,-0.7199479411633578,0.9463604793273971,-0.06195218093130207,-1.207786961575265,0.10224615021962058,-0.4541005233440611,-0.09868000377402976,1.044149861294129,1.020384919125978
0.14797994414727353,-1.312209852931007,-0.21669453401980013,-0.7054689621240783,-0.010684955964216718,-0.6991224441542135,2.8153723181296493,0.05293427887298657,0.3726417573642265,0.618505476852734,-0.5802238721727617,1.11144590164576,0.11107953206122546,-1.6866359212799529,0.03826207384803192,-0.48256164075919505,-0.1367913658613619,0.6446754501318125,0.6557707704156224
0.14797994414727353,-1.312209852931007,-0.0722315104368386,-0.7054689621240783,-0.010684955964216718,-0.6991224441542135,-0.6983308925851475,0.32591373289489,-0.04606745799322794,1.271328639801648,-0.437843325936422,0.9479596585792341,0.32897445535247655,-2.2105652959347397,-0.018998368277254676,-0.39674242427291256,-0.18276650256906912,-1.2740310493992413,-1.2860490588430924
0.14797994414727353,-1.312209852931007,0.07223151314612293,2.278277446838465,-0.010684955964216718,-0.6991224441542135,-0.6983308925851475,0.6595555449301591,-1.062932695289903,1.819277202819938,-0.31252309438163456,0.6236612797558904,0.3883577331727961,-2.985194518942898,-0.08384606390550121,-0.28604796656448633,-0.20464863056305466,0.9482794660122496,0.9241460974053382
0.14797994414727353,-1.312209852931007,0.21669453672908448,-0.7054689621240783,-0.010684955964216718,-0.6991224441542135,-0.6983308925851475,0.507900228415866,-0.8236702865142147,2.0334453157327776,-0.2177234150298723,0.32412460610704547,0.4137898616013651,-2.6230852551935406,-0.11678183355617092,-0.16931831658092478,-0.20437492517695124,-1.2740310493992413,-1.2860490588430924
0.14797994414727353,-1.312209852931007,0.361157560312046,0.8906904300304378,-0.010684955964216718,1.2389672302160561,-0.6983308925851475,0.507900228415866,-0.8236702865142147,2.2436915262506,-0.15973613024186994,0.1043414567772912,0.6040122210296356,-2.4096681220694545,-0.1496782710082278,-0.08697203022323848,-0.27343926747214825,0.9491823973914598,0.9388988576890293
0.14797994414727353,-1.312209852931007,0.5056205838950075,1.0486062515364225,-0.010684955964216718,1.0421548888000467,-0.6983308925851475,0.35624491190157287,0.013748144200694123,2.3038365049378275,-0.1303370292459347,0.11742216339746077,1.0908398911365373,-1.8369063110085067,-0.13745971144406793,-0.05617196116602448,-0.4102770074979992,0.8671187877526072,0.859289522431118
0.14797994414727353,-1.312209852931007,0.6500836074779691,1.1188322255448753,-0.010684955964216718,0.9906476347332208,-0.6983308925851475,0.05293427887298657,1.0904289836912913,1.98330543582131,-0.1427054574424434,0.18860695112835033,1.4417262904070474,-0.51100838145119,-0.10006371873107238,-0.04754546347064872,-0.49505264574498536,0.8275586566753526,0.817996833674073
0.14797994414727353,-1.312209852931007,0.7945466310609306,0.3263535061008505,-0.010684955964216718,0.24256417045679837,1.0050154798734192,0.05293427887298657,0.7315353705277589,1.0548460492686884,-0.22549311694230392,0.31810552044754614,0.2905558508729473,0.41369818995709984,-0.020324804447650974,-0.07345916307913535,-0.06312777621123833,0.9138447665857629,0.9001914570858127
0.14797994414727353,-1.312209852931007,0.9390096546438922,1.1485780958422407,-0.010684955964216718,0.8902938224611121,-0.6983308925851475,0.05293427887298657,0.7315353705277589,0.6332713089297625,-0.31158937509467416,0.24801867668060437,0.015388958303236007,0.41369818995709984,0.0718964123022849,-0.015308720474342506,0.07911602443356366,0.8225590521844864,0.8136085851916773
0.14797994414727353,-1.312209852931007,1.0834726782268538,-0.7054689621240783,-0.010684955964216718,0.8749334335208646,1.723090447209531,-0.09872103764130656,1.0904289836912913,0.4969418878630461,-0.39873721430340947,0.26449806543141036,-0.392469232144866,0.41369818995709984,0.15117419878479174,-0.005433146874449015,0.27037952787424907,0.8333611068502851,0.8230008221027519
0.14797994414727353,-1.312209852931007,1.2279357018098151,1.4422196881189262,-0.010684955964216718,0.5914427646182583,-0.6983308925851475,-0.1593831063951117,0.910982177109525,0.2348747910004148,-0.46703211072108425,0.2880322556151602,-0.3428702511374762,0.41369818995709984,0.21358740023018796,-0.009369478570101926,0.25428400417142166,0.8389776064441323,0.8267684129155
0.14797994414727353,-1.312209852931007,1.3723987253927767,-0.7054689621240783,-0.010684955964216718,0.9516463449811607,1.6689112973586175,-0.2503763541555997,1.0904289836912913,0.11307440285537364,-0.5226755695438595,0.29849000138356946,-0.389489251780383,0.41369818995709984,0.27479891855232175,-0.004299168387932838,0.28488634675876773,0.8020441848336709,0.7933258449844293
0.14797994414727353,-1.312209852931007,1.5168617489757383,1.5669688436112874,-0.010684955964216718,0.458410809672758,-0.6983308925851475,-0.2503763541555997,0.7315353705277589,-0.10733343469344166,-0.5681370418564475,0.3073911899484317,-0.33403595931975166,0.41369818995709984,0.3189938316831972,-0.012483778052326963,0.25525551743025104,0.8610465022233214,0.8474314570629482
0.14797994414727353,-1.312209852931007,1.6613247725587,-0.7054689621240783,-0.010684955964216718,0.9909476357599608,1.6418246570637451,-0.40203167066989287,0.910982177109525,-0.15985334679346014,-0.6093950129799682,0.31623015032279067,-0.3474458709599252,0.41369818995709984,0.3512602300519533,-0.01880079765004552,0.2579832527389473,0.7971110041224956,0.7893189249679347
0.14797994414727353,-1.2021320009188432,-1.6613247698494156,1.6840383871754783,-0.010684955964216718,0.42550982110704366,-0.6983308925851475,-0.40203167066989287,0.7315353705277589,-0.24400868955484056,-0.6398781599507871,0.3249412445522799,-0.30166116420071576,0.41369818995709984,0.37377369097572527,-0.024432611123773557,0.23547569818574215,0.8756755746566656,0.8646387760210238
0.14797994414727353,-1.2021320009188432,-1.516861746266454,-0.7054689621240783,-0.010684955964216718,-0.6991224441542135,2.635419303373234,-0.40203167066989287,0.7315353705277589,-0.3029997740528464,-0.6697091855148402,0.2668005084800306,-0.2868652346813947,0.41369818995709984,0.3951549637038451,-0.0027271743069285305,0.22808955355030128,0.6851800949544251,0.6740563002213991
0.14797994414727353,-1.2021320009188432,-1.3723987226834924,-0.7054689621240783,-0.010684955964216718,-0.6991224441542135,-0.6983308925851475,-0.508190363303942,0.910982177109525,-0.4240623388409535,-0.7088032992431827,0.03477630688141775,-0.14292480439729088,0.41369818995709984,0.41969246439426877,0.08617364108674494,0.16291126429042174,-1.2740310493992413,-1.2860490588430924
0.14797994414727353,-1.2021320009188432,-1.2279356991005308,0.8368879354082384,-0.010684955964216718,0.463346425723757,0.180655162514602,-0.40203167066989287,0.7315353705277589,-0.6157753363694604,-0.7392695079956442,-0.36465792354928905,-0.2144418176859373,0.41369818995709984,0.4408884173154277,0.23671482490730675,0.17794815710558876,0.9789353904163318,0.9585054109336371
0.14797994414727353,-1.2021320009188432,-1.0834726755175694,-0.7054689621240783,-0.010684955964216718,1.3521422496477775,1.1966713821678527,-0.40203167066989287,1.0904289836912913,-0.6718974051123527,-0.7659867244182993,-0.42412420532335415,-0.2421252818710164,0.41369818995709984,0.46128469596540356,0.2657447602162652,0.19326547333296304,0.800480435852172,0.7957250792709614
0.14797994414727353,-1.2021320009188432,-0.9390096519346078,1.6849962530342448,-0.010684955964216718,0.40820594268417637,-0.6983308925851475,-0.462693739423698,0.910982177109525,-0.7404032669712198,-0.7968601561704404,-0.4008815499499072,-0.2627218597194015,0.41369818995709984,0.4839641725495781,0.2467085078202523,0.1931963426772489,0.9369357605250707,0.9259269279787646
0.14797994414727353,-1.2021320009188432,-0.7945466283516462,-0.7054689621240783,-0.010684955964216718,1.0896537549367122,1.3981404795203614,-0.40203167066989287,0.7315353705277589,-0.7643955700928461,-0.8235900762568636,-0.36422488353866367,-0.3470417205559632,0.41369818995709984,0.5023103508350484,0.21108682505789686,0.20961043084371206,0.8181448410040653,0.8070817417610764
0.14797994414727353,-1.2021320009188432,-0.6500836047686848,1.7202813831910253,-0.010684955964216718,0.35768583285074773,-0.6983308925851475,-0.2503763541555997,1.0904289836912913,-0.7873390001195743,-0.8332011036565815,-0.28829029474634793,-0.36640740049352644,0.41369818995709984,0.5245217018651809,0.1789507654104219,0.21783134440019036,0.9201874275001312,0.9091710150445366
0.14797994414727353,-1.2021320009188432,-0.5056205811857232,-0.7054689621240783,-0.010684955964216718,1.0792928925675258,1.5028688508056405,-0.09872103764130656,0.910982177109525,-0.6793733016101723,-0.7819679334386554,-0.013715649898964526,-0.3987696183178332,0.41369818995709984,0.5163213004071587,0.08879248383316145,0.25561634044518544,0.7987670983586865,0.7927793629755318
0.14797994414727353,-1.2021320009188432,-0.3611575576027617,2.3030642667139976,-0.010684955964216718,-0.6991224441542135,-0.6983308925851475,0.20458959538727972,0.7315353705277589,-0.3272195113914786,-0.6404575881704353,0.30661035402376074,-0.2581495938422136,0.22377126163338973,0.4325581954718001,-0.012139346339765326,0.22207540321368902,1.01756108832184,0.9968892663204871
0.14797994414727353,-1.2021320009188432,-0.21669453401980013,-0.7054689621240783,-0.010684955964216718,1.167719614264973,1.3115988524330677,0.20458959538727972,0.7315353705277589,-0.0551479846772555,-0.46217789964344735,0.5229837394903233,-0.08443535298905318,0.035669451323853706,0.3333218518625298,-0.06065645776086981,0.1849424891218096,0.808397286342137,0.805674863068504
0.14797994414727353,-1.2021320009188432,-0.0722315104368386,2.266042275838221,-0.010684955964216718,-0.6991224441542135,-0.6983308925851475,0.38657609090825573,0.4324573595581485,0.5515923234370763,-0.28605148212516396,0.6019521656799139,0.05347049128402522,-0.6393738451673202,0.258871549830623,-0.03705546328045164,0.18442910190116119,0.9501645332776183,0.9327775215308722
0.14797994414727353,-1.2021320009188432,0.07223151314612293,-0.7054689621240783,-0.010684955964216718,1.1928667220537152,1.2964678971394208,0.6595555449301591,-0.5245922755446044,0.7303502666104229,-0.10622194661845943,0.582941027260688,0.22661456144279946,-0.6365074739271109,0.1624164511367589,-0.011653785830551322,0.13076854333061103,0.8087596469614253,0.8039194407324616
0.14797994414727353,-1.2021320009188432,0.21669453672908448,2.243018510428712,-0.010684955964216718,-0.6991224441542135,-0.6983308925851475,0.8112108614444523,-1.062932695289903,1.0388132748181034,0.02481916818659333,0.6115898632392256,0.38967667214672175,-0.8280770084635777,0.09803181372408278,-0.02400707338020896,0.062300154963984354,0.8913994693883265,0.8760673602153468
0.14797994414727353,-1.2021320009188432,0.361157560312046,-0.7054689621240783,-0.010684955964216718,1.0740108142235574,1.1296383407403887,0.8112108614444523,-0.8236702865142147,1.0607834201808795,0.09772337727481864,0.5701211675760526,0.6020451321340033,-0.39562348463715025,0.08002949054918451,0.01658939946414233,0.0019454084466933275,0.8004712553297757,0.7923986492250512
0.14797994414727353,-1.2021320009188432,0.5056205838950075,2.0529468144896037,-0.010684955964216718,-0.6991224441542135,-0.6983308925851475,0.6595555449301591,-0.5245922755446044,0.9720921026385654,0.08644675840327425,0.541670950342546,0.7465557331124933,0.41369818995709984,0.1166159156158858,0.04660745148502806,-0.0362697579794698,0.7229811659364561,0.6937458400477854
0.14797994414727353,-1.2021320009188432,0.6500836074779691,-0.7054689621240783,-0.010684955964216718,1.2513198303058697,1.244270042165981,0.6595555449301591,-0.5245922755446044,0.8438145217780278,0.013476913718913403,0.36773804324016607,0.7608116774447781,0.41369818995709984,0.19137363618173567,0.13206179839947763,-0.02663372473078631,0.8030679030859772,0.7953435458999201
0.14797994414727353,-1.2021320009188432,0.7945466310609306,1.3541735338981296,-0.010684955964216718,0.6017048179597166,-0.6983308925851475,0.4472381596620609,0.013748144200694123,0.3817638489778845,-0.11684714984233606,0.31222367778354027,0.4909792348128386,0.41369818995709984,0.2989083497928121,0.16810514646890418,0.0945297768421066,0.8365811300782181,0.8240230938471801
0.14797994414727353,-1.2021320009188432,0.9390096546438922,-0.7054689621240783,-0.010684955964216718,1.04928154248292,1.4715508924408698,0.507900228415866,0.07356374639461619,0.23255897553195995,-0.21358625519603872,0.31347420868036585,0.20195048647902125,0.41369818995709984,0.4107411316351236,0.20547265268375037,0.2546110203453172,0.7674138142729734,0.7602711624837459
0.14797994414727353,-1.2021320009188432,1.0834726782268538,1.5222823111823427,-0.010684955964216718,0.43780965297141095,-0.6983308925851475,0.35624491190157287,0.3726417573642265,0.021914755134377174,-0.2922939213490224,0.3503388706872641,0.16718432838882455,0.41369818995709984,0.4922113865630044,0.2088715762482484,0.2891115517570716,0.8406403610593166,0.8265208875061455
0.14797994414727353,-1.2021320009188432,1.2279357018098151,-0.7054689621240783,-0.010684955964216718,1.0314813063697001,1.5234141995276775,0.35624491190157287,0.5520885639459927,-0.06848098118714632,-0.34941382820529815,0.3578710390610548,0.020795518064121332,0.41369818995709984,0.5833235800931583,0.24816239258820455,0.39887239592647905,0.7610382114841243,0.75378140688352
0.14797994414727353,-1.2021320009188432,1.3723987253927767,1.6476608342402694,-0.010684955964216718,0.40104102678205517,-0.6983308925851475,0.20458959538727972,0.7315353705277589,-0.15912020590569972,-0.39483154345379584,0.3730223247871476,0.015726029801976068,0.41369818995709984,0.6510526608970829,0.26601626104153236,0.42678861162486903,0.8470777073615368,0.8360278712957288
0.14797994414727353,-1.2021320009188432,1.5168617489757383,-0.7054689621240783,-0.010684955964216718,0.9847853161413177,1.5081587320506598,0.20458959538727972,0.7315353705277589,-0.223900160150675,-0.4347662162681323,0.37117167545040025,-0.03841083914367546,0.41369818995709984,0.7278402124735519,0.2976904250694759,0.484626048747879,0.7684560735803153,0.7573703204140189
0.14797994414727353,-1.2021320009188432,1.6613247725587,1.6921988158299073,-0.010684955964216718,0.36566150836017297,-0.6983308925851475,0.28041725364442627,0.6717197683338367,-0.28617700016024933,-0.46230775931752194,0.37982991834001,-0.04151323851018844,0.41369818995709984,0.7928001134536694,0.3225820165790366,0.5165388398465213,0.85940624888852,0.8483621362097096
0.14797994414727353,-1.0920541489066795,-1.6613247698494156,-0.7054689621240783,-0.010684955964216718,0.9778620618931824,1.510930700254184,0.20458959538727972,0.7315353705277589,-0.3295259619215861,-0.4894526657537055,0.3728058047818349,-0.08740694849038345,0.41369818995709984,0.8491793212885635,0.345856005311114,0.5599736958448825,0.7686283433829278,0.757542645636922
0.14797994414727353,-1.0920541489066795,-1.516861746266454,-0.7054689621240783,-0.010684955964216718,-0.6991224441542135,-0.6983308925851475,0.20458959538727972,0.7315353705277589,-0.404250811767231,-0.5158727575960051,0.3386825929209429,-0.0907089075999316,0.41369818995709984,0.8957153447933129,0.3724172623554598,0.5739716784296619,-1.2740310493992413,-1.2860490588430924
0.14797994414727353,-1.0920541489066795,-1.3723987226834924,1.3880206991067898,-0.010684955964216718,-0.6991224441542135,0.5594158267039784,0.08326531324988914,0.910982177109525,-0.5300620692215892,-0.5489072237069313,0.1438376040456077,-0.20693233424634536,0.41369818995709984,0.9440471365316605,0.4662836170106168,0.6376165240537001,0.9393255765119914,0.9205932471795136
0.14797994414727353,-1.0920541489066795,-1.2279356991005308,-0.7054689621240783,-0.010684955964216718,-0.6991224441542135,1.3760133649132826,0.05293427887298657,1.0904289836912913,-0.573484612641369,-0.5834378991061084,-0.13684989496751285,-0.22670384156050105,0.41369818995709984,0.983611467506832,0.6007053536562218,0.6515490600615964,-0.11831524607928136,-0.08884600548623177
0.14797994414727353,-1.0920541489066795,-1.0834726755175694,1.1995364160012398,-0.010684955964216718,0.7582448071095313,-0.6983308925851475,0.05293427887298657,1.0904289836912913,-0.6676122768942934,-0.6139753895274912,-0.5655603579275845,-0.1778217663526703,0.41369818995709984,1.0253851580556161,0.8184021160118732,0.6345101954674721,0.98298814102868,0.9633071579889444
0.14797994414727353,-1.0920541489066795,-0.9390096519346078,-0.7054689621240783,-0.010684955964216718,1.212332731212047,1.1789864597998154,0.05293427887298657,0.910982177109525,-0.6787986957501484,-0.6402945578187438,-0.5867392537228346,-0.22697299566770393,0.41369818995709984,1.0552071688664106,0.8263741719398457,0.6560256492624972,0.8362346103603194,0.8251797833635754
0.14797994414727353,-1.0920541489066795,-0.7945466283516462,1.612583639376673,-0.010684955964216718,0.44528602754284907,-0.6983308925851475,0.05293427887298657,0.9707977793034471,-0.7090768792753189,-0.666557971141236,-0.4991287810219843,-0.2521376469617006,0.41369818995709984,1.0937092891772044,0.7834662847795906,0.6699003235616924,0.9318576715682286,0.9208465099327934
0.14797994414727353,-1.0920541489066795,-0.6500836047686848,-0.7054689621240783,-0.010684955964216718,1.0694950314244152,1.3792213353750744,0.05293427887298657,1.0904289836912913,-0.7228580549775451,-0.6838046062247215,-0.4080360869758494,-0.32666901855375624,0.41369818995709984,1.1349632155799025,0.7480498411513911,0.7171397494400465,0.8120567145733898,0.8009907315636681
0.14797994414727353,-1.0920541489066795,-0.5056205811857232,1.6764829264318493,-0.010684955964216718,0.3725482873608386,-0.6983308925851475,0.12876193713013315,0.910982177109525,-0.7201964057144076,-0.6804557793036126,-0.2898818020294927,-0.32869563997777296,0.41369818995709984,1.1565510426761978,0.6993769717291032,0.7278634527860008,0.9118408925599718,0.9008205158662085
0.14797994414727353,-1.0920541489066795,-0.3611575576027617,-0.7054689621240783,-0.010684955964216718,1.0576707442849855,1.4789507730761398,0.20458959538727972,0.7315353705277589,-0.6535949709608816,-0.6284674468505788,-0.08841249440894164,-0.31186302719865183,0.41369818995709984,1.1183548930883551,0.6048589720662327,0.7221032871782193,0.7874156524310559,0.781268816725131
0.14797994414727353,-1.0920541489066795,-0.21669453401980013,2.3816029878099365,-0.010684955964216718,-0.6991224441542135,-0.6983308925851475,0.05293427887298657,1.0904289836912913,-0.6075295081546589,-0.5807722469920877,-0.011198391726963174,-0.25130083761905736,0.41369818995709984,1.082864702244341,0.5704024624177023,0.6938425017538559,0.9857655190689181,0.9747789771678483
0.14797994414727353,-1.0920541489066795,-0.0722315104368386,-0.7054689621240783,-0.010684955964216718,1.134342975858334,1.2466273889912103,0.05293427887298657,1.0904289836912913,-0.5223440221750749,-0.5318553781345577,-0.03930933745608223,-0.2566780503589081,0.41369818995709984,1.0646049100147195,0.5918024070222816,0.7050147958751339,0.8253261696408699,0.8142663306917003
0.14797994414727353,-1.0920541489066795,0.07223151314612293,2.356773109720112,-0.010684955964216718,-0.6991224441542135,-0.6983308925851475,0.20458959538727972,0.7315353705277589,-0.4455736022247117,-0.46960813142962954,-0.016024912475311178,-0.1948405230937822,0.41369818995709984,1.0394709111956404,0.5904978261946902,0.6842164371890684,0.967244265160039,0.9562492004349603
0.14797994414727353,-1.0920541489066795,0.21669453672908448,-0.7054689621240783,-0.010684955964216718,1.183007262942255,1.2362218177880084,0.1894240058839383,0.851166574915603,-0.34982847933437444,-0.41622239596209715,-0.029327253746588212,-0.16789995778403566,0.41369818995709984,1.0108993264781683,0.6025641231731066,0.6767858668971342,0.8369400705028882,0.8258854766664038
0.14797994414727353,-1.0920541489066795,0.361157560312046,1.5155637944790108,-0.010684955964216718,0.5089323911300038,-0.6983308925851475,0.1894240058839383,0.910982177109525,-0.3228059497332275,-0.3975501275001839,0.014454114256794586,-0.12317425924101703,0.41369818995709984,1.0037876788860418,0.5859651392790367,0.6588849278565179,0.8880894410388613,0.8770582814733252
0.14797994414727353,-1.0920541489066795,0.5056205838950075,-0.7054689621240783,-0.010684955964216718,1.0132570323651453,1.4593751101458075,0.05293427887298657,1.0904289836912913,-0.3419579175776327,-0.4281370210584429,0.04188481209520687,-0.17398233751503167,0.41369818995709984,1.0411054898054757,0.5786051434523994,0.6898004171445127,0.8019700206135285,0.7908995632193916
0.14797994414727353,-1.0920541489066795,0.6500836074779691,1.6379440305484176,-0.010684955964216718,0.40516420136995906,-0.6983308925851475,0.05293427887298657,1.0904289836912913,-0.4041738854879496,-0.48545595198041996,0.08211917323990439,-0.18754820760984614,0.41369818995709984,1.0925442839324029,0.5603285340151968,0.697182227569564,0.8815971916125067,0.8705631983394543
0.14797994414727353,-1.0920541489066795,0.7945466310609306,-0.7054689621240783,-0.010684955964216718,0.9927641451303514,1.492778962006742,0.05293427887298657,0.7315353705277589,-0.467499598592422,-0.5577532082441661,0.0896036049196104,-0.25700925245344125,0.41369818995709984,1.1553372944613363,0.5568272060189815,0.7320284122598892,0.7936823490228511,0.7826080767214394
0.14797994414727353,-1.0920541489066795,0.9390096546438922,1.6837694527453806,-0.010684955964216718,0.35955374393875417,-0.6983308925851475,0.05293427887298657,0.7315353705277589,-0.5177404860532072,-0.6120543132621048,0.11119337726037513,-0.26497822639380325,0.41369818995709984,1.207633192695458,0.5500689437963636,0.7395591028118234,0.8775296801602273,0.8664937822552005
0.14797994414727353,-1.0920541489066795,1.0834726782268538,-0.7054689621240783,-0.010684955964216718,0.9827061219195526,1.5008106266835592,0.05293427887298657,0.7315353705277589,-0.5345344962065947,-0.6465384085607987,0.11922933824495242,-0.3069503358774628,0.41369818995709984,1.2377925434673611,0.5462573906099459,0.7607737624058101,0.7880993313342138,0.7770225675048898
0.14797994414727353,-1.0920541489066795,1.2279357018098151,1.7138840090026197,-0.010684955964216718,0.34192400595635847,-0.6983308925851475,-0.053224413761062565,0.910982177109525,-0.5721300412018482,-0.6757504833957025,0.13569338305837406,-0.29842376853744373,0.41369818995709984,1.2635741964034757,0.5385807155322839,0.7564122464907532,0.8844359531456296,0.8734031835825439
0.14797994414727353,-1.0920541489066795,1.3723987253927767,-0.7054689621240783,-0.010684955964216718,0.9848049728308764,1.511377392952438,-0.09872103764130656,1.0904289836912913,-0.5829599234763381,-0.7001090529120677,0.1332178944936968,-0.33417263258914126,0.41369818995709984,1.2852406878969964,0.5397273870050844,0.7746271990740962,0.7920953787199968,0.7810204716952159
0.14797994414727353,-1.0920541489066795,1.5168617489757383,1.73503545972734,-0.010684955964216718,0.33389934639701696,-0.6983308925851475,-0.09872103764130656,1.0904289836912913,-0.6119818674146345,-0.7159117048805713,0.14230150542523978,-0.320242859433498,0.41369818995709984,1.2993693927631134,0.535514606370867,0.7675190940351483,0.8917974720357416,0.8807680890365385
0.14797994414727353,-1.0920541489066795,1.6613247725587,-0.7054689621240783,-0.010684955964216718,0.9894494175980387,1.5200615937013642,-0.09872103764130656,0.910982177109525,-0.6163847262862029,-0.73387539120786,0.13452383405329926,-0.35272330382825834,0.41369818995709984,1.3154864247247486,0.5391256534010651,0.7841260545639488,0.7971358455360384,0.7860631871953915
0.14797994414727353,-0.9819762968945157,-1.6613247698494156,1.7510012661775167,-0.010684955964216718,0.3312251956891451,-0.6983308925851475,-0.09872103764130656,0.7315353705277589,-0.6478174729247624,-0.7539104804884585,0.11981070298362663,-0.3541587924000071,0.41369818995709984,1.327096903672318,0.5292791230748729,0.7669968216832012,0.899129649256234,0.8881036930554854
0.14797994414727353,-0.9819762968945157,-1.516861746266454,-0.7054689621240783,-0.010684955964216718,-0.6991224441542135,2.4336139812023307,-0.2503763541555997,1.0904289836912913,-0.6627532117403776,-0.7827202726373704,0.02173992719146968,-0.3990924355492136,0.41369818995709984,1.3340845221228066,0.5287139624821812,0.7407215380383146,0.5282986479805415,0.517103265840702
0.14797994414727353,-0.9819762968945157,-1.3723987226834924,-0.7054689621240783,-0.010684955964216718,-0.6991224441542135,-0.6983308925851475,-0.32620401241274627,0.910982177109525,-0.7373302293449687,-0.8214622125756954,-0.22779852649042792,-0.31280967824859596,0.41369818995709984,1.3251761410897538,0.5607620317671091,0.6097921936155697,-1.2740310493992413,-1.2860490588430924
0.14797994414727353,-0.9819762968945157,-1.2279356991005308,0.8774552320032666,-0.010684955964216718,0.4470891871828976,0.1571943107109887,-0.2503763541555997,0.7315353705277589,-0.8603554176410038,-0.8341221192797738,-0.5742867960944581,-0.3678244423663391,0.41369818995709984,1.2876141327163557,0.6452768825611611,0.5555705715100855,0.9866337084712169,0.9669806973423433
0.14797994414727353,-0.9819762968945157,-1.0834726755175694,-0.7054689621240783,-0.010684955964216718,1.2796469069316614,1.1153967881303137,-0.2503763541555997,0.7315353705277589,-0.8926303398066531,-0.8505091397816131,-0.6450223474363722,-0.41487861740687304,0.41369818995709984,1.2600164421927567,0.614414854520051,0.5144228783343174,0.8176804145769596,0.8066170169031163
0.14797994414727353,-0.9819762968945157,-0.9390096519346078,1.6897746383652783,-0.010684955964216718,0.38410526454546806,-0.6983308925851475,-0.2503763541555997,0.7315353705277589,-0.930388433374649,-0.8669102754654171,-0.6030660555407628,-0.43089873694649383,0.41369818995709984,1.2209704275526791,0.5233304152147593,0.4521084185893677,0.9524967459867585,0.9414950058152879
0.14797994414727353,-0.9819762968945157,-0.7945466283516462,-0.7054689621240783,-0.010684955964216718,1.0794772660086267,1.372753199950381,-0.2503763541555997,0.7315353705277589,-0.9274538630511044,-0.8817467432284416,-0.5450727917555965,-0.5015345011177875,0.41369818995709984,1.1991437116427233,0.44860271738733243,0.4374473018149792,0.8197876144822696,0.8087252858905728
0.14797994414727353,-0.9819762968945157,-0.6500836047686848,1.7256909301798864,-0.010684955964216718,0.35003538620492924,-0.6983308925851475,-0.2503763541555997,0.7315353705277589,-0.9359659230846366,-0.8952210959318792,-0.4718063431862284,-0.5271192340557364,0.41369818995709984,1.1764526525706138,0.375229511791191,0.4087153877212661,0.9376491411183343,0.9266406125820605
0.14797994414727353,-0.9819762968945157,-0.5056205811857232,-0.7054689621240783,-0.010684955964216718,1.033427949331928,1.4463627485176942,-0.40203167066989287,1.0904289836912913,-0.9105742306042559,-0.9009511540504215,-0.41027630183396646,-0.578270253232698,0.41369818995709984,1.1449642113081626,0.3126526591389555,0.3961392428547958,0.8179140678724569,0.8068508136680776
0.14797994414727353,-0.9819762968945157,-0.3611575576027617,1.73908957001214,-0.010684955964216718,0.33292607747389646,-0.6983308925851475,-0.40203167066989287,0.7315353705277589,-0.8803562502541753,-0.8722789849256648,-0.3205679719162874,-0.5552001407542552,0.41369818995709984,1.071003751995176,0.22171171511928453,0.3315547404182918,0.9257664849634211,0.9147526310634224
0.14797994414727353,-0.9819762968945157,-0.21669453401980013,-0.7054689621240783,-0.010684955964216718,1.0153681818469418,1.4831208831367044,-0.40203167066989287,0.7315353705277589,-0.8018499720887224,-0.8082955708390869,-0.21251852217849962,-0.5289194641746291,0.41369818995709984,0.9663284650930674,0.1251520808828913,0.2660721895890622,0.8180312545406918,0.8069682243134089
0.14797994414727353,-0.9819762968945157,-0.0722315104368386,1.74477415134479,-0.010684955964216718,0.3248215297644771,-0.6983308925851475,-0.35653504678964887,0.6717197683338367,-0.7374258855009447,-0.7339205597901469,-0.09661382894088373,-0.4481095070538034,0.41369818995709984,0.8583507213184749,0.03700466952256627,0.18733562338842855,0.915731093922833,0.9047124840990542
0.14797994414727353,-0.9819762968945157,0.07223151314612293,-0.7054689621240783,-0.010684955964216718,1.0018248278570192,1.498518051347659,-0.2503763541555997,0.3726417573642265,-0.6549281368270372,-0.6597403382523189,-0.005464021350040353,-0.40466082316894675,0.41369818995709984,0.746375088791631,-0.037555222723475175,0.12772831145282446,0.8106396739399881,0.7995731978038056
0.14797994414727353,-0.9819762968945157,0.21669453672908448,1.7455757517675226,-0.010684955964216718,0.32250319667241284,-0.6983308925851475,-0.40203167066989287,0.7315353705277589,-0.6202551215203103,-0.6212828192305812,0.06410539075066209,-0.33983325370355455,0.41369818995709984,0.6730091971926441,-0.09262083939046581,0.07044630339124203,0.9057288247669688,0.8947057366725377
0.14797994414727353,-0.9819762968945157,0.361157560312046,-0.7054689621240783,-0.010684955964216718,0.9952833548734668,1.5070385416332648,-0.4930249184303809,0.6119041661399147,-0.5923609837286964,-0.6184506079693778,0.08375756477616805,-0.3470274662886036,0.41369818995709984,0.6183731537919764,-0.141406439741787,0.029304678110019376,0.8033605997411997,0.7922908691213092
0.14797994414727353,-0.9819762968945157,0.5056205838950075,1.7527460209024661,-0.010684955964216718,0.3283543729696998,-0.6983308925851475,-0.40203167066989287,0.3726417573642265,-0.6105851537525507,-0.6386317893833101,0.09599691216309506,-0.32847847202211705,0.41369818995709984,0.5726242568631471,-0.19451174300161855,-0.030010508045325523,0.9049954630367251,0.893972176270643
0.14797994414727353,-0.9819762968945157,0.6500836074779691,-0.7054689621240783,-0.010684955964216718,1.0470905048510457,1.565936367847573,-0.4171972601732343,0.25301055297638236,-0.4868575950804679,-0.658911777070995,0.10336455943048675,-0.1172243603478343,0.32029894552918753,0.5305976819944476,-0.24511394633911743,-0.16265966715066474,0.7978395055761766,0.7916097644353042
0.14797994414727353,-0.9819762968945157,0.7945466310609306,1.7631426061524498,-0.010684955964216718,0.33578123791128706,-0.6983308925851475,-0.4323627050467954,0.1931949507824603,-0.5745314789637641,-0.7257909207376172,0.05982017001559578,-0.2103047262063765,0.41369818995709984,0.5401855689863571,-0.2635932132861471,-0.16275003543728794,0.9051916742016651,0.8941682704898087
0.14797994414727353,-0.9819762968945157,0.9390096546438922,-0.7054689621240783,-0.010684955964216718,1.0582684337867527,1.570335169477258,-0.40203167066989287,0.013748144200694123,-0.6360417318771948,-0.7987127738032983,-0.017928413151938,-0.406468599664677,0.41369818995709984,0.5186908843972063,-0.2975716921630898,-0.15270680312250132,0.7992522259637447,0.7928941098540404
0.14797994414727353,-0.9819762968945157,1.0834726782268538,1.7757030460798229,-0.010684955964216718,0.33868832564622825,-0.6983308925851475,-0.40203167066989287,0.013748144200694123,-0.6902038528088299,-0.8342406868082767,-0.0270853340065396,-0.4251743908721198,0.41369818995709984,0.5033209229073824,-0.3249924149736341,-0.1781275971890777,0.9106099825178986,0.8995892408787824
0.14797994414727353,-0.9819762968945157,1.2279357018098151,-0.7054689621240783,-0.010684955964216718,1.008681018105484,1.5300229876039562,-0.553686987184186,0.31282615517030443,-0.7155500584458092,-0.875165539637432,-0.06385196530237106,-0.49907018983719786,0.41369818995709984,0.4694744801428186,-0.3558738051972118,-0.19668516910371872,0.8058703025500012,0.7948015718041068
0.14797994414727353,-0.9819762968945157,1.3723987253927767,1.1580489294849503,-0.010684955964216718,0.16831365354867397,0.30516488289171584,-0.553686987184186,0.31282615517030443,-0.7654712001544508,-0.9103455134069822,-0.0965439287816883,-0.49534311816580595,0.41369818995709984,0.42527908440827916,-0.3858085998334871,-0.24197420030675187,0.9134424436925144,0.902422874062526
0.14797994414727353,-0.9819762968945157,1.5168617489757383,-0.7054689621240783,-0.010684955964216718,1.1995527295193167,1.3185549750006682,-0.7053423036984792,1.0904289836912913,-0.8133976099951165,-0.9525449671675439,-0.16738944500819028,-0.4904161725772572,0.41369818995709984,0.41248863950232567,-0.3657192598466002,-0.24828827800232464,0.7754512716257915,0.7643686505722064
0.14797994414727353,-0.9819762968945157,1.6613247725587,1.2452653160344986,-0.010684955964216718,0.17429753877947854,0.2296684716668086,-0.7963355514589672,0.910982177109525,-0.8803689598133609,-0.9937662388179564,-0.19943611067639846,-0.4458682331330766,0.41369818995709984,0.393161810571687,-0.36851709521316117,-0.27921546965837135,0.9152290453549269,0.9042102616004386
0.14797994414727353,-0.8718984448823519,-1.6613247698494156,-0.7054689621240783,-0.010684955964216718,1.2320598484819494,1.2823758010726845,-0.8569976202127723,1.0904289836912913,-0.9263728815961585,-1.025574095616156,-0.2602330527980742,-0.4419449556639106,0.3980115346147628,0.36286733077387484,-0.3690084643771155,-0.30287874141196397,0.7666275295312689,0.7555409273223663
0.14797994414727353,-0.8718984448823519,-1.516861746266454,1.2606419425857824,-0.010684955964216718,0.1474497068799653,0.17281948923753485,-1.0086529367270654,1.0904289836912913,-0.9955035186276243,-1.065009796748043,-0.3146835719293841,-0.44543473570808007,0.3436850250069601,0.3140259095663846,-0.40181832797446115,-0.35457806978121903,0.8803815824410939,0.8693468814272625
0.14797994414727353,-0.8718984448823519,-1.3723987226834924,-0.7054689621240783,-0.010684955964216718,1.229323889573754,1.2512288897476955,-0.9176596889665775,0.910982177109525,-1.028912267257465,-1.0890980605297853,-0.36278766807032836,-0.4558093268869625,0.15192244914207112,0.24751298999564128,-0.43948164531033934,-0.4060927607878771,0.7534702208452178,0.7423776162111605
0.14797994414727353,-0.8718984448823519,-1.2279356991005308,1.2861777959807663,-0.010684955964216718,0.15394240604557544,0.1655680694673697,-0.8569976202127723,0.6717197683338367,-1.0737208215526461,-1.107750214857399,-0.38085174457655274,-0.4463906101074922,-0.02847291734735948,0.1836587340096581,-0.4785390397838812,-0.455270228841942,0.8977784923717939,0.8867519338456253
0.14797994414727353,-0.8718984448823519,-1.0834726755175694,-0.7054689621240783,-0.010684955964216718,1.2425937317656466,1.250989507738589,-0.8569976202127723,1.0904289836912913,-1.1004844775009068,-1.1286840883495954,-0.4455375223841987,-0.49025769866367047,-0.3776624514617656,0.1492017976101839,-0.45580159864151576,-0.4389688301456085,0.7600587757516118,0.7489692096660628
0.14797994414727353,-0.8718984448823519,-0.9390096519346078,1.3028956859072398,-0.010684955964216718,0.15560365910324866,0.16054209535848446,-0.7508389275787232,0.910982177109525,-1.1339975783009033,-1.1390305167296706,-0.4628565654863157,-0.4931378991566359,-0.745331305469684,0.13787991565366323,-0.4149990261215654,-0.4025705647147667,0.9070063574619956,0.8959839349370682
0.14797994414727353,-0.8718984448823519,-0.7945466283516462,-0.7054689621240783,-0.010684955964216718,1.2526438712774244,1.2543574155672357,-0.40203167066989287,1.0904289836912913,-1.1101898982495524,-1.1095866000309975,-0.41701058546377023,-0.43828328592511,-0.8542382032808508,0.19492656435581518,-0.2971945598756941,-0.28694705086186356,0.766947227722951,0.7558607842462093
0.14797994414727353,-0.8718984448823519,-0.6500836047686848,1.898461476798093,-0.010684955964216718,0.23725665404398916,-0.6983308925851475,-0.32620401241274627,0.25301055297638236,-1.0991472980897452,-1.085942611601592,-0.3592014489272164,-0.4007232914324211,-0.8337746525206466,0.24586924191619075,-0.22946134289698927,-0.21129535890602938,0.9386503580902575,0.9276421889073291
0.14797994414727353,-0.8718984448823519,-0.5056205811857232,-0.7054689621240783,-0.010684955964216718,1.0816201605184803,1.4071108067512759,-0.23521076465225826,0.1931949507824603,-1.0536203192384925,-1.0649639224066578,-0.3359349252067271,-0.452757236699366,-0.9285883634095439,0.2813883889800427,-0.18952382966261694,-0.14220696174317007,0.7920042935370063,0.7809292889078295
0.14797994414727353,-0.8718984448823519,-0.3611575576027617,1.8314585895386082,-0.010684955964216718,0.2747338671013388,-0.6983308925851475,-0.2503763541555997,0.1931949507824603,-0.992364926432942,-0.9970868353751361,-0.2496159005690607,-0.42383197428136643,-0.9722355927395384,0.2743346538275914,-0.1953757266103928,-0.12673643117852335,0.9284513377387241,0.9174387325462262
0.14797994414727353,-0.8718984448823519,-0.21669453401980013,-0.7054689621240783,-0.010684955964216718,1.0420925550197884,1.4596461442419324,-0.2503763541555997,0.013748144200694123,-0.8883987255220068,-0.9038504124259569,-0.15253907094302416,-0.40839292575823033,-1.0010151299386842,0.2296822324232811,-0.23071213988439299,-0.13262727322955142,0.8020978278861041,0.7910274240268726
0.14797994414727353,-0.8718984448823519,-0.0722315104368386,2.455561211951358,-0.010684955964216718,-0.6991224441542135,-0.6983308925851475,-0.22004531977869715,-0.04606745799322794,-0.7999174501683394,-0.8120417401325001,-0.08383147665874345,-0.3510211766082526,-1.0102635644912779,0.1702703431640572,-0.26938874476940633,-0.16919088878675656,1.0328889605187597,1.0219239616339755
0.14797994414727353,-0.8718984448823519,0.07223151314612293,-0.7054689621240783,-0.010684955964216718,1.2352827046416723,1.3552491765962307,-0.2503763541555997,0.13337934858853825,-0.65703257225851,-0.7145982871987624,-0.08460975526051698,-0.30753643781183915,-0.9676061106997392,0.10592407274266595,-0.2727691666928798,-0.1894561395949009,0.8327706732530344,0.829402058682414
0.14797994414727353,-0.8718984448823519,0.21669453672908448,1.6679078830556353,-0.010684955964216718,0.4304607840921366,-0.6983308925851475,-0.09872103764130656,-0.2853298667689162,-0.5898732547491518,-0.6547301544139728,-0.03430636142781405,-0.2495945179674752,-0.7969154582664456,0.06788573455293856,-0.2919076083852492,-0.21256311544498807,0.9236697256522088,0.9126548122381157
0.14797994414727353,-0.8718984448823519,0.361157560312046,-0.7054689621240783,-0.010684955964216718,1.0742710814072323,1.521311536713888,-0.12905207201820915,0.07356374639461619,-0.2417557529581462,-0.5315984818228014,0.1508335870519115,0.036774551774293736,-1.171267052080109,0.005137364862921566,-0.3347765560452086,-0.29514781034003024,0.808178753907057,0.8027107053104569
0.14797994414727353,-0.8718984448823519,0.5056205838950075,1.70946623621628,-0.010684955964216718,0.3785184549553469,-0.6983308925851475,-0.09872103764130656,0.3726417573642265,-0.2687762757867901,-0.5459649140264038,0.16465676975329108,-0.014480439705761815,-0.7641054521193321,0.03994636063525517,-0.3093056050091466,-0.2454545712496026,0.89855253641697,0.8875262703704186
0.14797994414727353,-0.8718984448823519,0.6500836074779691,-0.7054689621240783,-0.010684955964216718,1.0663701433645245,1.546901096177728,-0.09872103764130656,1.0904289836912913,-0.20117279263010251,-0.568982541256129,0.1934922903033384,0.16945746478953178,-0.2555246179952818,0.1244842857531029,-0.23123577935245984,-0.2231143172174361,0.7937095305695538,0.7873944558912321
0.14797994414727353,-0.8718984448823519,0.7945466310609306,1.683870998367419,-0.010684955964216718,0.32000311803892134,-0.6983308925851475,-0.18971428540179458,0.851166574915603,-0.4739346490853555,-0.6563752788719507,0.13647677630594238,0.0004295239524365197,0.41369818995709984,0.24649469626468398,-0.1415482139445216,-0.08905307236716443,0.9015439466362115,0.8863288047311246
0.14797994414727353,-0.8718984448823519,0.9390096546438922,-0.7054689621240783,-0.010684955964216718,1.072154045430167,1.5562076482270373,-0.2503763541555997,0.7315353705277589,-0.5135162299344053,-0.7248346171595134,0.07526810519778626,-0.25754588369521647,0.41369818995709984,0.33544241236197364,-0.08953751940018885,0.04396189409505722,0.7937473327205973,0.7874245769468406
0.14797994414727353,-0.8718984448823519,1.0834726782268538,1.7606516884556684,-0.010684955964216718,0.3553384877462868,-0.6983308925851475,-0.2503763541555997,0.7315353705277589,-0.5737742568059678,-0.7630712335835046,0.07221125189443481,-0.2826845419134396,0.41369818995709984,0.3891393090325736,-0.0743508991494464,0.06908189396059519,0.9022998096468382,0.891275214815409
0.14797994414727353,-0.8718984448823519,1.2279357018098151,-0.7054689621240783,-0.010684955964216718,1.014695439530496,1.5255497721273072,-0.2655419436589411,0.7913509727216809,-0.5990368469219891,-0.7910926928196917,0.06004947663539543,-0.3423671593483119,0.41369818995709984,0.4373697540014894,-0.057311748307280926,0.10700385105390173,0.7997008114894607,0.7886292142660415
0.14797994414727353,-0.8718984448823519,1.3723987253927767,1.7739407092507045,-0.010684955964216718,0.35068857694780325,-0.6983308925851475,-0.2503763541555997,0.7315353705277589,-0.6382083772562605,-0.8096619204532632,0.06453587343839004,-0.3474005926989004,0.41369818995709984,0.4705743338929853,-0.05194498159799757,0.11666090522297477,0.9121604107414109,0.9011401678849112
0.14797994414727353,-0.8718984448823519,1.5168617489757383,-0.7054689621240783,-0.010684955964216718,1.007723937044353,1.5332347311622136,-0.2503763541555997,0.7315353705277589,-0.6500490039480915,-0.8259021430626704,0.04483596271879938,-0.4027926756585168,0.41369818995709984,0.5057595192213763,-0.03518550672480781,0.1498347348344719,0.8019946820168283,0.7909243567413551
0.14797994414727353,-0.8718984448823519,1.6613247725587,1.7791697705579923,-0.010684955964216718,0.34454812145444463,-0.6983308925851475,-0.2958729780358437,0.7913509727216809,-0.682393494227178,-0.8428678860250597,0.038171579248191,-0.4071368732579502,0.41369818995709984,0.5348706548351566,-0.029371688735884804,0.15515649506134518,0.9149842314243595,0.9039653999579067
0.14797994414727353,-0.7618205928701882,-1.6613247698494156,-0.7054689621240783,-0.010684955964216718,1.0041901477952477,1.5364808518216038,-0.2503763541555997,0.3726417573642265,-0.6832657713418127,-0.8514096883909567,0.030250697793996428,-0.44270881669712503,0.41369818995709984,0.5453484629834098,-0.03734417493457888,0.15852070916575453,0.8043007932407242,0.7932313837147998
0.14797994414727353,-0.7618205928701882,-1.516861746266454,-0.7054689621240783,-0.010684955964216718,-0.6991224441542135,-0.6983308925851475,-0.40203167066989287,0.7315353705277589,-0.7381463168295195,-0.8680966565095444,0.0002515953256349132,-0.43621390169901436,0.41369818995709984,0.5551766865999718,-0.04279398389311195,0.13755353298501408,-1.2740310493992413,-1.2860490588430924
0.14797994414727353,-0.7618205928701882,-1.3723987226834924,0.9301728390345386,-0.010684955964216718,0.2155739589529686,0.35165309963831876,-0.37170063629299027,0.7315353705277589,-0.8563913730234233,-0.8818843662525968,-0.20340507581315373,-0.5446226358870765,0.41369818995709984,0.5640807242000488,0.024022111042713262,0.17003757301300598,0.9846071531547997,0.9667747676764482
0.14797994414727353,-0.7618205928701882,-1.2279356991005308,-0.7054689621240783,-0.010684955964216718,1.1480486289320992,1.2485246276640851,-0.40203167066989287,0.7315353705277589,-0.8928858688387009,-0.8956953660458908,-0.2963066495887119,-0.5751334759272587,0.41369818995709984,0.5725706878564475,0.05343111485731417,0.1750778262750746,0.8025510936781398,0.7914810840072622
0.14797994414727353,-0.7618205928701882,-1.0834726755175694,-0.7054689621240783,-0.010684955964216718,-0.6991224441542135,2.6018580295430884,-0.40203167066989287,0.7315353705277589,-0.9663009651640585,-0.9151665538070023,-0.34947424506649594,-0.47401454176418684,0.41369818995709984,0.5841753755600492,0.06319073049776311,0.12003270419556594,0.6122336441062899,0.6010766707744662
0.14797994414727353,-0.7618205928701882,-0.9390096519346078,-0.7054689621240783,-0.010684955964216718,2.8019381014878864,-0.6983308925851475,-0.4171972601732343,0.910982177109525,-1.0710016448110895,-0.931795649679535,-0.43062918233335834,-0.23246508103274718,0.41369818995709984,0.5973909942939521,0.09093286553726872,0.015135277504331282,0.659476072326797,0.6330928940246461
0.14797994414727353,-0.7618205928701882,-0.7945466283516462,1.4222200446265119,-0.010684955964216718,-0.09761444648719422,0.3389745522391917,-0.40203167066989287,0.7315353705277589,-1.1430855820427945,-0.9425189534180658,-0.3013624769568595,-0.20769871073850557,0.41369818995709984,0.6083620233867733,0.03587262725429685,0.0022297326482512434,0.9387110215421701,0.9277030457339667
0.14797994414727353,-0.7618205928701882,-0.6500836047686848,-0.7054689621240783,-0.010684955964216718,1.1623444031565715,1.2736955830366943,-0.553686987184186,0.7315353705277589,-1.1743437394735936,-0.9590612409215161,-0.2253076939883663,-0.23862460150474837,0.41369818995709984,0.6133922013762368,-0.009353343418045633,-0.0004802323978476432,0.74897572509639,0.7378811778147423
0.14797994414727353,-0.7618205928701882,-0.5056205811857232,1.3412684488471955,-0.010684955964216718,0.09639545015887746,0.13167334823706114,-0.553686987184186,1.0904289836912913,-1.168170238330217,-0.9554696328706156,-0.15878405345845995,-0.21013619045700646,0.41369818995709984,0.6089194306186481,-0.043771128701640974,-0.020498866634823625,0.902257147219232,0.8912323896411084
0.14797994414727353,-0.7618205928701882,-0.3611575576027617,-0.7054689621240783,-0.010684955964216718,1.213690409299424,1.2381613989878881,-0.553686987184186,0.7315353705277589,-1.1046170910087387,-0.9103335155023123,-0.10206348403523004,-0.15965763730489443,0.41369818995709984,0.5668359085176011,-0.07718466212125272,-0.052312187605024554,0.7537395161688419,0.7426470664705157
0.14797994414727353,-0.7618205928701882,-0.21669453401980013,1.329941985577735,-0.010684955964216718,0.12126258151639266,0.1325349243341978,-0.553686987184186,1.0904289836912913,-1.0477993411314752,-0.8536342410685825,-0.0319127071958534,-0.08744551886088604,0.41369818995709984,0.5223480549627014,-0.10990911698038043,-0.08680708454327248,0.9026198678590064,0.8915954815495323
0.14797994414727353,-0.7618205928701882,-0.0722315104368386,-0.7054689621240783,-0.010684955964216718,1.22295827563636,1.2306539851033436,-0.5688525766875274,0.7913509727216809,-0.9749280801544289,-0.8003868343843036,0.009788704850982396,-0.03906653544221956,0.41369818995709984,0.47177408660159187,-0.14090625002804194,-0.12110282451411818,0.74841823337362,0.7373232211179939
0.14797994414727353,-0.7618205928701882,0.07223151314612293,1.9117849441645622,-0.010684955964216718,0.20528667777464357,-0.6983308925851475,-0.7053423036984792,0.6717197683338367,-0.9306332596200143,-0.772056252663091,0.047462333334422874,-0.017348062903998138,0.41369818995709984,0.4193363028902657,-0.19544822722696573,-0.17060189097909162,0.9338714461573883,0.9228611372711814
0.14797994414727353,-0.7618205928701882,0.21669453672908448,-0.7054689621240783,-0.010684955964216718,1.0799683678996321,1.3985018583151947,-0.7053423036984792,0.6717197683338367,-0.8513409955575556,-0.7364605867846824,0.07943057443377766,-0.05208738943210607,0.41369818995709984,0.35739170960257544,-0.2517938992904222,-0.20324477981786243,0.7860256133341139,0.774947902960425
0.14797994414727353,-0.7618205928701882,0.361157560312046,1.8516103720548538,-0.010684955964216718,0.26477318129445077,-0.6983308925851475,-0.7811699619556257,0.7913509727216809,-0.8251465940759775,-0.7395779247215714,0.09306622012268169,-0.08222258760304568,0.41369818995709984,0.32808511950489105,-0.2965999257385796,-0.23312200900702798,0.9289533863066303,0.9179409550448419
0.14797994414727353,-0.7618205928701882,0.5056205838950075,-0.7054689621240783,-0.010684955964216718,1.0494057895794886,1.4621368071422858,-0.8569976202127723,0.6717197683338367,-0.8056929414319556,-0.7753888471249406,0.05071013341411307,-0.1941529643152577,0.41369818995709984,0.3112292213337317,-0.3334171157006258,-0.2452333098092134,0.7979761333506623,0.7869039129856076
0.14797994414727353,-0.7618205928701882,0.6500836074779691,1.1725498596030746,-0.010684955964216718,0.11591848474012671,0.21218509553498485,-0.7053423036984792,0.31282615517030443,-0.6457618689575292,-0.7811887753942078,0.08488278685102135,0.0972705009349816,0.41369818995709984,0.28517972336411884,-0.3802200285672699,-0.38534511236337,0.9122403352893313,0.897463145144129
0.14797994414727353,-0.7618205928701882,0.7945466310609306,-0.7054689621240783,-0.010684955964216718,1.217236181771041,1.2862113632466172,-0.8569976202127723,0.31282615517030443,-0.7380051738301423,-0.8437444388250632,0.01582995397559248,-0.005288114231415378,0.41369818995709984,0.31235079224877665,-0.37788021638374686,-0.3709221604498901,0.7691633338253148,0.7580778578631089
0.14797994414727353,-0.7618205928701882,0.9390096546438922,1.27638725509694,-0.010684955964216718,0.17092084537286212,0.19762859417825246,-0.8569976202127723,0.6717197683338367,-0.8211424140083372,-0.8846678801360222,0.004969003630360778,-0.035950720294662196,0.41369818995709984,0.3305044116723266,-0.38765144933367635,-0.3738197968058588,0.911387626767936,0.9003670607909591
0.14797994414727353,-0.7618205928701882,1.0834726782268538,-0.7054689621240783,-0.010684955964216718,1.2449640972712483,1.2643946906320838,-0.8569976202127723,0.31282615517030443,-0.8743339259726909,-0.937768488927869,-0.05664628181848097,-0.0981085493322227,0.41369818995709984,0.34629134272781276,-0.3923829213226633,-0.3780586545668899,0.7588750283932214,0.7477848579557412
0.14797994414727353,-0.7618205928701882,1.2279357018098151,1.3051747213078602,-0.010684955964216718,0.16593398527822753,0.17486026278846195,-0.993487347223724,0.5520885639459927,-0.9342809031062894,-0.9841121601132465,-0.07999549231265267,-0.11500069463972824,0.41369818995709984,0.35375577359829463,-0.4154755509456279,-0.40354662889450515,0.9090638745402199,0.8980424119754575
0.14797994414727353,-0.7618205928701882,1.3723987253927767,-0.7054689621240783,-0.010684955964216718,1.2518294326105772,1.256740964451255,-1.1603082532413587,1.0904289836912913,-0.9709038323617586,-1.0303789035569169,-0.12801690167991447,-0.15543585870749094,0.41369818995709984,0.35585847776217194,-0.43234603566496493,-0.42295023867719655,0.7561203316436095,0.7450288838201313
0.14797994414727353,-0.7618205928701882,1.5168617489757383,1.320649484705884,-0.010684955964216718,0.16114448044908156,0.16404069905637617,-1.3119635697556518,1.0904289836912913,-1.0257181543568668,-1.0667459641296926,-0.15804413470014733,-0.17884555814361958,0.41369818995709984,0.3441239696729647,-0.46184647200788487,-0.4548543613550597,0.9101061338475618,0.8990849693287649
0.14797994414727353,-0.7618205928701882,1.6613247725587,-0.7054689621240783,-0.010684955964216718,1.2541405126995424,1.2536702927775236,-1.236135911498505,0.910982177109525,-1.0492261563811038,-1.0918801628950143,-0.19702029297932708,-0.2122097671146785,0.41369818995709984,0.324341562883547,-0.4872533127064432,-0.48218935944020397,0.7563590252259127,0.7452678032135975
0.14797994414727353,-0.6517427408580244,-1.6613247698494156,1.3293815111550367,-0.010684955964216718,0.15787295558740325,0.15833478152188735,-1.4636188862699449,1.0904289836912913,-1.0908800643015784,-1.1203391927721051,-0.20731096031843993,-0.21844726681400015,0.41369818995709984,0.307678706177972,-0.5197660743705923,-0.5162989450748162,0.9125458126718113,0.9015257993587564
0.14797994414727353,-0.6517427408580244,-1.516861746266454,-0.7054689621240783,-0.010684955964216718,1.2480667007419066,1.2453107879411245,-1.1603082532413587,0.6717197683338367,-1.1053027382805949,-1.1381370257113093,-0.24939767568181642,-0.2569103110682389,0.41369818995709984,0.28177929794785095,-0.5424396203108148,-0.5401407862964605,0.7517397823786414,0.740646372681661
0.14797994414727353,-0.6517427408580244,-1.3723987226834924,1.3193019420077765,-0.010684955964216718,0.14292787991157385,0.14233040680053063,-1.17547377042981,0.910982177109525,-1.1330577398453345,-1.1511734548942942,-0.2552752561409933,-0.2605216716281231,0.41369818995709984,0.2543471404809904,-0.5712621651320098,-0.5699185453571847,0.8951944453326067,0.884166645691797
0.14797994414727353,-0.6517427408580244,-1.2279356991005308,-0.7054689621240783,-0.010684955964216718,1.2470933267027993,1.2432613677107966,-1.1603082532413587,0.6717197683338367,-1.1375669576595615,-1.16100079745762,-0.27864748254124155,-0.28194080455179177,0.41369818995709984,0.22770259219371383,-0.5907566558464213,-0.5900836759053292,0.7549792467128252,0.7438873572841103
0.14797994414727353,-0.6517427408580244,-1.0834726755175694,1.3252199347437332,-0.010684955964216718,0.1466061510847345,0.14546438264829903,-1.1603082532413587,1.0904289836912913,-1.162651613946984,-1.1731500874541279,-0.28683347313579927,-0.28884322389912553,0.41369818995709984,0.20589373261932467,-0.6077183579587166,-0.6075553114068554,0.905264398339863,0.8942410118145776
0.14797994414727353,-0.6517427408580244,-0.9390096519346078,-0.7054689621240783,-0.010684955964216718,1.2542744304669098,1.2498904885846964,-1.17547377042981,0.910982177109525,-1.170037205682169,-1.1871537594812391,-0.32715563569997397,-0.3276777175910306,0.41369818995709984,0.17992000342495368,-0.6170832002121883,-0.6172652429426815,0.7629639610644255,0.7518755841745752
0.14797994414727353,-0.6517427408580244,-0.7945466283516462,1.3323347664277763,-0.010684955964216718,0.15006362612731788,0.1486451553730666,-1.1603082532413587,0.6717197683338367,-1.1881898008200833,-1.1938231829595276,-0.3187480104543088,-0.318815755724902,0.41369818995709984,0.14939628688676013,-0.6428318909989792,-0.6434052992234124,0.9139871546880267,0.9029679217354422
0.14797994414727353,-0.6517427408580244,-0.6500836047686848,-0.7054689621240783,-0.010684955964216718,1.254678286088751,1.2500256912080534,-1.1603082532413587,0.6717197683338367,-1.1879897924939515,-1.2014739644639072,-0.3415030695953193,-0.340774873835607,0.41369818995709984,0.12331252405700605,-0.6576443908573765,-0.6584688474324755,0.7640274615804491,0.752939861472743
0.14797994414727353,-0.6517427408580244,-0.5056205811857232,1.280239530002247,-0.010684955964216718,0.09626815469868749,0.0991666024649827,-0.8721632097161137,0.910982177109525,-0.8682901961178412,-1.15187356791974,0.2921060709907086,-0.2707771977502367,-0.0892774259580351,0.07795019266300936,-0.8228700689966889,-0.6599797531742909,0.9291789391411898,0.9130359357988767
0.14797994414727353,-0.6517427408580244,-0.3611575576027617,-0.7054689621240783,-0.010684955964216718,1.2562228604009158,1.287721230682339,-0.7053423036984792,0.6717197683338367,-0.40006602217432125,-1.0384471415679004,1.013354667270424,-0.12278100915915363,-0.9140061384552711,0.002431164817261302,-0.9931731567850753,-0.6819680693228216,0.750250737648014,0.7461406991108241
0.14797994414727353,-0.6517427408580244,-0.21669453401980013,-0.7054689621240783,-0.010684955964216718,-0.6991224441542135,-0.6983308925851475,-0.553686987184186,0.7315353705277589,0.2435239804883181,-0.8926740113463614,1.1368332984891547,-0.05838526014612742,-2.11033706827046,-0.07131091633778303,-0.9760851702160195,-0.6453361899519803,-1.2740310493992413,-1.2860490588430924
0.14797994414727353,-0.6517427408580244,-0.0722315104368386,1.5184438507874543,-0.010684955964216718,-0.6991224441542135,0.4564825060622926,-0.22004531977869715,-0.10588306018714999,0.9097671000889191,-0.7444575431267446,0.9725917927269317,-0.008076919716015965,-3.083891285401695,-0.1628967853641145,-0.9165675423936568,-0.6412726510012086,0.9969392948866443,0.9762858495688354
0.14797994414727353,-0.6517427408580244,0.07223151314612293,-0.7054689621240783,-0.010684955964216718,-0.6991224441542135,-0.6983308925851475,-0.09872103764130656,-0.5844078777385264,0.8310782056256939,-0.5577539140032644,0.6291876545371584,0.025753487646335185,-2.5053838624384337,-0.28898881636364415,-0.8208987836861317,-0.6485627928765197,-1.2740310493992413,-1.2860490588430924
0.14797994414727353,-0.6517427408580244,0.21669453672908448,2.3369602312321884,-0.010684955964216718,-0.6991224441542135,-0.6983308925851475,0.05293427887298657,-0.8834858887081368,0.8119222242362827,-0.41590268709059824,0.3268276964095908,0.02246745977677725,-1.768725283757211,-0.3772126269649926,-0.7177187889933615,-0.6293316846673346,0.9890332450112632,0.9783418677455424
0.14797994414727353,-0.6517427408580244,0.361157560312046,-0.7054689621240783,-0.010684955964216718,1.3064506426746514,1.2612934149536854,-0.08355544813796513,-0.7040390821263706,0.7930665897981529,-0.33600581685709435,-0.06973466040734272,0.08376919428644322,-0.9975509155540885,-0.43189451771373655,-0.5915074782554408,-0.6420497749240642,0.9291756989568146,0.9208838026683087
0.14797994414727353,-0.6517427408580244,0.5056205838950075,1.3470866900533762,-0.010684955964216718,0.7333493469935345,-0.6983308925851475,-0.09872103764130656,-0.5844078777385264,0.7927368101834943,-0.33209873448928423,-0.025160522305767825,0.2769732110518273,-0.4520477100138081,-0.4333189224279169,-0.5968936071471916,-0.6931791546270867,0.9259574758313122,0.9150358099671706
0.14797994414727353,-0.6517427408580244,0.6500836074779691,-0.7054689621240783,-0.010684955964216718,1.0925833374928595,1.5396628298410757,-0.2503763541555997,0.013748144200694123,0.6117386399726389,-0.3872248718930557,0.05289579205041901,0.37858685214091076,0.41369818995709984,-0.3914887672504494,-0.6040739649476022,-0.7074157354938135,0.842502026993087,0.8351738266714
0.14797994414727353,-0.6517427408580244,0.7945466310609306,1.5063810920536038,-0.010684955964216718,0.5204493191236074,-0.6983308925851475,-0.40203167066989287,0.3726417573642265,0.059260791415091836,-0.4885252982986292,0.09810670355344497,0.12433432373307336,0.41369818995709984,-0.3311266313768867,-0.6202041688905966,-0.6314643328895384,0.9039168416602842,0.8901572523705102
0.14797994414727353,-0.6517427408580244,0.9390096546438922,-0.7054689621240783,-0.010684955964216718,1.0595853268711952,1.5519360837948373,-0.7053423036984792,0.6717197683338367,-0.1027145133157176,-0.6004297551551323,0.08838035213369035,-0.11575784778242046,0.41369818995709984,-0.26167948152926157,-0.616890223793595,-0.5545275475531871,0.8092082324871414,0.8024265018810077
0.14797994414727353,-0.6517427408580244,1.0834726782268538,1.0201375955204879,-0.010684955964216718,0.2177132795192661,0.3246337462304195,-0.7053423036984792,1.0904289836912913,-0.3015582424715292,-0.6831277832495174,0.0808703472250104,-0.13046741321126837,0.41369818995709984,-0.20506717612467437,-0.6051984774782454,-0.5400181281424347,0.9080864189203811,0.8941424524421443
0.14797994414727353,-0.6517427408580244,1.2279357018098151,-0.7054689621240783,-0.010684955964216718,1.2706586491199985,1.3573298296806364,-0.7053423036984792,0.910982177109525,-0.4001456241502733,-0.7411630596561996,0.03635843731393875,-0.13999681018435486,0.41369818995709984,-0.16013532719893073,-0.5794771088822697,-0.5246143444177879,0.7649149120787557,0.7587380622248141
0.14797994414727353,-0.6517427408580244,1.3723987253927767,1.1451300299235978,-0.010684955964216718,0.1773431693852128,0.2154728250637337,-0.7053423036984792,1.0904289836912913,-0.5664040503266392,-0.7783833829787372,0.08648367098478991,-0.04572663224443918,0.41369818995709984,-0.13517217007689367,-0.5929002645809399,-0.5531637882540987,0.9023424720744444,0.8872576397316242
0.14797994414727353,-0.6517427408580244,1.5168617489757383,-0.7054689621240783,-0.010684955964216718,1.2423809770080705,1.2746650592119286,-0.7053423036984792,1.0904289836912913,-0.6082987709474732,-0.8056158035431015,0.0761222510455158,-0.0323787685915959,0.41369818995709984,-0.11724392656441339,-0.5890446086455684,-0.5568502509009751,0.7580424810190494,0.7469521234659926
0.14797994414727353,-0.6517427408580244,1.6613247725587,1.2495345379815315,-0.010684955964216718,0.1923514197691959,0.20823487315178668,-0.8418320307094308,0.910982177109525,-0.6815352645200643,-0.8431784200282816,0.07238685473338918,-0.012253420052394659,0.41369818995709984,-0.09341971408932385,-0.5882617310677971,-0.5637494469991441,0.8977059482438389,0.8866791925208564
0.14797994414727353,-0.5416648888458606,-1.6613247698494156,-0.7054689621240783,-0.010684955964216718,1.2513101596350706,1.2636551637247915,-0.8569976202127723,0.6717197683338367,-0.7354933635805617,-0.88149196419398,0.03218744366828938,-0.03148745763845987,0.41369818995709984,-0.07327414804277563,-0.5804966353568666,-0.5623867712526531,0.7516729985784645,0.7405795736059577
0.14797994414727353,-0.5416648888458606,-1.516861746266454,1.265368837468892,-0.010684955964216718,0.15448396361031427,0.16130530892692302,-1.0086529367270654,1.0904289836912913,-0.8053584793481232,-0.9216785930063851,0.015934804214385628,-0.03146481850794748,0.41369818995709984,-0.05395890160007197,-0.5821669462977339,-0.5692246382738093,0.8650663109611888,0.854024689758972
0.14797994414727353,-0.5416648888458606,-1.3723987226834924,-0.7054689621240783,-0.010684955964216718,1.2314754035945372,1.235098902356499,-1.0086529367270654,1.0904289836912913,-0.8399345006505388,-0.9471480273433669,0.0009275810115126888,-0.034455699194529045,0.41369818995709984,-0.04072952866174616,-0.5809017352411598,-0.5717239606949736,0.7336015902670029,0.7224999734660761
0.14797994414727353,-0.5416648888458606,-1.2279356991005308,1.2863582816623393,-0.010684955964216718,0.15123698333158753,0.15379951957002344,-1.1603082532413587,1.0904289836912913,-0.8936758682807128,-0.977854194189227,-0.003552848704721345,-0.02998321318885871,0.41369818995709984,-0.021185769384157064,-0.5804525326079127,-0.5741257633823716,0.8769437468190531,0.8659075486491054
0.14797994414727353,-0.5416648888458606,-1.0834726755175694,-0.7054689621240783,-0.010684955964216718,1.2394469795804715,1.2388353159399699,-1.0086529367270654,0.6717197683338367,-0.9197257821420753,-1.0004469544418169,-0.033456477784913494,-0.053090219065173506,0.41369818995709984,-0.005934528395667426,-0.5710457389590947,-0.5666566186179699,0.741364531999148,0.730266492994851
0.14797994414727353,-0.5416648888458606,-0.9390096519346078,1.3041589062690258,-0.010684955964216718,0.14983841512528898,0.1503044269480096,-1.1148116293611146,0.910982177109525,-0.9722396739245849,-1.0364237302332704,-0.07256391197282612,-0.08690469518753446,0.41369818995709984,0.008345714020933056,-0.5701352861123984,-0.5672257004421247,0.8871755290348242,0.8761439947377794
0.14797994414727353,-0.5416648888458606,-0.7945466283516462,-0.7054689621240783,-0.010684955964216718,1.2471055201572847,1.2443717061540867,-1.1603082532413587,0.6717197683338367,-0.996152375070259,-1.0578294036826346,-0.11621144674457864,-0.1265206581252747,0.41369818995709984,0.01070830025785322,-0.5727465991211886,-0.5709125965100399,0.7489287424229503,0.7378342545376378
0.14797994414727353,-0.5416648888458606,-0.6500836047686848,1.317689053064096,-0.010684955964216718,0.15039742194386063,0.14980328637158982,-1.1603082532413587,0.6717197683338367,-1.0272018281607467,-1.069557002617949,-0.10686869375943309,-0.1148195815956291,0.41369818995709984,0.010270820036472741,-0.585488205997001,-0.5845590746322225,0.8969311841576905,0.8859040363755023
0.14797994414727353,-0.5416648888458606,-0.5056205811857232,-0.7054689621240783,-0.010684955964216718,1.253806664325006,1.2509656114609724,-0.9024942440930163,0.910982177109525,-0.9530355299951018,-1.0426054741746809,0.014586242606493268,-0.09158847974465378,0.41369818995709984,-0.006540678597602208,-0.6237302374532981,-0.5925736797741558,0.7561962959661825,0.7451049036271433
0.14797994414727353,-0.5416648888458606,-0.3611575576027617,1.265084653254566,-0.010684955964216718,0.08865844049781003,0.09523157727588279,-0.553686987184186,0.7315353705277589,-0.6321365525863689,-0.8936797180613414,0.4593745946224801,0.07618340859216134,0.2870221303515256,-0.10007964465198309,-0.7444818430060913,-0.6334587198003139,0.9039348426845907,0.887878297401272
0.14797994414727353,-0.5416648888458606,-0.21669453401980013,-0.7054689621240783,-0.010684955964216718,1.2714932700563388,1.2936521190935997,-0.553686987184186,0.7315353705277589,-0.3456597439214886,-0.7277839844310232,0.6748844573906893,0.2104007515643504,0.29880350112250814,-0.19606227435882953,-0.7845069163322892,-0.6524057205184607,0.7273278732757281,0.7227860210417869
0.14797994414727353,-0.5416648888458606,-0.0722315104368386,1.7911343924451026,-0.010684955964216718,0.13264496104670703,-0.6983308925851475,-0.17454869589845315,-0.10588306018714999,0.21600176453392575,-0.5350355286311893,0.8732397981631804,0.34087844557041835,-0.540553064279355,-0.3121634443070424,-0.8310583359622158,-0.6831469745487935,0.9084262782592863,0.8904963703775314
0.14797994414727353,-0.5416648888458606,0.07223151314612293,-0.7054689621240783,-0.010684955964216718,1.089336935352061,1.4449671220582974,-0.2503763541555997,0.013748144200694123,0.384186023388998,-0.37184496962439284,0.8714121647325096,0.4340284057931283,-0.40304680117556974,-0.4073787341881912,-0.8233201321713791,-0.7036328366657686,0.7346739112849365,0.7303193585210211
0.14797994414727353,-0.5416648888458606,0.21669453672908448,2.3036285087304464,-0.010684955964216718,-0.6991224441542135,-0.6983308925851475,0.20458959538727972,-0.8236702865142147,0.6975422118831449,-0.22991893224731424,0.8924376211539161,0.574305489365801,-0.3142068419407576,-0.4856582549917951,-0.8153650719369059,-0.7310627539584452,0.982699584609048,0.9611470480010187
0.14797994414727353,-0.5416648888458606,0.361157560312046,-0.7054689621240783,-0.010684955964216718,1.2028947872082347,1.3104943832509468,0.21975518489062115,-1.003117093095981,0.7718202203847898,-0.14091988692391746,0.810247820554575,0.7420019139342414,0.17642816832469274,-0.5358791987727173,-0.7894343766349199,-0.7771720344777107,0.7615175787614045,0.7578756164897373
0.14797994414727353,-0.5416648888458606,0.5056205838950075,1.5415924850184095,-0.010684955964216718,0.4142696635070654,-0.6983308925851475,0.05293427887298657,-0.5844078777385264,0.542743794547209,-0.16086675631723696,0.7670034903596449,0.7495382289359221,0.41369818995709984,-0.5237359253801352,-0.7758180293822957,-0.7779118841912157,0.840739366693002,0.8266782546538145
0.14797994414727353,-0.5416648888458606,0.6500836074779691,-0.7054689621240783,-0.010684955964216718,1.0630856892364522,1.4876739624885458,-0.09872103764130656,0.013748144200694123,0.2966392350975581,-0.2676735152072133,0.6469815072572249,0.444948851563254,0.41369818995709984,-0.4613154848797797,-0.7410713021321128,-0.6870546986360591,0.7519194326012194,0.7457323231664175
0.14797994414727353,-0.5416648888458606,0.7945466310609306,1.6148510131775893,-0.010684955964216718,0.34826186927319913,-0.6983308925851475,-0.2958729780358437,0.7913509727216809,-0.07311394997239135,-0.3829712618080139,0.5609949345962197,0.35276566606205473,0.41369818995709984,-0.3927732169020811,-0.7161784198103875,-0.6589053024187085,0.8567372370146066,0.8414785529300307
0.14797994414727353,-0.5416648888458606,0.9390096546438922,-0.7054689621240783,-0.010684955964216718,1.0748038092290677,1.5543894349634735,-0.40203167066989287,1.0904289836912913,-0.17121301700874036,-0.4817394245691324,0.4871675798713565,0.14552538837898757,0.41369818995709984,-0.3328208115392211,-0.6944968630185858,-0.59401003709727,0.7734207560840269,0.7667217812021948
0.14797994414727353,-0.5416648888458606,1.0834726782268538,1.6947632913094368,-0.010684955964216718,0.33699606337240634,-0.6983308925851475,-0.40203167066989287,1.0904289836912913,-0.33611620282141774,-0.5651982609714111,0.3837920639490389,0.062335807095414884,0.41369818995709984,-0.2516336036602533,-0.6193735312627388,-0.5208078241431195,0.8882854721935584,0.8730634508601021
0.14797994414727353,-0.5416648888458606,1.2279357018098151,-0.7054689621240783,-0.010684955964216718,1.0160510152981341,1.5255713626237504,-0.2958729780358437,0.851166574915603,-0.36438159352608546,-0.6097810632067009,0.3512552447254969,-0.03656197681849678,0.41369818995709984,-0.20214332182656777,-0.5787656562442677,-0.455602446068305,0.7814497529554211,0.7703699123182096
0.14797994414727353,-0.5416648888458606,1.3723987253927767,1.7640068203951316,-0.010684955964216718,0.3620431007415773,-0.6983308925851475,-0.2503763541555997,0.7315353705277589,-0.4199216982431096,-0.646039436878349,0.33250921544663414,-0.07420330448376726,0.41369818995709984,-0.14422219528531882,-0.5253432434626898,-0.3922991362229675,0.8908936406053161,0.879863637747722
0.14797994414727353,-0.5416648888458606,1.5168617489757383,-0.7054689621240783,-0.010684955964216718,1.008441669003211,1.536115280697364,-0.40203167066989287,0.7315353705277589,-0.45715803096032726,-0.6869078289796458,0.2850785476686703,-0.16279273763770308,0.41369818995709984,-0.0887304955884486,-0.4740483042635741,-0.32271317170738184,0.7859267877106716,0.7748489337777114
0.14797994414727353,-0.5416648888458606,1.6613247725587,1.151470531387293,-0.010684955964216718,0.17199618191930585,0.31002127727611145,-0.508190363303942,0.851166574915603,-0.5209172069254464,-0.7263160055067015,0.25593870569383315,-0.1592492944693561,0.41369818995709984,-0.044658163788219164,-0.44475827030346826,-0.30291948298962623,0.8920266250751623,0.8809971729832754
0.14797994414727353,-0.43158703683369687,-1.6613247698494156,-0.7054689621240783,-0.010684955964216718,1.2000526611532254,1.3202778127702361,-0.553686987184186,0.7315353705277589,-0.5728825808904708,-0.7598684987957296,0.20604448352471322,-0.1348342499412142,0.41369818995709984,-0.013898454058348775,-0.4218272073364273,-0.3049253555579342,0.7584467840249717,0.7473566062127357
0.14797994414727353,-0.43158703683369687,-1.516861746266454,-0.7054689621240783,-0.010684955964216718,-0.6991224441542135,-0.6983308925851475,-0.553686987184186,0.7315353705277589,-0.6620575306060065,-0.7867127518560665,0.16467040880874384,-0.10184484435308265,0.41369818995709984,0.004031237265123381,-0.40962838697578857,-0.3184465749998573,-1.2740310493992413,-1.2860490588430924
0.14797994414727353,-0.43158703683369687,-1.3723987226834924,0.9911482939300748,-0.010684955964216718,0.22636337920092822,0.28431873453476836,-0.7660043724522843,0.910982177109525,-0.8091887391321707,-0.8196272389202933,-0.04144896428023508,-0.22910191242218406,0.41369818995709984,0.027361746191981003,-0.33914251305628035,-0.27222503843150114,0.9732942294191849,0.9545355787475175
0.14797994414727353,-0.43158703683369687,-1.2279356991005308,-0.7054689621240783,-0.010684955964216718,1.2597347855247365,1.3028905457900546,-0.8569976202127723,1.0904289836912913,-0.8622638582913509,-0.8624639931465581,-0.21750359694648605,-0.34121843309638683,0.41369818995709984,0.05648398169003235,-0.2773663942167584,-0.23097310749586314,0.7861091380868956,0.7816329331592559
0.14797994414727353,-0.43158703683369687,-1.0834726755175694,1.2097399569238152,-0.010684955964216718,0.17882094248767416,0.1996920587120918,-0.8569976202127723,1.0904289836912913,-0.9203753075088776,-0.893675483506752,-0.22116824065845145,-0.31919810548466687,0.41369818995709984,0.07779551818870992,-0.27608849017390014,-0.23916411500065318,0.9192421937138009,0.908225377822541
0.14797994414727353,-0.43158703683369687,-0.9390096519346078,-0.7054689621240783,-0.010684955964216718,1.2297403591140288,1.2468500016826911,-0.8115009963325283,0.910982177109525,-0.9472279303714377,-0.9210977532685406,-0.22625390346040203,-0.3012041891588916,0.41369818995709984,0.09265150677641565,-0.2768799731661014,-0.24846294668102561,0.7772468738003573,0.7661652588414277
0.14797994414727353,-0.43158703683369687,-0.7945466283516462,1.2615371946245997,-0.010684955964216718,0.16572217656453406,0.17482289865262723,-0.8569976202127723,1.0904289836912913,-0.9847137718031943,-0.946014578231607,-0.20251853720872384,-0.2584145555178401,0.41369818995709984,0.10988769663477611,-0.28531994850370646,-0.26419396329008743,0.9131544273036115,0.9021347774354131
0.14797994414727353,-0.43158703683369687,-0.6500836047686848,-0.7054689621240783,-0.010684955964216718,1.2423357771336843,1.2482395492644487,-0.8569976202127723,1.0904289836912913,-0.9970420442132529,-0.9671033658458652,-0.20132171009274352,-0.24221080747517432,0.41369818995709984,0.12857531701249872,-0.28317397328021965,-0.26751721910631504,0.7710320201585645,0.7599474123622394
0.14797994414727353,-0.43158703683369687,-0.5056205811857232,1.2375519751717996,-0.010684955964216718,0.10512990542006265,0.11203574363974908,-0.6295146454413326,0.910982177109525,-0.7654377539460675,-0.9153345244723814,0.32998343286497483,-0.10519627415523194,0.41369818995709984,0.0925955247513962,-0.46425039452891154,-0.31708216556921043,0.9198707894825813,0.9040121183298709
0.14797994414727353,-0.43158703683369687,-0.3611575576027617,-0.7054689621240783,-0.010684955964216718,1.2430127240896078,1.271186683503423,-0.40203167066989287,0.7315353705277589,-0.28268120246003414,-0.7859787623939056,1.0570490862952953,0.02673703209415133,-0.23872066284298568,0.01503098127595023,-0.6795836798113574,-0.3524085807707036,0.7440018620702821,0.7397714277330324
0.14797994414727353,-0.43158703683369687,-0.21669453401980013,-0.7054689621240783,-0.010684955964216718,-0.6991224441542135,-0.6983308925851475,-0.09872103764130656,0.3726417573642265,0.4348971645396514,-0.6365420366934464,1.2464972714161637,0.12527678235144107,-1.4904825326540412,-0.06366140696217215,-0.7120751430747922,-0.36070447616692203,-1.2740310493992413,-1.2860490588430924
0.14797994414727353,-0.43158703683369687,-0.0722315104368386,-0.7054689621240783,-0.010684955964216718,-0.6991224441542135,2.8161072334745945,0.05293427887298657,-0.5844078777385264,0.8286453284278977,-0.5130010238253008,1.1366602529730976,0.28667952863743656,-1.7617898353033494,-0.15251598055231738,-0.6919173900431866,-0.42982624674978126,0.6345446536624003,0.6283942142548563
0.14797994414727353,-0.43158703683369687,0.07223151314612293,-0.7054689621240783,-0.010684955964216718,-0.6991224441542135,-0.6983308925851475,0.05293427887298657,-0.3451454689628382,1.384533352392199,-0.3934348461983955,0.8004899288190859,0.4906027544572807,-1.998258442935943,-0.22168128986018934,-0.5856448245396274,-0.49232209319953585,-1.2740310493992413,-1.2860490588430924
0.14797994414727353,-0.43158703683369687,0.21669453672908448,1.3110966610467936,-0.010684955964216718,0.7161386013351002,-0.6983308925851475,0.05293427887298657,-0.2853298667689162,1.772647836940374,-0.32149399827925634,0.3852676392608352,0.6149259589092392,-2.2114450964133674,-0.2644020900994965,-0.45027283500558724,-0.5297729216234927,1.0065433813848506,0.9816943207442573
0.14797994414727353,-0.43158703683369687,0.361157560312046,-0.7054689621240783,-0.010684955964216718,2.864991926256634,-0.6983308925851475,0.05293427887298657,-0.2853298667689162,1.9256314630094358,-0.2606865001347205,0.43751204117266,0.8077207943527697,-1.5940100121131746,-0.29294447729529893,-0.45786625269863884,-0.5822160004956034,0.6552339509387451,0.6634870881850499
0.14797994414727353,-0.43158703683369687,0.5056205838950075,2.3631180964144627,-0.010684955964216718,-0.6991224441542135,-0.6983308925851475,0.05293427887298657,-0.2853298667689162,2.084626041649132,-0.2147902802176218,0.626442794627289,1.108417918249937,-1.06392554395033,-0.3069983785935018,-0.5065453610463885,-0.6634512389858429,0.952167507252194,0.9291701665377561
0.14797994414727353,-0.43158703683369687,0.6500836074779691,-0.7054689621240783,-0.010684955964216718,0.9579025331761454,1.5668349936558388,-0.09872103764130656,0.3726417573642265,1.9017535459204802,-0.20505080466202583,0.7002727066750496,1.7565183692639668,0.07892825810211376,-0.29824129380910086,-0.5125284905642221,-0.8353728951418887,0.8252979080327089,0.8188537469703646
0.14797994414727353,-0.43158703683369687,0.7945466310609306,1.3790923989641568,-0.010684955964216718,0.582922062716525,-0.6983308925851475,-0.31103842290940487,0.851166574915603,0.8236163565353952,-0.2813701820265938,0.5927219349022537,1.1407424041900565,0.41369818995709984,-0.24539667520905573,-0.4720856243674468,-0.6510254912198918,0.8311694821409781,0.8191914306414044
0.14797994414727353,-0.43158703683369687,0.9390096546438922,0.6085126387858809,-0.010684955964216718,0.24899548188603282,0.69641025164929,-0.2503763541555997,0.7315353705277589,0.43467508171598673,-0.3714850324842947,0.47595201408435284,0.23198925872370438,0.41369818995709984,-0.18094712760357684,-0.425478269543725,-0.3449140808755226,0.8954608604923417,0.8834113653450417
0.14797994414727353,-0.43158703683369687,1.0834726782268538,-0.7054689621240783,-0.010684955964216718,1.1847683761875256,1.396668762282238,-0.40203167066989287,1.0904289836912913,0.28401864282623,-0.4534109601252145,0.3984617205294559,0.16106421677364124,0.41369818995709984,-0.13253932578815544,-0.40417147855035074,-0.3245279055975084,0.7637297246384208,0.757439168541124
0.14797994414727353,-0.43158703683369687,1.2279357018098151,1.5857117254740596,-0.010684955964216718,0.4677851585044687,-0.6983308925851475,-0.40203167066989287,0.7315353705277589,0.03810874030936949,-0.516195289503897,0.4009005541326038,0.13813664696879505,0.41369818995709984,-0.09138819396588081,-0.4046449914793627,-0.31601074876090074,0.8710097091564406,0.8564476930417667
0.14797994414727353,-0.43158703683369687,1.3723987253927767,-0.7054689621240783,-0.010684955964216718,1.0599726792830864,1.571254128083145,-0.40203167066989287,0.7315353705277589,-0.06053817562029685,-0.5671856785920313,0.37183657940372267,-0.012120939214581402,0.41369818995709984,-0.05788874323570488,-0.3949241002038489,-0.26184352099580605,0.777431024279012,0.7701119367467053
0.14797994414727353,-0.43158703683369687,1.5168617489757383,1.654394780137056,-0.010684955964216718,0.38507664138082354,-0.6983308925851475,-0.7053423036984792,1.0904289836912913,-0.25853304000734206,-0.6296143053852051,0.3570100736855989,-0.02227249303360104,0.41369818995709984,-0.01640340837613738,-0.38994758903896704,-0.25815185729646223,0.8803752820825866,0.8655536774719902
0.14797994414727353,-0.43158703683369687,1.6613247725587,-0.7054689621240783,-0.010684955964216718,1.0473365813764832,1.5830209486446112,-0.7053423036984792,0.6717197683338367,-0.3113064743669054,-0.6926456504482686,0.27208223270411475,-0.19341341938518622,0.41369818995709984,0.0206103622350012,-0.3737760791067085,-0.20825967794915187,0.7787411388280335,0.7716909357570406
0.14797994414727353,-0.3215091848215331,-1.6613247698494156,1.088297851698291,-0.010684955964216718,0.16112813491311165,0.29938104043438524,-0.7053423036984792,0.6717197683338367,-0.45981767345096175,-0.7402053445598993,0.23852077943968358,-0.15148574967623618,0.41369818995709984,0.0453524868789442,-0.37946275209742797,-0.2419774509645441,0.8950718583570799,0.8806318271183095
0.14797994414727353,-0.3215091848215331,-1.516861746266454,-0.7054689621240783,-0.010684955964216718,1.2086585070043838,1.32800679126391,-0.7053423036984792,0.6717197683338367,-0.5009351041889694,-0.7695508078643688,0.19692251274970934,-0.09444101018921518,0.41369818995709984,0.06325828932105029,-0.3700439108684079,-0.2678531204115092,0.7132170503321659,0.7068077231145952
0.14797994414727353,-0.3215091848215331,-1.3723987226834924,-0.7054689621240783,-0.010684955964216718,-0.6991224441542135,2.5576788430253057,-0.7356733380753817,0.910982177109525,-0.5935724053963369,-0.7943307155623783,0.17194343512893195,0.021758938840370903,0.41369818995709984,0.07936566920940642,-0.36344484881274536,-0.31181718349844095,0.45476302360685705,0.4435341243054308
0.14797994414727353,-0.3215091848215331,-1.2279356991005308,-0.7054689621240783,-0.010684955964216718,2.485680677134894,-0.6983308925851475,-0.7053423036984792,1.0904289836912913,-0.7459948040887282,-0.8218440282478388,0.044785668701817306,0.2359854845022992,0.41369818995709984,0.09403561408465526,-0.3227864169844979,-0.3903669452312828,0.4523066038300025,0.412436593251311
0.14797994414727353,-0.3215091848215331,-1.0834726755175694,1.339271803568639,-0.010684955964216718,-0.11754943062127955,0.24825537370663692,-0.7053423036984792,1.0904289836912913,-0.9403032273877738,-0.8539970012450736,0.1246107980620349,0.15989872079541068,0.41369818995709984,0.11730941708099749,-0.35264871100420025,-0.3661614637579509,0.9037636529434365,0.8862216393428031
0.14797994414727353,-0.3215091848215331,-0.9390096519346078,-0.7054689621240783,-0.010684955964216718,1.1740562161899704,1.2578676529792303,-0.6901767141951377,0.910982177109525,-0.9504548205562517,-0.8678644617662262,0.13325284457329453,0.10708162931000009,0.41369818995709984,0.1271212321729848,-0.3558447619235105,-0.3478587434142185,0.7232184194368148,0.7121121024787985
0.14797994414727353,-0.3215091848215331,-0.7945466283516462,1.3383363638631496,-0.010684955964216718,0.10378347474328864,0.12956114787387216,-0.8569976202127723,1.0904289836912913,-0.9769876976666682,-0.8931398123511942,0.12880054540893182,0.08200082664753082,0.41369818995709984,0.14495681578198458,-0.35460945468208077,-0.33930019486839014,0.8747139599382164,0.8636767463878128
0.14797994414727353,-0.3215091848215331,-0.6500836047686848,-0.7054689621240783,-0.010684955964216718,1.2195386423490766,1.2361801041104146,-0.8569976202127723,1.0904289836912913,-0.9819651623982605,-0.9188986079184509,0.08385559548723483,0.038483386884821696,0.41369818995709984,0.163067966083106,-0.3391506881999889,-0.3238758236443927,0.7329450929105477,0.7218432524917541
0.14797994414727353,-0.3215091848215331,-0.5056205811857232,1.2777947204766034,-0.010684955964216718,0.07056056846755633,0.08278465607646036,-0.5840180215610886,0.910982177109525,-0.6459478298761399,-0.8658572828908555,0.727948055070646,0.10549018228361046,0.3655419831741394,0.12995556349142665,-0.5488278497129419,-0.3450815981070808,0.8968869016378966,0.8807635811234542
0.14797994414727353,-0.3215091848215331,-0.3611575576027617,-0.7054689621240783,-0.010684955964216718,1.25065066193298,1.2841248409010424,-0.40203167066989287,1.0904289836912913,-0.43811041528607775,-0.7510225142584949,0.8334580831713216,0.1651417757248176,0.41369818995709984,0.07099587386533403,-0.5602222789597343,-0.34252766463500756,0.7128154474798896,0.708234067795486
0.14797994414727353,-0.3215091848215331,-0.21669453401980013,-0.7054689621240783,-0.010684955964216718,-0.6991224441542135,-0.6983308925851475,-0.09872103764130656,0.3726417573642265,-0.23664717908969163,-0.5873548621012938,0.8929252173863526,0.277658254371406,0.41369818995709984,-0.033787033653837874,-0.5726943212285263,-0.3753671099149469,-1.2740310493992413,-1.2860490588430924
0.14797994414727353,-0.3215091848215331,-0.0722315104368386,1.0486114544039828,-0.010684955964216718,0.1764021710700843,0.2337879593497909,0.05293427887298657,0.013748144200694123,-0.125679348915811,-0.4542324637155561,0.698815885064501,0.26314489474033215,0.41369818995709984,-0.10232544080222473,-0.4932607525200417,-0.35066687832564186,0.9530571178734174,0.934247101196344
0.14797994414727353,-0.3215091848215331,0.07223151314612293,-0.7054689621240783,-0.010684955964216718,1.2290383945532124,1.2860392681244837,0.05293427887298657,0.013748144200694123,-0.1634046651995915,-0.3506714909183468,0.5577940187696484,0.27914992152627804,0.41369818995709984,-0.15976517018867278,-0.43598956813463635,-0.3442997065527965,0.7498201531466043,0.7455821276986552
0.14797994414727353,-0.3215091848215331,0.21669453672908448,2.304053708596578,-0.010684955964216718,-0.6991224441542135,-0.6983308925851475,-0.2503763541555997,0.7315353705277589,-0.3141580980936596,-0.35397303197987423,0.47807970673498457,0.2673381648030163,0.41369818995709984,-0.14091973841283498,-0.3920445134002027,-0.32202858317634414,1.0362205900973924,1.0143057934267008
0.14797994414727353,-0.3215091848215331,0.361157560312046,-0.7054689621240783,-0.010684955964216718,1.1681903236545113,1.2099843338144063,0.05293427887298657,0.3726417573642265,-0.3230293704052275,-0.35067360819564153,0.36238556641592073,0.20634163931211003,0.41369818995709984,-0.12400954732948004,-0.32900361377482823,-0.27581008055526074,0.8262843641647009,0.8152250818426682
0.14797994414727353,-0.3215091848215331,0.5056205838950075,1.66099040152043,-0.010684955964216718,0.4069300448346422,-0.6983308925851475,-0.2503763541555997,1.0904289836912913,-0.36749811122323484,-0.3929097614293112,0.28226634492250285,0.14102271686596737,0.41369818995709984,-0.0628861041760191,-0.26321844748771966,-0.21313804845316883,0.9064783874190883,0.8954556894856479
0.14797994414727353,-0.3215091848215331,0.6500836074779691,-0.7054689621240783,-0.010684955964216718,1.1027192516499842,1.5098612370226066,-0.2503763541555997,0.7315353705277589,-0.4398462735011674,-0.4818572863385371,0.1860411038212985,-0.055821168994020204,0.41369818995709984,0.021100446255753403,-0.20523624073503374,-0.11447538340737717,0.7977853224930143,0.7917712296857771
0.14797994414727353,-0.3215091848215331,0.7945466310609306,1.744278802471208,-0.010684955964216718,0.3587945962810399,-0.6983308925851475,-0.32620401241274627,0.910982177109525,-0.5214376299278894,-0.5611606131704282,0.15930429292904574,-0.11009471120906136,0.41369818995709984,0.08974092407906797,-0.18502728548756958,-0.08250516402107264,0.9051961744577417,0.8941729833080332
0.14797994414727353,-0.3215091848215331,0.9390096546438922,-0.7054689621240783,-0.010684955964216718,1.0290859232592053,1.5040995091028948,-0.2503763541555997,0.7315353705277589,-0.553299156957922,-0.6269578281394614,0.13349834757144433,-0.19999889090534648,0.41369818995709984,0.15728154815221584,-0.16051626843117656,-0.03129690168895951,0.8033926415644651,0.7923228343231794
0.14797994414727353,-0.3215091848215331,1.0834726782268538,1.145817526078457,-0.010684955964216718,0.170304813131373,0.28737955423439476,-0.2503763541555997,0.7315353705277589,-0.6025185972146834,-0.6725075203393284,0.1261392247137106,-0.19824645450642428,0.41369818995709984,0.21103877028081092,-0.14369655565697664,-0.01714960555625839,0.8946144523294537,0.8835863543347674
0.14797994414727353,-0.3215091848215331,1.2279357018098151,-0.7054689621240783,-0.010684955964216718,1.200748528986799,1.3008788565243845,-0.32620401241274627,0.910982177109525,-0.6332476356288598,-0.7026808390660236,0.12341482338702037,-0.15031354580748343,0.41369818995709984,0.24234478735828494,-0.1364475696764867,-0.029734418843507852,0.764453185805296,0.7533654494489261
0.14797994414727353,-0.3215091848215331,1.3723987253927767,1.2388772711258562,-0.010684955964216718,0.17441616217074557,0.22074153504525057,-0.40203167066989287,0.7315353705277589,-0.6874378513755367,-0.7326092593856326,0.13543338856380568,-0.07935496440480935,0.41369818995709984,0.26608647460683715,-0.13952249938769437,-0.05636532445086122,0.9014795029691944,0.8904545697289318
0.14797994414727353,-0.3215091848215331,1.5168617489757383,-0.7054689621240783,-0.010684955964216718,1.2351460538586443,1.2767092390304984,-0.40203167066989287,1.0904289836912913,-0.7248688410255448,-0.7641757465722371,0.09951152626508,-0.062362200739470956,0.41369818995709984,0.295794108349273,-0.12229811699992266,-0.05911364725890809,0.7593491753734527,0.7482594182604306
0.14797994414727353,-0.3215091848215331,1.6613247725587,1.2855080613393024,-0.010684955964216718,0.17006336170936112,0.19114054518887863,-0.34136960191608773,0.910982177109525,-0.7716299849661388,-0.7864057466483357,0.09985591241526237,-0.020407699468432156,0.41369818995709984,0.3226775454502101,-0.11699115792092797,-0.06998146310031657,0.9050075237230104,0.8939840607687742
0.14797994414727353,-0.21143133280936935,-1.6613247698494156,-0.7054689621240783,-0.010684955964216718,1.245944408965494,1.26371951598118,-0.2503763541555997,0.7315353705277589,-0.7841194681006045,-0.7939834820860484,0.10497567285584487,0.015523954599995086,0.41369818995709984,0.32955802588729943,-0.11889661181109563,-0.08398464673756341,0.7535474452394924,0.7424550703541538
0.14797994414727353,-0.21143133280936935,-1.516861746266454,-0.7054689621240783,-0.010684955964216718,-0.6991224441542135,-0.6983308925851475,-0.2503763541555997,1.0904289836912913,-0.8414803844020117,-0.8071727081138004,0.07870940937671259,0.012450063768201413,0.41369818995709984,0.3577131236427733,-0.09251714414658405,-0.06601284335707715,-1.2740310493992413,-1.2860490588430924
0.14797994414727353,-0.21143133280936935,-1.3723987226834924,1.10913408041255,-0.010684955964216718,0.2799310117278561,0.29009345867564,-0.22004531977869715,0.910982177109525,-0.906563361294939,-0.8169023030420212,-0.05147622736091639,-0.10116231649244979,0.41369818995709984,0.38560665021238044,-0.023715349831031206,-0.0018574277491437987,0.9620047070151683,0.9510073171385162
0.14797994414727353,-0.21143133280936935,-1.2279356991005308,-0.7054689621240783,-0.010684955964216718,1.1943780797140056,1.199835962020288,-0.09872103764130656,0.7315353705277589,-0.939072406919271,-0.819830497540584,-0.1587644473162466,-0.1948883168137528,0.41369818995709984,0.4102459802758998,0.03909793658266918,0.0570271546039941,0.779625349141965,0.7685446173293611
0.14797994414727353,-0.21143133280936935,-1.0834726755175694,-0.7054689621240783,-0.010684955964216718,-0.6991224441542135,2.585923823935172,-0.2503763541555997,0.7315353705277589,-0.999714396263073,-0.8381640016353461,-0.23066528545840642,-0.1670103238035302,0.41369818995709984,0.445687428149854,0.07919421971327542,0.05691121447607224,0.5848477857777126,0.5736783946688396
0.14797994414727353,-0.21143133280936935,-0.9390096519346078,-0.7054689621240783,-0.010684955964216718,2.3757766569849164,-0.6983308925851475,-0.18971428540179458,0.7913509727216809,-1.0726311440835206,-0.847379098180956,-0.3312933841479572,0.024463895693444114,0.41369818995709984,0.4790464412138174,0.13717556592451832,-0.0041196688619967595,0.43281599476222243,0.3860834358132441
0.14797994414727353,-0.21143133280936935,-0.7945466283516462,1.4129921310760984,-0.010684955964216718,-0.0437696231026933,0.24257424331976354,-0.09872103764130656,0.7315353705277589,-1.1222974256842817,-0.8480523923606689,-0.23639027898470547,0.019653499702718447,0.41369818995709984,0.5066730879572542,0.1200361620042431,0.019036283565492904,0.9382075328923195,0.9271993888993697
0.14797994414727353,-0.21143133280936935,-0.6500836047686848,-0.7054689621240783,-0.010684955964216718,1.1913583076410597,1.222840950405071,-0.09872103764130656,0.7315353705277589,-1.128636820021239,-0.847043862609296,-0.167242825162073,-0.02961679466908407,0.41369818995709984,0.5392092617741643,0.1173267472709506,0.06424253135008466,0.7427063283509489,0.7316088265682623
0.14797994414727353,-0.21143133280936935,-0.5056205811857232,1.9330368640559634,-0.010684955964216718,0.15672666574977184,-0.6983308925851475,-0.09872103764130656,0.7315353705277589,-1.1064124834747504,-0.8335299873963574,-0.09248545734352426,-0.04456952112936137,0.41369818995709984,0.5564333865409258,0.10679737730973617,0.0903026214491274,0.9387619644409574,0.927754067113875
0.14797994414727353,-0.21143133280936935,-0.3611575576027617,-0.7054689621240783,-0.010684955964216718,1.0670483517122915,1.3594547118402798,-0.09872103764130656,0.7315353705277589,-1.0264292207470942,-0.7870211685819937,-0.033633785505799464,-0.09492817073838924,0.41369818995709984,0.5457321328962587,0.09944254473175694,0.12798879749723954,0.7767237640340126,0.765641726208232
0.14797994414727353,-0.21143133280936935,-0.21669453401980013,1.839457549889443,-0.010684955964216718,0.2237512469253537,-0.6983308925851475,-0.09872103764130656,0.7315353705277589,-0.9367378615741215,-0.7273767614313436,0.03963095818163709,-0.09789221986288206,0.41369818995709984,0.5280094785446257,0.08656023933001368,0.14634266152356926,0.9181300904321501,0.9071127429112873
0.14797994414727353,-0.21143133280936935,-0.0722315104368386,-0.7054689621240783,-0.010684955964216718,1.0357326173456893,1.4232799924224224,-0.2048797302753557,0.910982177109525,-0.8337690265971741,-0.6763496728701012,0.0770820995730043,-0.145908138707035,0.41369818995709984,0.5186353849758508,0.08490692408264566,0.18059744320623322,0.7890647262677674,0.7779884903357646
0.14797994414727353,-0.21143133280936935,0.07223151314612293,1.8062874751005213,-0.010684955964216718,0.2656592039484072,-0.6983308925851475,-0.09872103764130656,0.7315353705277589,-0.7687736787702109,-0.6357981666039103,0.1043789641797863,-0.15801923504484947,0.41369818995709984,0.5264945856434528,0.09101978022301195,0.20359042932307383,0.9131256256647213,0.902106090715786
0.14797994414727353,-0.21143133280936935,0.21669453672908448,-0.7054689621240783,-0.010684955964216718,1.0137277417546835,1.4583159181212757,-0.09872103764130656,1.0904289836912913,-0.6970817311007573,-0.6034743999049034,0.12213786682025504,-0.19435503951723868,0.41369818995709984,0.5599370891412813,0.1275390077104187,0.26511562935607697,0.788859154570188,0.7777825606698695
0.14797994414727353,-0.21143133280936935,0.361157560312046,1.7817485987756192,-0.010684955964216718,0.28844656294622906,-0.6983308925851475,0.05293427887298657,1.0904289836912913,-0.6581048576992763,-0.57483681297596,0.16933922797841922,-0.16377628208551923,0.41369818995709984,0.62320594688288,0.18748195814098517,0.33498830188893486,0.903358629896542,0.8923343694850719
0.14797994414727353,-0.21143133280936935,0.5056205838950075,-0.7054689621240783,-0.010684955964216718,1.001346655232408,1.4787950280386912,0.35624491190157287,0.3726417573642265,-0.6101055351243353,-0.5492156404328585,0.2041375730842232,-0.17098977985581953,0.41369818995709984,0.6851442663229388,0.24889686470980696,0.418499650965274,0.7873578691430323,0.7762808108973873
0.14797994414727353,-0.21143133280936935,0.6500836074779691,2.413715086391863,-0.010684955964216718,-0.6991224441542135,-0.6983308925851475,0.35624491190157287,0.3726417573642265,-0.6086847401922156,-0.5612107220664027,0.19703418251622887,-0.16154339302794515,0.41369818995709984,0.7582370042481238,0.3064838678047941,0.47178790086335726,0.9933999334875154,0.9824170211737216
0.14797994414727353,-0.21143133280936935,0.7945466310609306,-0.7054689621240783,-0.010684955964216718,1.1244746870039706,1.273794731627156,0.20458959538727972,0.5520885639459927,-0.5893936361209362,-0.6107698317033233,0.06812124014053623,-0.23748845254755238,0.41369818995709984,0.8425995029341218,0.3921346333036089,0.5383498867901173,0.8197370316039685,0.8086746743209449
0.14797994414727353,-0.21143133280936935,0.9390096546438922,1.6325246160521147,-0.010684955964216718,0.4326872458116112,-0.6983308925851475,0.20458959538727972,0.7315353705277589,-0.5953102703839296,-0.6515302426625907,0.012122688215337189,-0.26408188452277553,0.41369818995709984,0.9135876062807737,0.44012595390303905,0.5751189439197897,0.9043425658851312,0.8933187337785642
0.14797994414727353,-0.21143133280936935,1.0834726782268538,-0.7054689621240783,-0.010684955964216718,1.0215799059794488,1.4884254375346464,0.20458959538727972,0.7315353705277589,-0.5889661935777986,-0.6767378403741285,0.0002993320197195985,-0.32256211258154527,0.41369818995709984,0.9654110355278778,0.46442248100476374,0.6234421391060639,0.8091245277241165,0.7980573095766501
0.14797994414727353,-0.21143133280936935,1.2279357018098151,1.7078791822011745,-0.010684955964216718,0.363430001073325,-0.6983308925851475,0.06809986837632802,0.910982177109525,-0.6148589102597599,-0.7012432077829259,0.01634227099603705,-0.32896311711234527,0.41369818995709984,1.011973602234145,0.46959584102473234,0.6397695430647351,0.8975480792606716,0.8865212106577668
0.14797994414727353,-0.21143133280936935,1.3723987253927767,-0.7054689621240783,-0.010684955964216718,1.002524269634149,1.5072682812847364,-0.2503763541555997,1.0904289836912913,-0.6302040306659858,-0.7415491098829322,0.005022707411206049,-0.39039565548719396,0.41369818995709984,1.054636248731945,0.4615562325934841,0.6562063858357436,0.8026203976217196,0.7915503419446479
0.14797994414727353,-0.21143133280936935,1.5168617489757383,1.1282153280759655,-0.010684955964216718,0.17286449252946215,0.3016365136550386,-0.2503763541555997,0.7315353705277589,-0.6750025510986518,-0.7767763695120639,-0.00498239220436451,-0.3758839728287507,0.41369818995709984,1.0700274447829832,0.41626765753116324,0.5963908150909192,0.904353366499715,0.8933295937509944
0.14797994414727353,-0.21143133280936935,1.6613247725587,-0.7054689621240783,-0.010684955964216718,1.1954717064421776,1.3068267238697413,-0.35653504678964887,0.851166574915603,-0.7087905797315585,-0.8057167270941485,-0.02525770057586879,-0.33144335963292515,0.41369818995709984,1.070657725168116,0.3679968760981181,0.5147314741140571,0.7737114726265757,0.7626281863113981
0.14797994414727353,-0.10135348079720558,-1.6613247698494156,1.2243325651565355,-0.010684955964216718,0.1723631943877231,0.22412778431505026,-0.553686987184186,1.0904289836912913,-0.7697590040691809,-0.8429624577442226,-0.030067172504900836,-0.26676420224533637,0.41369818995709984,1.071630654154661,0.3101005083543717,0.4218458780965665,0.9025640646836565,0.8915395424462592
0.14797994414727353,-0.10135348079720558,-1.516861746266454,-0.7054689621240783,-0.010684955964216718,1.1840075466740203,1.2310421948063779,-0.553686987184186,1.0904289836912913,-0.8096523035803623,-0.8765869384612704,-0.06941669992710009,-0.2460133429149409,0.41369818995709984,1.0552501205925031,0.25555681007256187,0.33839217401840904,0.7238912977253888,0.712785215864336
0.14797994414727353,-0.10135348079720558,-1.3723987226834924,1.8030688735822087,-0.010684955964216718,-0.6991224441542135,0.2650219663181982,-0.5688525766875274,0.910982177109525,-0.8550903155173156,-0.9044326636819979,-0.10638280240892825,-0.20969179270991134,0.41369818995709984,1.0273368072726736,0.19253398181749048,0.2415795666774192,0.8948022030129698,0.8837742523483254
0.14797994414727353,-0.10135348079720558,-1.2279356991005308,-0.7054689621240783,-0.010684955964216718,1.3567309829418592,1.0498599890680005,-0.7053423036984792,0.6717197683338367,-0.8611601334147042,-0.9324160119268806,-0.21391567292144248,-0.19858604146411016,0.41369818995709984,0.9827895934671067,0.14532059068253436,0.1436008400311068,0.7523116749208564,0.741218672738223
0.14797994414727353,-0.10135348079720558,-1.0834726755175694,1.1836400409216086,-0.010684955964216718,0.21534638284123345,0.15841511703413785,-0.7053423036984792,0.6717197683338367,-0.8872883114036836,-0.9556517187179593,-0.25166346376890736,-0.1818599164470288,0.41369818995709984,0.9395420313285863,0.07841930214385193,0.0541353694320514,0.883472718334993,0.8724395147082112
0.14797994414727353,-0.10135348079720558,-0.9390096519346078,-0.7054689621240783,-0.010684955964216718,1.251100978821051,1.2013894296818366,-0.7053423036984792,0.6717197683338367,-0.9042555729164962,-0.9750727975830963,-0.27340752792448153,-0.1966273374316306,0.41369818995709984,0.8971863207610655,0.01629509429063557,-0.010569407342764058,0.7507236245565437,0.7396298382811582
0.14797994414727353,-0.10135348079720558,-0.7945466283516462,1.2511411476022947,-0.010684955964216718,0.17995246352913982,0.15913955155556703,-0.7053423036984792,0.6717197683338367,-0.9468941372117732,-0.997281624886248,-0.2691726012063973,-0.2032941421243724,0.41369818995709984,0.8454082562583738,-0.05934025962379791,-0.0817796172018532,0.8936130553472874,0.8825843681992186
0.14797994414727353,-0.10135348079720558,-0.6500836047686848,-0.7054689621240783,-0.010684955964216718,1.2508981049662478,1.2282727420004975,-0.8569976202127723,0.6717197683338367,-0.9771027526235065,-1.0306421517005573,-0.30116471065279443,-0.24867805242488097,0.41369818995709984,0.7845717209831375,-0.1381957596179457,-0.1552607365945745,0.7568032905057952,0.7457122424626784
0.14797994414727353,-0.10135348079720558,-0.5056205811857232,1.2276494829308147,-0.010684955964216718,0.1106210069040707,0.10358395515229109,-0.7356733380753817,0.13337934858853825,-0.7798758131809402,-0.9985329357674126,0.19525428577964274,-0.15578131506938375,0.2051667573632642,0.6704509151699878,-0.400993929272065,-0.2784311942883728,0.905866892623399,0.8899703788826532
0.14797994414727353,-0.10135348079720558,-0.3611575576027617,-0.7054689621240783,-0.010684955964216718,1.286292970322224,1.2932446246752958,-0.7053423036984792,0.013748144200694123,-0.6000877267893902,-0.8861725585334519,0.3439617598221296,-0.08616766571640881,-0.12797928743808495,0.5231612421364754,-0.5042703046064514,-0.36089279760835025,0.7386744589267961,0.7333136373346767
0.14797994414727353,-0.10135348079720558,-0.21669453401980013,-0.7054689621240783,-0.010684955964216718,2.8433359306262975,-0.6983308925851475,-0.7053423036984792,-0.3451454689628382,-0.3732374805817971,-0.7445718761006581,0.7064997879302037,0.01135751609939968,-0.5059986664917712,0.3365480573561079,-0.6913330824033882,-0.4760053080563193,0.5361910170774499,0.5352140115618932
0.14797994414727353,-0.10135348079720558,-0.0722315104368386,1.6094228076292019,-0.010684955964216718,-0.6991224441542135,0.4471194623742319,-0.7205078932018206,-0.4049610711567603,-0.5295195717216131,-0.6980538824180174,0.7714975591313317,-0.07697030932417073,0.12315110157504011,0.24647008347782198,-0.7590794226390988,-0.5009116313496499,1.0124455572344406,0.9841712140789229
0.14797994414727353,-0.10135348079720558,0.07223151314612293,-0.7054689621240783,-0.010684955964216718,0.9699779424083859,1.3346832854601023,-0.8569976202127723,-0.04606745799322794,-0.5946600760929596,-0.6843854459625661,0.6780649146340814,-0.11724867645097724,0.3612927340539598,0.16230110886107227,-0.7890081934852731,-0.550926468850986,0.7240439464115073,0.7129380750989207
0.14797994414727353,-0.10135348079720558,0.21669453672908448,-0.7054689621240783,-0.010684955964216718,1.1617574354854725,1.374575395926881,-0.8569976202127723,0.6717197683338367,-0.2639580150071019,-0.5810736061270326,0.6789412239469217,0.19040956083559296,-0.3591258041434491,0.01885030667253611,-0.8189759038317431,-0.6807755113341226,0.662275951647418,0.6538438424772376
0.14797994414727353,-0.10135348079720558,0.361157560312046,2.051139266535479,-0.010684955964216718,0.08626473924310649,-0.6983308925851475,-0.8569976202127723,0.1931949507824603,-0.3975501983797347,-0.6062106279287472,0.6128344270492906,0.19350776777052955,-0.01629025460274766,-0.016265383728244587,-0.8301866074804546,-0.7133564209643221,0.9025210422355642,0.8914965123668185
0.14797994414727353,-0.10135348079720558,0.5056205838950075,-0.7054689621240783,-0.010684955964216718,1.111373661087111,1.512326326713581,-0.9328252784699188,0.4922729617520706,-0.570034301784555,-0.6850926165789941,0.4247578194423911,0.028290747236353643,0.41369818995709984,-0.03999235156504602,-0.8146951404235286,-0.7025685713046017,0.7489237021361445,0.743836335904202
0.14797994414727353,-0.10135348079720558,0.6500836074779691,1.239506997509874,-0.010684955964216718,0.0699778054359352,0.1786397525565837,-1.0086529367270654,0.6717197683338367,-0.7883423863710711,-0.7806905094708563,0.26220840899727704,-0.054447728409601756,0.38903920765918537,-0.050546169790373074,-0.801477654129736,-0.7118134420656236,0.8847810327815838,0.8692917619445503
0.14797994414727353,-0.10135348079720558,0.7945466310609306,-0.7054689621240783,-0.010684955964216718,1.20441182113182,1.2985034826827075,-1.0086529367270654,0.910982177109525,-0.8224173834719058,-0.8573373590570038,0.16251032340141183,-0.09974611310595238,0.41369818995709984,-0.036876421008683026,-0.7826627760199354,-0.708048746921215,0.7446985017109407,0.7336019388669298
0.14797994414727353,-0.10135348079720558,0.9390096546438922,1.3153210306872725,-0.010684955964216718,0.14347295886187533,0.18754813812051832,-1.0086529367270654,0.6717197683338367,-0.882608517926702,-0.9279993714901473,0.0899002543757081,-0.11327676677552535,0.41369818995709984,-0.03163172569058888,-0.7738071591653604,-0.7163957860000307,0.8961818015158141,0.8851544933726725
0.14797994414727353,-0.10135348079720558,1.0834726782268538,-0.7054689621240783,-0.010684955964216718,1.2350215965301017,1.27436551727584,-1.0086529367270654,0.6717197683338367,-0.9204448756223148,-0.9812100787013183,0.001997394423589118,-0.1497836224562304,0.41369818995709984,-0.03230013176517461,-0.7595591744935726,-0.7168053688818482,0.7456151138686238,0.7345188893692981
0.14797994414727353,-0.10135348079720558,1.2279357018098151,1.3267565747662722,-0.010684955964216718,0.14999955793327513,0.1700209521463975,-1.0086529367270654,0.910982177109525,-0.972955422783986,-1.0131181532914668,-0.054250070263622927,-0.16515978450572097,0.41369818995709984,-0.04490477426050314,-0.7478381697691608,-0.7169167580888609,0.9009396522502449,0.8899144397793802
0.14797994414727353,-0.10135348079720558,1.3723987253927767,-0.7054689621240783,-0.010684955964216718,1.2460022227583136,1.262621544909639,-1.0086529367270654,1.0904289836912913,-0.9944111654618281,-1.0344334895762572,-0.10979853335888065,-0.19006618201461328,0.41369818995709984,-0.050620973358287004,-0.7234992610013682,-0.7011575691122667,0.7490725706071586,0.7379778930409139
0.14797994414727353,-0.10135348079720558,1.5168617489757383,1.3322429089039536,-0.010684955964216718,0.15247609058569106,0.16153106586545868,-0.8569976202127723,0.6717197683338367,-1.0229989776153101,-1.0455054383093145,-0.1123993307455302,-0.17076003460543454,0.41369818995709984,-0.05613278980438346,-0.7128846974372965,-0.6970909962142223,0.9057988487515208,0.894775814230484
0.14797994414727353,-0.10135348079720558,1.6613247725587,-0.7054689621240783,-0.010684955964216718,1.2508093870732664,1.2566541832325422,-0.8266665858358697,0.910982177109525,-1.0283550534258006,-1.0536294312890584,-0.13884204950458265,-0.18091158842445418,0.41369818995709984,-0.054756404154767215,-0.6883650749664735,-0.6771254560545189,0.7523059145930783,0.7412129353942976
0.14797994414727353,0.008724371214958183,-1.6613247698494156,1.3355422445740635,-0.010684955964216718,0.15310252930988769,0.1568188352085263,-0.8569976202127723,1.0904289836912913,-1.049574665872457,-1.0604654139145295,-0.13294060069836344,-0.16361780817193247,0.41369818995709984,-0.048525266947537164,-0.6708885539359022,-0.6630199850520775,0.9094586370032598,0.8984372641806115
0.14797994414727353,0.008724371214958183,-1.516861746266454,-0.7054689621240783,-0.010684955964216718,1.2392228722963055,1.2397827823858205,-0.8569976202127723,1.0904289836912913,-1.050212819528409,-1.0670960206424154,-0.15161332005416758,-0.17376265410042993,0.41369818995709984,-0.04072590913426646,-0.6478103383821079,-0.6422736368906873,0.7423961707021491,0.7312986001860085
0.14797994414727353,0.008724371214958183,-1.3723987226834924,-0.7054689621240783,-0.010684955964216718,1.2802235732360399,1.2787850709360868,-0.8569976202127723,0.910982177109525,-1.094917690577602,-1.0770451066501863,-0.1232611335317277,-0.13990373820335947,0.41369818995709984,-0.033112112429788676,-0.6439228424133453,-0.6402391585338079,0.6781091125966189,0.6669821551613397
0.14797994414727353,0.008724371214958183,-1.2279356991005308,-0.7054689621240783,-0.010684955964216718,1.2951340657521644,1.2925692404079216,-0.8569976202127723,1.0904289836912913,-1.1785766916065752,-1.0840278871680895,-0.03731974024190981,-0.051060243695895687,0.41369818995709984,-0.022806835091401436,-0.6550631967990913,-0.6528486768202781,0.6461616146985508,0.635020026868171
0.14797994414727353,0.008724371214958183,-1.0834726755175694,1.5826364719274935,-0.010684955964216718,0.015769175620618848,0.015809154370099443,-1.0086529367270654,1.0904289836912913,-1.248684626846999,-1.0876336104009547,0.06234339527435771,0.05000670431562924,0.41369818995709984,-0.01553279136635207,-0.6770889701680939,-0.6760154647737417,0.8718030142976247,0.8607644296302347
0.14797994414727353,0.008724371214958183,-0.9390096519346078,-0.7054689621240783,-0.010684955964216718,1.2387904251260153,1.2352670147656966,-0.9176596889665775,0.851166574915603,-1.246295229720101,-1.0878114616937091,0.0690913179596143,0.05878314057759988,0.41369818995709984,-0.01119177140902455,-0.6754989047167865,-0.6750714737508864,0.7206541735243647,0.7095466901235691
0.14797994414727353,0.008724371214958183,-0.7945466283516462,1.4426723375966688,-0.010684955964216718,0.07826966983408995,0.07747863436322633,-0.7053423036984792,1.0904289836912913,-1.249043839125035,-1.0928279973639394,0.021846482312194423,0.013883875367319574,0.41369818995709984,0.004003246252613653,-0.6381002038746315,-0.6378713793979681,0.8860103227314694,0.8749782893952155
0.14797994414727353,0.008724371214958183,-0.6500836047686848,-0.7054689621240783,-0.010684955964216718,1.2413985629940858,1.2372068055820464,-0.553686987184186,0.7315353705277589,-1.2195937837194333,-1.0905639221768124,-0.04230822477375942,-0.04811547975665418,0.41369818995709984,0.02655869369515021,-0.5785031911041519,-0.5781760829914551,0.7369438404499765,0.7258438204489027
0.14797994414727353,0.008724371214958183,-0.5056205811857232,1.3908856850402311,-0.010684955964216718,0.10491688787251932,0.10370967263036607,-0.553686987184186,0.7913509727216809,-1.1980510808997948,-1.078123506552284,-0.059834411030565304,-0.06456909672127153,0.41369818995709984,0.0470372562698314,-0.5277908384619489,-0.5273483643315491,0.891891257372378,0.8808617306856071
0.14797994414727353,0.008724371214958183,-0.3611575576027617,-0.7054689621240783,-0.010684955964216718,1.243291701918959,1.238779977191805,-0.553686987184186,0.7315353705277589,-1.144109704943489,-1.0408982429160587,-0.08879694528451651,-0.09454498249230912,0.41369818995709984,0.05384824177931037,-0.47228397917005877,-0.4709381826898351,0.7450169398309213,0.7339205663599315
0.14797994414727353,0.008724371214958183,-0.21669453401980013,1.3669641558627377,-0.010684955964216718,0.12394908335273053,0.12268258340029042,-0.7053423036984792,1.0904289836912913,-1.0952835920973145,-0.9902522642678614,-0.06448362405802734,-0.07478689095919781,0.41369818995709984,0.0495004653706874,-0.44191009326249164,-0.4389289554100242,0.9008638679379148,0.8898386248775084
0.14797994414727353,0.008724371214958183,-0.0722315104368386,-0.7054689621240783,-0.010684955964216718,1.3067922696322214,1.3034294697352498,-0.28070738853250227,0.7315353705277589,-0.8137421059414637,-0.7919784204879724,0.19908771280283613,0.1179375116338497,0.07381090797775651,-0.021855864571566654,-0.4496622808517771,-0.4241783371910904,0.7454815462682701,0.7411350714410238
0.14797994414727353,0.008724371214958183,0.07223151314612293,1.8235380310196299,-0.010684955964216718,0.10824076049569607,-0.6983308925851475,-0.40203167066989287,0.3726417573642265,-0.21832400828902288,-0.644884814993642,0.3678556800934462,0.20526669985592905,-1.2195110049214433,-0.12062649564511474,-0.5139617223375423,-0.4634248289794594,0.9302040974754405,0.9117272066684573
0.14797994414727353,0.008724371214958183,0.21669453672908448,-0.7054689621240783,-0.010684955964216718,1.086767480167186,1.3857506788091014,-0.40203167066989287,0.7315353705277589,0.565737393886512,-0.5343205946646807,0.470070171420347,0.4062032374207679,-2.533091727777975,-0.165279640954921,-0.5143386394895774,-0.4973053515949812,0.7707519242203567,0.7668922622788362
0.14797994414727353,0.008724371214958183,0.361157560312046,2.3366599001875032,-0.010684955964216718,-0.6991224441542135,-0.6983308925851475,-0.2503763541555997,-0.2853298667689162,1.4109685665741363,-0.4977841519083294,0.4789372623465773,0.6962180456613473,-3.7613037254689603,-0.20545156994301916,-0.5477943394398962,-0.6208175617779996,0.9999416857307127,0.9790684613726706
0.14797994414727353,0.008724371214958183,0.5056205838950075,-0.7054689621240783,-0.010684955964216718,1.2734032275391232,1.2910543421769123,-0.2503763541555997,-0.2853298667689162,1.5082890058793237,-0.4590273910289415,0.4134697961732946,1.3072221851150345,-3.4203997591599262,-0.23222304299391738,-0.5327916599225955,-0.8076419669376543,0.7923328122305985,0.789654969397853
0.14797994414727353,0.008724371214958183,0.6500836074779691,1.476423877687756,-0.010684955964216718,0.5271551935107412,-0.6983308925851475,-0.40203167066989287,0.7315353705277589,0.8768653959781681,-0.4822313386605998,0.38451919609286456,1.1699267588794755,-1.5408791887941449,-0.1879381242797132,-0.4886889109687316,-0.7366707887815517,0.8638640225477627,0.8499636747854662
0.14797994414727353,0.008724371214958183,0.7945466310609306,-0.7054689621240783,-0.010684955964216718,1.1078272579195725,1.4509307106389282,-0.462693739423698,0.7315353705277589,0.48714348665509505,-0.5758933343460128,0.2613116411012576,0.46198605500330187,-0.31377279143866876,-0.11278008397460784,-0.43655537413341033,-0.5057659469860045,0.7738385598581791,0.7673914112003489
0.14797994414727353,0.008724371214958183,0.9390096546438922,1.5849562332224647,-0.010684955964216718,0.44076740661205943,-0.6983308925851475,-0.40203167066989287,0.7315353705277589,-0.05805646695826118,-0.64259886127447,0.244839071878178,0.326161333764733,0.41369818995709984,-0.04624062120234668,-0.4078558867385647,-0.4375552274270397,0.8790081042865138,0.8639037812831477
0.14797994414727353,0.008724371214958183,1.0834726782268538,-0.7054689621240783,-0.010684955964216718,1.0840710448700819,1.527259613675715,-0.553686987184186,0.7315353705277589,-0.14489887810115032,-0.7113263880193607,0.19549126436813458,0.010157642182242901,0.41369818995709984,-0.0029858200088668527,-0.40099048710629304,-0.33793990293761345,0.7704147650350973,0.7638154066936824
0.14797994414727353,0.008724371214958183,1.2279357018098151,1.067849864549563,-0.010684955964216718,0.19558142381603108,0.2899313203358468,-0.4778593289270394,0.7913509727216809,-0.3162705606151444,-0.7502320640684754,0.19216844948345416,-0.0020523955407738656,0.41369818995709984,0.04075592828154943,-0.38436805345790137,-0.31760660502635235,0.8835839646652066,0.8691950467183787
0.14797994414727353,0.008724371214958183,1.3723987253927767,-0.7054689621240783,-0.010684955964216718,1.2250328447546996,1.3014416767471961,-0.553686987184186,1.0904289836912913,-0.3866828563518556,-0.7749929162708327,0.1692957534891635,-0.005713226793259184,0.41369818995709984,0.06836495999125165,-0.36653397745776256,-0.3059317592103999,0.74958667986135,0.7384924098479412
0.14797994414727353,0.008724371214958183,1.5168617489757383,1.168726469583188,-0.010684955964216718,0.1653231037200987,0.19924526120560274,-0.7053423036984792,1.0904289836912913,-0.5500294556263775,-0.8253502394478532,0.12095212143683008,-0.007792672855138155,0.41369818995709984,0.1092793747163535,-0.3520467622648202,-0.3073169728509168,0.8883025731666494,0.8730843511844019
0.14797994414727353,0.008724371214958183,1.6613247725587,-0.7054689621240783,-0.010684955964216718,1.2441685794820512,1.2727617416614145,-0.7053423036984792,1.0904289836912913,-0.5974842739288395,-0.8477192740663037,0.10010312029534378,-0.0036329422450649385,0.41369818995709984,0.12519950438309282,-0.34877756532285475,-0.3127951980728547,0.7456203341656726,0.7345242169029432
0.14797994414727353,0.11880222322712194,-1.6613247698494156,1.2638826114389197,-0.010684955964216718,0.18641657114630103,0.20070503030491776,-0.553686987184186,0.7315353705277589,-0.6624849731491441,-0.8583769422086989,0.11404138252710609,0.03397316899496404,0.41369818995709984,0.13356061286121393,-0.3579382441189741,-0.33065951303567886,0.8886474727923604,0.877616647980354
0.14797994414727353,0.11880222322712194,-1.516861746266454,-0.7054689621240783,-0.010684955964216718,1.2176932260822764,1.2286391515906185,-0.553686987184186,0.7315353705277589,-0.7046666622379062,-0.8698652888097128,0.08895489734463817,0.028526361890945574,0.41369818995709984,0.14322378602470132,-0.35237505882532555,-0.3318247654989235,0.7133261365394628,0.7022153891125662
0.14797994414727353,0.11880222322712194,-1.3723987226834924,-0.7054689621240783,-0.010684955964216718,1.2552681970074846,1.2604798934323698,-0.6143490559379912,0.910982177109525,-0.7824652186339699,-0.8842303094951186,0.11700531976518556,0.07114578280999648,0.41369818995709984,0.15561125687124747,-0.3634833580423197,-0.34841547273876294,0.6523881690061426,0.6412495529403506
0.14797994414727353,0.11880222322712194,-1.2279356991005308,1.4162403351167367,-0.010684955964216718,0.07710876887427325,0.08102178156106123,-0.553686987184186,0.7315353705277589,-0.8728281776712778,-0.8960814162726235,0.16596015198999614,0.1305617615966117,0.41369818995709984,0.16587816721834983,-0.3812371885528985,-0.37034831099430676,0.8445293023504763,0.8334784415414345
0.14797994414727353,0.11880222322712194,-1.0834726755175694,-0.7054689621240783,-0.010684955964216718,1.220992606680495,1.2215834611996157,-0.553686987184186,0.7315353705277589,-0.927700027144805,-0.9091633669174443,0.14443772248552944,0.11755348490145431,0.41369818995709984,0.17677873617623274,-0.37509614968027394,-0.36699146504755975,0.7078698460619427,0.6967565112726566
0.14797994414727353,0.11880222322712194,-0.9390096519346078,1.3451756229757248,-0.010684955964216718,0.10726491623089542,0.10843725769374946,-0.553686987184186,0.7315353705277589,-0.9528883666782156,-0.9199812423751381,0.1337250968683466,0.11289988585168484,0.41369818995709984,0.1900218633189814,-0.37029798572945427,-0.36420565131964283,0.8566558723847416,0.8456104650820436
0.14797994414727353,0.11880222322712194,-0.7945466283516462,-0.7054689621240783,-0.010684955964216718,1.2224726397766756,1.2203961935117178,-0.7053423036984792,1.0904289836912913,-0.9559627421528021,-0.9363597937677988,0.0913596333091542,0.0754170321000011,0.41369818995709984,0.20252178081923047,-0.35735092458412515,-0.3526092547117422,0.7188492108171596,0.7077408611230389
0.14797994414727353,0.11880222322712194,-0.6500836047686848,1.3343680111884806,-0.010684955964216718,0.12665245630497302,0.12642355614199072,-0.7053423036984792,1.0904289836912913,-0.9828300813470509,-0.9558316872880084,0.05404914467714365,0.04177779961753238,0.41369818995709984,0.21713357195297203,-0.346853179520941,-0.343100213827474,0.876909724883114,0.8658735343958331
0.14797994414727353,0.11880222322712194,-0.5056205811857232,-0.7054689621240783,-0.010684955964216718,1.2377832037391117,1.234891801283822,-0.5385213976808445,0.910982177109525,-0.9336153235594631,-0.9374473685381737,0.08987212382383676,0.02025134044550865,0.41369818995709984,0.20992154279874162,-0.35497023668205946,-0.33122079328113235,0.7365847200150634,0.7254844168330024
0.14797994414727353,0.11880222322712194,-0.3611575576027617,1.2591099672031252,-0.010684955964216718,0.0641821829377485,0.07281524434387873,-0.40203167066989287,1.0904289836912913,-0.29245953594295526,-0.7920765210026266,0.9152097291142426,0.17966938962325113,-0.6948749820098862,0.14091018405967318,-0.5842057841115669,-0.3461150905744815,0.8856850442222524,0.8696903024422277
0.14797994414727353,0.11880222322712194,-0.21669453401980013,-0.7054689621240783,-0.010684955964216718,-0.6991224441542135,2.8295323299327695,-0.40203167066989287,0.7315353705277589,0.27761837639001513,-0.6941609152321719,1.0748710695672332,0.30923061808672486,-1.694496798162796,0.08558643043786131,-0.6259095586577014,-0.3836534700483082,0.5731190383806193,0.5787163973507906
0.14797994414727353,0.11880222322712194,-0.0722315104368386,-0.7054689621240783,-0.010684955964216718,-0.6991224441542135,-0.6983308925851475,-0.40203167066989287,0.7315353705277589,0.8759409427784556,-0.5955049681676722,0.8973417140301517,0.4874651386655262,-2.668838389924505,0.031947687508768634,-0.5603558780187604,-0.432488318771075,-1.2740310493992413,-1.2860490588430924
0.14797994414727353,0.11880222322712194,0.07223151314612293,2.34044722895292,-0.010684955964216718,-0.6991224441542135,-0.6983308925851475,-0.40203167066989287,0.7315353705277589,1.2301463234193768,-0.49230040371506995,0.5258172532606357,0.5075032846279389,-2.999972125120483,-0.02744079547275317,-0.43333630373049975,-0.4310584627635452,1.0268586173761078,0.9967872235606705
0.14797994414727353,0.11880222322712194,0.21669453672908448,-0.7054689621240783,-0.010684955964216718,1.4879483206047341,1.0785061759020607,-0.553686987184186,0.7315353705277589,1.1101025301386227,-0.39122229142543946,0.10114650803748047,0.48580745122022995,-2.0156450319158408,-0.09267867616331202,-0.2977816642751824,-0.4326040421884774,0.8551488266298078,0.8510715968784954
0.14797994414727353,0.11880222322712194,0.361157560312046,1.4057359249217973,-0.010684955964216718,0.6808157404301811,-0.6983308925851475,-0.4171972601732343,0.7913509727216809,1.32284784134684,-0.3468371017376546,0.14070317861436862,0.6696573146524197,-2.107719895836032,-0.10309446974074629,-0.2923204531425295,-0.47580268372060536,0.9116556620198587,0.8991195982974577
0.14797994414727353,0.11880222322712194,0.5056205838950075,-0.7054689621240783,-0.010684955964216718,1.1638936025721616,1.4471932489731059,-0.40203167066989287,0.3726417573642265,1.3920293166150484,-0.38133390070011663,0.2025111157214807,1.0606158134161787,-1.8685054215500625,-0.08705393045984874,-0.3319279487335105,-0.6177326875332001,0.8015714779353843,0.7955404597396466
0.14797994414727353,0.11880222322712194,0.6500836074779691,1.4871593669660614,-0.010684955964216718,0.5469467468806406,-0.6983308925851475,-0.553686987184186,0.7315353705277589,1.155969322467049,-0.430185133961511,0.2958951710836805,1.286516604045664,-0.7139193865193255,-0.05570882248559388,-0.37651195548937333,-0.6976238873816238,0.8643855122219198,0.8504224573943607
0.14797994414727353,0.11880222322712194,0.7945466310609306,0.6757738753311163,-0.010684955964216718,0.29895006770969923,0.5803337687020108,-0.6750112693215766,0.851166574915603,0.3346247628825601,-0.5310508127625738,0.22218545321209743,0.37473149206328193,0.41369818995709984,0.0042942562619820235,-0.36409326679004755,-0.41863466539226946,0.8937136810731603,0.8822567248800482
0.14797994414727353,0.11880222322712194,0.9390096546438922,-0.7054689621240783,-0.010684955964216718,1.2530515110747957,1.332345432966613,-0.553686987184186,0.7315353705277589,0.16991623400267308,-0.6170680258959421,0.1347122235067406,0.2143173211429942,0.41369818995709984,0.0671944048043147,-0.3323253037448168,-0.361533177193414,0.7657551998933796,0.7596804209645666
0.14797994414727353,0.11880222322712194,1.0834726782268538,1.016237418351781,-0.010684955964216718,0.2483569022653441,0.2679386746944789,-0.7053423036984792,1.0904289836912913,-0.16081994221573548,-0.6967602259909589,0.1178679900225731,0.13999724810238756,0.41369818995709984,0.12327053753824145,-0.32991578770441055,-0.33881281291007936,0.8769072047397111,0.8622866699167363
0.14797994414727353,0.11880222322712194,1.2279357018098151,-0.7054689621240783,-0.010684955964216718,1.3098427355733553,1.3187884877486058,-0.7356733380753817,0.910982177109525,-0.27176569789208316,-0.7516562859287068,0.09232203915954008,0.09590460672740062,0.41369818995709984,0.15807205295378365,-0.3304929958773043,-0.332674487445805,0.7418401190613237,0.7353616642109163
0.14797994414727353,0.11880222322712194,1.3723987253927767,1.1450033670098894,-0.010684955964216718,0.19520710578652117,0.1982271540092539,-0.7053423036984792,1.0904289836912913,-0.4660487020727575,-0.7885307872931111,0.11493900286409134,0.10703802802160585,0.41369818995709984,0.17870335958810846,-0.3471778187803136,-0.3455247711194176,0.880732242394583,0.8655784709939537
0.14797994414727353,0.11880222322712194,1.5168617489757383,-0.7054689621240783,-0.010684955964216718,1.2610066889667668,1.2599116231813297,-0.553686987184186,0.7315353705277589,-0.514988532027435,-0.805461948059687,0.10593552138333337,0.09684371140050725,0.41369818995709984,0.19144264850568204,-0.34698140019594836,-0.3448406160094189,0.7422874445153383,0.7311897955565654
0.14797994414727353,0.11880222322712194,1.6613247725587,1.249387781234487,-0.010684955964216718,0.2017636103562067,0.2015123681403589,-0.8115009963325283,0.910982177109525,-0.60243364384539,-0.8411860620939737,0.09899068483497746,0.09015678303619887,0.41369818995709984,0.20722185790254483,-0.35856407288339753,-0.3565481851138128,0.8828489828427754,0.8718155785563203
0.14797994414727353,0.22888007523928572,-1.6613247698494156,-0.7054689621240783,-0.010684955964216718,1.260668425720779,1.2571377684295726,-0.7053423036984792,0.6717197683338367,-0.6641051074832278,-0.8722500488026373,0.06876653795164528,0.060844978426858105,0.41369818995709984,0.22062713987638435,-0.36346743802562415,-0.3616218117958814,0.7410189123324646,0.7299206131182034
0.14797994414727353,0.22888007523928572,-1.516861746266454,-0.7054689621240783,-0.010684955964216718,1.262552314438801,1.2584384386279142,-0.7053423036984792,0.6717197683338367,-0.7573926029815654,-0.8980250768291533,0.0929801235851361,0.08522229107081268,0.41369818995709984,0.2253532775575526,-0.3896668373931875,-0.3882056912205075,0.6476751408222349,0.6365342758542051
0.14797994414727353,0.22888007523928572,-1.3723987226834924,-0.7054689621240783,-0.010684955964216718,1.2762634335438872,1.271816371380267,-0.8115009963325283,0.910982177109525,-0.8897907567149168,-0.912389391755461,0.24503087109548255,0.23557462620781505,0.41369818995709984,0.23176756285525577,-0.4454972602676464,-0.4447274787797537,0.6184229362935675,0.6083264195396718
0.14797994414727353,0.22888007523928572,-1.2279356991005308,1.4624760662140555,-0.010684955964216718,-0.03848386569918162,-0.039347332273685434,-1.0086529367270654,1.0904289836912913,-1.0764179237966698,-0.9516204227488605,0.271709716002061,0.2623894185702705,0.41369818995709984,0.2524707774355107,-0.46655406397182847,-0.4661293762625713,0.844035174233265,0.8260149767150065
0.14797994414727353,0.22888007523928572,-1.0834726755175694,-0.7054689621240783,-0.010684955964216718,1.2229237975926421,1.2183574637213763,-1.0086529367270654,1.0904289836912913,-1.0800368035437353,-0.9773813355934118,0.21181380398123376,0.20370879228215036,0.41369818995709984,0.25941206593425914,-0.46112340206040225,-0.4607324174854384,0.7018908058385642,0.6907747155149717
0.14797994414727353,0.22888007523928572,-0.9390096519346078,1.4116029654375088,-0.010684955964216718,0.08768853528627175,0.0863099334702004,-0.9479908679732603,0.910982177109525,-1.0905308858860576,-0.9969668563284367,0.1688362878085984,0.16163857989960378,0.41369818995709984,0.25661344728695035,-0.46731047990022745,-0.46702699123425795,0.8677070612269411,0.8566667366366342
0.14797994414727353,0.22888007523928572,-0.7945466283516462,-0.7054689621240783,-0.010684955964216718,1.2359962319610527,1.2312520208931692,-1.1603082532413587,1.0904289836912913,-1.0870203718541538,-1.025311553231614,0.09196401395390494,0.08619241973758443,0.41369818995709984,0.26319616126337586,-0.46129077737106616,-0.46101327431868466,0.7239517811670584,0.7128456628806933
0.14797994414727353,0.22888007523928572,-0.6500836047686848,1.3807711310938589,-0.010684955964216718,0.11740855641306058,0.11587602218426392,-1.0086529367270654,1.0904289836912913,-1.0922272775752548,-1.0359635753012235,0.07257950639165951,0.06725520630712614,0.41369818995709984,0.2624785296150661,-0.4650272483165818,-0.46481827761971656,0.889363733549513,0.8783332012556127
0.14797994414727353,0.22888007523928572,-0.5056205811857232,-0.7054689621240783,-0.010684955964216718,1.2973406605501063,1.297829146497685,-0.8721632097161137,0.910982177109525,-0.8398903516554729,-0.9821536786156538,0.6278979113559061,0.06575934672067772,0.41369818995709984,0.2263879798130846,-0.6394422182549935,-0.463761380416212,0.7303803069673684,0.7258950467339512
0.14797994414727353,0.22888007523928572,-0.3611575576027617,-0.7054689621240783,-0.010684955964216718,1.2689927709588995,1.2916056334938564,-0.7053423036984792,1.0904289836912913,-0.6329078221516862,-0.8717172006834725,0.7689683667858092,0.1924772680890581,0.30618820939524316,0.14866755535417928,-0.6766864519081296,-0.5006817014884815,0.6494198000980134,0.6402047416305011
0.14797994414727353,0.22888007523928572,-0.21669453401980013,-0.7054689621240783,-0.010684955964216718,1.2619714434949447,1.3009918398018874,-0.553686987184186,1.0904289836912913,-0.4186400395378642,-0.7056598482196592,1.0504153906994558,0.48566407006031814,0.41369818995709984,0.0506309644535156,-0.7335656596662474,-0.5687231701317323,0.6169554927921078,0.6069742505195312
0.14797994414727353,0.22888007523928572,-0.0722315104368386,2.3050042186770696,-0.010684955964216718,-0.6991224441542135,-0.6983308925851475,-0.2503763541555997,-0.10588306018714999,-0.04176214315811917,-0.5244491421577154,1.1330049861117562,0.6366368850706231,-0.1064347052387162,-0.07664175640989418,-0.7608915077827008,-0.6204389685004679,1.1025356436012843,1.069863568233775
0.14797994414727353,0.22888007523928572,0.07223151314612293,-0.7054689621240783,-0.010684955964216718,1.2259559733520475,1.2891566842710966,-0.2503763541555997,-0.2853298667689162,0.17640680520152272,-0.37341951817254754,0.9952692797400546,0.6932682508042142,-0.08536395175456574,-0.18655449957513756,-0.731954080678865,-0.6489405193119736,0.7104441725480044,0.7137029859872651
0.14797994414727353,0.22888007523928572,0.21669453672908448,-0.7054689621240783,-0.010684955964216718,-0.6991224441542135,-0.6983308925851475,-0.2503763541555997,-0.5844078777385264,0.398003320996278,-0.2727458058462037,0.9427759650662167,0.7570074650323809,-0.0034360420247153897,-0.2703014372877535,-0.7393338689586914,-0.6916396430966999,-1.2740310493992413,-1.2860490588430924
0.14797994414727353,0.22888007523928572,0.361157560312046,0.9823217188187062,-0.010684955964216718,0.20676954900247174,0.23486119567783414,-0.37170063629299027,-0.4049610711567603,0.9860010428568153,-0.27044926574055816,0.6585738519511113,0.9734543224571542,-1.1423401015028953,-0.29371447144114843,-0.6808639503431839,-0.7798193701836797,0.9390262194777756,0.9206454979902631
0.14797994414727353,0.22888007523928572,0.5056205838950075,-0.7054689621240783,-0.010684955964216718,2.8521761851283425,-0.6983308925851475,-0.40203167066989287,-0.3451454689628382,1.1637221535702817,-0.2979519920395451,0.6049425285879331,1.2119240229525934,-1.0574592444219069,-0.28660692598016557,-0.6754905144377173,-0.8571999786639263,0.6146070791610918,0.6209791070415142
0.14797994414727353,0.22888007523928572,0.6500836074779691,1.9322157080275733,-0.010684955964216718,0.07258289494038443,-0.6983308925851475,-0.553686987184186,0.013748144200694123,1.1025497073615218,-0.34717163155021635,0.791093472053095,1.432270680229705,-0.32854805772136375,-0.2608776355415907,-0.7347525614515082,-0.9215164101878334,0.859291222343202,0.8406079109893462
0.14797994414727353,0.22888007523928572,0.7945466310609306,-0.7054689621240783,-0.010684955964216718,0.8226181528623953,1.7206756654714337,-0.8721632097161137,0.7913509727216809,0.6074441468162322,-0.46226329649433334,0.7169950411011081,0.44719851034713354,0.41369818995709984,-0.19201684914567801,-0.716642897054248,-0.6411562774522478,0.7808062163364664,0.77279906275521
0.14797994414727353,0.22888007523928572,0.9390096546438922,1.6745697064434832,-0.010684955964216718,0.3180907428884373,-0.6983308925851475,-0.8569976202127723,0.6717197683338367,-0.0426591704669574,-0.559349635324366,0.6079397110236787,0.30049526765420265,0.41369818995709984,-0.12763172912933793,-0.6827564961117065,-0.5931934718598689,0.8768899237563769,0.8620756176223364
0.14797994414727353,0.22888007523928572,1.0834726782268538,-0.7054689621240783,-0.010684955964216718,0.9985773745563513,1.6126236154327456,-1.1603082532413587,0.6717197683338367,-0.1980910589896717,-0.6648761472101502,0.46002330219745236,-0.039359167166250104,0.41369818995709984,-0.05474868249614384,-0.6363195284936992,-0.4801325598998181,0.7764377277577835,0.769785317953236
0.14797994414727353,0.22888007523928572,1.2279357018098151,1.0901782397982596,-0.010684955964216718,0.14608971624087544,0.31223598009328735,-1.1148116293611146,0.910982177109525,-0.38757787688819084,-0.7523204052401428,0.3437290434384668,-0.08900678037992582,0.41369818995709984,-0.011017310184502716,-0.6173820232282708,-0.48114416460475135,0.8910558298343169,0.8765992939592906
0.14797994414727353,0.22888007523928572,1.3723987253927767,-0.7054689621240783,-0.010684955964216718,1.2423069753532616,1.3850570579088093,-1.0086529367270654,1.0904289836912913,-0.47721705997608566,-0.8100387958117189,0.19702736298850249,-0.12658270611260494,0.41369818995709984,0.01310925348605827,-0.5866557455997943,-0.4839653021473435,0.745716819655955,0.7395853738657362
0.14797994414727353,0.22888007523928572,1.5168617489757383,1.186461071594627,-0.010684955964216718,0.13917891823719294,0.20409746326059192,-1.1603082532413587,0.6717197683338367,-0.6570419371968573,-0.8706409180586693,0.13919180078200885,-0.09194399794232987,0.41369818995709984,0.03233304653444135,-0.5929303835314449,-0.5207985055907819,0.8926033778939401,0.8772070426051062
0.14797994414727353,0.22888007523928572,1.6613247725587,-0.7054689621240783,-0.010684955964216718,1.284545522155256,1.342116285497683,-1.129977218864456,0.910982177109525,-0.7052747143063134,-0.9231755080537344,0.03287451108672253,-0.128595073269262,0.41369818995709984,0.04104138834878225,-0.5884811691357628,-0.5383555250369833,0.7405213640206352,0.7346055642436002
0.14797994414727353,0.33895792725144946,-1.6613247698494156,1.279988536494771,-0.010684955964216718,0.1733025108470605,0.2012948910524009,-1.1603082532413587,1.0904289836912913,-0.775753902459791,-0.9589652576841566,0.020856798350903,-0.10929144131902908,0.41369818995709984,0.04598614548972475,-0.6040487941103944,-0.5644496386875844,0.8917724506119556,0.8807430906094348
0.14797994414727353,0.33895792725144946,-1.516861746266454,-0.7054689621240783,-0.010684955964216718,1.2317291535870214,1.255727259200783,-1.1603082532413587,0.6717197683338367,-0.8212099753492713,-0.9845716092861954,-0.011146392828049499,-0.11100866129270978,0.41369818995709984,0.038420609151643054,-0.6191366672305524,-0.5894270430313044,0.7341799631779683,0.723078625581984
0.14797994414727353,0.33895792725144946,-1.3723987226834924,-0.7054689621240783,-0.010684955964216718,1.2736531933560775,1.2870756119537503,-1.3422946041325543,0.910982177109525,-0.8996159148895745,-1.0075370103426513,0.02476524017908661,-0.05076845045818042,0.41369818995709984,0.04294863802875539,-0.6412145033568566,-0.619859051150339,0.6717691518358966,0.660639316546633
0.14797994414727353,0.33895792725144946,-1.2279356991005308,1.4482146474129296,-0.010684955964216718,0.08690862722113593,0.09514400999540622,-1.3119635697556518,0.6717197683338367,-0.9921702695001516,-1.0293442607189094,0.07124543628018572,0.014456561520651565,0.41369818995709984,0.05929176980695637,-0.6556167400823025,-0.6406318379951058,0.8749920757637507,0.8639550075681962
0.14797994414727353,0.33895792725144946,-1.0834726755175694,-0.7054689621240783,-0.010684955964216718,1.2410293956479364,1.245919304554466,-1.3119635697556518,0.6717197683338367,-1.0397434873802904,-1.058134997372169,0.020326580070176674,-0.021122089809045418,0.41369818995709984,0.06319748125939123,-0.656978977186575,-0.6465265808354845,0.7273300333986449,0.7162253682630538
0.14797994414727353,0.33895792725144946,-0.9390096519346078,1.3761378878268338,-0.010684955964216718,0.1187411117795579,0.12207485284871242,-1.4484533690814936,0.910982177109525,-1.0868732085372674,-1.0869800774759923,-0.016423854847304617,-0.046721077014353886,0.41369818995709984,0.05956178655694244,-0.6705424011404545,-0.6635199362205181,0.8871463673754478,0.8761146933027316
0.14797994414727353,0.33895792725144946,-0.7945466283516462,-0.7054689621240783,-0.010684955964216718,1.2507160440768597,1.2507612354024096,-1.4636188862699449,1.0904289836912913,-1.105400401209074,-1.1139735985856052,-0.08604441340595492,-0.10762033809268844,0.41369818995709984,0.05049028548547103,-0.67749772735352,-0.6728831309251762,0.7448032676724041,0.7337068502987091
0.14797994414727353,0.33895792725144946,-0.6500836047686848,1.3654879767494335,-0.010684955964216718,0.13881984202579004,0.1396697449427469,-1.1603082532413587,0.6717197683338367,-1.1279852878819339,-1.1252477473003057,-0.11384592306448932,-0.12949309211292023,0.41369818995709984,0.031027844925259326,-0.69368687838536,-0.6909106289091688,0.9073483769238178,0.8963261265211923
0.14797994414727353,0.33895792725144946,-0.5056205811857232,-0.7054689621240783,-0.010684955964216718,1.2528084829129797,1.2510335271973565,-1.129977218864456,0.910982177109525,-1.068130622283473,-1.1047165093736504,-0.05333369622539013,-0.13089839517731908,0.41369818995709984,0.0019813782024498236,-0.7236154340961735,-0.702647237223173,0.750556215030494,0.7394622258764796
0.14797994414727353,0.33895792725144946,-0.3611575576027617,1.2950648320013696,-0.010684955964216718,0.08493533735621751,0.0924960823381945,-0.8569976202127723,0.6717197683338367,-0.5815933114017993,-1.004006803333297,0.5906087337480406,0.024009436110565725,-0.18557814004950615,-0.07320127488951754,-0.9039162923693597,-0.7492423827271129,0.9169407627562247,0.9007971566802263
0.14797994414727353,0.33895792725144946,-0.21669453401980013,-0.7054689621240783,-0.010684955964216718,1.2415381570247483,1.2773934271896261,-0.40203167066989287,0.7315353705277589,-0.09332214907753893,-0.8114580773582626,1.0052104462831903,0.19355639997681545,-0.8232474654106864,-0.18056152727607216,-0.9805434202968532,-0.7649629972312396,0.7390368195460844,0.7347981750753826
0.14797994414727353,0.33895792725144946,-0.0722315104368386,-0.7054689621240783,-0.010684955964216718,-0.6991224441542135,-0.6983308925851475,-0.23521076465225826,0.25301055297638236,0.5310081889497013,-0.6466972043579008,1.0326820612879608,0.282595261795738,-1.4537309735647788,-0.26669252708865454,-0.9533057776783076,-0.7531136994471057,-1.2740310493992413,-1.2860490588430924
0.14797994414727353,0.33895792725144946,0.07223151314612293,-0.7054689621240783,-0.010684955964216718,1.216336178690821,1.3100699098985469,0.05293427887298657,-0.2853298667689162,0.8298406959155143,-0.5025099148300882,0.815879898015602,0.34520671192986163,-1.5895630418747928,-0.3449423677669249,-0.8722449251011059,-0.7456586408664702,0.7736783507418519,0.7601400231940217
0.14797994414727353,0.33895792725144946,0.21669453672908448,-0.7054689621240783,-0.010684955964216718,-0.6991224441542135,-0.6983308925851475,0.05293427887298657,-0.5844078777385264,1.0684024664505793,-0.3614696051212902,0.7909971462239599,0.4993087578687683,-1.6251926213643162,-0.4302215721126164,-0.8579790841943759,-0.782873904955752,-1.2740310493992413,-1.2860490588430924
0.14797994414727353,0.33895792725144946,0.361157560312046,0.9347463390292337,-0.010684955964216718,0.2540537682937963,0.30030586830144124,0.20458959538727972,-0.8236702865142147,1.5128049129352275,-0.30020477508110033,0.6151641482088164,0.9117803000235067,-1.695698334188794,-0.4565015133317705,-0.7877268472766428,-0.8778009140667453,0.9698934759072153,0.9526813921339016
0.14797994414727353,0.33895792725144946,0.5056205838950075,-0.7054689621240783,-0.010684955964216718,2.8385695513142792,-0.6983308925851475,0.05293427887298657,-0.5844078777385264,1.5800371431788611,-0.2620507324716022,0.6361810802205649,1.1868834676332571,-0.8659446974153544,-0.4746080788980843,-0.7793492611936553,-0.9385700110972824,0.6224252840378577,0.6288812737730975
0.14797994414727353,0.33895792725144946,0.6500836074779691,1.8545846182070604,-0.010684955964216718,0.11956611460309298,-0.6983308925851475,-0.2503763541555997,0.3726417573642265,1.3533093100939506,-0.28252974422498833,0.8660383768841193,1.633293581885017,0.41369818995709984,-0.44890798598117915,-0.8199130334631726,-1.031984597492824,0.8512435044065293,0.8325575978414024
0.14797994414727353,0.33895792725144946,0.7945466310609306,-0.7054689621240783,-0.010684955964216718,0.7992191239365425,1.7292261309122952,-0.40203167066989287,0.7315353705277589,0.8276867600956344,-0.3786244915220055,0.7674621035992442,0.5039497796238087,0.41369818995709984,-0.3766875541786032,-0.768230850614706,-0.6971282704235728,0.7837517239437265,0.7752823081492217
0.14797994414727353,0.33895792725144946,0.9390096546438922,1.6247990753620332,-0.010684955964216718,0.3470938204262702,-0.6983308925851475,-0.40203167066989287,0.7315353705277589,0.08136070806639492,-0.46677168561383675,0.6293231926507203,0.23805486872839487,0.41369818995709984,-0.30005033364345796,-0.6933131882637363,-0.577800957082235,0.8662012755437087,0.8519365014752546
0.14797994414727353,0.33895792725144946,1.0834726782268538,-0.7054689621240783,-0.010684955964216718,0.9882585585819429,1.6230004691795137,-0.40203167066989287,1.0904289836912913,-0.047930961832322115,-0.543905508977764,0.5155700604107785,-0.015124397195892076,0.41369818995709984,-0.23211228545303839,-0.6277747822354086,-0.46099853800336,0.7801898612642144,0.7733023097795266
0.14797994414727353,0.33895792725144946,1.2279357018098151,1.057235117680501,-0.010684955964216718,0.14770082897277606,0.320060858122133,-0.40203167066989287,0.7315353705277589,-0.22031472661199272,-0.5873626254513743,0.5011075469850504,0.035697935345482205,0.41369818995709984,-0.21019290963960216,-0.6311614430843439,-0.4864024286494169,0.875264971292236,0.8610029392134206
0.14797994414727353,0.33895792725144946,1.3723987253927767,-0.7054689621240783,-0.010684955964216718,1.2393519547282736,1.3880700850532026,-0.40203167066989287,0.3726417573642265,-0.3292483583920053,-0.6526792184745118,0.31992633435049056,-0.021838157122289224,0.41369818995709984,-0.16020747644669286,-0.5642560669738071,-0.4554041559429807,0.7456476957226184,0.7394853801573215
0.14797994414727353,0.33895792725144946,1.5168617489757383,1.1724242731447234,-0.010684955964216718,0.14616124766999128,0.21393612671981085,-0.40203167066989287,0.7315353705277589,-0.4810312655801092,-0.6748061777222687,0.35230545199535995,0.10352393187429344,0.41369818995709984,-0.14624478724097859,-0.5721782114980857,-0.49509620455940084,0.8882408296532783,0.8729827182348656
0.14797994414727353,0.33895792725144946,1.6613247725587,-0.7054689621240783,-0.010684955964216718,1.2271576593147988,1.28806164783014,-0.4930249184303809,0.6717197683338367,-0.5198730162997219,-0.698192916960369,0.3223685777175017,0.11941157057610101,0.41369818995709984,-0.1290508252032147,-0.5601616107880026,-0.49763193434783776,0.7441685515553595,0.7330716443641075
0.14797994414727353,0.44903577926361327,-1.6613247698494156,1.2666962863336633,-0.010684955964216718,0.1766120351380193,0.20652880469984453,-0.553686987184186,0.7315353705277589,-0.5854041723849845,-0.7254048705108845,0.3085462474570879,0.15113234636922332,0.41369818995709984,-0.11078741344611365,-0.5551554109433372,-0.5074480540382093,0.8863267807387764,0.8752948678368153
0.14797994414727353,0.44903577926361327,-1.516861746266454,-0.7054689621240783,-0.010684955964216718,1.2023593263707388,1.2287123077387605,-0.553686987184186,0.7315353705277589,-0.6286333967203094,-0.7501269059628389,0.2701812893503853,0.15149708791636743,0.41369818995709984,-0.09849236120121597,-0.5455108927208898,-0.5101005907966458,0.7040266273725213,0.6929114663169152
0.14797994414727353,0.44903577926361327,-1.3723987226834924,-0.7054689621240783,-0.010684955964216718,-0.6991224441542135,2.6173277250527742,-0.4778593289270394,0.6717197683338367,-0.7050874155393673,-0.7683446655654911,0.23436853949528175,0.23622445310215223,0.41369818995709984,-0.08667943001661514,-0.534364299409682,-0.538073801361659,0.5428468958147499,0.5316582926641059
0.14797994414727353,0.44903577926361327,-1.2279356991005308,-0.7054689621240783,-0.010684955964216718,2.0790354872320154,-0.6983308925851475,-0.553686987184186,1.0904289836912913,-0.8233130729324087,-0.7940328852229246,0.08255050836859816,0.42189047789322504,0.41369818995709984,-0.06976489550028457,-0.48555116173218477,-0.5976841472445359,0.2397062262999601,0.18274622975196048
0.14797994414727353,0.44903577926361327,-1.0834726755175694,1.4068172243282004,-0.010684955964216718,-0.005497943416016024,0.207146963670821,-0.553686987184186,1.0904289836912913,-0.9116866514950822,-0.8126931557801679,0.11594147343986973,0.38746306827439897,0.41369818995709984,-0.0612235345536741,-0.49875789125793984,-0.5890588518587077,0.9125744343004586,0.9015544860783835
0.14797994414727353,0.44903577926361327,-0.9390096519346078,-0.7054689621240783,-0.010684955964216718,1.2224614974820596,1.2225166737254844,-0.5385213976808445,0.910982177109525,-0.9576812083395325,-0.8311402870897453,0.11391692614609959,0.28192614971614954,0.41369818995709984,-0.04894947556815872,-0.4980890354213664,-0.5552611126616273,0.7291123148152239,0.7180086576981627
0.14797994414727353,0.44903577926361327,-0.7945466283516462,1.3641718306659139,-0.010684955964216718,0.11467969283398402,0.10461097104862854,-0.553686987184186,1.0904289836912913,-0.988948730708679,-0.8479987546692033,0.12054124489131547,0.22309040345970374,0.41369818995709984,-0.03769781244474433,-0.5002255446889802,-0.5361778010267275,0.8834107948113789,0.8723776333558726
0.14797994414727353,0.44903577926361327,-0.6500836047686848,-0.7054689621240783,-0.010684955964216718,1.2422169960684368,1.2250033539129017,-0.553686987184186,1.0904289836912913,-0.9974855409364145,-0.8638755113430212,0.09311736658062957,0.15940652932834498,0.41369818995709984,-0.023197744059209695,-0.4889558939514231,-0.5129592192591081,0.7376365198652877,0.726536809633039
0.14797994414727353,0.44903577926361327,-0.5056205811857232,1.2910218450885949,-0.010684955964216718,0.07091212888589271,0.06646171672433338,-0.644680234944674,0.910982177109525,-0.6815600147142679,-0.8319660252346762,0.6820014870141363,0.178695068524903,0.3991335142145019,-0.044539201985052825,-0.6720963238511558,-0.5193003857696159,0.8968438791898043,0.8806219916715802
0.14797994414727353,0.44903577926361327,-0.3611575576027617,-0.7054689621240783,-0.010684955964216718,1.2261191133637857,1.2483468728972529,-0.09872103764130656,0.013748144200694123,-0.13525031590675612,-0.6817388493441976,1.456079259708214,0.3079401876475185,-0.349636360417189,-0.14702467476193928,-0.8912848347982516,-0.563629822792391,0.7200745405416978,0.7158325651093019
0.14797994414727353,0.44903577926361327,-0.21669453401980013,-0.7054689621240783,-0.010684955964216718,-0.6991224441542135,-0.6983308925851475,0.05293427887298657,-0.8834858887081368,0.6821101313351225,-0.544231569681147,1.6460158935024845,0.3774733423142272,-1.6504974146518616,-0.2348435808892246,-0.9407883418483973,-0.585861504854298,-1.2740310493992413,-1.2860490588430924
0.14797994414727353,0.44903577926361327,-0.0722315104368386,-0.7054689621240783,-0.010684955964216718,-0.6991224441542135,-0.6983308925851475,0.28041725364442627,-1.7807199216169676,1.05631500674088,-0.42944902722205547,1.4769095071484526,0.32137357690451973,-2.0190870172989817,-0.32547268815175373,-0.9192627581931397,-0.5941233766989581,-1.2740310493992413,-1.2860490588430924
0.14797994414727353,0.44903577926361327,0.07223151314612293,-0.7054689621240783,-0.010684955964216718,-0.6991224441542135,-0.6983308925851475,0.507900228415866,-2.199429136974422,1.450624398005797,-0.3150977035719834,1.1088698250471187,0.2020158884116126,-2.287444882439487,-0.4071893122500866,-0.8348064242172121,-0.571892994900168,-1.2740310493992413,-1.2860490588430924
0.14797994414727353,0.44903577926361327,0.21669453672908448,-0.7054689621240783,-0.010684955964216718,-0.6991224441542135,-0.6983308925851475,0.35624491190157287,-1.6012731150352015,1.7301878753978635,-0.24121601813270735,0.7669293279956205,0.12360651761141572,-2.3454684259734373,-0.4545819572583664,-0.7436303372482407,-0.5518043631653999,-1.2740310493992413,-1.2860490588430924
0.14797994414727353,0.44903577926361327,0.361157560312046,-0.7054689621240783,-0.010684955964216718,-0.6991224441542135,-0.6983308925851475,0.21975518489062115,-1.5414575128412795,1.875491583097968,-0.20524559417313776,0.45386526866052795,0.3314563748456869,-1.6647953423770032,-0.4901925577165389,-0.6696971343080655,-0.6366504323312171,-1.2740310493992413,-1.2860490588430924
0.14797994414727353,0.44903577926361327,0.5056205838950075,1.143101449802775,-0.010684955964216718,0.9483652545646705,-0.6983308925851475,0.05293427887298657,-1.3620107062595133,1.9253043590914478,-0.19617870703815649,0.06523402258937856,0.6813516832915432,-0.778319143628435,-0.5079287249707628,-0.5684791741053405,-0.7597537097639766,1.0292430330557367,1.006789667979243
0.14797994414727353,0.44903577926361327,0.6500836074779691,-0.7054689621240783,-0.010684955964216718,0.9826158272867671,1.6018382191853222,-0.09872103764130656,-1.3620107062595133,1.7244364654042832,-0.21545298801086127,-3.738216177059244e-05,1.4066691775654505,0.41369818995709984,-0.5068088431685417,-0.5629863380746574,-0.9733091407909844,0.9345088624280786,0.9287271616246565
0.14797994414727353,0.44903577926361327,0.7945466310609306,1.3784522668450185,-0.010684955964216718,0.6272975124171173,-0.6983308925851475,-0.40203167066989287,0.7315353705277589,0.6035436499945799,-0.3017009843693513,0.04354962930141027,0.809366742989652,0.41369818995709984,-0.451582092883186,-0.5697022186312075,-0.8042142566510373,0.9270297968492458,0.9152825157559642
0.14797994414727353,0.44903577926361327,0.9390096546438922,-0.7054689621240783,-0.010684955964216718,1.009340095343627,1.5493605262240038,-0.553686987184186,0.7315353705277589,0.35709325675024634,-0.41243670415918293,0.03549406217461963,-0.038191994215389005,0.41369818995709984,-0.3856265805443174,-0.5673152918036801,-0.5455006875747622,0.8512177629417711,0.8440601527913355
0.14797994414727353,0.44903577926361327,1.0834726782268538,0.9356557643969219,-0.010684955964216718,0.2513075080188804,0.36206223432151613,-0.7053423036984792,1.0904289836912913,-0.0681619043591703,-0.5118591056043621,0.06037169932046705,-0.058874936154247305,0.41369818995709984,-0.32513269387049337,-0.5751569757030378,-0.5387744264711383,0.9272418489155755,0.9137971583946976
0.14797994414727353,0.44903577926361327,1.2279357018098151,-0.7054689621240783,-0.010684955964216718,1.2628449573464549,1.3483716602050004,-0.8569976202127723,0.910982177109525,-0.21516267267263997,-0.5992723102340325,0.027856191121069983,-0.09916839603472875,0.41369818995709984,-0.2709693607586753,-0.5649318071419247,-0.5255570351775264,0.7844692447725805,0.7789613799414059
0.14797994414727353,0.44903577926361327,1.3723987253927767,1.0988374261015688,-0.010684955964216718,0.206355076665949,0.24204181748514836,-1.0086529367270654,1.0904289836912913,-0.44629537140162184,-0.6869699357802902,0.021904448297868685,-0.08261332222596326,0.41369818995709984,-0.2208408355794016,-0.568908369150038,-0.5369664106071157,0.9104326724284804,0.8956905107763102
0.14797994414727353,0.44903577926361327,1.5168617489757383,-0.7054689621240783,-0.010684955964216718,1.2992352710987969,1.328036347186225,-0.8569976202127723,0.6717197683338367,-0.5171123662597701,-0.7403775497798677,-0.008317141262566097,-0.08410247392188949,0.41369818995709984,-0.19430366660735635,-0.5677989160946473,-0.5450377939051527,0.7603743337077035,0.7544168177232619
0.14797994414727353,0.44903577926361327,1.6613247725587,1.1832028206373206,-0.010684955964216718,0.1666232308046236,0.18040598093550797,-0.8569976202127723,0.851166574915603,-0.6690564841722811,-0.7875166114689522,0.013765341956429842,-0.04137321129553772,0.41369818995709984,-0.16953741178021528,-0.5795448765209061,-0.5637943060766765,0.9059495173249655,0.8906088632994978
0.14797994414727353,0.559113631275777,-1.6613247698494156,-0.7054689621240783,-0.010684955964216718,1.3084955690846727,1.318002216368432,-1.0086529367270654,1.0904289836912913,-0.7046639865412355,-0.835509641666897,-0.018081000084815835,-0.057535035022439805,0.41369818995709984,-0.14732557814641883,-0.5765572917661632,-0.5656562828600497,0.7500730675381095,0.7442930694616945
0.14797994414727353,0.559113631275777,-1.516861746266454,-0.7054689621240783,-0.010684955964216718,1.286205303589112,1.29011232575929,-0.8569976202127723,0.6717197683338367,-0.8015007936732015,-0.8724582477366156,0.03593903635876616,0.006991517855769113,0.41369818995709984,-0.13259313609668708,-0.6026557926495345,-0.5957140319119422,0.6684557032918131,0.6592148160120039
0.14797994414727353,0.559113631275777,-1.3723987226834924,-0.7054689621240783,-0.010684955964216718,1.288998655826179,1.2898209588655438,-0.8873286545896748,0.910982177109525,-0.9295442510750563,-0.9013541424955117,0.15966061325274927,0.1366030554981593,0.41369818995709984,-0.1204496214022731,-0.6454761197179644,-0.6414731082317277,0.6378404612026635,0.6277874901347418
0.14797994414727353,0.559113631275777,-1.2279356991005308,-0.7054689621240783,-0.010684955964216718,1.2904730126590647,1.2893029965673808,-1.0086529367270654,1.0904289836912913,-1.0568425269541328,-0.9323327323532893,0.28046684204370337,0.26085918104489586,0.41369818995709984,-0.10662326773162777,-0.6867534959790911,-0.6848104444963229,0.6157078417974297,0.6053434105087269
0.14797994414727353,0.559113631275777,-1.0834726755175694,1.625269306943945,-0.010684955964216718,-0.01240842607173767,-0.011637397404313863,-1.0086529367270654,1.0904289836912913,-1.1388593191514895,-0.9507276374895975,0.3259172894581186,0.3078798166328188,0.41369818995709984,-0.10171977320395391,-0.7047465570108246,-0.7036631761384958,0.8488965308574578,0.8378474289406519
0.14797994414727353,0.559113631275777,-0.9390096519346078,-0.7054689621240783,-0.010684955964216718,1.2297895533959189,1.226884452117562,-0.9479908679732603,0.910982177109525,-1.1695040731205404,-0.9676044548056096,0.28280253028998975,0.26762828106810105,0.41369818995709984,-0.09534988744333513,-0.6957235648455855,-0.6952140664050049,0.6987393665132386,0.6876218401228059
0.14797994414727353,0.559113631275777,-0.7945466283516462,1.4662639332071512,-0.010684955964216718,0.06580727609591278,0.06532884451048383,-0.8569976202127723,0.6717197683338367,-1.1710452744028395,-0.9824458628823217,0.2329313240269464,0.22036783839400978,0.41369818995709984,-0.09155565743727521,-0.6857285911204755,-0.6856805372320356,0.8739508965178672,0.8629132698354497
0.14797994414727353,0.559113631275777,-0.6500836047686848,-0.7054689621240783,-0.010684955964216718,1.2336058944179313,1.2297029551774974,-0.8569976202127723,0.6717197683338367,-1.1467840637658122,-0.9982915661558175,0.1483725899836528,0.138559244071693,0.41369818995709984,-0.09216904669416941,-0.6682720776784539,-0.6685003773792102,0.7191228263866173,0.7080146143903382
0.14797994414727353,0.559113631275777,-0.5056205811857232,1.4089093153151038,-0.010684955964216718,0.1021892856852861,0.10112054239307937,-0.8266665858358697,0.910982177109525,-1.1304823817998257,-0.9970247285744918,0.11605058588349186,0.10777338052010095,0.41369818995709984,-0.09610347306460994,-0.6583567040368216,-0.6588158009741631,0.8892733684074948,0.878242838088787
0.14797994414727353,0.559113631275777,-0.3611575576027617,-0.7054689621240783,-0.010684955964216718,1.290844913020875,1.293907641570921,-0.553686987184186,1.0904289836912913,-0.6986945072689966,-0.8383722005693244,0.8165524739376167,0.19185259578417913,-0.17734755977404815,-0.1682488599974399,-0.8138722476686577,-0.6353629551349858,0.733988792299834,0.729836602010724
0.14797994414727353,0.559113631275777,-0.21669453401980013,-0.7054689621240783,-0.010684955964216718,-0.6991224441542135,2.8433284475434126,-0.2503763541555997,0.3726417573642265,0.14962040583156144,-0.6966501275716347,1.0839060913637257,0.5054766632039223,-1.7413637228613847,-0.24412887538383066,-0.867312516685178,-0.7100574367262762,0.5242919799904178,0.5233360703951245
0.14797994414727353,0.559113631275777,-0.0722315104368386,-0.7054689621240783,-0.010684955964216718,-0.6991224441542135,-0.6983308925851475,-0.35653504678964887,0.13337934858853825,0.31184923282191573,-0.5357031767381164,0.9316678068409037,0.750502488198487,-1.673468162786665,-0.3442124297251841,-0.825520321505775,-0.7818731357767928,-1.2740310493992413,-1.2860490588430924
0.14797994414727353,0.559113631275777,0.07223151314612293,1.1269144317766742,-0.010684955964216718,0.43216513470445717,-0.05641556298603853,-0.2503763541555997,0.013748144200694123,0.3868550308179798,-0.3862198709371739,0.6174853449586841,0.8432466210446043,-1.3988148104447042,-0.4285633459232471,-0.7255204577156197,-0.7974112800235174,0.9539157667328338,0.9286517565330651
0.14797994414727353,0.559113631275777,0.21669453672908448,-0.7054689621240783,-0.010684955964216718,1.4294508534060892,1.1463946621449044,-0.09872103764130656,-0.5844078777385264,0.4578700272297568,-0.26931934542428937,0.4797735069340251,0.8843207116846057,-0.9257243320642246,-0.49453936891783395,-0.6786930194178501,-0.8030052286628576,0.7499665014742155,0.7459771848089494
0.14797994414727353,0.559113631275777,0.361157560312046,1.7183683426118854,-0.010684955964216718,0.26653313826386504,-0.6983308925851475,-0.2503763541555997,-0.2853298667689162,0.40209981259905603,-0.2499434351414392,0.5105253147751861,0.907631469735532,-0.2760080578620506,-0.5059872104306484,-0.686617315295736,-0.8084739186219385,0.9153694533445169,0.8984331660778077
0.14797994414727353,0.559113631275777,0.5056205838950075,-0.7054689621240783,-0.010684955964216718,1.2007260341655928,1.3925152119228286,-0.09872103764130656,-0.2853298667689162,0.24534010960352748,-0.2731085660226948,0.48153294508743205,0.7395619187567947,0.41369818995709984,-0.47691975044845664,-0.6546337866190333,-0.7372138653433689,0.7547072512355553,0.7498287867291769
0.14797994414727353,0.559113631275777,0.6500836074779691,1.6880521303843798,-0.010684955964216718,0.2751120744223656,-0.6983308925851475,-0.2503763541555997,0.013748144200694123,-0.15271726377281417,-0.3776307827116954,0.4165172726260223,0.5671221771028505,0.41369818995709984,-0.40218905568778857,-0.6169014108323541,-0.6677501255607701,0.8874745260485539,0.8708902269432041
0.14797994414727353,0.559113631275777,0.7945466310609306,-0.7054689621240783,-0.010684955964216718,1.1339183072710777,1.4766894305943172,-0.2503763541555997,0.25301055297638236,-0.2930013645187636,-0.500120214523476,0.29343843622025084,0.17898183084472663,0.41369818995709984,-0.29478778198979727,-0.5360208416874613,-0.5016527813262719,0.7685527390808409,0.7635082538885315
0.14797994414727353,0.559113631275777,0.9390096546438922,1.137931234721686,-0.010684955964216718,0.1522394219410852,0.21862126444795424,-0.2503763541555997,0.3726417573642265,-0.44663050240962177,-0.5719566100960769,0.31156474091697844,0.18158952328522807,0.41369818995709984,-0.23758476970052203,-0.5287290437701819,-0.4891574694835677,0.8822499087538576,0.8674398292874764
0.14797994414727353,0.559113631275777,1.0834726782268538,-0.7054689621240783,-0.010684955964216718,1.2304093172549444,1.2820337069931207,-0.2503763541555997,0.7315353705277589,-0.48661477560760563,-0.6097415406971999,0.2982419410625223,0.17916713632040213,0.41369818995709984,-0.21353662912535468,-0.524273590449038,-0.4881423974103228,0.7504698101138231,0.7393757559073176
0.14797994414727353,0.559113631275777,1.2279357018098151,1.2528006829447915,-0.010684955964216718,0.1799428454163344,0.2026439826553865,-0.40203167066989287,1.0904289836912913,-0.5586819897351191,-0.65021753073988,0.2957195682447261,0.1961900854930904,0.41369818995709984,-0.18392792913403083,-0.5210437632780899,-0.49132609165200525,0.8828185611116975,0.8717850476904314
0.14797994414727353,0.559113631275777,1.3723987253927767,-0.7054689621240783,-0.010684955964216718,1.2473325706890852,1.2654469653130949,-0.40203167066989287,1.0904289836912913,-0.6149204512831851,-0.683345862810871,0.2679308452006787,0.18913757709532264,0.41369818995709984,-0.16352320491993563,-0.5131986372129601,-0.49005941866564395,0.743713125640407,0.7326161402374562
0.14797994414727353,0.559113631275777,1.5168617489757383,1.2939636181708565,-0.010684955964216718,0.17215574798748784,0.18150154141764038,-0.40203167066989287,1.0904289836912913,-0.6683581273412393,-0.710020027928534,0.2632219613056108,0.20221041723675612,0.41369818995709984,-0.1430723920559322,-0.5099898933073657,-0.49267641489888586,0.8905843830077317,0.8795544358911691
0.14797994414727353,0.559113631275777,1.6613247725587,-0.7054689621240783,-0.010684955964216718,1.2522065887717346,1.2582066028117391,-0.40203167066989287,0.851166574915603,-0.7035428696362297,-0.7414771224549126,0.20928972628150602,0.16327698215964875,0.41369818995709984,-0.10427805522661018,-0.47318518119624287,-0.46007405092725784,0.7415783841679083,0.7304804139612137
0.14797994414727353,0.6691914832879408,-1.6613247698494156,1.31480199979583,-0.010684955964216718,0.16406223745669765,0.16775992408928064,-0.40203167066989287,0.7315353705277589,-0.7469741090701892,-0.7632039162939721,0.2069199403965877,0.17154361874193294,0.41369818995709984,-0.08206477378182185,-0.4596176696705091,-0.4499198628264974,0.8926860025955066,0.8816569675347002
0.14797994414727353,0.6691914832879408,-1.516861746266454,-0.7054689621240783,-0.010684955964216718,1.212503860038793,1.213124388539814,-0.553686987184186,1.0904289836912913,-0.7765686520960065,-0.795941963583641,0.1543678072961098,0.12771845450151834,0.41369818995709984,-0.044123438928550585,-0.42377611856946656,-0.4163659229638321,0.7049329789463498,0.6938181715622739
0.14797994414727353,0.6691914832879408,-1.3723987226834924,-0.7054689621240783,-0.010684955964216718,1.2577329566693627,1.2563357758141247,-0.553686987184186,1.030613381497369,-0.8391471769051976,-0.8217494565286757,0.16957791144884266,0.14840810433089882,0.41369818995709984,-0.012018954089053386,-0.413474576955287,-0.4079311161246269,0.650284749315937,0.6391449722454174
0.14797994414727353,0.6691914832879408,-1.2279356991005308,-0.7054689621240783,-0.010684955964216718,1.279524341690884,1.2769815308254453,-0.553686987184186,1.0904289836912913,-0.9283033967440385,-0.8415029479290798,0.24227407701209197,0.22410664887381557,0.41369818995709984,0.01896806196654255,-0.42197156316349094,-0.4179461760718811,0.625892821350004,0.6147419994791474
0.14797994414727353,0.6691914832879408,-1.0834726755175694,-0.7054689621240783,-0.010684955964216718,1.2530382664604407,1.24983410175418,-0.553686987184186,1.0904289836912913,-1.022366844276867,-0.854220726879213,0.3472163794295462,0.33033951107374226,0.41369818995709984,0.045918339674938254,-0.44222160926485843,-0.4393964000005428,0.6000705319926826,0.5889079692137622
0.14797994414727353,0.6691914832879408,-0.9390096519346078,1.6351841784215388,-0.010684955964216718,-0.03199884000061844,-0.03222728962629397,-0.4323627050467954,0.851166574915603,-1.0959291039191108,-0.8595449735162721,0.4130913123844803,0.39728761243046185,0.41369818995709984,0.0652866725206776,-0.45081734260364686,-0.44878950075688906,0.8347066834171902,0.8236511910177279
0.14797994414727353,0.6691914832879408,-0.7945466283516462,-0.7054689621240783,-0.010684955964216718,1.2071181373316968,1.2032740913664923,-0.40203167066989287,0.7315353705277589,-1.1122856376668457,-0.8637400055961608,0.38482692728151763,0.3709943585561067,0.41369818995709984,0.0858378669467849,-0.42821156430206075,-0.4265120927753718,0.6781809366836016,0.6670540768655479
0.14797994414727353,0.6691914832879408,-0.6500836047686848,-0.7054689621240783,-0.010684955964216718,1.2618789414264335,1.2575536475066895,-0.553686987184186,1.0904289836912913,-1.1306502817659096,-0.8736827397720475,0.3945029846842902,0.3815785713138076,0.41369818995709984,0.10257649242760176,-0.42443895061593906,-0.42307246341018334,0.6224078230442804,0.6112555385187457
0.14797994414727353,0.6691914832879408,-0.5056205811857232,1.5897879030936843,-0.010684955964216718,-0.004673781520376502,-0.005576337164983798,-0.4171972601732343,0.910982177109525,-1.1429999597493334,-0.8668312304464152,0.4280567659800292,0.41534860766145903,0.41369818995709984,0.10309553266819162,-0.4322008192964583,-0.4311540321026359,0.8501418417189761,0.839093457098172
0.14797994414727353,0.6691914832879408,-0.3611575576027617,-0.7054689621240783,-0.010684955964216718,1.215179482370482,1.2107330838463926,-0.2503763541555997,0.7315353705277589,-1.0904011145975305,-0.8178501375109462,0.4150996632999003,0.40120082806384455,0.41369818995709984,0.0796098666633706,-0.4176146418375707,-0.41597779442344324,0.6920498258604856,0.6809292284337879
0.14797994414727353,0.6691914832879408,-0.21669453401980013,1.442692431430005,-0.010684955964216718,0.05590981755517198,0.05482952234093087,-0.2503763541555997,0.7315353705277589,-1.0044309805692762,-0.7425216459202953,0.44180067167158954,0.4227004556737795,0.41369818995709984,0.046488053300244,-0.40842621057991446,-0.4050865738459309,0.8557144188135156,0.8446685161525717
0.14797994414727353,0.6691914832879408,-0.0722315104368386,-0.7054689621240783,-0.010684955964216718,1.2836141945109263,1.279409518401173,-0.2655419436589411,0.851166574915603,-0.8786953115458641,-0.6455722243553197,0.45430598063984545,0.4309151061045167,0.41369818995709984,0.00580432312651541,-0.38801739458231305,-0.38309457361856897,0.6989623992043952,0.6937308819725513
0.14797994414727353,0.6691914832879408,0.07223151314612293,1.3934042317578494,-0.010684955964216718,0.0899329718395139,0.08921097301532467,-0.2503763541555997,0.7315353705277589,-0.7980845979489384,-0.5848367136388035,0.4822072258913782,0.4605765595073267,0.41369818995709984,-0.020638979432889462,-0.38345846115264803,-0.3792633483446799,0.8626700146055177,0.8516272996187016
0.14797994414727353,0.6691914832879408,0.21669453672908448,-0.7054689621240783,-0.010684955964216718,1.2194104008450042,1.2156051994660624,-0.2503763541555997,1.0904289836912913,-0.7231650911705031,-0.535671417578696,0.4815346499693636,0.4658497999440835,0.41369818995709984,-0.023963153470251547,-0.3527586451735438,-0.35037301886122685,0.710504835999917,0.699392615901253
0.14797994414727353,0.6691914832879408,0.361157560312046,1.354790701636312,-0.010684955964216718,0.10789077681716386,0.10672977433063263,-0.23521076465225826,0.910982177109525,-0.6897750724173569,-0.5157019638942331,0.4875520307469314,0.4788857466876449,0.41369818995709984,-0.005173462417601222,-0.32299961612700173,-0.3228945584121867,0.8615850928705695,0.8505419170910938
0.14797994414727353,0.6691914832879408,0.5056205838950075,-0.7054689621240783,-0.010684955964216718,1.2284135851268134,1.223550292540637,-0.2503763541555997,0.7315353705277589,-0.6814991426150104,-0.5282440088289068,0.4478436256781312,0.44400890840383206,0.41369818995709984,0.0361489937053795,-0.28292721302143875,-0.2840457304270637,0.7183439220648783,0.7072353601421802
0.14797994414727353,0.6691914832879408,0.6500836074779691,1.3413023571909504,-0.010684955964216718,0.12295190054258012,0.12099621889655843,-0.2503763541555997,0.7315353705277589,-0.7186083797403718,-0.5734457617933456,0.4115108868338909,0.40660571085209934,0.41369818995709984,0.08897865159184187,-0.2552259537004758,-0.2555643336938696,0.8668530926338444,0.855812282202025
0.14797994414727353,0.6691914832879408,0.7945466310609306,-0.7054689621240783,-0.010684955964216718,1.2377480949994721,1.2323615208705778,-0.31103842290940487,0.910982177109525,-0.7640042494547623,-0.641867694848702,0.32750453453643436,0.3222263174871532,0.41369818995709984,0.1568867783550959,-0.21289484444239276,-0.21231151453187166,0.7256642186093285,0.7145588747578557
0.14797994414727353,0.6691914832879408,0.9390096546438922,1.3375351222588694,-0.010684955964216718,0.13285188186700758,0.1308910071657058,-0.2503763541555997,0.7315353705277589,-0.8073719410927936,-0.695584431333305,0.28380755818866554,0.2780640817479985,0.41369818995709984,0.21452751216758362,-0.1863185279227944,-0.18511326078451934,0.8745841725529672,0.8635468365289297
0.14797994414727353,0.6691914832879408,1.0834726782268538,-0.7054689621240783,-0.010684955964216718,1.2461870166633624,1.24092540176554,-0.2503763541555997,0.7315353705277589,-0.8309160650220846,-0.7323206039144559,0.22837928926958534,0.22272650039887493,0.41369818995709984,0.25994727339759166,-0.15631553537716122,-0.15459283477353677,0.7342255057694635,0.7231241145231071
0.14797994414727353,0.6691914832879408,1.2279357018098151,1.3381345284836568,-0.010684955964216718,0.13994600215192154,0.13808640693417765,-0.34136960191608773,0.910982177109525,-0.8572649879863933,-0.7676565504447153,0.1928631888705795,0.18721828191966094,0.41369818995709984,0.3105815672166963,-0.13191552816691549,-0.12980071792397221,0.8835238412440232,0.8724907409932597
0.14797994414727353,0.6691914832879408,1.3723987253927767,-0.7054689621240783,-0.010684955964216718,1.2538745692525723,1.2487415807108673,-0.40203167066989287,1.0904289836912913,-0.8585198897249321,-0.7933842926116498,0.16116517155738266,0.15564927214960317,0.41369818995709984,0.34487393576675984,-0.11423290746074509,-0.11184126704309634,0.742642244704418,0.7315446912593815
0.14797994414727353,0.6691914832879408,1.5168617489757383,1.3460814601588889,-0.010684955964216718,0.14975742325734814,0.1479571417133557,-0.40203167066989287,1.0904289836912913,-0.891878469042198,-0.826949489564446,0.11096577552250708,0.10599495104540527,0.41369818995709984,0.39874746537836947,-0.08402403037487362,-0.08130653813782811,0.8991233488977267,0.8880973409961395
0.14797994414727353,0.6691914832879408,1.6613247725587,-0.7054689621240783,-0.010684955964216718,1.2548820008714499,1.2498414383306413,-0.37170063629299027,0.910982177109525,-0.8904382753092162,-0.8415488222704648,0.09058135470738066,0.08575640685364207,0.41369818995709984,0.432645546734977,-0.06967105964703957,-0.06677566438564717,0.7441795321801865,0.7330827092416781
0.14797994414727353,0.7792693353001046,-1.6613247698494156,1.3449820404206378,-0.010684955964216718,0.15048629751082232,0.1487350808388343,-0.40203167066989287,0.7315353705277589,-0.9077426746025317,-0.8538854913075531,0.0977222526778701,0.0926496028515078,0.41369818995709984,0.45386659504666194,-0.07554597607841573,-0.07264136801641555,0.9011011214382735,0.8900759050298531
0.14797994414727353,0.7792693353001046,-1.516861746266454,-0.7054689621240783,-0.010684955964216718,1.213371487395034,1.208505489616292,-0.40203167066989287,0.7315353705277589,-0.9074690846179568,-0.8669667361932756,0.07023614617668095,0.06552121660713997,0.41369818995709984,0.46964628704718864,-0.07398516903617046,-0.0710329425408341,0.7090132711258867,0.6979004966703599
0.14797994414727353,0.7792693353001046,-1.3723987226834924,-0.7054689621240783,-0.010684955964216718,1.242847061294183,1.2379148900187906,-0.4323627050467954,0.910982177109525,-0.9470031718511025,-0.8766278724889679,0.09728324558048417,0.09205930848555506,0.41369818995709984,0.47867338858157565,-0.09430147682864914,-0.09147091163300412,0.6483231776972661,0.6371825957177791
0.14797994414727353,0.7792693353001046,-1.2279356991005308,-0.7054689621240783,-0.010684955964216718,1.194521247688224,1.189741880891983,-0.40203167066989287,0.7315353705277589,-1.0260412447298486,-0.8829465336954353,0.18314109965565387,0.17646385643995946,0.41369818995709984,0.48430440813267045,-0.13534951879521584,-0.13280020822409655,0.6238023623972991,0.612650737618327
0.14797994414727353,0.7792693353001046,-1.0834726755175694,-0.7054689621240783,-0.010684955964216718,1.1650294859270856,1.160344638244763,-0.553686987184186,1.0904289836912913,-1.1015206410366192,-0.8915469140664856,0.29720366796618036,0.2886264938615023,0.41369818995709984,0.49105651599514616,-0.18118625875672917,-0.1789593321628424,0.6098639892665924,0.598705918302421
0.14797994414727353,0.7792693353001046,-0.9390096519346078,1.6177423722672841,-0.010684955964216718,-0.02419466122389339,-0.025387504199721595,-0.644680234944674,0.851166574915603,-1.1678424654880615,-0.9049302238462512,0.35976516288705784,0.3501378499499867,0.41369818995709984,0.5012254577984645,-0.20473992345778222,-0.20267548128318816,0.8481271670786013,0.8370778052340831
0.14797994414727353,0.7792693353001046,-0.7945466283516462,-0.7054689621240783,-0.010684955964216718,1.206310846551962,1.2015126841663852,-0.8569976202127723,1.0904289836912913,-1.1910487827126817,-0.9283353128209055,0.31416298098073064,0.3052662547881104,0.41369818995709984,0.5234821735730093,-0.18531083389303882,-0.18309850308491266,0.6876336345673907,0.6765110638009237
0.14797994414727353,0.7792693353001046,-0.6500836047686848,1.4596901997493754,-0.010684955964216718,0.05393495095044939,0.052517924310349094,-0.8569976202127723,0.6717197683338367,-1.2021555995925848,-0.9603125518026807,0.23823606415710707,0.23057137836457642,0.41369818995709984,0.5360564120375083,-0.18099887585751542,-0.17875063993258303,0.868505406654931,0.8574652519679703
0.14797994414727353,0.7792693353001046,-0.5056205811857232,-0.7054689621240783,-0.010684955964216718,1.2245947213211144,1.2203190546506397,-0.6143490559379912,0.851166574915603,-1.117673821837384,-0.9403056928860116,0.24909786694330457,0.18270974100243384,0.41369818995709984,0.5108886309619519,-0.20632439538971004,-0.1824234498167321,0.7184143060699164,0.7073058475104069
0.14797994414727353,0.7792693353001046,-0.3611575576027617,1.3333466344636338,-0.010684955964216718,0.025569927453370563,0.030150798844752875,-0.40203167066989287,1.0904289836912913,-0.7139647081684442,-0.8050801323875437,0.6893034963271616,0.2993901426906718,0.19399375926367304,0.40638756398253306,-0.36482580269340315,-0.23013097041716338,0.8804575467636669,0.8638984537495027
0.14797994414727353,0.7792693353001046,-0.21669453401980013,-0.7054689621240783,-0.010684955964216718,1.2044065653324727,1.2317460869137156,-0.2503763541555997,0.3726417573642265,-0.04924138427677707,-0.64022821646351,1.2526817306230278,0.4089392182675063,-0.9748398957520714,0.2861690608752385,-0.5504204967885782,-0.27312438708734366,0.7081357211909486,0.7039294206102894
0.14797994414727353,0.7792693353001046,-0.0722315104368386,-0.7054689621240783,-0.010684955964216718,-0.6991224441542135,-0.6983308925851475,-0.09872103764130656,-0.8834858887081368,0.7629930970682878,-0.5278713680250404,1.2549142735124528,0.45229566865768284,-2.3060411970774974,0.18504477173255354,-0.5800612013867075,-0.32094611413154095,-1.2740310493992413,-1.2860490588430924
0.14797994414727353,0.7792693353001046,0.07223151314612293,-0.7054689621240783,-0.010684955964216718,-0.6991224441542135,-0.6983308925851475,0.05293427887298657,-1.6012731150352015,1.1507985386510018,-0.4334760886365649,1.0062231461505582,0.38148801479175803,-2.6123427977537035,0.08815460583562879,-0.5430729788128645,-0.3401260786581289,-1.2740310493992413,-1.2860490588430924
0.14797994414727353,0.7792693353001046,0.21669453672908448,-0.7054689621240783,-0.010684955964216718,-0.6991224441542135,-0.6983308925851475,-0.09872103764130656,-0.8834858887081368,1.4620054737944423,-0.3613665642929484,0.7067648970705669,0.31460028444973814,-2.654506533723459,0.03753647923926684,-0.4498191145297643,-0.31925555536907657,-1.2740310493992413,-1.2860490588430924
0.14797994414727353,0.7792693353001046,0.361157560312046,1.3207049221567846,-0.010684955964216718,0.7546063223374292,-0.6983308925851475,-0.09872103764130656,-0.2853298667689162,1.583086768459244,-0.27872640844461827,0.42340414318870395,0.40245604207780944,-2.175500801061143,-0.01942836814184376,-0.3542377007787038,-0.34932955770993007,1.00065938656981,0.9796598176072706
0.14797994414727353,0.7792693353001046,0.5056205838950075,-0.7054689621240783,-0.010684955964216718,1.0014086736647054,1.5791166322684131,-0.2503763541555997,0.013748144200694123,1.5477896469040862,-0.24254637403287388,0.36352187022332944,0.8622894837507872,-1.196729788272727,-0.04356916862049159,-0.3340582190756625,-0.5051814787149667,0.8755501075172498,0.8704363620576742
0.14797994414727353,0.7792693353001046,0.6500836074779691,1.4738480994269747,-0.010684955964216718,0.5475075406709903,-0.6983308925851475,-0.40203167066989287,0.7315353705277589,1.0561778772865087,-0.27169210751254397,0.37890928209694824,0.9022089787346566,0.41369818995709984,-0.0203774082470227,-0.3367385905352537,-0.5157188110141679,0.9048104125068551,0.8922382689743209
0.14797994414727353,0.7792693353001046,0.7945466310609306,-0.7054689621240783,-0.010684955964216718,1.0194098915449634,1.5392547065733608,-0.553686987184186,1.0904289836912913,0.6543250281828381,-0.3766963576656368,0.31004483867496074,0.23440829174326921,0.41369818995709984,0.04994108251588362,-0.3129271936720215,-0.2873850228217329,0.823849725627257,0.8171903270422693
0.14797994414727353,0.7792693353001046,0.9390096546438922,0.9579796544149629,-0.010684955964216718,0.2197221511457653,0.32700094502975396,-0.553686987184186,0.7315353705277589,0.06196725859746281,-0.47118973756876653,0.2829977392711575,0.16750211470231333,0.41369818995709984,0.11444468173172609,-0.3035018983821789,-0.2631817084535958,0.9025088015390358,0.8886946394798051
0.14797994414727353,0.7792693353001046,1.0834726782268538,-0.7054689621240783,-0.010684955964216718,1.264510415043606,1.3466624475060036,-0.553686987184186,0.7315353705277589,-0.0936325298913353,-0.5471195359111107,0.23042429514653465,0.11890764030062147,0.41369818995709984,0.16712811070800834,-0.2850706066205966,-0.245444819276226,0.7670887157739994,0.7615438283094912
0.14797994414727353,0.7792693353001046,1.2279357018098151,1.1170096072157483,-0.010684955964216718,0.19637725695318903,0.23031094614834227,-0.644680234944674,0.910982177109525,-0.3127934927916238,-0.6113866651551777,0.24273524757458864,0.14869905908229883,0.41369818995709984,0.21644586173182787,-0.2868142787194798,-0.2536984561211458,0.8964604573720775,0.8816026676725489
0.14797994414727353,0.7792693353001046,1.3723987253927767,-0.7054689621240783,-0.010684955964216718,1.3001575587682492,1.3269874263687391,-0.553686987184186,0.7315353705277589,-0.42028960653532516,-0.6614666250065934,0.1771671933673418,0.1074648175560802,0.41369818995709984,0.24860126125787294,-0.2691979197044206,-0.2442565954979165,0.7473259312187063,0.7413225596443013
0.14797994414727353,0.7792693353001046,1.5168617489757383,1.1940027178278374,-0.010684955964216718,0.16071544954836697,0.17343796263321679,-0.7053423036984792,0.6717197683338367,-0.5675606202125313,-0.7037415949906658,0.21218376336039008,0.15964633641451328,0.41369818995709984,0.27745999515540165,-0.28388069294028523,-0.2656498245599549,0.8945154466957684,0.8791153241757333
0.14797994414727353,0.7792693353001046,1.6613247725587,-0.7054689621240783,-0.010684955964216718,1.3090171546118918,1.3174020844139032,-0.7811699619556257,0.910982177109525,-0.6028972082935815,-0.742554110838814,0.17116430408619263,0.1325707748080077,0.41369818995709984,0.3055692455627993,-0.2692975273764481,-0.25570216158425896,0.7397235586233745,0.7338965924585288
0.14797994414727353,0.8893471873122684,-1.6613247698494156,1.2845290251918424,-0.010684955964216718,0.1819396812623284,0.18649617786421266,-0.7053423036984792,0.013748144200694123,-0.6677413792586526,-0.7756224533864553,0.1647224077076575,0.13269990170055984,0.41369818995709984,0.3147116893728729,-0.28843317230912774,-0.2774096208995435,0.8900285113771493,0.8789983233406825
0.14797994414727353,0.8893471873122684,-1.516861746266454,-0.7054689621240783,-0.010684955964216718,1.214321105221092,1.2156119071931126,-0.8569976202127723,-0.04606745799322794,-0.7204325359455932,-0.8218955486620096,0.10867270932451059,0.08360568945496483,0.41369818995709984,0.3055735889957749,-0.3281346820527567,-0.319703062591803,0.7061997110267928,0.6950855098543741
0.14797994414727353,0.8893471873122684,-1.3723987226834924,-0.7054689621240783,-0.010684955964216718,1.2578338680168295,1.256757943385351,-0.7508389275787232,-0.4049610711567603,-0.7966912289076931,-0.8488477828643759,0.13190939761119697,0.11149206732834016,0.41369818995709984,0.27295633776331935,-0.40275653328269434,-0.39683727121140067,0.6518657792807703,0.6407268399277155
0.14797994414727353,0.8893471873122684,-1.2279356991005308,-0.7054689621240783,-0.010684955964216718,1.2751195613739554,1.2727439242614371,-0.8569976202127723,-0.04606745799322794,-0.9197083901137161,-0.8702823924367676,0.26866138710836757,0.25154611354115,0.41369818995709984,0.2749075043767129,-0.465985246078004,-0.4625393497968636,0.6206982657658994,0.6106664362406878
0.14797994414727353,0.8893471873122684,-1.0834726755175694,-0.7054689621240783,-0.010684955964216718,1.2537297194225627,1.2505694363320659,-0.7053423036984792,-0.3451454689628382,-1.040231133098518,-0.8965387481682776,0.35089466219696436,0.33593724571451,0.41369818995709984,0.2546424939233344,-0.5364332561740202,-0.5347559633084185,0.6016974645694971,0.5911211496329981
0.14797994414727353,0.8893471873122684,-0.9390096519346078,-0.7054689621240783,-0.010684955964216718,1.2297952296592138,1.226133396304402,-0.553686987184186,0.013748144200694123,-1.1243356376231557,-0.8994295374346342,0.4299372507505794,0.41491343326383195,0.41369818995709984,0.24269853584396822,-0.5751068491639829,-0.5741517686447093,0.5895197716262017,0.578352485821806
0.14797994414727353,0.8893471873122684,-0.7945466283516462,-0.7054689621240783,-0.010684955964216718,1.2102125417553735,1.206226748967433,-0.553686987184186,0.013748144200694123,-1.2053630909765365,-0.8997160756285162,0.5178878473967831,0.5024539200373602,0.41369818995709984,0.2205798447173162,-0.6218060667867452,-0.6215623958334529,0.5809421035339478,0.5697706487401989
0.14797994414727353,0.8893471873122684,-0.6500836047686848,-0.7054689621240783,-0.010684955964216718,1.1962110922943463,1.1920141234302621,-0.553686987184186,-0.6442234799324486,-1.2843536702393785,-0.9065075954307988,0.5752417804576009,0.5597334356926579,0.41369818995709984,0.19303282757843293,-0.6719631550628512,-0.6723937985721901,0.5748870989879962,0.5637130380806422
0.14797994414727353,0.8893471873122684,-0.5056205811857232,-0.7054689621240783,-0.010684955964216718,1.0794930334066686,1.0754671563153475,-0.3868660811665514,-0.8834858887081368,-1.3367993317567863,-0.8910472366249376,0.6405515450522109,0.6246314380085332,0.41369818995709984,0.13788667210495867,-0.7331876668374088,-0.7343027929351924,0.5720807392986247,0.5609052229445631
0.14797994414727353,0.8893471873122684,-0.3611575576027617,-0.7054689621240783,-0.010684955964216718,1.0767162894955387,1.0798644906297403,-0.2503763541555997,-0.5844078777385264,-0.920919142857189,-0.7177466785359735,1.474360708660717,0.8680230531746292,-0.28251998534082806,-0.01006416794818011,-0.9767363849530114,-0.8234763544645082,0.573959326195243,0.5628969009072493
0.14797994414727353,0.8893471873122684,-0.21669453401980013,-0.7054689621240783,-0.010684955964216718,-0.6991224441542135,-0.6983308925851475,-0.2503763541555997,-0.2853298667689162,-0.5286974639195533,-0.5692246166268224,1.542501429702742,0.930726736803433,-0.5086532772444384,-0.11563878677807972,-0.9929175759765037,-0.8401002184138281,-1.2740310493992413,-1.2860490588430924
0.14797994414727353,0.8893471873122684,-0.0722315104368386,-0.7054689621240783,-0.010684955964216718,1.0607586315174715,1.1191208343420356,-0.22004531977869715,0.013748144200694123,-0.3664559273700134,-0.4198746992954457,1.3675703142294127,0.8661322665336869,-0.5488000238190428,-0.21214504146032367,-0.9341669057152168,-0.8065590644718121,0.6769527267951743,0.6619373906097623
0.14797994414727353,0.8893471873122684,0.07223151314612293,-0.7054689621240783,-0.010684955964216718,-0.6991224441542135,-0.6983308925851475,-0.40203167066989287,1.0904289836912913,0.15130542580990858,-0.3560768998517026,1.1943781783263112,0.8089097679478279,-1.26124537017889,-0.2219259699178175,-0.8381085368693723,-0.7367637575944087,-1.2740310493992413,-1.2860490588430924
0.14797994414727353,0.8893471873122684,0.21669453672908448,1.234879495338088,-0.010684955964216718,0.06425581668660323,0.1113553285770873,-0.2503763541555997,0.7315353705277589,0.36882484880274813,-0.34194336815051674,0.7761109696382302,0.6429406251888513,-1.385684490269656,-0.21073994089270176,-0.6818537881379972,-0.6477117706665213,0.9755513778569673,0.9555986266148443
0.14797994414727353,0.8893471873122684,0.361157560312046,-0.7054689621240783,-0.010684955964216718,1.2462881382428033,1.2788469077948315,-0.23521076465225826,0.851166574915603,-0.09473893046465255,-0.410401294919883,0.447675694807869,0.34540040226868984,0.33881570374093933,-0.1424167749784414,-0.542208349798008,-0.5129873916266405,0.75416884059855,0.7518040722806475
0.14797994414727353,0.8893471873122684,0.5056205838950075,1.2433171112470205,-0.010684955964216718,0.07799158549062789,0.09344517331169014,-0.2503763541555997,0.7315353705277589,-0.6007773876062524,-0.4813865450200166,0.34162095693004846,0.2767367579109201,0.41369818995709984,-0.07667988209934709,-0.4771236642455033,-0.4585705133431047,0.9137518813003418,0.8978317694913381
0.14797994414727353,0.8893471873122684,0.6500836074779691,-0.7054689621240783,-0.010684955964216718,1.2991085012185415,1.309938061138715,-0.2503763541555997,0.7315353705277589,-0.6852223745322316,-0.5606976352019883,0.25401133667016396,0.2027638182048368,0.41369818995709984,-0.02222191945068093,-0.4448673439313688,-0.42996515819276804,0.7492462804917155,0.7441992229074855
0.14797994414727353,0.8893471873122684,0.7945466310609306,1.3208513200853769,-0.010684955964216718,0.14509763155609184,0.15101670371416018,-0.32620401241274627,0.910982177109525,-0.7651126568005825,-0.6293221211185372,0.22349309765363148,0.18138828656956235,0.41369818995709984,0.02244425615805229,-0.4370073735263472,-0.4249437587458942,0.8968660204497012,0.8858388765409206
0.14797994414727353,0.8893471873122684,0.9390096546438922,-0.7054689621240783,-0.010684955964216718,1.2492067887363083,1.251735323139991,-0.2503763541555997,0.7315353705277589,-0.8155107414407688,-0.6870581556675691,0.17485963567292676,0.1422812848251933,0.41369818995709984,0.05988633752095609,-0.4236620968282688,-0.41442202960409547,0.752887887708905,0.7417950708975888
0.14797994414727353,0.8893471873122684,1.0834726782268538,1.329651880858944,-0.010684955964216718,0.14884527928063593,0.15083999702967962,-0.40203167066989287,1.0904289836912913,-0.8592008545276146,-0.7317651715041477,0.15578967882706077,0.13050558301348839,0.41369818995709984,0.09696767264504919,-0.4112057594408116,-0.40423143413606233,0.8994453872225686,0.8884194518765245
0.14797994414727353,0.8893471873122684,1.2279357018098151,-0.7054689621240783,-0.010684955964216718,1.2521914520696147,1.250942344032767,-0.37170063629299027,0.910982177109525,-0.869128358099925,-0.7636965361445378,0.12770174900401826,0.10807775105254534,0.41369818995709984,0.12092315331673606,-0.39893745035865047,-0.39363732368075727,0.7500336452948785,0.7389395128638445
0.14797994414727353,0.8893471873122684,1.3723987253927767,1.338325061081898,-0.010684955964216718,0.15246394968919896,0.15260952686801144,-0.40203167066989287,1.0904289836912913,-0.8922978844953238,-0.791005178691511,0.13145504657642665,0.11559394238265949,0.41369818995709984,0.1406819125266197,-0.399062874273968,-0.3950866836350403,0.904975481899745,0.893952095566904
0.14797994414727353,0.8893471873122684,1.5168617489757383,-0.7054689621240783,-0.010684955964216718,1.2536206090281141,1.2505491035344447,-0.40203167066989287,1.0904289836912913,-0.8974352221029879,-0.8147624414561829,0.0923944966416329,0.07998007462772101,0.41369818995709984,0.170321981756101,-0.3701368493442521,-0.36688592702457296,0.7488052553962081,0.7377104918329607
0.14797994414727353,0.8893471873122684,1.6613247725587,1.3410682281507387,-0.010684955964216718,0.15169823228230067,0.15093725907190852,-0.37170063629299027,0.910982177109525,-0.9205385250057878,-0.8377073754987903,0.07685279295320464,0.06672779841481893,0.41369818995709984,0.20486385640043228,-0.3386601795774776,-0.33586013208216275,0.9047146470575449,0.8936910464182968
0.14797994414727353,0.999425039324432,-1.6613247698494156,-0.7054689621240783,-0.010684955964216718,1.2542109404107953,1.2502262941701505,-0.40203167066989287,0.7315353705277589,-0.9212736726660512,-0.8562653109867899,0.0456193559663677,0.03745121023071968,0.41369818995709984,0.23476453160845243,-0.30537852413400596,-0.302818712598068,0.7487987750274578,0.7377041397736146
0.14797994414727353,0.999425039324432,-1.516861746266454,-0.7054689621240783,-0.010684955964216718,1.2416933082214787,1.2374210336147144,-0.40203167066989287,0.7315353705277589,-0.9594150597821192,-0.8686372679787898,0.08269286600988641,0.07495502614028525,0.41369818995709984,0.2558350075769816,-0.3033048343917314,-0.3010917464683309,0.6476286981795243,0.636487762387381
0.14797994414727353,0.999425039324432,-1.3723987226834924,-0.7054689621240783,-0.010684955964216718,1.2733952387241154,1.2688431713652348,-0.4475282945501369,0.910982177109525,-1.0424292179134638,-0.8828759577856121,0.15555014291567154,0.1473725737315357,0.41369818995709984,0.2840248527962606,-0.31084748013964586,-0.3089520537203943,0.6240912788374172,0.6129396538660006
0.14797994414727353,0.999425039324432,-1.2279356991005308,-0.7054689621240783,-0.010684955964216718,1.2616314983931658,1.256984538789768,-0.553686987184186,1.0904289836912913,-1.1303358874071072,-0.9040501422507564,0.23957524891437565,0.2305621550151084,0.41369818995709984,0.31303657205526497,-0.3270265198095306,-0.3254346224110132,0.6035809117426782,0.592419838411548
0.14797994414727353,0.999425039324432,-1.0834726755175694,-0.7054689621240783,-0.010684955964216718,1.2332106583070195,1.2285529992213167,-0.553686987184186,1.0904289836912913,-1.2106268552518893,-0.9146252365786586,0.34756417534359174,0.3371748515158541,0.41369818995709984,0.3356508971448047,-0.35287180637329857,-0.3516024176382375,0.5907841635734848,0.5796173652522238
0.14797994414727353,0.999425039324432,-0.9390096519346078,-0.7054689621240783,-0.010684955964216718,1.2137679848977894,1.20910499272141,-0.4171972601732343,0.9707977793034471,-1.281142165310421,-0.9135602460994271,0.4462606428046444,0.43452562817808565,0.41369818995709984,0.34927431597475456,-0.3728920879093845,-0.3718587833150832,0.5822545582161291,0.5710838857837025
0.14797994414727353,0.999425039324432,-0.7945466283516462,-0.7054689621240783,-0.010684955964216718,1.0930254553339487,1.0886727843290966,-0.40203167066989287,0.7315353705277589,-1.3460211203322106,-0.9128756597741425,0.5163832890921497,0.5036890103797586,0.41369818995709984,0.365784187318854,-0.3841015007459314,-0.38320986361493237,0.5777571823034123,0.5665843738101815
0.14797994414727353,0.999425039324432,-0.6500836047686848,-0.7054689621240783,-0.010684955964216718,1.096452656972292,1.092059557640072,-0.553686987184186,1.0904289836912913,-1.405580790372731,-0.9183262372897851,0.5704007682128344,0.5569530150712101,0.41369818995709984,0.3824412527804615,-0.3950178992211361,-0.3942471470825743,0.5792784488675482,0.5681064091915429
0.14797994414727353,0.999425039324432,-0.5056205811857232,1.7910938459599777,-0.010684955964216718,-0.11535671113361418,-0.11579655516443653,-0.4323627050467954,0.910982177109525,-1.3745641145664589,-0.8912963695866133,0.6526988288148318,0.5797036642635335,0.41369818995709984,0.3759787071163622,-0.41407480461178103,-0.39355735749906906,0.8457576922491467,0.8347072576671781
0.14797994414727353,0.999425039324432,-0.3611575576027617,-0.7054689621240783,-0.010684955964216718,1.2382757772539343,1.2457272958676522,-0.40203167066989287,0.7315353705277589,-0.8452404071484544,-0.7522886460807223,1.3564877292330735,0.6005140561223135,-0.389799486256023,0.2806002971967947,-0.633754684722831,-0.39838003339957967,0.6622363493939439,0.6588048008264756
0.14797994414727353,0.999425039324432,-0.21669453401980013,-0.7054689621240783,-0.010684955964216718,-0.6991224441542135,-0.6983308925851475,-0.2503763541555997,0.7315353705277589,0.03543170579037576,-0.6467691917859204,1.5518262814276056,0.5937751416064581,-2.0351457159288238,0.22810749666777697,-0.6700669519931958,-0.37193463199690124,-1.2740310493992413,-1.2860490588430924
0.14797994414727353,0.999425039324432,-0.0722315104368386,-0.7054689621240783,-0.010684955964216718,-0.6991224441542135,2.6063163622503445,-0.068390003264404,-0.3451454689628382,0.4843192888192151,-0.5379390215613141,1.3918640293136884,0.6008628664294673,-2.507609102478792,0.13427197066189217,-0.6471120090011115,-0.40160446921892434,0.4844983756279088,0.48406743461291657
0.14797994414727353,0.999425039324432,0.07223151314612293,-0.7054689621240783,-0.010684955964216718,-0.6991224441542135,-0.6983308925851475,0.05293427887298657,-0.8834858887081368,1.109326578104132,-0.427317634745396,1.014260812017067,0.7513770294253176,-2.9058381536971214,0.04344210027515532,-0.5551323914597369,-0.4768136382939801,-1.2740310493992413,-1.2860490588430924
0.14797994414727353,0.999425039324432,0.21669453672908448,-0.7054689621240783,-0.010684955964216718,-0.6991224441542135,-0.6983308925851475,0.20458959538727972,-2.019982330392656,1.372032497546883,-0.3449280233769381,0.670223310189706,0.8226559126004261,-2.8644032949855904,-0.044847103122659826,-0.4938254828420119,-0.5481857309111209,-1.2740310493992413,-1.2860490588430924
0.14797994414727353,0.999425039324432,0.361157560312046,1.317694255931656,-0.010684955964216718,0.7085429201184799,-0.6983308925851475,0.05293427887298657,-1.3620107062595133,1.653404076964147,-0.3077161691635792,0.20674945220342814,0.9323416614466503,-3.120193584672084,-0.10667804324748731,-0.39552024028848864,-0.6343385645094032,1.0233048551575337,0.9965138801036516
0.14797994414727353,0.999425039324432,0.5056205838950075,-0.7054689621240783,-0.010684955964216718,2.878397998767607,-0.6983308925851475,0.05293427887298657,-1.3620107062595133,1.7233066524850977,-0.26309102138239554,0.30512625430230655,1.1537431345083764,-2.3678799392295384,-0.1714671025305626,-0.4788910012340691,-0.7469203295108834,0.6698264812927474,0.6786205622192215
0.14797994414727353,0.999425039324432,0.6500836074779691,1.7645843386943205,-0.010684955964216718,0.2279423264408238,-0.6983308925851475,-0.2503763541555997,-1.4218263084534353,1.4940369075630617,-0.27651244215346577,0.6223664219288433,1.6160165713588008,-0.8423608968193796,-0.19522133747437784,-0.6224267323025106,-0.9150599536809622,0.8593644865121292,0.8414623654239554
0.14797994414727353,0.999425039324432,0.7945466310609306,-0.7054689621240783,-0.010684955964216718,0.7556863891032856,1.7327925455383357,-0.8115009963325283,-0.10588306018714999,0.9191347141328943,-0.39668204380935906,0.5556936042299222,0.3715905223262663,0.41369818995709984,-0.13986380159608872,-0.6285142024703083,-0.5762993698927572,0.8048037418598457,0.7955136171662811
0.14797994414727353,0.999425039324432,0.9390096546438922,0.9296514758231552,-0.010684955964216718,0.15387513181393087,0.3893596439772961,-1.0086529367270654,0.6717197683338367,0.09038850863319636,-0.523076440711655,0.42465808384939274,-0.0549868751103228,0.41369818995709984,-0.06536330878312996,-0.5966595398746951,-0.44436383852806605,0.8884157996095369,0.8748297331685748
0.14797994414727353,0.999425039324432,1.0834726782268538,-0.7054689621240783,-0.010684955964216718,1.199668146872982,1.3854848851247343,-1.1603082532413587,0.6717197683338367,-0.1010629395457537,-0.6453774348442077,0.23924279693771444,-0.06736461009639431,0.41369818995709984,-0.011756658997690683,-0.574543624789538,-0.4777558956326797,0.7638245900365157,0.7582085873425527
0.14797994414727353,0.999425039324432,1.2279357018098151,1.1065972339538577,-0.010684955964216718,0.1802356459979687,0.25912063382925266,-1.129977218864456,0.910982177109525,-0.3537530574260626,-0.7355367481250973,0.19149928332530278,-0.05447288299905997,0.41369818995709984,0.0302769136241363,-0.5787835124792099,-0.5020224894725049,0.8918763165222037,0.8770138170579032
0.14797994414727353,0.999425039324432,1.3723987253927767,-0.7054689621240783,-0.010684955964216718,1.2793525821682163,1.348059750897163,-1.3119635697556518,0.6717197683338367,-0.4670540950967574,-0.814625524191126,0.07809906164520125,-0.09458355286281173,0.41369818995709984,0.03923017679793732,-0.593530611187939,-0.5405843927298363,0.7459569533202027,0.7398453984886424
0.14797994414727353,0.999425039324432,1.5168617489757383,1.1874858570947722,-0.010684955964216718,0.15482065011649798,0.18729188198555097,-1.1603082532413587,0.31282615517030443,-0.6506697655756843,-0.8638776286203159,0.07069134965241705,-0.05163712228080405,0.41369818995709984,0.032028282320650095,-0.6358238566225299,-0.600156814271804,0.8935820935854804,0.8781637447046722
0.14797994414727353,0.999425039324432,1.6613247725587,-0.7054689621240783,-0.010684955964216718,1.2997072418801783,1.326985330204036,-1.2513014286869564,0.25301055297638236,-0.6975138561130686,-0.9145574837052284,0.002410828292001125,-0.08326231063398516,0.41369818995709984,0.030179427684016213,-0.6539733210615291,-0.6298546071508401,0.7412768670107758,0.7353700653216643
0.14797994414727353,1.1095028913365959,-1.6613247698494156,1.2340113340924295,-0.010684955964216718,0.1362259473739504,0.14991212972380397,-1.3119635697556518,0.31282615517030443,-0.8271547044273065,-0.963120061495446,-0.01099977298193225,-0.0707579642143073,0.41369818995709984,0.027159293954949443,-0.6877622656856505,-0.6721809888420606,0.899062505435571,0.8833275591427023
0.14797994414727353,1.1095028913365959,-1.516861746266454,-0.7054689621240783,-0.010684955964216718,1.3007735384517447,1.310382238439325,-1.3119635697556518,0.6717197683338367,-0.8540588344507768,-0.9954607664128106,-0.07997077152464452,-0.12101096454761068,0.41369818995709984,0.01366207598312538,-0.6995331818137563,-0.6894838068489116,0.7353728910587549,0.7295907158424911
0.14797994414727353,1.1095028913365959,-1.3723987226834924,-0.7054689621240783,-0.010684955964216718,1.2886641767557212,1.2927786472617724,-1.3574601936358957,-0.16569866238107206,-0.9304720488956072,-1.0238146381842648,-0.05151970185017209,-0.08516651305597192,0.41369818995709984,0.0020923770451608107,-0.7399102165901421,-0.7327218896955849,0.6769417461703474,0.6658141958622337
0.14797994414727353,1.1095028913365959,-1.2279356991005308,-0.7054689621240783,-0.010684955964216718,1.3040621972192952,1.305097807222534,-1.4636188862699449,1.0904289836912913,-1.0693045841977245,-1.0600137280916615,0.04570800982681069,0.021260039482783006,0.41369818995709984,-0.004336386362461191,-0.7949792754229047,-0.7915741821813204,0.6454091718825423,0.6353919296976233
0.14797994414727353,1.1095028913365959,-1.0834726755175694,-0.7054689621240783,-0.010684955964216718,1.3132493344782574,1.3122446807781267,-1.615274202784238,1.0904289836912913,-1.2166558687750504,-1.09754105662193,0.1397535593784697,0.1212310858802451,0.41369818995709984,-0.015220546795769424,-0.8519568000408856,-0.8512311208258854,0.6302287280746923,0.6198609396914752
0.14797994414727353,1.1095028913365959,-0.9390096519346078,1.5922598034124866,-0.010684955964216718,-0.0794704810966653,-0.07837561326627147,-1.615274202784238,0.910982177109525,-1.3635763661884002,-1.1220538345012587,0.18689780699192543,0.17173730908076118,0.41369818995709984,-0.030402775460312666,-0.8919070062615422,-0.892678741360614,0.8805716732577697,0.8617106815676508
0.14797994414727353,1.1095028913365959,-0.7945466283516462,-0.7054689621240783,-0.010684955964216718,1.2401724901223634,1.2373499736312756,-1.615274202784238,1.0904289836912913,-1.3575727717836106,-1.1471121641635205,0.10745371874341952,0.09528664231304385,0.41369818995709984,-0.04195268764805484,-0.8931633967683253,-0.8944039738061952,0.7130672818099364,0.7019561841102208
0.14797994414727353,1.1095028913365959,-0.6500836047686848,1.4944519931932843,-0.010684955964216718,0.07221346480426746,0.0717621836011039,-1.4636188862699449,0.6717197683338367,-1.3500152665373357,-1.1638450066234933,0.048412805011287585,0.03883219719197559,0.41369818995709984,-0.06421640117572709,-0.9032022581070286,-0.9049616768942277,0.8992777976862758,0.8882518394718457
0.14797994414727353,1.1095028913365959,-0.5056205811857232,-0.7054689621240783,-0.010684955964216718,1.3044824509350998,1.305566090417231,-1.236135911498505,0.910982177109525,-1.0895154589995426,-1.128467067426889,0.5104843976088279,-0.01715688802411572,0.32068502818603206,-0.10367335283566728,-1.0289684537835564,-0.8955739939008683,0.7257311824197484,0.7214680711800588
0.14797994414727353,1.1095028913365959,-0.3611575576027617,-0.7054689621240783,-0.010684955964216718,1.2572002288475272,1.2866238884602088,-0.7053423036984792,0.6717197683338367,-0.6177473248157357,-1.0111575545165794,1.374352334553301,0.20230432770406678,-0.4439259348507336,-0.17478934615326885,-1.210050791254669,-0.9303490975408041,0.6677671641120925,0.6589486442348919
0.14797994414727353,1.1095028913365959,-0.21669453401980013,-0.7054689621240783,-0.010684955964216718,-0.6991224441542135,2.563236614119395,-0.2503763541555997,-0.2853298667689162,0.23349814506336106,-0.8292961385660661,1.5389706192224069,0.5401254332099806,-2.1528295594722557,-0.2812949074509489,-1.2141248095812023,-0.9830966546927845,0.36328649834793253,0.3787525446125216
0.14797994414727353,1.1095028913365959,-0.0722315104368386,-0.7054689621240783,-0.010684955964216718,-0.6991224441542135,-0.6983308925851475,-0.09872103764130656,-1.122748297483825,0.6497255056059763,-0.6817092074620719,1.3722587395413013,0.7434793268217538,-2.716225941236112,-0.39961557164971756,-1.1898302186977243,-1.049821823640713,-1.2740310493992413,-1.2860490588430924
0.14797994414727353,1.1095028913365959,0.07223151314612293,-0.7054689621240783,-0.010684955964216718,-0.6991224441542135,-0.6983308925851475,0.05293427887298657,-2.019982330392656,1.0264147653704399,-0.5637860370158497,0.9781821005806347,0.7550093521430835,-3.0883066670590624,-0.5105444368294304,-1.138454281035286,-1.094066310139852,-1.2740310493992413,-1.2860490588430924
0.14797994414727353,1.1095028913365959,0.21669453672908448,-0.7054689621240783,-0.010684955964216718,2.863911333910843,-0.6983308925851475,-0.09872103764130656,-1.8405355238108898,1.318320562580086,-0.4874934784970146,0.567621810664333,0.6814900335335633,-3.221182278175603,-0.5785657341518833,-1.0586689660119744,-1.094751657157708,0.6846564451573512,0.6627547572139963
0.14797994414727353,1.1095028913365959,0.361157560312046,2.3627477957715532,-0.010684955964216718,-0.6991224441542135,-0.6983308925851475,-0.007727789880818559,-2.199429136974422,1.7114780664282845,-0.42043718929673624,0.6526408628291575,0.7570192038407948,-3.3179544810874027,-0.679433519447173,-1.1336042694625255,-1.1669834404056263,1.0544756088567797,1.0290554801332892
0.14797994414727353,1.1095028913365959,0.5056205838950075,-0.7054689621240783,-0.010684955964216718,1.0146299522706295,1.549016545596207,-0.09872103764130656,-2.4386915457501104,1.7849647376395823,-0.36578391048877995,0.6826979312831932,1.2000854346672427,-2.734146026250922,-0.7732955886545757,-1.2023403399253692,-1.3263024046565657,0.8159582565815641,0.8137788613631787
0.14797994414727353,1.1095028913365959,0.6500836074779691,-0.7054689621240783,-0.010684955964216718,2.8413177036769603,-0.6983308925851475,-0.40203167066989287,-2.079797932586578,1.589493055212968,-0.3696168881512757,0.7528487081225699,1.5292365916732258,-1.5981457763311908,-0.8360089695789555,-1.2753958981613622,-1.446833328223096,0.5552949641431278,0.5570505474472327
0.14797994414727353,1.1095028913365959,0.7945466310609306,1.9114478342285026,-0.010684955964216718,0.017395687844606874,-0.6983308925851475,-0.8569976202127723,-1.4816419106473573,0.4542558299518649,-0.4608821259390941,0.915102321552552,0.9490694634363622,0.41369818995709984,-0.7962689708701023,-1.3172923264230487,-1.3352112657571336,0.8226661582791097,0.8023922827225953
0.14797994414727353,1.1095028913365959,0.9390096546438922,-0.7054689621240783,-0.010684955964216718,0.7619357447591187,1.7960040690953787,-1.0086529367270654,-0.9433014909020588,0.210199516303603,-0.585237584806599,0.7533789264032963,-0.08244981739448487,0.41369818995709984,-0.7550886415261581,-1.3002256382547073,-1.1163443682529277,0.7760269443831109,0.7669859039279049
0.14797994414727353,1.1095028913365959,1.0834726782268538,-0.7054689621240783,-0.010684955964216718,1.1160128500549262,1.4808524136948913,-1.1603082532413587,-0.3451454689628382,-0.07860849308558837,-0.6902220737049414,0.6438556062356439,-0.00924493115319234,0.41369818995709984,-0.7051297515347665,-1.2790623425469536,-1.1368606781978898,0.6927579861567003,0.6846048168385888
0.14797994414727353,1.1095028913365959,1.2279357018098151,-0.7054689621240783,-0.010684955964216718,1.2014254759427225,1.4112306088589637,-1.2209703943100538,0.25301055297638236,-0.34524300416503356,-0.764992309848891,0.6064607259480193,0.11219639583317013,0.41369818995709984,-0.6788256801324144,-1.2745308388757843,-1.1700085025470495,0.6617049591564182,0.6520960016313824
0.14797994414727353,1.1095028913365959,1.3723987253927767,1.3611407117889966,-0.010684955964216718,-0.0014528700064120382,0.09974042755248627,-1.4636188862699449,0.6717197683338367,-0.7010230322966371,-0.8283031355148542,0.5770140052254948,0.22247411601797754,0.41369818995709984,-0.6453395010029974,-1.2681199126930982,-1.1961128015920661,0.8644126937686225,0.8467282226218023
0.14797994414727353,1.1095028913365959,1.5168617489757383,-0.7054689621240783,-0.010684955964216718,1.2668431490258816,1.3583420676158162,-1.4636188862699449,0.6717197683338367,-0.7364251749461185,-0.8850440497353796,0.45057910873737683,0.18215047063014622,0.41369818995709984,-0.6148917945418777,-1.2405095480620523,-1.1867860142546807,0.704961600574997,0.6992217250143311
0.14797994414727353,1.1095028913365959,1.6613247725587,1.321675884889065,-0.010684955964216718,0.0683147654064839,0.1126349323201615,-1.5242810273386402,0.851166574915603,-0.853448106685699,-0.9397982520943831,0.33912927198702103,0.15956751870087754,0.41369818995709984,-0.5800881074098476,-1.2139075228668441,-1.1797188675039145,0.8802127328330996,0.8638896428284744
0.14797994414727353,1.2195807433487595,-1.6613247698494156,-0.7054689621240783,-0.010684955964216718,1.293226210589119,1.332053017990515,-1.615274202784238,0.6717197683338367,-0.8781334152450259,-0.9956640250331013,0.19280266556200784,0.0693732227395077,0.41369818995709984,-0.5510163039946802,-1.1821760252652607,-1.1598811865507044,0.7188574912883405,0.7132112136507994
0.14797994414727353,1.2195807433487595,-1.516861746266454,-0.7054689621240783,-0.010684955964216718,1.300001987107571,1.3221658283184168,-1.615274202784238,0.6717197683338367,-0.9657604744365855,-1.0288812827504694,0.18530800459071226,0.0993491085105453,0.41369818995709984,-0.5316298735115423,-1.1804463369648261,-1.1670741337580288,0.6619542733430622,0.6525808071930814
0.14797994414727353,1.2195807433487595,-1.3723987226834924,-0.7054689621240783,-0.010684955964216718,1.3059875016361733,1.3189132095484468,-1.7972605898328788,0.7315353705277589,-1.1085470204937682,-1.080631068628301,0.1903595697540309,0.13047455901982324,0.41369818995709984,-0.5220123063942993,-1.1952822865775452,-1.1883562986788336,0.6351500281098253,0.6249524226150169
0.14797994414727353,1.2195807433487595,-1.2279356991005308,-0.7054689621240783,-0.010684955964216718,1.3170297258327348,1.3238735737021217,-1.9185848358128244,1.0904289836912913,-1.256893664232579,-1.1245949201344416,0.24286396616042413,0.19960859420046156,0.41369818995709984,-0.5203878624614071,-1.2231866336790567,-1.220707603513644,0.6225525512797041,0.6120833552851297
0.14797994414727353,1.2195807433487595,-1.0834726755175694,-0.7054689621240783,-0.010684955964216718,1.3193620393510626,1.3222035592830748,-1.9185848358128244,1.0904289836912913,-1.3991617940598218,-1.165230058853773,0.2794166347738403,0.24736793623214073,0.41369818995709984,-0.5277147512876602,-1.250749238260016,-1.2512651953787173,0.608473230128678,0.5978123269860348
0.14797994414727353,1.2195807433487595,-0.9390096519346078,-0.7054689621240783,-0.010684955964216718,1.320903249951645,1.3210844169480311,-1.9185848358128244,0.910982177109525,-1.5213795908854855,-1.194467188136664,0.33953332900480926,0.3143428691509491,0.41369818995709984,-0.541782648092118,-1.2834415303827116,-1.2860241540849517,0.597785121946739,0.5869994827379948
0.14797994414727353,1.2195807433487595,-0.7945466283516462,1.829398253984745,-0.010684955964216718,-0.08886863869941901,-0.08711829701041736,-1.766929519298531,0.6717197683338367,-1.5770802374027493,-1.198846070461642,0.3779247127814516,0.3555050008540542,0.41369818995709984,-0.543187024754244,-1.294572526380265,-1.2980053202201893,0.8649570447436488,0.8539152704141084
0.14797994414727353,1.2195807433487595,-0.6500836047686848,-0.7054689621240783,-0.010684955964216718,1.2383270738555632,1.236143211611638,-1.9185848358128244,1.0904289836912913,-1.5534284166824643,-1.2139510795615436,0.29337791291167914,0.275330616360206,0.41369818995709984,-0.5380661172759558,-1.2786048572023176,-1.2825557022206724,0.6897431746058604,0.6786213818397823
0.14797994414727353,1.2195807433487595,-0.5056205811857232,1.526014920133764,-0.010684955964216718,-0.03397449497524312,-0.03153880432952483,-1.4332878518930423,0.7315353705277589,-1.3216067260607878,-1.196362857074514,0.4659460620278165,0.14520760206549882,0.14314901325214083,-0.5660054911936391,-1.3127743762796067,-1.2502709275153425,0.9006609963939815,0.8831679380384913
0.14797994414727353,1.2195807433487595,-0.3611575576027617,-0.7054689621240783,-0.010684955964216718,1.2691777750959221,1.2894901840753774,-1.0086529367270654,-0.04606745799322794,-0.8599373400362134,-1.0842064442199422,1.0870132386840592,0.1546632122428412,-0.7625892002306336,-0.6433171503491696,-1.425896959237144,-1.2381510666476376,0.7146648727171315,0.710960535590908
0.14797994414727353,1.2195807433487595,-0.21669453401980013,-0.7054689621240783,-0.010684955964216718,-0.6991224441542135,2.8706779468920676,-0.7053423036984792,-1.9003511260048118,-0.05164282203869299,-0.9489992334580283,1.1784622530538975,0.32569681234607134,-3.0194166516561065,-0.8524604458797157,-1.5448711164394162,-1.3904172953973561,0.5238120726824085,0.5225234166091149
0.14797994414727353,1.2195807433487595,-0.0722315104368386,-0.7054689621240783,-0.010684955964216718,-0.6991224441542135,-0.6983308925851475,-0.7053423036984792,-2.378875943556188,0.5048258281031411,-0.8560394680753558,0.9624844001954654,0.5008566036067638,-4.118491020317273,-1.0111798627886441,-1.5957346016725467,-1.5225407147824366,-1.2740310493992413,-1.2860490588430924
0.14797994414727353,1.2195807433487595,0.07223151314612293,-0.7054689621240783,-0.010684955964216718,2.8984831410890424,-0.6983308925851475,-0.7053423036984792,-2.5583227501379544,0.7716175363619875,-0.7749075194199466,0.46880770635000024,0.4808427737474939,-4.517431399582152,-1.1429429694433773,-1.5808060362870244,-1.5926298811242552,0.6685955712506741,0.6478999541704886
0.14797994414727353,1.2195807433487595,0.21669453672908448,-0.7054689621240783,-0.010684955964216718,-0.6991224441542135,-0.6983308925851475,-0.7053423036984792,-2.7377695567197207,1.0255478396491466,-0.7093989599220902,0.5148957796068323,0.3775898919120502,-4.8992297088831345,-1.2715780804501484,-1.6648287649433595,-1.6517438515622627,-1.2740310493992413,-1.2860490588430924
0.14797994414727353,1.2195807433487595,0.361157560312046,-0.7054689621240783,-0.010684955964216718,2.909709948958679,-0.6983308925851475,-0.7660043724522843,-2.498507147944032,1.1596397093750248,-0.6896581721854543,0.49977262443261083,0.40439713789766824,-5.021134722808066,-1.357498423763412,-1.7081415368525472,-1.7030489834965834,0.611222166550512,0.6034107452264166
0.14797994414727353,1.2195807433487595,0.5056205838950075,-0.7054689621240783,-0.010684955964216718,-0.6991224441542135,-0.6983308925851475,-1.0086529367270654,-2.378875943556188,1.1584557135982585,-0.689788031859529,0.6147762875693783,0.521496782743543,-4.796523532530379,-1.4898240049884914,-1.8034719952052922,-1.8008695114636755,-1.2740310493992413,-1.2860490588430924
0.14797994414727353,1.2195807433487595,0.6500836074779691,-0.7054689621240783,-0.010684955964216718,2.9173754271906303,-0.6983308925851475,-1.0086529367270654,-2.259244739168344,0.9216672610316724,-0.7132771061668728,0.609828720203887,0.5893378720260293,-4.062614330344867,-1.5815300423271492,-1.850486708834595,-1.8592427653461,0.5846413140289178,0.5747504583623348
0.14797994414727353,1.2195807433487595,0.7945466310609306,2.1225717675902334,-0.010684955964216718,-0.22146835670660295,-0.6983308925851475,-1.129977218864456,-2.199429136974422,-0.2182403927680648,-0.8044809429131451,0.6585559506908295,-0.0766994782443373,-1.5197698270443099,-1.6175151432285553,-1.8892145159354672,-1.7945375551502456,0.8633130111937432,0.8415037562622746
0.14797994414727353,1.2195807433487595,0.9390096546438922,-0.7054689621240783,-0.010684955964216718,0.5559104075513586,2.0015858415955843,-1.1603082532413587,-2.259244739168344,-0.4158573150003795,-0.9062118823686398,0.45430683308081127,-1.0727298257812217,-1.1771390183064805,-1.6264425871063344,-1.885105538112812,-1.6584006569443934,0.8280736659807593,0.8182822665343634
0.14797994414727353,1.2195807433487595,1.0834726782268538,-0.7054689621240783,-0.010684955964216718,1.0317866683117742,1.6009117143865035,-1.1603082532413587,-2.498507147944032,-0.6198638008822265,-0.9884977471496577,0.2988139289505727,-0.873414082263807,-0.8254797251357145,-1.6503213337954514,-1.896604200441888,-1.7313008837896482,0.7372415773920048,0.7292708589186482
0.14797994414727353,1.2195807433487595,1.2279357018098151,-0.7054689621240783,-0.010684955964216718,1.1494361599597684,1.488312873490084,-1.1603082532413587,-2.498507147944032,-0.8234729458084806,-1.0264033625565783,0.19193232333592813,-0.6444821636046072,-0.5911837099084553,-1.740490761068058,-1.9324346720718517,-1.8248847211009038,0.6927147836983648,0.6831694563315294
0.14797994414727353,1.2195807433487595,1.3723987253927767,-0.7054689621240783,-0.010684955964216718,1.2137465412364525,1.425718460821666,-1.3119635697556518,-2.5583227501379544,-1.0253917193630464,-1.0755157266843183,0.1321071639152621,-0.4475099893383827,-0.5409543562529843,-1.8337044522529293,-1.979399044026739,-1.9137970380989862,0.6626309318467407,0.6525660540229875
0.14797994414727353,1.2195807433487595,1.5168617489757383,-0.7054689621240783,-0.010684955964216718,1.2521988101887007,1.3882555956294367,-1.3119635697556518,-2.3190603413622664,-1.1913906029623584,-1.1028540111134173,0.1713424642480444,-0.22666527118999846,-0.5109065960234764,-1.9121875111518085,-2.0141450720869996,-1.9756813274627678,0.6406826429304047,0.6303238059600637
0.14797994414727353,1.2195807433487595,1.6613247725587,-0.7054689621240783,-0.010684955964216718,1.2766885225950912,1.3644446319162697,-1.3574601936358957,-1.9601667281987338,-1.3453053714728094,-1.1384839063080903,0.16656453263474688,-0.10202931134244288,-0.5914059999230021,-1.960987549095114,-2.0094863696337866,-1.9875112296554083,0.6238038024792436,0.6132511096790956
0.14797994414727353,1.3296585953609235,-1.6613247698494156,-0.7054689621240783,-0.010684955964216718,1.2926634195950173,1.348938882373689,-1.3119635697556518,-1.8405355238108898,-1.4672709838872637,-1.1541831645687028,0.23278726150372656,0.049362746825498974,-0.6764307605397234,-1.9955099989419711,-1.9981573953205025,-1.9868873200698252,0.6106538742131582,0.5999658800094743
0.14797994414727353,1.3296585953609235,-1.516861746266454,-0.7054689621240783,-0.010684955964216718,1.288159199554439,1.3237761020434224,-1.4636188862699449,-1.003117093095981,-1.576831397612378,-1.180378825017765,0.26446055802891527,0.1388569067136152,-0.6303956684745178,-1.9899898575826713,-1.9523637362149795,-1.9475013750621706,0.5886859641803281,0.5778303875245916
0.14797994414727353,1.3296585953609235,-1.3723987226834924,-0.7054689621240783,-0.010684955964216718,1.3121985950727586,1.334235125446556,-1.4787844034583961,-0.6442234799324486,-1.6557570912309565,-1.1996365206516613,0.28544509728396344,0.18449068593607534,-0.5618379181459374,-1.970165464274489,-1.907834051137706,-1.905439705270495,0.5864504169717134,0.5752815724857178
0.14797994414727353,1.3296585953609235,-1.2279356991005308,-0.7054689621240783,-0.010684955964216718,1.3246382311997624,1.3378543634231175,-1.4636188862699449,-0.7040390821263706,-1.7204674773624946,-1.2100715217985645,0.33578940828302467,0.2571832570387356,-0.4384505808082114,-1.945656195898407,-1.8612375606497022,-1.8613066079783689,0.5848474257572264,0.573677779953419
0.14797994414727353,1.3296585953609235,-1.0834726755175694,-0.7054689621240783,-0.010684955964216718,1.3290272441186493,1.3364652350743007,-1.615274202784238,-0.4049610711567603,-1.7850768559447154,-1.228772726383505,0.37071135732886934,0.3104782857238523,-0.20714612119777454,-1.9186659827368187,-1.82626171424032,-1.8285807190106371,0.5785461671987628,0.567373873315349
0.14797994414727353,1.3296585953609235,-0.9390096519346078,-0.7054689621240783,-0.010684955964216718,1.3319053198411936,1.3354636875791073,-1.615274202784238,-0.04606745799322794,-1.8399052253473445,-1.243272194177124,0.40936529292297746,0.362814924550611,0.08327110301789202,-1.892243794087712,-1.7968301212128404,-1.8009213052778312,0.5735586233941821,0.5623840233413436
0.14797994414727353,1.3296585953609235,-0.7945466283516462,-0.7054689621240783,-0.010684955964216718,1.3339021031291942,1.3348115707399386,-1.615274202784238,-0.7638546843202927,-1.888924657277974,-1.2569529814167943,0.43759302306441084,0.4010054607523858,0.3583456364400467,-1.8790860877934843,-1.7866717521812403,-1.792239231735899,0.5695055127613478,0.5583289506169035
0.14797994414727353,1.3296585953609235,-0.6500836047686848,-0.7054689621240783,-0.010684955964216718,1.3353693120749677,1.3344497727121647,-1.766929519298531,-0.46477667335068235,-1.9397261031912623,-1.2779256716593936,0.4480609981244097,0.4187838860951357,0.41369818995709984,-1.872167481666942,-1.786564507203906,-1.7932755414400532,0.5662115053235154,0.5550334612471626
0.14797994414727353,1.3296585953609235,-0.5056205811857232,-0.7054689621240783,-0.010684955964216718,1.3051545625556238,1.3081252979033795,-1.5849431684073354,-0.7638546843202927,-1.6984157232512636,-1.239175968370988,1.0985476173922712,0.5642629387677669,0.03247666474649409,-1.884755233034032,-1.8767379558240995,-1.8134154252126782,0.5650054366949849,0.5539921333246963
0.14797994414727353,1.3296585953609235,-0.3611575576027617,-0.7054689621240783,-0.010684955964216718,1.256834004749012,1.286844195370516,-1.4636188862699449,-0.4049610711567603,-1.1983066099318427,-1.1541327027931794,1.8020432781182785,0.6775541787696683,-1.268142210367067,-1.8924443159100877,-1.9417968251333142,-1.8014337173011419,0.557394243597743,0.5464104382323763
0.14797994414727353,1.3296585953609235,-0.21669453401980013,-0.7054689621240783,-0.010684955964216718,-0.6991224441542135,-0.6983308925851475,-1.3119635697556518,-1.6012731150352015,-0.4515705073878249,-1.0675286509696313,1.9059754379912621,0.6943289359930355,-2.9191123774079024,-1.9499590901662816,-1.9834105117471341,-1.8376716169475684,-1.2740310493992413,-1.2860490588430924
0.14797994414727353,1.3296585953609235,-0.0722315104368386,-0.7054689621240783,-0.010684955964216718,-0.6991224441542135,2.8714505932016707,-1.2513014286869564,-1.6012731150352015,-0.060129462953853775,-0.9703152755019171,1.6183703805406913,0.6243413217434484,-3.50525604734457,-1.9881601864416798,-1.9531772705816577,-1.8327476288792008,0.5500611663260353,0.5384984360540636
0.14797994414727353,1.3296585953609235,0.07223151314612293,-0.7054689621240783,-0.010684955964216718,-0.6991224441542135,-0.6983308925851475,-1.1603082532413587,-1.7807199216169676,0.4632160691777323,-0.8810353380574242,1.0826027091270205,0.7213642502564079,-4.2841193101561235,-2.034389635968898,-1.9005803321792798,-1.8638487307271305,-1.2740310493992413,-1.2860490588430924
0.14797994414727353,1.3296585953609235,0.21669453672908448,-0.7054689621240783,-0.010684955964216718,2.9287489769780413,-0.6983308925851475,-1.1603082532413587,-0.3451454689628382,0.6918570253821634,-0.8291232275869994,0.5161411958578631,0.706259757773066,-4.378188934470011,-1.994559872978548,-1.7450946923625879,-1.7854716872783143,0.6688546059904436,0.6512257695009782
0.14797994414727353,1.3296585953609235,0.361157560312046,2.1448265850561814,-0.010684955964216718,-0.16888482004945088,-0.6983308925851475,-1.2513014286869564,-2.019982330392656,0.9654684155303505,-0.8043052088976854,0.5706701395580265,0.7537273065670299,-4.710717247020409,-2.0442576743877368,-1.808712477457815,-1.8469773833645642,0.9221353183403292,0.9024933614307526
0.14797994414727353,1.3296585953609235,0.5056205838950075,-0.7054689621240783,-0.010684955964216718,1.0029821548732798,1.6230224789088974,-1.3119635697556518,-1.8405355238108898,1.0610744021938134,-0.7955227426792915,0.4970806158626209,1.0125948636541342,-4.613508653711631,-2.0840479845285578,-1.8427405450354106,-1.925589666082276,0.76775727381674,0.7619669574239919
0.14797994414727353,1.3296585953609235,0.6500836074779691,1.7553085228805074,-0.010684955964216718,0.2936279401747047,-0.6983308925851475,-1.4636188862699449,-1.6012731150352015,0.8590184991848766,-0.8125583557924057,0.4389646005783797,1.2389316671675616,-3.8453445602844507,-2.103633971626744,-1.8608501018649906,-1.9789385949258138,0.8990578251692514,0.8837633923758951
0.14797994414727353,1.3296585953609235,0.7945466310609306,-0.7054689621240783,-0.010684955964216718,1.0669972653426365,1.4915816327282687,-1.7214329315757322,-1.4816419106473573,0.33562346666488335,-0.8942217410487833,0.28400702937466227,0.45138674949192603,-2.1110612657389045,-2.090562530737449,-1.8534351389536816,-1.8883884881767603,0.75855713030397,0.7528697839147968
0.14797994414727353,1.3296585953609235,0.9390096546438922,1.6792503137462291,-0.010684955964216718,0.3254585326453617,-0.6983308925851475,-2.0702401523271172,-0.8834858887081368,-0.3954945944125014,-0.9759324121647424,0.20936900329132524,0.27771191749558355,0.41369818995709984,-2.0662969772116675,-1.8447671201336808,-1.865711357642062,0.8956934337263808,0.8797093441771558
0.14797994414727353,1.3296585953609235,1.0834726782268538,-0.7054689621240783,-0.010684955964216718,1.0823299036623306,1.528861083508967,-2.2218954688414105,-0.5844078777385264,-0.47685249630470844,-1.0982461099610632,0.007974710475764356,-0.19814667463490668,0.41369818995709984,-2.037582662460579,-1.8271581832885675,-1.8068751017347682,0.766084078607458,0.7599254875122387
0.14797994414727353,1.3296585953609235,1.2279357018098151,-0.7054689621240783,-0.010684955964216718,1.2533199773054524,1.382294103213509,-2.35838525008853,-0.10588306018714999,-0.6621117134635873,-1.154125998081746,-0.05367467261170931,-0.26048477823025107,0.41369818995709984,-2.0258392262035883,-1.8242209402082403,-1.8035256239456834,0.6990257628099539,0.6902194225850459
0.14797994414727353,1.3296585953609235,1.3723987253927767,1.2915128881407476,-0.010684955964216718,0.08020143888416524,0.13812770137883087,-2.373550785355704,0.1931949507824603,-0.9105427911683758,-1.1854221795337279,-0.02815514741861603,-0.19798400828974358,0.41369818995709984,-2.018863310891951,-1.830911542359902,-1.8161134711802056,0.8846561056728972,0.8680014742767483
0.14797994414727353,1.3296585953609235,1.5168617489757383,-0.7054689621240783,-0.010684955964216718,1.2890390203651658,1.3371586463581224,-2.5252061018699967,0.6119041661399147,-0.9921782965901637,-1.2531461168409332,-0.21807899459839966,-0.3399254871982347,0.41369818995709984,-2.0012661334929476,-1.8067260251043247,-1.7980069822118625,0.7297220095084824,0.7238781654390212
0.14797994414727353,1.3296585953609235,1.6613247725587,1.280447106476979,-0.010684955964216718,0.10376387061172347,0.12674374530040594,-2.5252061018699967,0.1931949507824603,-1.123483428233551,-1.2839803789631223,-0.2199824952750265,-0.30619234424845526,0.41369818995709984,-1.9929786220735806,-1.8078513981764108,-1.8046018083854218,0.9007279602044013,0.8845717431539606
0.14797994414727353,1.4397364473730871,-1.6613247698494156,-0.7054689621240783,-0.010684955964216718,1.3038826591135937,1.3220452988479823,-2.67686141838429,0.6119041661399147,-1.1583524383214037,-1.3216223933468536,-0.3330272490723903,-0.3913037361666355,0.41369818995709984,-1.980227026762576,-1.791032545943654,-1.7914735934705759,0.7409870505194422,0.7353153556492324
0.14797994414727353,1.4397364473730871,-1.516861746266454,-0.7054689621240783,-0.010684955964216718,1.30173976460374,1.31106474966669,-2.67686141838429,0.6119041661399147,-1.260061020166471,-1.3722613144040685,-0.38499972231612556,-0.4301390683448558,0.41369818995709984,-1.971100508873413,-1.7909080901374597,-1.7932302489414818,0.6903409886230768,0.679219704849149
0.14797994414727353,1.4397364473730871,-1.3723987226834924,-0.7054689621240783,-0.010684955964216718,1.3176549557230814,1.3221232761749417,-2.616199277315595,0.6717197683338367,-1.4083293997776651,-1.4150578403617342,-0.34101547336288285,-0.37017388102173626,0.41369818995709984,-1.9663619441478979,-1.8055482665718958,-1.8106085905643716,0.6604076253346544,0.6503262359355263
0.14797994414727353,1.4397364473730871,-1.2279356991005308,-0.7054689621240783,-0.010684955964216718,1.3198560844897025,1.3211458345738352,-2.6616959011958388,0.6717197683338367,-1.5556311839665837,-1.4511002517493232,-0.25929451529473063,-0.2782372104972275,0.41369818995709984,-1.967417277710064,-1.8276634286832902,-1.834690113620561,0.6409652590120155,0.6305143677404442
0.14797994414727353,1.4397364473730871,-1.0834726755175694,-0.7054689621240783,-0.010684955964216718,1.321213131881158,1.320376961360698,-2.67686141838429,0.6119041661399147,-1.694746674191623,-1.484779075916935,-0.19711235660363324,-0.21051350929887966,0.41369818995709984,-1.9696482337976389,-1.8476314323267138,-1.8558025942046128,0.6263878495184307,0.6157544357768463
0.14797994414727353,1.4397364473730871,-0.9390096519346078,-0.7054689621240783,-0.010684955964216718,1.3221217544723074,1.3198573221307723,-2.67686141838429,0.6119041661399147,-1.812620477472473,-1.5091422328674386,-0.11801180206434392,-0.12845085362303493,0.41369818995709984,-1.9740961504665338,-1.8685118250350805,-1.877470612205352,0.6150864464383718,0.604331998736729
0.14797994414727353,1.4397364473730871,-0.7945466283516462,-0.7054689621240783,-0.010684955964216718,1.3323352442277974,1.3290993123072228,-2.5252061018699967,0.6119041661399147,-1.8998287901350748,-1.5247938523889206,-0.07683975585726864,-0.0861391571816895,0.41369818995709984,-1.9776103496965804,-1.8783369493928779,-1.887628267674424,0.6055313227262793,0.5943713549667562
0.14797994414727353,1.4397364473730871,-0.6500836047686848,-0.7054689621240783,-0.010684955964216718,1.3336094602215403,1.3297543637769758,-2.5252061018699967,0.6119041661399147,-1.9790755673541325,-1.5371301685464598,-0.023078861467289227,-0.031562082920519235,0.41369818995709984,-1.980635188811371,-1.8878941226588606,-1.8974936890079772,0.597507366141691,0.5863435813842337
0.14797994414727353,1.4397364473730871,-0.5056205811857232,-0.7054689621240783,-0.010684955964216718,1.3345603394394416,1.3308521252320464,-2.3128886623657308,0.5520885639459927,-1.9985031319556155,-1.5232267143112974,0.0967675187961764,0.031888692015193426,0.41369818995709984,-1.9869657423733769,-1.8980905706493136,-1.9002636828679722,0.5910066562339122,0.5798398922344746
0.14797994414727353,1.4397364473730871,-0.3611575576027617,-0.7054689621240783,-0.010684955964216718,1.305319384423153,1.3079693432494608,-1.766929519298531,-0.46477667335068235,-1.8221185317291428,-1.4314660336365204,0.5515916583025026,0.2044684608837884,-0.16514383797542662,-2.006325870956829,-1.9314950683837737,-1.8970276530358354,0.5864873190715416,0.5755946675399343
0.14797994414727353,1.4397364473730871,-0.21669453401980013,-0.7054689621240783,-0.010684955964216718,1.2538077154848757,1.2793929587000175,-1.1603082532413587,-2.6779539545257984,-1.1116782545226063,-1.2581725331385387,1.347304382708532,0.5147914076802986,-2.0410328914719797,-2.1119462164838887,-2.075203875849939,-1.9920507732622181,0.5827868485048701,0.5719567816809292
0.14797994414727353,1.4397364473730871,-0.0722315104368386,-0.7054689621240783,-0.010684955964216718,-0.6991224441542135,-0.6983308925851475,-0.8569976202127723,-1.9601667281987338,-0.7427090485771597,-1.094420895648648,1.2882754031499213,0.6159598125359718,-2.5336053347063228,-2.135540588964017,-2.0318932015105187,-1.9641616463787632,-1.2740310493992413,-1.2860490588430924
0.14797994414727353,1.4397364473730871,0.07223151314612293,-0.7054689621240783,-0.010684955964216718,1.2216655592289147,1.3078720812072318,-1.0086529367270654,-1.7807199216169676,-0.22596178443541728,-0.9326270338972519,0.9675129494527075,0.5603623004291133,-3.299709150682887,-2.173531993947424,-1.9732527343377761,-1.9343794447523897,0.692650880062077,0.6759399931752029
0.14797994414727353,1.4397364473730871,0.21669453672908448,-0.7054689621240783,-0.010684955964216718,2.8724202628220383,-0.6983308925851475,-0.8569976202127723,-1.9601667281987338,-0.10484503678972934,-0.8004447066303586,0.9743972626924917,0.5857256729798298,-3.339129359894157,-2.2046002080694813,-1.9598690559778038,-1.922700048015528,0.5096882890013456,0.5066447025800576
0.14797994414727353,1.4397364473730871,0.361157560312046,-0.7054689621240783,-0.010684955964216718,-0.6991224441542135,-0.6983308925851475,-1.0086529367270654,-1.6610887172291235,0.131300579651731,-0.7433720856336644,1.066829993936861,0.6537847687042871,-3.5709485963803864,-2.2103132702434496,-1.9536648748767989,-1.9131511323956756,-1.2740310493992413,-1.2860490588430924
0.14797994414727353,1.4397364473730871,0.5056205838950075,-0.7054689621240783,-0.010684955964216718,0.9292307812291621,1.690117986044517,-0.8569976202127723,-1.2423795018716692,0.3491524579558999,-0.7496138190984246,0.9112441737413505,1.0065845937462519,-3.608055819492924,-2.1588715804945386,-1.872074896879831,-1.898031564517327,0.7460420981651722,0.7240265167605217
0.14797994414727353,1.4397364473730871,0.6500836074779691,-0.7054689621240783,-0.010684955964216718,2.8957488640366384,-0.6983308925851475,-1.0086529367270654,-0.9433014909020588,-0.03969984994920921,-0.7920391157704203,0.8316662522612144,0.8278109264667294,-2.398574680396122,-2.092806155171203,-1.8012037155292187,-1.812912331741705,0.5094263740976871,0.5100694870932609
0.14797994414727353,1.4397364473730871,0.7945466310609306,1.494572197374849,-0.010684955964216718,-0.600809701849355,0.49042402416960035,-1.129977218864456,-1.2423795018716692,-0.8095519649552126,-0.8826945776973667,0.8766921840746621,0.13138934758978693,-0.23606605209031842,-2.0593999675990875,-1.8087178558418338,-1.7049288388978139,0.9071357848267588,0.8818284731370427
0.14797994414727353,1.4397364473730871,0.9390096546438922,-0.7054689621240783,-0.010684955964216718,1.0303925149769273,1.553868538034726,-1.1603082532413587,-2.019982330392656,-0.9530127865734013,-0.9746578112333362,0.6023800910447444,-0.15162661537720218,0.07845793922923044,-2.0524362380299648,-1.8030974445422254,-1.6956982710310777,0.7129450548548958,0.709234004879633
0.14797994414727353,1.4397364473730871,1.0834726782268538,-0.7054689621240783,-0.010684955964216718,1.1852992119215962,1.4515417426499138,-1.3119635697556518,-1.3021951040655912,-1.0967023802569311,-1.034752492688658,0.5172110092699396,-0.09558386703693335,0.41369818995709984,-2.024771224295243,-1.78282502436334,-1.6965430086360112,0.6618189056402779,0.6524611425912081
0.14797994414727353,1.4397364473730871,1.2279357018098151,-0.7054689621240783,-0.010684955964216718,1.2397011500369037,1.40000103531093,-1.660770790507037,-0.10588306018714999,-1.2478136875806998,-1.084331363580329,0.42743022187016766,-0.004931757547424022,0.41369818995709984,-1.9992583815999547,-1.7613267628988976,-1.7029840786959993,0.63447354961639,0.6242934476841528
0.14797994414727353,1.4397364473730871,1.3723987253927767,-0.7054689621240783,-0.010684955964216718,1.2700369931732078,1.3709001903527438,-1.3119635697556518,-0.4049610711567603,-1.3757166709073452,-1.1121308615801224,0.3948669769766859,0.0955214184813205,0.41369818995709984,-1.959230147852801,-1.724346070062681,-1.6860095771261605,0.6165940322240349,0.6060728728078176
0.14797994414727353,1.4397364473730871,1.5168617489757383,-0.7054689621240783,-0.010684955964216718,1.2886898250565357,1.3528949740180563,-1.4636188862699449,-0.04606745799322794,-1.4847881010658965,-1.1364068572819945,0.4277064127430862,0.21987732389957462,0.41369818995709984,-1.9222981785627036,-1.7004058071183592,-1.6766334881455933,0.6035877521319147,0.5928892760877326
0.14797994414727353,1.4397364473730871,1.6613247725587,1.8191094936797174,-0.010684955964216718,-0.10052027283029209,-0.06602684497907682,-1.509115510150189,-0.2853298667689162,-1.55165376086565,-1.1586463851059194,0.40208374219313137,0.23537590495109517,0.41369818995709984,-1.8973480517395935,-1.6815418781463074,-1.6640670952524996,0.868917270091062,0.8578775211100408
0.14797994414727353,1.5498142993852508,-1.6613247698494156,-0.7054689621240783,-0.010684955964216718,1.2222857435518881,1.252142188708884,-2.0702401523271172,0.6717197683338367,-1.5811125122854315,-1.201232947731861,0.26853607828639525,0.14174213812447228,0.41369818995709984,-1.8700794969148156,-1.6524876325415843,-1.6406816463848806,0.6930901050551538,0.6819699416408335
0.14797994414727353,1.5498142993852508,-1.516861746266454,-0.7054689621240783,-0.010684955964216718,1.2975925184548258,1.314793407440759,-2.0702401523271172,0.6717197683338367,-1.5807519621590602,-1.2387391034891826,0.17993506918328775,0.08600292183033256,0.41369818995709984,-1.8512750864504146,-1.6379217853742876,-1.631248237471911,0.6455085375367138,0.6343667892812325
0.14797994414727353,1.5498142993852508,-1.3723987226834924,-0.7054689621240783,-0.010684955964216718,1.3166698086934363,1.3268633334183093,-2.3128886623657308,0.910982177109525,-1.6345829656277013,-1.2735033851498745,0.151776386760084,0.08259699041769047,0.41369818995709984,-1.8386928850254602,-1.638979068104696,-1.6365575368439143,0.6226036741887343,0.6114514278327713
0.14797994414727353,1.5498142993852508,-1.2279356991005308,-0.7054689621240783,-0.010684955964216718,1.3243703956650275,1.3298671374380082,-2.146067810584264,0.910982177109525,-1.7151154150970103,-1.3063187130607996,0.14735221814759264,0.09626767130191416,0.41369818995709984,-1.8268186631755363,-1.6431374194926436,-1.6439040234542903,0.6079029576786505,0.596743951585063
0.14797994414727353,1.5498142993852508,-1.0834726755175694,-0.7054689621240783,-0.010684955964216718,1.3287896819881544,1.3310730609917647,-2.2218954688414105,0.6119041661399147,-1.7979663557314447,-1.3356832318609215,0.1708906705361715,0.1324014005723224,0.41369818995709984,-1.8165703330694964,-1.6538765464305898,-1.6570121926460841,0.5974215012557493,0.5862577261304924
0.14797994414727353,1.5498142993852508,-0.9390096519346078,-0.7054689621240783,-0.010684955964216718,1.3316362229146155,1.3316928968945037,-2.2218954688414105,1.0904289836912913,-1.8770211517143827,-1.362800260812725,0.1946533148987552,0.16508140471011792,0.41369818995709984,-1.8046468856458486,-1.6613092580091606,-1.6661119757143141,0.5894920500487698,0.5783246187227397
0.14797994414727353,1.5498142993852508,-0.7945466283516462,-0.7054689621240783,-0.010684955964216718,1.3336313243468247,1.3321335107151184,-1.766929519298531,-0.8236702865142147,-1.9441149146553096,-1.3799230351744707,0.19350422447685955,0.17066656205615655,0.41369818995709984,-1.8074913516412336,-1.6819622526412141,-1.688091948507845,0.583316078619479,0.5721457042201881
0.14797994414727353,1.5498142993852508,-0.6500836047686848,-0.7054689621240783,-0.010684955964216718,1.335127335073021,1.3325374416534268,-1.766929519298531,-0.8236702865142147,-1.9982790423594476,-1.3908083106260456,0.20990604109977795,0.19151887823070016,0.402570819807863,-1.8226535522537226,-1.7152132512957787,-1.7224141271620672,0.5784844236853918,0.5673119919630105
0.14797994414727353,1.5498142993852508,-0.5056205811857232,-0.7054689621240783,-0.010684955964216718,1.3057606613363466,1.307496029259476,-1.7062673782298359,-0.16569866238107206,-1.825562822268448,-1.352409016729912,0.8509714828136405,0.3339793801683457,-0.009293968881747116,-1.830898353248829,-1.8081581812008412,-1.7411886263067078,0.575985161470688,0.565029553606389
0.14797994414727353,1.5498142993852508,-0.3611575576027617,-0.7054689621240783,-0.010684955964216718,1.264531438240995,1.2939128819826788,-1.3119635697556518,-0.4049610711567603,-1.2515616696921246,-1.2325315993406867,1.7006744082294492,0.5416674095437691,-1.3984942448447788,-1.8410084174051442,-1.8916090800683012,-1.736917153612495,0.57292228718495,0.5620674448997438
0.14797994414727353,1.5498142993852508,-0.21669453401980013,-0.7054689621240783,-0.010684955964216718,-0.6991224441542135,-0.6983308925851475,-0.8569976202127723,-0.9433014909020588,-0.4622732940704585,-1.1116131872815695,1.8155305990791337,0.5889228212999688,-3.07016780187204,-1.8396378229994954,-1.8641908313144055,-1.6946574104060146,-1.2740310493992413,-1.2860490588430924
0.14797994414727353,1.5498142993852508,-0.0722315104368386,-0.7054689621240783,-0.010684955964216718,-0.6991224441542135,2.8714166353334787,-0.5840180215610886,-1.5414575128412795,-0.04831559322872926,-0.9582778483224791,1.5793319940710082,0.6190261569909279,-3.5976690260763613,-1.8805782983224513,-1.8215717633759578,-1.6878579011468064,0.5572018126479074,0.5457938786655325
0.14797994414727353,1.5498142993852508,0.07223151314612293,-0.7054689621240783,-0.010684955964216718,-0.6991224441542135,-0.6983308925851475,-0.40203167066989287,-1.9003511260048118,0.5144095046532718,-0.8207755089731161,1.0906795872779562,0.7443228440549192,-4.398919233247671,-1.894277244625811,-1.723252537023986,-1.679996727052665,-1.2740310493992413,-1.2860490588430924
0.14797994414727353,1.5498142993852508,0.21669453672908448,-0.7054689621240783,-0.010684955964216718,2.901518890792004,-0.6983308925851475,-0.40203167066989287,-2.079797932586578,0.7452191130092717,-0.7267225227472829,0.5979891676299193,0.7641932927542773,-4.548870227323745,-1.922208172979375,-1.6464982640982888,-1.685719293385317,0.6630982384377354,0.6454947776348908
0.14797994414727353,1.5498142993852508,0.361157560312046,-0.7054689621240783,-0.010684955964216718,-0.6991224441542135,-0.6983308925851475,-0.40203167066989287,-2.259244739168344,0.9666383638995959,-0.6596380031830753,0.6433833539405918,0.8668089249901129,-4.4653991569139615,-1.9423119938089906,-1.6647309859218984,-1.7129561216051366,-1.2740310493992413,-1.2860490588430924
0.14797994414727353,1.5498142993852508,0.5056205838950075,-0.7054689621240783,-0.010684955964216718,2.9100051146500197,-0.6983308925851475,-0.553686987184186,-2.3190603413622664,1.0280456024912061,-0.6390905327971607,0.6229418195807569,0.9992369381655076,-4.297426292395364,-1.9587050750664114,-1.682733297774144,-1.7545836118710336,0.6077881111435756,0.5998794100403124
0.14797994414727353,1.5498142993852508,0.6500836074779691,2.1516226065452386,-0.010684955964216718,-0.20892565435440005,-0.6983308925851475,-0.7053423036984792,-2.1396135347805,0.8063367074362833,-0.6372301518142223,0.8353539118792562,1.062698613423319,-3.4209554841962935,-1.966726671866936,-1.730936419136233,-1.778444631973652,0.8873209773112202,0.8657210849715288
0.14797994414727353,1.5498142993852508,0.7945466310609306,-0.7054689621240783,-0.010684955964216718,0.7400466018697389,1.817834366780483,-1.1603082532413587,-1.5414575128412795,0.27811338027408694,-0.7332910226745243,0.6539101474272306,0.004476058909947776,-1.7787400338862684,-1.9388234932240498,-1.7105448139674917,-1.611952007751622,0.7972526721837871,0.7896760746272928
0.14797994414727353,1.5498142993852508,0.9390096546438922,-0.7054689621240783,-0.010684955964216718,2.9198019246332607,-0.6983308925851475,-1.4636188862699449,-0.04606745799322794,-0.16459267452136384,-0.8439971005822302,0.5565656513379336,-0.12770040837086488,0.10545096667988672,-1.8895035704837424,-1.6826085192649087,-1.5744114611726006,0.5436056389892656,0.5464389200468633
0.14797994414727353,1.5498142993852508,1.0834726782268538,1.2348960009868999,-0.010684955964216718,-0.4906562743111035,0.7158867659891605,-1.615274202784238,-0.04606745799322794,-0.72515380272097,-0.941833661333683,0.6574869897197189,-0.5070928269017374,0.41369818995709984,-1.8551047878257756,-1.7004482963521075,-1.5044168889725351,0.9073661979378811,0.8832982577076546
0.14797994414727353,1.5498142993852508,1.2279357018098151,-0.7054689621240783,-0.010684955964216718,0.9947903608946964,1.6150151297426372,-1.7517640021100798,0.4324573595581485,-0.8022921309635487,-1.0345393534409921,0.4524749374453115,-0.5915250449045458,0.41369818995709984,-1.8134905977879305,-1.6597471601547509,-1.4791171277310884,0.7394128609438456,0.7347158032090246
0.14797994414727353,1.5498142993852508,1.3723987253927767,-0.7054689621240783,-0.010684955964216718,1.1546797658525154,1.4818598304512538,-1.766929519298531,0.6717197683338367,-0.9325423691945292,-1.0740364556144248,0.3572069875486982,-0.465212950912758,0.41369818995709984,-1.7926066481355223,-1.6368600923689836,-1.4960849112748231,0.685101430478206,0.6758826197359487
0.14797994414727353,1.5498142993852508,1.5168617489757383,-0.7054689621240783,-0.010684955964216718,1.2189584021011421,1.420387704364934,-1.766929519298531,0.6717197683338367,-1.0865795508276628,-1.1113534679334205,0.2955678337528141,-0.26674240160113927,0.41369818995709984,-1.7677108142246079,-1.6148845531067162,-1.5218617607249054,0.6544840282661395,0.6444331641035455
0.14797994414727353,1.5498142993852508,1.6613247725587,1.5185538286431246,-0.010684955964216718,-0.07823531569207219,0.023788205312866136,-1.9337503710799981,0.910982177109525,-1.2829495984114505,-1.1572151056547058,0.21129551987402861,-0.17485184782397056,0.41369818995709984,-1.7391399534126317,-1.5908496306036641,-1.5292923310168398,0.8897136734620299,0.8713883513390157
0.14797994414727353,1.6598921513974148,-1.6613247698494156,-0.7054689621240783,-0.010684955964216718,1.2648814744775205,1.3585732745825803,-1.9185848358128244,1.0904289836912913,-1.2843483188460372,-1.1917542501630616,0.04634563566922756,-0.21895622800737133,0.41369818995709984,-1.7162252075422761,-1.5524808844198847,-1.5113600773061586,0.7132309111208818,0.7080570297543584
0.14797994414727353,1.6598921513974148,-1.516861746266454,-0.7054689621240783,-0.010684955964216718,1.2798846792941303,1.3364369368508073,-1.9185848358128244,1.0904289836912913,-1.3326586911589424,-1.2208999836427317,0.013904289833854907,-0.19755051086474704,0.41369818995709984,-1.6991021882431145,-1.5406284319900545,-1.50927943960863,0.6669547778851436,0.6558228163212316
0.14797994414727353,1.6598921513974148,-1.3723987226834924,-0.7054689621240783,-0.010684955964216718,1.3018598070608307,1.3381895401591608,-1.9185848358128244,1.0904289836912913,-1.4225105921321546,-1.2503816584531602,0.02415744977047267,-0.13615067345619403,0.41369818995709984,-1.6756039745430307,-1.531873928755032,-1.5101200597136935,0.6407782283694717,0.6296343001633107
0.14797994414727353,1.6598921513974148,-1.2279356991005308,-0.7054689621240783,-0.010684955964216718,1.3136023139624176,1.3368272427185448,-1.9185848358128244,1.0904289836912913,-1.5240111385610782,-1.2726413004113846,0.07201348559036967,-0.046894643681615555,0.41369818995709984,-1.6552236218139653,-1.5309233531635558,-1.5172448514626413,0.6229341729950003,0.6117819398239043
0.14797994414727353,1.6598921513974148,-1.0834726755175694,-0.7054689621240783,-0.010684955964216718,1.3208485896384339,1.3353393850122068,-1.9185848358128244,1.0904289836912913,-1.6255003132791512,-1.2908788212687872,0.1221907181601345,0.034689236308207846,0.41369818995709984,-1.6363458555926422,-1.5310762068373691,-1.5235419173824347,0.6096008142912324,0.5984426151972717
0.14797994414727353,1.6598921513974148,-0.9390096519346078,-0.7054689621240783,-0.010684955964216718,1.325759398316514,1.3342982200041227,-2.0399090817927696,0.910982177109525,-1.72035710487483,-1.3113881806633971,0.1751716290664088,0.11027374671224736,0.41369818995709984,-1.6222736153552089,-1.5392763062477373,-1.5363087675060476,0.5992273640141698,0.5880643747515834
0.14797994414727353,1.6598921513974148,-0.7945466283516462,-0.7054689621240783,-0.010684955964216718,1.3292368453966168,1.3336676936613974,-2.0702401523271172,1.0904289836912913,-1.8057425991805456,-1.3319522363881202,0.22188795131503394,0.17311242663781018,0.41369818995709984,-1.6110031306889,-1.5496462609066355,-1.5499694401672561,0.5909828948818278,0.5798161232382121
0.14797994414727353,1.6598921513974148,-0.6500836047686848,-0.7054689621240783,-0.010684955964216718,1.3317817034405468,1.3333528497229752,-2.0702401523271172,1.0904289836912913,-1.883984652299771,-1.3505267572149284,0.2622408017539774,0.22487218687966054,0.41369818995709984,-1.5990758224359405,-1.5581945568983784,-1.560839639824379,0.5843633782136267,0.5731935891071405
0.14797994414727353,1.6598921513974148,-0.5056205811857232,-0.7054689621240783,-0.010684955964216718,1.289994104222545,1.2951944770822212,-1.6456052733185857,0.910982177109525,-1.6772288880888226,-1.3109830749410123,0.9727818870623046,0.39750226492717194,0.28422712590546034,-1.5970177591109795,-1.6626220139804606,-1.574389573410133,0.5812299399126075,0.5703286054369473
0.14797994414727353,1.6598921513974148,-0.3611575576027617,-0.7054689621240783,-0.010684955964216718,1.2627362674159541,1.2956929450486443,-1.1603082532413587,0.31282615517030443,-1.1458014141635129,-1.1828708603936207,1.8355339787825484,0.6206939062720075,-0.8187431677475003,-1.6149773718616174,-1.7646451182707945,-1.5789035451756441,0.5765383329476244,0.5657616796723023
0.14797994414727353,1.6598921513974148,-0.21669453401980013,-0.7054689621240783,-0.010684955964216718,-0.6991224441542135,2.7714706638185715,-0.8569976202127723,-0.6442234799324486,-0.3842031544623229,-1.0659329296485298,1.952364422909021,0.8747083045663071,-2.4235413588720673,-1.6369003672025333,-1.763047523081861,-1.6024190203549513,0.4025964151873279,0.4091341371068035
0.14797994414727353,1.6598921513974148,-0.0722315104368386,-0.7054689621240783,-0.010684955964216718,-0.6991224441542135,-0.6983308925851475,-0.462693739423698,-1.6012731150352015,0.07508887507037162,-0.8924665181714813,1.7308729818838073,1.0611080048832444,-3.1088918923535447,-1.6971983167887892,-1.728941361368313,-1.6338755274548282,-1.2740310493992413,-1.2860490588430924
0.14797994414727353,1.6598921513974148,0.07223151314612293,-0.7054689621240783,-0.010684955964216718,-0.6991224441542135,-0.6983308925851475,-0.09872103764130656,-2.4386915457501104,0.4845701353820893,-0.7365488066719613,1.2755365253570368,1.0366703212245902,-3.6946354402640282,-1.767927261967894,-1.6774863614607987,-1.6507606359353815,-1.2740310493992413,-1.2860490588430924
0.14797994414727353,1.6598921513974148,0.21669453672908448,-0.7054689621240783,-0.010684955964216718,2.872571209379291,-0.6983308925851475,-0.09872103764130656,-2.6181383523318766,0.7980092704730266,-0.6334225814792628,0.7323202247842237,0.899000930092419,-3.926086143305088,-1.822241167422868,-1.619816316116562,-1.659722591113222,0.648053702363399,0.6227005151242844
0.14797994414727353,1.6598921513974148,0.361157560312046,-0.7054689621240783,-0.010684955964216718,-0.6991224441542135,-0.6983308925851475,0.05293427887298657,-3.276109976465019,1.0270054254104877,-0.5496623859420391,0.7794295223180816,0.8881106698296432,-4.299977947772873,-1.9090458819503398,-1.7075863800541304,-1.7369068598628197,-1.2740310493992413,-1.2860490588430924
0.14797994414727353,1.6598921513974148,0.5056205838950075,-0.7054689621240783,-0.010684955964216718,2.882331859463023,-0.6983308925851475,0.05293427887298657,-3.216294374271097,1.0931078427349359,-0.49866776229931536,0.7972540629129168,1.009880683451593,-4.1869692142195944,-1.9515300857433902,-1.743441699818261,-1.78832468126727,0.5910570591019703,0.583228818348144
0.14797994414727353,1.6598921513974148,0.6500836074779691,-0.7054689621240783,-0.010684955964216718,-0.6991224441542135,-0.6983308925851475,-0.2503763541555997,-2.9770319654954087,0.9063696342413506,-0.5033483566387873,0.8827368429631354,1.168739462257048,-3.607534022932461,-1.9838308696232034,-1.7971193707053694,-1.8514138811193612,-1.2740310493992413,-1.2860490588430924
0.14797994414727353,1.6598921513974148,0.7945466310609306,-0.7054689621240783,-0.010684955964216718,2.908121436163971,-0.6983308925851475,-0.6901767141951377,-2.7975851589136425,0.2936899484423248,-0.5981741490771841,0.7587919265361133,0.47965463863875096,-1.8360241706349891,-1.9741454966911738,-1.8051191790948788,-1.7751999337207358,0.571523787606584,0.5619406086179637
0.14797994414727353,1.6598921513974148,0.9390096546438922,-0.7054689621240783,-0.010684955964216718,0.29353386136638926,2.2377066376568475,-1.0086529367270654,-2.079797932586578,-0.2353494662044223,-0.7168270744309777,0.8590756390754817,-0.6302840748280762,0.1564747146505014,-1.9522246730667456,-1.8365128066124037,-1.6087830498252642,0.7426539453702171,0.7239556195820146
0.14797994414727353,1.6598921513974148,1.0834726782268538,-0.7054689621240783,-0.010684955964216718,0.9690178129836334,1.6006312475492142,-1.0238184539155166,-1.7807199216169676,-0.6182463422448135,-0.8070943688538966,0.7632834379849026,-0.43628349606318206,0.30470120619266927,-1.92640815201591,-1.8244322031324973,-1.6450759939436388,0.6807943253924081,0.6718941411820715
0.14797994414727353,1.6598921513974148,1.2279357018098151,-0.7054689621240783,-0.010684955964216718,1.12103087703969,1.4915353074883277,-1.084480594984212,-1.4816419106473573,-0.9055084678825319,-0.8826889316245808,0.656161444017903,-0.24578779009613225,0.40380628430976545,-1.8990847010243566,-1.8031539175744224,-1.6712468231181359,0.6566173296566938,0.6467371174998874
0.14797994414727353,1.6598921513974148,1.3723987253927767,-0.7054689621240783,-0.010684955964216718,1.2054102127758202,1.434580835570365,-1.129977218864456,-1.122748297483825,-1.1149399287641388,-0.9377515507095114,0.6144370160649907,-0.06288877014546289,0.41369818995709984,-1.8742129972966401,-1.784895164372162,-1.688686385462779,0.6330719898638919,0.6227789937929786
0.14797994414727353,1.6598921513974148,1.5168617489757383,-0.7054689621240783,-0.010684955964216718,1.2468210762966125,1.3940554737467468,-1.129977218864456,-0.7040390821263706,-1.2633802218864227,-0.9738123118336547,0.5976157984868997,0.15223160192854726,0.41369818995709984,-1.846602035172282,-1.7547119959619004,-1.6947031363256249,0.6154405265864793,0.6049141342400204
0.14797994414727353,1.6598921513974148,1.6613247725587,-0.7054689621240783,-0.010684955964216718,1.2730315374092869,1.368422942906491,-1.038983971103968,-0.16569866238107206,-1.371983405127609,-0.991351131183808,0.6323109982358421,0.3273444379555843,0.41369818995709984,-1.8088877653429043,-1.7160356062122477,-1.6774842936450722,0.6019249975167303,0.5912449123376754
0.4723804190932358,-1.5323655569553345,-1.6613247698494156,1.8376828338237154,-0.010684955964216718,-0.11772602547934656,-0.06701031305370511,-0.8721632097161137,0.31282615517030443,-1.416652154271748,-0.9911005867039357,0.6364692052670046,0.3908807384954549,0.41369818995709984,-1.7782226459311703,-1.6763859440905597,-1.6462784122609742,0.8722805814724741,0.8612422684171672
0.4723804190932358,-1.5323655569553345,-1.516861746266454,-0.7054689621240783,-0.010684955964216718,1.1978773909193927,1.2437761857619047,-0.6901767141951377,0.6717197683338367,-1.409829127761569,-0.9976246238079887,0.5106173783994924,0.32396617659134624,0.41369818995709984,-1.6902628195340084,-1.5488440211463967,-1.5244955520234071,0.6846298036413778,0.6735057201096977
0.4723804190932358,-1.5323655569553345,-1.3723987226834924,-0.7054689621240783,-0.010684955964216718,1.2602681440424937,1.2878868276938924,-0.5385213976808445,0.910982177109525,-1.40965988994715,-1.0017681354737062,0.4441355074769101,0.30517905221132197,0.41369818995709984,-1.5868869429971142,-1.4147016377667263,-1.3958242228583853,0.6318335193916099,0.620685477975616
0.4723804190932358,-1.5323655569553345,-1.2279356991005308,1.681023773947373,-0.010684955964216718,-0.050926287399839315,-0.034742006016616735,-0.4475282945501369,0.9707977793034471,-1.4143972109025507,-1.0146658829938886,0.3784549310621779,0.27671244180777715,0.41369818995709984,-1.4384522927708547,-1.2383550749918157,-1.2234194105991585,0.8868635712835939,0.8758319242092639
0.4723804190932358,-1.5323655569553345,-1.0834726755175694,-0.7054689621240783,-0.010684955964216718,1.2131826990824814,1.22572715958492,-0.4475282945501369,1.030613381497369,-1.3899901747969723,-1.030056371649025,0.2716150950548575,0.1974847083638731,0.41369818995709984,-1.291398371627187,-1.0633625741774693,-1.0514798758252555,0.7219624879709555,0.7108554192539884
0.4723804190932358,-1.5323655569553345,-0.9390096519346078,1.5024276303447108,-0.010684955964216718,0.03612604276830653,0.04352694985710805,-0.462693739423698,1.0904289836912913,-1.372709187849525,-1.0510025959254405,0.17972195894183826,0.12580838267532465,0.41369818995709984,-1.158401971309202,-0.9162261225761457,-0.9070184764346134,0.9126759600775468,0.9016561190279198
0.4723804190932358,-1.5323655569553345,-0.7945466283516462,-0.7054689621240783,-0.010684955964216718,1.2280791060563554,1.2320393403556946,-0.553686987184186,0.31282615517030443,-1.3481884346354438,-1.0798653200067196,0.065135139437346,0.026442723397490233,0.41369818995709984,-1.060296368084592,-0.8150227915779517,-0.8082058477093416,0.7569179570306271,0.7458269893411871
0.4723804190932358,-1.5323655569553345,-0.6500836047686848,2.02466348820435,-0.010684955964216718,0.1114210972386999,-0.6983308925851475,-0.553686987184186,0.31282615517030443,-1.3273293723151585,-1.110675586319569,-0.01633520098686163,-0.0650243947904652,0.41369818995709984,-0.9830539625548399,-0.7536681229101401,-0.7426667354345277,0.9827512475488075,0.9717633882196125
0.4723804190932358,-1.5323655569553345,-0.5056205811857232,-0.7054689621240783,-0.010684955964216718,1.1693125419311323,1.453454912174533,-0.5233559528072834,-0.04606745799322794,-1.2125694110347873,-1.110566546538892,-0.03735298543957593,-0.26401145167229256,0.41369818995709984,-0.9304301351310568,-0.7285136359897422,-0.6624253313866241,0.8080037839507985,0.8037047001455382
0.4723804190932358,-1.5323655569553345,-0.3611575576027617,1.8448012536922826,-0.010684955964216718,0.12961225970736698,-0.6983308925851475,-0.40203167066989287,-0.6442234799324486,-0.8658131699249793,-1.0150364065204602,0.29313837700028994,-0.24681074340076625,-0.19660372477102941,-0.9557675513944954,-0.8334527925273695,-0.6789581769177623,0.99681508781893,0.9787750372119127
0.4723804190932358,-1.5323655569553345,-0.21669453401980013,-0.7054689621240783,-0.010684955964216718,1.0852876573029793,1.4843963993586073,-0.2503763541555997,-1.182563899677747,-0.5524027985732515,-0.8677811821926349,0.4965631841963815,-0.2179978381490134,-0.6656321456225269,-1.026068427123667,-0.9117115070307953,-0.7128436838752321,0.8211841339479619,0.8174562939142412
0.4723804190932358,-1.5323655569553345,-0.0722315104368386,-0.7054689621240783,-0.010684955964216718,-0.6991224441542135,-0.6983308925851475,-0.2503763541555997,-1.5414575128412795,-0.18635746016466695,-0.7205104311646484,0.5316939812788467,-0.129167759422594,-1.0301971290589045,-1.1018275502922357,-0.964573492197618,-0.7873409588937957,-1.2740310493992413,-1.2860490588430924
0.4723804190932358,-1.5323655569553345,0.07223151314612293,0.9943740718174361,-0.010684955964216718,0.20409981316605155,0.33086669197541274,-0.09872103764130656,-2.079797932586578,0.02219369651229331,-0.5980838119126105,0.34771931959936697,-0.13618002047722863,-1.372816238322284,-1.1800617063514274,-0.9780396749684382,-0.8514302777932876,1.045906941276679,1.0277346615995981
0.4723804190932358,-1.5323655569553345,0.21669453672908448,-0.7054689621240783,-0.010684955964216718,2.8284775756396976,-0.6983308925851475,-0.09872103764130656,-1.8405355238108898,0.19108500821258706,-0.509235093277137,0.3008938849071197,-0.12096317082764008,-1.4417811303617185,-1.239157490210757,-1.0313571016939698,-0.9253550036193847,0.6770520924493457,0.6815543940165198
0.4723804190932358,-1.5323655569553345,0.361157560312046,2.39294021563297,-0.010684955964216718,-0.6991224441542135,-0.6983308925851475,-0.28070738853250227,-1.6610887172291235,0.2495121896372516,-0.48171189996430136,0.4366698294984517,-0.15184797576443446,-1.1223106012447799,-1.2636713433216464,-1.10758483082423,-0.9631911433469771,1.1188953345114483,1.0912003404821813
0.4723804190932358,-1.5323655569553345,0.5056205838950075,-0.7054689621240783,-0.010684955964216718,0.8278435736894006,1.6299987246576486,-0.40203167066989287,-1.182563899677747,0.2251566606925835,-0.507604789760222,0.3962854387437737,-0.19908913325327443,-0.7278639901160823,-1.2510027558408432,-1.1122529454494758,-0.9661702628582703,0.9075802301168845,0.8965580791398918
0.4723804190932358,-1.5323655569553345,0.6500836074779691,-0.7054689621240783,-0.010684955964216718,2.8366076665339444,-0.6983308925851475,-0.40203167066989287,-1.182563899677747,0.08266176557250256,-0.5973992255873258,0.38113926766347567,-0.09498602629414314,0.3818335013455328,-1.2062699809264832,-1.1178298994062126,-1.003796193381967,0.6081709929305732,0.6090905108074555
0.4723804190932358,-1.5323655569553345,0.7945466310609306,1.1222183952804736,-0.010684955964216718,-0.38811748171586824,0.7493394584876797,-0.6143490559379912,-0.8236702865142147,-0.479390394596828,-0.7444159033399489,0.46210666791786253,-0.5084763293219391,0.41369818995709984,-1.135199593655126,-1.14244826900762,-0.8977720886999552,0.9743852715023972,0.9512984873427319
0.4723804190932358,-1.5323655569553345,0.9390096546438922,-0.7054689621240783,-0.010684955964216718,1.0202506092085468,1.5899647038404627,-0.553686987184186,-0.9433014909020588,-0.6290019739366925,-0.8617645858802105,0.29644158574275703,-0.601016709993445,0.41369818995709984,-1.0769273729483455,-1.109409824089477,-0.8789993232394704,0.8040219573742177,0.7994916455580084
0.4723804190932358,-1.5323655569553345,1.0834726782268538,-0.7054689621240783,-0.010684955964216718,2.8837408341520296,-0.6983308925851475,-0.7053423036984792,-0.3451454689628382,-0.7993515403224951,-0.9512661316815482,0.2909458988362576,-0.5856363555123781,0.41369818995709984,-1.0194591699457238,-1.098331105984586,-0.8723486941071451,0.5790775574362885,0.5776209744713132
0.4723804190932358,-1.5323655569553345,1.2279357018098151,1.320221593701359,-0.010684955964216718,-0.48392147988806145,0.6796384186259707,-0.8873286545896748,-0.10588306018714999,-1.0378999323742066,-1.027846639912462,0.4366519282381699,-0.7386726853445719,0.41369818995709984,-0.970994903501619,-1.1300026883882004,-0.8247952546860642,0.9644321451428896,0.9406786637367548
0.4723804190932358,-1.5323655569553345,1.3723987253927767,-0.7054689621240783,-0.010684955964216718,0.9486593690961416,1.545852804209653,-0.8569976202127723,-0.04606745799322794,-1.0909081591166203,-1.0779393034276457,0.35281350681097556,-0.7542819465897085,0.41369818995709984,-0.9345544660432659,-1.1046260742078275,-0.8140045877895906,0.7932065819504324,0.7821320820807686
0.4723804190932358,-1.5323655569553345,1.5168617489757383,1.345751706001104,-0.010684955964216718,0.025565722813892775,0.2735039919815,-1.0086529367270654,0.31282615517030443,-1.1388981167532142,-1.1296545071096638,0.2261160585053918,-0.6868248840396177,0.41369818995709984,-0.8955634682208798,-1.0679440968200131,-0.826959976065151,0.9593346150797966,0.9483359688258064
0.4723804190932358,-1.5323655569553345,1.6613247725587,-0.7054689621240783,-0.010684955964216718,1.2003537133398348,1.4251193769494885,-1.129977218864456,0.25301055297638236,-1.1721316072511268,-1.1936072206754686,-0.013238282958117673,-0.6352504292734429,0.41369818995709984,-0.8549432004289621,-1.0103594602139943,-0.8445024759065471,0.78994371628465,0.7846821265504835
0.4723804190932358,-1.4222877049431708,-1.6613247698494156,1.3491660429852184,-0.010684955964216718,0.09648805734337569,0.20391195268435788,-1.0086529367270654,0.6717197683338367,-1.2091398368271709,-1.2209426820681748,-0.07266535244775607,-0.5603526391616126,0.41369818995709984,-0.8366419042842401,-0.9921286746086313,-0.8626777704648253,0.9625213364127626,0.9515242928072257
0.4723804190932358,-1.4222877049431708,-1.516861746266454,-0.7054689621240783,-0.010684955964216718,1.255048925058718,1.3557489022614757,-1.1603082532413587,1.0904289836912913,-1.252410534460891,-1.293594229399233,-0.3080532860974077,-0.61657482357335,0.41369818995709984,-0.767342189855955,-0.902501562237064,-0.8173807209725713,0.7871488772508347,0.7818206262676737
0.4723804190932358,-1.4222877049431708,-1.3723987226834924,1.3480009594701723,-0.010684955964216718,0.12581925443445627,0.1756412937568778,-1.0693150777957607,0.4922729617520706,-1.2947494207290542,-1.3283073435253032,-0.3553151705641435,-0.592300644746174,0.41369818995709984,-0.7365448370402957,-0.8830688153711879,-0.817607616886467,0.9673605517770585,0.9563655865545906
0.4723804190932358,-1.4222877049431708,-1.2279356991005308,-0.7054689621240783,-0.010684955964216718,1.2307526260683057,1.2765272919342598,-1.1603082532413587,0.31282615517030443,-1.31284716408522,-1.3567130885904775,-0.41754762327222295,-0.5915200139866542,0.41369818995709984,-0.7126175886829506,-0.8670506969511445,-0.8189863292113996,0.8059126049571214,0.794843987168127
0.4723804190932358,-1.4222877049431708,-1.0834726755175694,1.3428373825304534,-0.010684955964216718,0.1395029908249433,0.1629792536547885,-1.0086529367270654,0.31282615517030443,-1.3479870884609768,-1.3794657032788167,-0.4739587566248682,-0.5988014291484917,0.41369818995709984,-0.6898997451074912,-0.8525322871308932,-0.8180358368729598,0.9733397720106801,0.9623475872174156
0.4723804190932358,-1.4222877049431708,-0.9390096519346078,-0.7054689621240783,-0.010684955964216718,1.2432767754488128,1.2634411453085939,-0.9176596889665775,-0.2853298667689162,-1.3572195798230835,-1.3942975836077027,-0.5415002116679373,-0.6290389226498947,0.40230641168529674,-0.682439416368153,-0.8513636718512962,-0.8273125640803451,0.8106501145340859,0.7995836479659555
0.4723804190932358,-1.4222877049431708,-0.7945466283516462,1.3410673311046075,-0.010684955964216718,0.14653278012584714,0.15741928158776064,-1.0086529367270654,-0.6442234799324486,-1.38579468241738,-1.4119966102731545,-0.5750267148527708,-0.6356277481153161,0.41369818995709984,-0.697192610375435,-0.8919909090522349,-0.8762234781954495,0.977840208097529,0.9668499678628995
0.4723804190932358,-1.4222877049431708,-0.6500836047686848,-0.7054689621240783,-0.010684955964216718,1.249401043080182,1.257079075817883,-1.0086529367270654,-0.6442234799324486,-1.392739453126074,-1.4276058842487427,-0.623514409428324,-0.6644565846070591,0.37596036517171627,-0.726319189306462,-0.9395110832116212,-0.9297186866396364,0.8143730863811404,0.803308413604403
0.4723804190932358,-1.4222877049431708,-0.5056205811857232,1.2925041241155903,-0.010684955964216718,0.10376760222926,0.1107714943031259,-0.9783219023501628,-0.8834858887081368,-1.2393303912863773,-1.408956905837071,-0.29814962695676706,-0.6296979728936999,-0.16974407132910124,-0.7866475429235475,-1.09038389819078,-1.008881739142607,0.9881880969200766,0.9720475916490616
0.4723804190932358,-1.4222877049431708,-0.3611575576027617,-0.7054689621240783,-0.010684955964216718,1.279524551922858,1.3054185204221251,-0.8569976202127723,-1.2423795018716692,-0.839654890348455,-1.3274639614029164,0.4455104947547422,-0.5323488732040988,-1.2689225653128708,-0.8783967732901298,-1.3127539384203355,-1.0917221524506358,0.8086966433763528,0.8049425320974505
0.4723804190932358,-1.4222877049431708,-0.21669453401980013,-0.7054689621240783,-0.010684955964216718,-0.6991224441542135,-0.6983308925851475,-0.8569976202127723,-0.9433014909020588,-0.17702061663240445,-1.1891351781495243,0.614060237158108,-0.4519246197882991,-2.6134343587198727,-0.9579173094156089,-1.3512186349750095,-1.1155916242635135,-1.2740310493992413,-1.2860490588430924
0.4723804190932358,-1.4222877049431708,-0.0722315104368386,1.0169166616822343,-0.010684955964216718,0.1854465608187758,0.2807880595169176,-0.7963355514589672,-1.182563899677747,0.48141548900738307,-1.091879457135916,0.41460354265780586,-0.4826584971883442,-3.7573598326319213,-1.0321460963657576,-1.3327086036713924,-1.1343222395279595,1.072288702469444,1.05284701596122
0.4723804190932358,-1.4222877049431708,0.07223151314612293,-0.7054689621240783,-0.010684955964216718,2.9164281219162853,-0.6983308925851475,-0.7053423036984792,-1.182563899677747,0.7114779090681016,-0.9890856444784846,0.20149244876735214,-0.5190697654291081,-3.984087457837583,-1.0958722210789593,-1.293509112292075,-1.13225861360621,0.6861256887612416,0.6958786976520652
0.4723804190932358,-1.4222877049431708,0.21669453672908448,2.403767562435098,-0.010684955964216718,-0.6991224441542135,-0.6983308925851475,-0.8569976202127723,-0.9433014909020588,0.8649819581396064,-0.8932202688883927,0.3028408600730022,-0.5613026441568177,-4.028734992233039,-1.1548582126047378,-1.3238882690159803,-1.1316573502699125,1.0923962066402053,1.0656654717214793
0.4723804190932358,-1.4222877049431708,0.361157560312046,-0.7054689621240783,-0.010684955964216718,0.8869963339506585,1.737486067925292,-0.8266665858358697,-0.9433014909020588,0.6974318393954803,-0.8413173332862448,0.22734357349614084,-0.5641845216224137,-3.3967024736617883,-1.2034460255868167,-1.320105759103264,-1.1447605351197583,0.9057878681266939,0.9011813538180902
0.4723804190932358,-1.4222877049431708,0.5056205838950075,-0.7054689621240783,-0.010684955964216718,-0.6991224441542135,-0.6983308925851475,-0.8418320307094308,-1.062932695289903,0.6846012049355056,-0.8441481330292517,0.13039716733787138,-0.2164214838762987,-3.1978476763854102,-1.2265506759989406,-1.3180718694027285,-1.247524555101971,-1.2740310493992413,-1.2860490588430924
0.4723804190932358,-1.4222877049431708,0.6500836074779691,1.408173916896845,-0.010684955964216718,0.7112764613589755,-0.6983308925851475,-0.8569976202127723,-0.9433014909020588,0.5165948799090321,-0.8998233510114474,-0.14108823144946026,0.020855889078821046,-2.693960671410633,-1.2111421062159997,-1.2624964894984394,-1.304352446269983,1.0237051979381084,1.0088891260456712
0.4723804190932358,-1.4222877049431708,0.7945466310609306,-0.7054689621240783,-0.010684955964216718,0.9251580623149916,1.633085536799595,-0.9328252784699188,-1.182563899677747,0.05514891455645753,-1.005585586436041,-0.3713248643427948,-0.7633602379251777,-1.3777955346481332,-1.1916374378351915,-1.2426784352014588,-1.154208897058572,0.9159352255384678,0.9091451969968721
0.4723804190932358,-1.4222877049431708,0.9390096546438922,1.554338254676464,-0.010684955964216718,0.4915398999301422,-0.6983308925851475,-0.8569976202127723,-1.2423795018716692,-0.5569274016433348,-1.0925626319430042,-0.4387878948170105,-0.797154590375972,0.34933821106111973,-1.1627840125779663,-1.2369191540264861,-1.1559584010823352,0.9864848400002028,0.9728987676014278
0.4723804190932358,-1.4222877049431708,1.0834726782268538,-0.7054689621240783,-0.010684955964216718,0.9976888291187082,1.61395237423811,-1.0086529367270654,-1.4816419106473573,-0.6493292415436844,-1.1838112843920143,-0.522570907581428,-1.0113241189684616,0.33417686212158026,-1.1603319033613813,-1.2648922368757576,-1.1532642559041582,0.8811752476027641,0.8742562036811716
0.4723804190932358,-1.4222877049431708,1.2279357018098151,-0.7054689621240783,-0.010684955964216718,1.2143795497098333,1.4201078663770554,-1.2816325353787492,-1.062932695289903,-0.818707530038038,-1.2623375704567523,-0.5066916372705438,-0.9268390763277911,0.35886977289539923,-1.142010096560941,-1.289035049762226,-1.195922746466482,0.7968242478052943,0.7887144548043622
0.4723804190932358,-1.4222877049431708,1.3723987253927767,1.2098020325160859,-0.010684955964216718,0.10981955006161122,0.2058206154548652,-1.766929519298531,-0.2853298667689162,-1.0866544703344412,-1.348483937505097,-0.5025453644129025,-0.8080943213313491,0.41369818995709984,-1.1368100420817633,-1.3256951909109242,-1.2616939557076592,0.9734112360771766,0.9571501683363935
0.4723804190932358,-1.4222877049431708,1.5168617489757383,-0.7054689621240783,-0.010684955964216718,1.2710555670867014,1.355747015713243,-1.766929519298531,-0.5245922755446044,-1.1507246960375244,-1.3937647354885379,-0.5880588323378898,-0.8021351990886983,0.41369818995709984,-1.152983056068418,-1.343452678722636,-1.300623291650769,0.8109584720804549,0.8054529508016739
0.4723804190932358,-1.4222877049431708,1.6613247725587,1.2334336363840144,-0.010684955964216718,0.12292646247373952,0.16340220728777857,-1.8882537652784765,-0.4049610711567603,-1.2996519659538681,-1.4446291465776377,-0.628345192381501,-0.7739838595396965,0.41369818995709984,-1.1660801956028186,-1.3710101200549372,-1.3441008396214678,0.9795458051505627,0.963543413615588
0.4723804190932358,-1.312209852931007,-1.6613247698494156,-0.7054689621240783,-0.010684955964216718,1.2956327359942297,1.3307257265004429,-2.0702401523271172,-0.46477667335068235,-1.340122547021744,-1.4997619886928426,-0.7347136285347352,-0.831284337352876,0.41369818995709984,-1.183266918585623,-1.391779072646435,-1.3755962462595914,0.811679053083441,0.8063465421180601
0.4723804190932358,-1.312209852931007,-1.516861746266454,-0.7054689621240783,-0.010684955964216718,1.308682675541434,1.3284375531104196,-2.2218954688414105,0.1931949507824603,-1.446392522766116,-1.5533234581758346,-0.7253470072025474,-0.788407501135036,0.41369818995709984,-1.198170202332397,-1.429885461257779,-1.4215922955324285,0.7528117433760888,0.7437945352556024
0.4723804190932358,-1.312209852931007,-1.3723987226834924,1.4047712415124347,-0.010684955964216718,0.03515461337495755,0.04644654045985572,-2.3128886623657308,-0.5245922755446044,-1.6168063058720146,-1.6022742034700796,-0.712328528772881,-0.7525144174371113,0.41369818995709984,-1.2242710975922217,-1.4790870258291113,-1.4763088844644052,0.9768211701115425,0.9590205424560848
0.4723804190932358,-1.312209852931007,-1.2279356991005308,-0.7054689621240783,-0.010684955964216718,1.30889921447454,1.3160031040909812,-2.373550785355704,0.1931949507824603,-1.6343789437565637,-1.647715208768819,-0.8125542753265752,-0.8357534694132852,0.41369818995709984,-1.2510090296884746,-1.5003201329614286,-1.5008789813867625,0.7966091355648325,0.7916564828072684
0.4723804190932358,-1.312209852931007,-1.0834726755175694,1.3927312677503136,-0.010684955964216718,0.12603784312930766,0.13030654404233344,-2.373550785355704,0.1931949507824603,-1.6722607882955776,-1.680651574365091,-0.8345003679910434,-0.8506424709136017,0.41369818995709984,-1.2684988277722464,-1.5228314668396452,-1.5249796833239257,0.9824011276260476,0.9714130004298807
0.4723804190932358,-1.312209852931007,-0.9390096519346078,-0.7054689621240783,-0.010684955964216718,1.2518611776386346,1.2526980915881751,-2.3128886623657308,-0.10588306018714999,-1.6900514954587853,-1.7092510503027298,-0.9046025556953696,-0.9132849450413905,0.41369818995709984,-1.3017844850792877,-1.5445840183004946,-1.548206283380766,0.8165368095027725,0.8054730315054128
0.4723804190932358,-1.312209852931007,-0.7945466283516462,1.3663017769995487,-0.010684955964216718,0.13858543337490348,0.1397722998008514,-2.373550785355704,0.1931949507824603,-1.7300157009317392,-1.7432647571624522,-0.965991944288275,-0.9684120663253803,0.41369818995709984,-1.337288430127725,-1.567340391354606,-1.5722175922286434,0.9916925363320511,0.980708727019924
0.4723804190932358,-1.312209852931007,-0.6500836047686848,-0.7054689621240783,-0.010684955964216718,1.2537770216166877,1.2516822901729998,-2.373550785355704,-0.22551426457499413,-1.7430409923245043,-1.7720413786337472,-1.0332162912920673,-1.030558156554527,0.41369818995709984,-1.3791774629521956,-1.592407210615498,-1.5982885178536603,0.8255668433358467,0.8145070942314283
0.4723804190932358,-1.312209852931007,-0.5056205811857232,1.2946520113718467,-0.010684955964216718,0.08677844107130499,0.09069490041284421,-2.0702401523271172,-0.3451454689628382,-1.4584023872723664,-1.743635633568573,-0.45010490107894413,-0.9723152201229798,-0.1522580368163798,-1.4298737713421192,-1.7086369935883559,-1.626829293269192,1.0062933471572342,0.9896835721604232
0.4723804190932358,-1.312209852931007,-0.3611575576027617,-0.7054689621240783,-0.010684955964216718,1.264192964763033,1.2947547017274879,-1.4636188862699449,-1.003117093095981,-1.0494970706690079,-1.6332803179326882,0.2656079435688793,-0.873144928156604,-1.2771098575328645,-1.4955223477507087,-1.8053897118110227,-1.6298996479091863,0.8235789902216885,0.8199729388461046
0.4723804190932358,-1.312209852931007,-0.21669453401980013,-0.7054689621240783,-0.010684955964216718,1.216266171443516,1.293545214693736,-1.1603082532413587,-1.7807199216169676,-0.2804704080859026,-1.5156059275685927,0.6691134320522372,-0.6206683137645166,-2.9878362602736708,-1.5758985401723904,-1.8743314516787437,-1.6881322566644683,0.7601257395620318,0.7517747708455997
0.4723804190932358,-1.312209852931007,-0.0722315104368386,-0.7054689621240783,-0.010684955964216718,-0.6991224441542135,-0.6983308925851475,-0.8569976202127723,-1.9601667281987338,0.11800638074356475,-1.4059842485153196,0.6202020743166823,-0.5104501261080936,-3.673248800969732,-1.6318870803413084,-1.8556459774884346,-1.6926966136257584,-1.2740310493992413,-1.2860490588430924
0.4723804190932358,-1.312209852931007,0.07223151314612293,-0.7054689621240783,-0.010684955964216718,1.2117754062492665,1.3747552468584163,-0.7053423036984792,-2.1396135347805,0.4631625552443191,-1.2527148980319138,0.24152563384412137,-0.43183616464696994,-4.175067338861778,-1.7068306033177831,-1.7966395112832152,-1.7003514793053547,0.8454577951842017,0.830596245839465
0.4723804190932358,-1.312209852931007,0.21669453672908448,-0.7054689621240783,-0.010684955964216718,-0.6991224441542135,-0.6983308925851475,-0.553686987184186,-2.3190603413622664,0.7751681858439512,-1.122000196809793,0.17474285126061243,-0.27254640387546436,-4.389463717997316,-1.7678136088050314,-1.7855979040280539,-1.7254644360790097,-1.2740310493992413,-1.2860490588430924
0.4723804190932358,-1.312209852931007,0.361157560312046,1.5543569132359902,-0.010684955964216718,0.5099059754010852,-0.6983308925851475,-0.462693739423698,-2.378875943556188,1.0831957244184818,-1.0544975149798832,-0.0557188260476928,-0.050973041119107214,-4.475591739054656,-1.809003348920423,-1.741077254635932,-1.7514457519042212,1.066793349769179,1.0479323661736657
0.4723804190932358,-1.312209852931007,0.5056205838950075,-0.7054689621240783,-0.010684955964216718,2.905545253555932,-0.6983308925851475,-0.40203167066989287,-2.259244739168344,1.131623827384896,-0.9825630188926282,0.00105203739251919,0.22542894179300232,-4.044994921823418,-1.8386074641769392,-1.7279443165389143,-1.7730845139848306,0.6784723732671225,0.6873362023573754
0.4723804190932358,-1.312209852931007,0.6500836074779691,1.870889328685559,-0.010684955964216718,0.160926207102191,-0.6983308925851475,-0.7053423036984792,-1.9003511260048118,0.9225769978996963,-0.9756861022394595,0.18974410737672479,0.4228455138063219,-3.3088101718574126,-1.8428548590234581,-1.7452436735999077,-1.7916452282020041,0.9043654271860003,0.8856958527530652
0.4723804190932358,-1.312209852931007,0.7945466310609306,-0.7054689621240783,-0.010684955964216718,0.6725922014235405,1.8598825922609827,-1.038983971103968,-1.3021951040655912,0.35467242018746814,-1.0661728877419285,0.11415987182135201,-0.5666521868482645,-1.6874162762257567,-1.8068130521915367,-1.716483087762609,-1.6098970502506518,0.8779987868536526,0.8679188975052501
0.4723804190932358,-1.312209852931007,0.9390096546438922,-0.7054689621240783,-0.010684955964216718,2.9198990518051975,-0.6983308925851475,-1.1603082532413587,-0.9433014909020588,-0.12581112697684094,-1.162433135547481,0.06031714309865598,-0.6797287743534557,-0.35825068345460154,-1.7620505971518434,-1.6884450340343908,-1.5677161896732623,0.5990419534638136,0.6034242689656694
0.4723804190932358,-1.312209852931007,1.0834726782268538,1.0978182022874363,-0.010684955964216718,-0.41810200094480654,0.8088424474518046,-1.3119635697556518,-1.003117093095981,-0.76138407349002,-1.2561815867224273,0.15854476802851974,-1.032181466060897,0.41369818995709984,-1.7328595906316775,-1.704815329039983,-1.5006946690899445,0.9624514924384537,0.9386367840147211
0.4723804190932358,-1.312209852931007,1.2279357018098151,-0.7054689621240783,-0.010684955964216718,0.9873299639532738,1.6229836998618878,-1.4332878518930423,-0.7638546843202927,-0.8546889610167169,-1.3395574964306638,-0.020033942337458942,-1.0788641916637647,0.20858768369239558,-1.703347411373146,-1.670182408395637,-1.4848783768914673,0.8032704146094245,0.7983361854724541
0.4723804190932358,-1.312209852931007,1.3723987253927767,-0.7054689621240783,-0.010684955964216718,1.150323969585503,1.4863898519913596,-1.4636188862699449,-1.003117093095981,-1.015244808663742,-1.3846060996707865,-0.10375472691137318,-0.9334002317448084,0.3990258790495634,-1.6963192542148846,-1.6638324730877236,-1.5220698028236064,0.7454763259712213,0.7364183600188969
0.4723804190932358,-1.312209852931007,1.5168617489757383,1.343074920345963,-0.010684955964216718,-0.0031574834086999398,0.1589767843663628,-1.615274202784238,-1.062932695289903,-1.2496505533451068,-1.427747036068389,-0.2164482750308282,-0.7813591851688446,0.34695385816824365,-1.703198528142814,-1.6650696089797197,-1.5730307984529928,0.9539366479210293,0.9366184683838097
0.4723804190932358,-1.312209852931007,1.6613247725587,-0.7054689621240783,-0.010684955964216718,1.2381742352105458,1.387383171879961,-1.615274202784238,-1.122748297483825,-1.294378836740168,-1.4685621433577694,-0.4060166543278741,-0.7933855943888164,0.3321622126213189,-1.7173535349086166,-1.659562251312186,-1.598900941781711,0.7845047067904641,0.7791925129395448
0.4723804190932358,-1.2021320009188432,-1.6613247698494156,1.3551900665738685,-0.010684955964216718,0.11263140271238059,0.18455397645845395,-1.615274202784238,-1.122748297483825,-1.3542662796228444,-1.4968182674941186,-0.46303216832527005,-0.7710432880320314,0.41369818995709984,-1.7286993057465034,-1.6682104776789974,-1.622143470061733,0.9616556671538667,0.9506581587796256
0.4723804190932358,-1.2021320009188432,-1.516861746266454,-0.7054689621240783,-0.010684955964216718,1.2215820971352807,1.2881159384959533,-1.766929519298531,-0.7638546843202927,-1.3886295830399427,-1.5248608995032527,-0.5413356905615383,-0.7738756948050262,0.41369818995709984,-1.7408893916944896,-1.671340374474877,-1.638558425070274,0.8030608826864978,0.7919908879960651
0.4723804190932358,-1.2021320009188432,-1.3723987226834924,-0.7054689621240783,-0.010684955964216718,1.282722180245714,1.3232302607547066,-2.1309022753170903,0.25301055297638236,-1.4758011048733226,-1.5710493036870192,-0.5931751830146091,-0.7620907696438531,0.41369818995709984,-1.7372418732022736,-1.6676243413886325,-1.6457688174744167,0.7437793694098547,0.7326823245977389
0.4723804190932358,-1.2021320009188432,-1.2279356991005308,-0.7054689621240783,-0.010684955964216718,1.306943426421448,1.3328241969848258,-2.2218954688414105,-1.3021951040655912,-1.6159701506624338,-1.6168802408875316,-0.5654043612308435,-0.6663515636795778,0.39868542434307325,-1.7579371248220734,-1.7119217878439756,-1.703027962576194,0.710869176731879,0.7009193641008389
0.4723804190932358,-1.2021320009188432,-1.0834726755175694,-0.7054689621240783,-0.010684955964216718,1.312585421904715,1.328450339715109,-2.2218954688414105,-0.16569866238107206,-1.746091286529055,-1.6394094828212804,-0.4489268276642114,-0.5105499059796111,0.41369818995709984,-1.7738989997057453,-1.7519632114575905,-1.7506456566663007,0.6895224820478637,0.6791658147972779
0.4723804190932358,-1.2021320009188432,-0.9390096519346078,1.6206150727974529,-0.010684955964216718,-0.0935984902059739,-0.08369164416596334,-2.373550785355704,0.13337934858853825,-1.904495205128703,-1.6798392456430264,-0.4729903836877217,-0.5120013257913502,0.41369818995709984,-1.7734390784139906,-1.7572430634811307,-1.7595667619112192,0.9628431947273615,0.943329316630305
0.4723804190932358,-1.2021320009188432,-0.7945466283516462,-0.7054689621240783,-0.010684955964216718,1.2357759088524165,1.2415395780235803,-2.373550785355704,0.1931949507824603,-1.8964273107425003,-1.707902344666009,-0.5602300445684499,-0.58907247243237,0.41369818995709984,-1.77152483098089,-1.7471809675234664,-1.7507756829779888,0.7761630321268675,0.7650806959343807
0.4723804190932358,-1.2021320009188432,-0.6500836047686848,1.5069874952382134,-0.010684955964216718,0.0637083726265955,0.06749858459477592,-2.206729936963997,-0.10588306018714999,-1.8910344441027882,-1.7280711752957225,-0.6463623846346066,-0.665341187669673,0.41369818995709984,-1.777067051457816,-1.738487562730897,-1.7433531309752752,0.9778720699105514,0.9668819330647697
0.4723804190932358,-1.2021320009188432,-0.5056205811857232,-0.7054689621240783,-0.010684955964216718,1.3024701104810315,1.307784042289697,-2.0399090817927696,-0.22551426457499413,-1.6341896382171146,-1.6989137967909316,-0.18663670957494222,-0.7256400925462715,0.028671995655408178,-1.795529054622637,-1.807215673185393,-1.732229271655101,0.7928697827856591,0.7891205767922268
0.4723804190932358,-1.2021320009188432,-0.3611575576027617,-0.7054689621240783,-0.010684955964216718,1.263296535626369,1.2955636116864564,-1.4636188862699449,-0.7638546843202927,-1.195560007299412,-1.5870710938555237,0.6173830520427884,-0.5406926505273882,-1.0069186847460703,-1.8236539896491133,-1.8939555614480075,-1.7334311481961377,0.7378982547587031,0.7292710638237884
0.4723804190932358,-1.2021320009188432,-0.21669453401980013,-0.7054689621240783,-0.010684955964216718,1.2157126306562653,1.2939311186155968,-1.0086529367270654,-1.2423795018716692,-0.43616585273067676,-1.4691323967091405,0.9638772887335793,-0.3053580503647579,-2.886706003129308,-1.8345034026186164,-1.8918027018929766,-1.715173178574678,0.7050894078475726,0.6954559783478449
0.4723804190932358,-1.2021320009188432,-0.0722315104368386,-0.7054689621240783,-0.010684955964216718,-0.6991224441542135,-0.6983308925851475,-1.038983971103968,-0.5844078777385264,-0.1843774446283797,-1.3231895314244768,0.8351126710859355,-0.2324005175864711,-3.3794551084278437,-1.8131146495337052,-1.785979446590345,-1.6246845092578972,-1.2740310493992413,-1.2860490588430924
0.4723804190932358,-1.2021320009188432,0.07223151314612293,1.222685050232195,-0.010684955964216718,0.07145042785503626,0.194531825253966,-1.1603082532413587,-0.04606745799322794,0.119435871689864,-1.2171686352903814,0.34287148782687404,-0.30803785262837285,-3.8888783047122817,-1.7835008822039096,-1.6308187687360667,-1.5234401717935389,1.045242883490015,1.0227628432779299
0.4723804190932358,-1.2021320009188432,0.21669453672908448,-0.7054689621240783,-0.010684955964216718,1.2541022504802946,1.3665470851135888,-1.0086529367270654,-0.3451454689628382,0.17445020201110376,-1.099040794705672,0.1544027573757075,-0.22620410371659788,-3.788974152490262,-1.7765060246984616,-1.5438862267579,-1.481144021219786,0.817625511452825,0.8141677713192669
0.4723804190932358,-1.2021320009188432,0.361157560312046,1.8122352497680299,-0.010684955964216718,0.2268009770545788,-0.6983308925851475,-1.0996461121726633,0.4922729617520706,-0.053669662266716725,-1.0698661251029744,0.02459389954496122,-0.13544299100610296,-2.928211058687538,-1.6746908884108167,-1.3981197571338362,-1.3732810194247256,1.0000223303196054,0.9830442358078557
0.4723804190932358,-1.2021320009188432,0.5056205838950075,-0.7054689621240783,-0.010684955964216718,1.118225751812085,1.5072798101906042,-1.0541495606073095,0.13337934858853825,-0.16440270005774707,-1.0652928061464337,-0.09937573767006909,-0.10954466418624176,-2.4099535892460304,-1.572369500879677,-1.2771819519263135,-1.2820387392764527,0.8266944274984012,0.8215611585877486
0.4723804190932358,-1.2021320009188432,0.6500836074779691,1.740336822952793,-0.010684955964216718,0.3119783533635929,-0.6983308925851475,-1.0086529367270654,-0.6442234799324486,-0.43054086940478514,-1.1291456547998389,-0.2130325440808758,-0.0875779996986993,-1.785388845216109,-1.4953211020228372,-1.2388076122231546,-1.2735711007935462,0.97760763486349,0.9617035703617857
0.4723804190932358,-1.2021320009188432,0.7945466310609306,-0.7054689621240783,-0.010684955964216718,1.087204342208928,1.5239701024069685,-1.2816325353787492,0.25301055297638236,-0.7175635201904798,-1.2774341104474753,-0.420179960974607,-0.5758285810826207,-1.0474105658169448,-1.3845753849335973,-1.1653058632489648,-1.1320446119682235,0.8303065130357281,0.8248644343528169
0.4723804190932358,-1.2021320009188432,0.9390096546438922,1.1250717196142108,-0.010684955964216718,0.1595529192907526,0.2567595139075576,-1.0086529367270654,-0.6442234799324486,-0.9406430408649474,-1.3644009224475142,-0.5360829493302913,-0.7074918947384858,-0.9245555545666861,-1.3256415146035265,-1.153705549461934,-1.1154652820306568,0.9630206848270229,0.9480355778902819
0.4723804190932358,-1.2021320009188432,1.0834726782268538,-0.7054689621240783,-0.010684955964216718,1.2746177376522816,1.3528888951404168,-1.0086529367270654,-0.9433014909020588,-1.0384825653242427,-1.4027045859858374,-0.6858090903269067,-0.8300198999894431,-1.3900998719270232,-1.3014599341152742,-1.1679609563036677,-1.136009005856333,0.8077170276335972,0.8019679241772535
0.4723804190932358,-1.2021320009188432,1.2279357018098151,1.201290858824405,-0.010684955964216718,0.1453031858685621,0.17984295109622592,-1.0693150777957607,-0.8834858887081368,-1.2058922099931593,-1.4407922872401018,-0.7424912999066757,-0.8453180828116132,-1.731718676124942,-1.2934752564950425,-1.206229987247739,-1.185003786942476,0.9691748750169029,0.9533895442984122
0.4723804190932358,-1.2021320009188432,1.3723987253927767,-0.7054689621240783,-0.010684955964216718,1.2432679457059095,1.2720461110317387,-1.0086529367270654,-0.9433014909020588,-1.226991416089636,-1.4484377755512445,-0.7402485277256614,-0.8224877774193388,-1.9708103059291882,-1.2966862599732056,-1.230083120370957,-1.2142574316118377,0.8153397413863953,0.8042755658661188
0.4723804190932358,-1.2021320009188432,1.5168617489757383,1.2796465825096035,-0.010684955964216718,0.17832600386314526,0.19253145527769325,-1.1603082532413587,-0.7040390821263706,-1.275639595107212,-1.462728338651787,-0.7194958524133103,-0.7814572880677316,-1.9657175247011756,-1.294638813928852,-1.2517239090118963,-1.2411270438563984,0.9722989527852827,0.9613062592949495
0.4723804190932358,-1.2021320009188432,1.6613247725587,-0.7054689621240783,-0.010684955964216718,1.2520529091988215,1.2626760451919223,-1.1906392876182612,-0.8236702865142147,-1.309703889421364,-1.4810403170940531,-0.7438185504904232,-0.7876134545944717,-1.8559074274624816,-1.2977272360763692,-1.264980980212067,-1.258695657315392,0.8169727943114741,0.805909274548886
0.4723804190932358,-1.0920541489066795,-1.6613247698494156,1.302374681514309,-0.010684955964216718,0.17011129459940788,0.17601519713581276,-1.1603082532413587,-0.9433014909020588,-1.3614277817618616,-1.4985953689034657,-0.7555404662111108,-0.7849470681119012,-1.7247013313499318,-1.3045932384035397,-1.2844509454953532,-1.2816706564591156,0.9782180495977209,0.9672280178465574
0.4723804190932358,-1.0920541489066795,-1.516861746266454,-0.7054689621240783,-0.010684955964216718,1.254494333111598,1.2571597781589563,-1.3119635697556518,-0.04606745799322794,-1.3950184777653072,-1.5227704410542906,-0.8027963835910861,-0.820874529748752,-1.6579488099289605,-1.2887438101735706,-1.2650735959848702,-1.2644674169359658,0.8193917719577712,0.8083294091597178
0.4723804190932358,-1.0920541489066795,-1.3723987226834924,-0.7054689621240783,-0.010684955964216718,1.3018543410295096,1.3017026492527457,-1.3422946041325543,-0.22551426457499413,-1.467184692669635,-1.5476276293735565,-0.8012330068598126,-0.8115103145797744,-1.558245888667478,-1.2653356020568154,-1.2502476501664261,-1.2512896836674186,0.7570596250919186,0.7459687836982014
0.4723804190932358,-1.0920541489066795,-1.2279356991005308,-0.7054689621240783,-0.010684955964216718,1.3206421418400747,1.3188882651884786,-1.3119635697556518,-0.4049610711567603,-1.5902286108423647,-1.5694811069707486,-0.7193219544562874,-0.7229141735353164,-1.4815336046473635,-1.2557240674853718,-1.270513293581448,-1.2735956974375073,0.7214370380714511,0.7115949219049488
0.4723804190932358,-1.0920541489066795,-1.0834726755175694,-0.7054689621240783,-0.010684955964216718,1.321839623163348,1.3189993619177487,-1.3119635697556518,-0.4049610711567603,-1.7084663088704242,-1.5789795657942984,-0.5801311313559689,-0.5813927762707775,-1.4057607884255705,-1.2553828666949514,-1.307322631102827,-1.3117631875493847,0.6979082592210111,0.6876349540517783
0.4723804190932358,-1.0920541489066795,-0.9390096519346078,-0.7054689621240783,-0.010684955964216718,1.322519303134932,1.3189291404001913,-1.3119635697556518,-0.4049610711567603,-1.8224255679221009,-1.5907096348864567,-0.48521609201919597,-0.48560577658653153,-1.3705172915928916,-1.251027127325873,-1.3306974107514158,-1.335863456065509,0.6799651982128543,0.6694793341048846
0.4723804190932358,-1.0920541489066795,-0.7945466283516462,-0.7054689621240783,-0.010684955964216718,1.3302497430468154,1.3261328200192408,-1.3119635697556518,-0.4049610711567603,-1.9118573845180196,-1.6002857272108122,-0.43525452701377804,-0.4354919649815636,-1.3959449293621602,-1.2492009550614454,-1.343896718107225,-1.349378065836588,0.6655418774873324,0.6544091757590329
0.4723804190932358,-1.0920541489066795,-0.6500836047686848,1.8060682370260857,-0.010684955964216718,-0.07643310209590619,-0.07692208025694848,-1.3119635697556518,-0.04606745799322794,-1.9765296419720009,-1.6080328448321002,-0.41115602091066994,-0.410875683737756,-1.5444826269246936,-1.230903278444203,-1.3297341421736553,-1.335304017859471,0.9474294576445003,0.936425447741747
0.4723804190932358,-1.0920541489066795,-0.5056205811857232,-0.7054689621240783,-0.010684955964216718,1.2398472612587568,1.2361044325646287,-1.3422946041325543,-0.22551426457499413,-1.8931328592167522,-1.5914348023598897,-0.39108870813482033,-0.45201266085140285,-1.9856967172191564,-1.2244597956248304,-1.3199186989070915,-1.3119912753711376,0.7607309339992138,0.7496417083361797
0.4723804190932358,-1.0920541489066795,-0.3611575576027617,2.0558460675852523,-0.010684955964216718,-0.09514942403534873,-0.6983308925851475,-1.1603082532413587,-0.7040390821263706,-1.5377715776141065,-1.5226028232684607,-0.13010282472322207,-0.4649605665318606,-2.9648503028220823,-1.2582903124684834,-1.3821218614377033,-1.3169180806762584,1.0483183584927676,1.0268824611215313
0.4723804190932358,-1.0920541489066795,-0.21669453401980013,-0.7054689621240783,-0.010684955964216718,1.1668368502066118,1.4177834293376665,-1.1603082532413587,-0.3451454689628382,-1.233676644221276,-1.4102082167182357,-0.015889374361749302,-0.5231624171339594,-3.5276043834386424,-1.286916672701815,-1.3781696097253548,-1.2747765530581545,0.8133329871967152,0.8114386397570224
0.4723804190932358,-1.0920541489066795,-0.0722315104368386,-0.7054689621240783,-0.010684955964216718,2.9109730226578057,-0.6983308925851475,-1.0238184539155166,-0.9433014909020588,-0.9386850998261932,-1.2383788134695355,0.16533531276206623,-0.4754198448285857,-4.090820593295971,-1.3751638895808656,-1.4327891432218292,-1.3052824594643317,0.5954975517778788,0.5960370288513935
0.4723804190932358,-1.0920541489066795,0.07223151314612293,2.383697769935233,-0.010684955964216718,-0.6991224441542135,-0.6983308925851475,-0.8569976202127723,-1.2423795018716692,-0.4469555995551068,-1.0904234761162643,0.335555839458396,-0.5240730132723467,-4.875206008047845,-1.4426885877331026,-1.4727326802463026,-1.3021382065371947,1.2192697660850378,1.1799142258343347
0.4723804190932358,-1.0920541489066795,0.21669453672908448,-0.7054689621240783,-0.010684955964216718,0.8779433246910376,1.7283520302310569,-0.8569976202127723,-1.2423795018716692,-0.3056808221168461,-0.9807520410465659,0.333919152804064,-0.5860908150952565,-4.929991137054082,-1.4931510746478374,-1.4778188028774868,-1.2943711931637676,0.850550464970732,0.8531212629958566
0.4723804190932358,-1.0920541489066795,0.361157560312046,-0.7054689621240783,-0.010684955964216718,-0.6991224441542135,-0.6983308925851475,-1.129977218864456,-0.5844078777385264,-0.318219805639719,-1.010184312720118,0.16761900210943895,-0.5337541762684977,-4.727852297299635,-1.4743589705768672,-1.437458871362281,-1.2969019386102563,-1.2740310493992413,-1.2860490588430924
0.4723804190932358,-1.0920541489066795,0.5056205838950075,1.6254648630005202,-0.010684955964216718,0.4538782083157047,-0.6983308925851475,-1.1603082532413587,-0.7040390821263706,-0.2945546064360808,-1.0524035277354302,-0.18284675704100453,-0.4650528000265407,-4.396745470894892,-1.4565272477971791,-1.36970672247183,-1.3152391159265862,1.0636842128509736,1.0456933677067655
0.4723804190932358,-1.0920541489066795,0.6500836074779691,-0.7054689621240783,-0.010684955964216718,0.9831000966386212,1.6442570465853494,-1.0086529367270654,-0.6442234799324486,-0.38859798624387937,-1.1193126661637272,-0.4098381471775463,-0.47774329040820934,-3.90728157802187,-1.415271632281657,-1.3049904562246104,-1.2951670625465583,0.9044424715700318,0.8989222746474508
0.4723804190932358,-1.0920541489066795,0.7945466310609306,1.6800703933192618,-0.010684955964216718,0.35778726977814934,-0.6983308925851475,-1.0086529367270654,-0.9433014909020588,-0.8669630505691946,-1.2195523366446586,-0.528988083171955,-0.7040364926332425,-2.638801159222002,-1.3756802755013036,-1.288329405778964,-1.25321905742235,1.0148308729652848,0.9999009620710593
0.4723804190932358,-1.0920541489066795,0.9390096546438922,-0.7054689621240783,-0.010684955964216718,1.0365607210908394,1.5931925878669349,-1.1603082532413587,-0.7040390821263706,-0.9675217517700464,-1.3217271985729409,-0.640023633612933,-1.0111673220275055,-2.3294927936121894,-1.3340660854634585,-1.269831959893951,-1.187002291353122,0.877658027463532,0.8713047500418166
0.4723804190932358,-1.0920541489066795,1.0834726782268538,1.760641282720548,-0.010684955964216718,0.3889889532989164,-0.6983308925851475,-1.1603082532413587,-0.3451454689628382,-1.049757951094397,-1.3573041618352464,-0.6418026779085533,-1.0385497696254014,-1.846656653014998,-1.3102660031715672,-1.2606875238175683,-1.1710810029079566,1.0042241294132108,0.993246052927837
0.4723804190932358,-1.0920541489066795,1.2279357018098151,-0.7054689621240783,-0.010684955964216718,0.9986136395718471,1.5510556946194893,-1.0996461121726633,-0.46477667335068235,-1.0951457937187756,-1.389636044763883,-0.6738578679864194,-1.1177900803640346,-1.38293862361628,-1.2856206405622481,-1.2405158945551944,-1.1377497331040571,0.8789033383250504,0.867868081030482
0.4723804190932358,-1.0920541489066795,1.3723987253927767,1.1403236567532746,-0.010684955964216718,0.18043226545154867,0.32573559520666157,-1.1603082532413587,-0.3451454689628382,-1.1668263696773788,-1.4236656312033158,-0.7130224157190406,-1.1222340578349856,-0.9758448806073121,-1.2567611827592235,-1.2157975945787183,-1.1197753291973371,0.9964527271996417,0.985471132288314
0.4723804190932358,-1.0920541489066795,1.5168617489757383,-0.7054689621240783,-0.010684955964216718,1.197772485164422,1.3242584295416309,-1.1603082532413587,-0.3451454689628382,-1.2208225974154332,-1.4509658046411102,-0.765277046922455,-1.097688209441661,-0.6985088387740046,-1.228217830356093,-1.188079662267297,-1.1093977125509926,0.8454183729409706,0.8343679347550168
0.4723804190932358,-1.0920541489066795,1.6613247725587,1.231654793906084,-0.010684955964216718,0.17988550464545608,0.23868407605531233,-1.1906392876182612,-0.3451454689628382,-1.283341587973702,-1.468994067925887,-0.7646436832848671,-1.0183975895241113,-0.35397218564829735,-1.2107362365346086,-1.1807040691270054,-1.1214372821712302,0.9917326786162545,0.9807488884274019
0.4723804190932358,-0.9819762968945157,-1.6613247698494156,-0.7054689621240783,-0.010684955964216718,1.231264961388674,1.2849570182882166,-1.3119635697556518,-0.4049610711567603,-1.3196808933820814,-1.485845830793912,-0.7745874071509002,-0.9623338790259607,0.0733686678435528,-1.2032527428194002,-1.1833661540809328,-1.1405754215675583,0.835639136476263,0.8245841241210313
0.4723804190932358,-0.9819762968945157,-1.516861746266454,-0.7054689621240783,-0.010684955964216718,1.2843212046391161,1.3166271323231267,-1.1603082532413587,-0.3451454689628382,-1.388407500216278,-1.4972240789756017,-0.7366998159850445,-0.8723014109234387,0.41369818995709984,-1.1957871054397584,-1.192765848262846,-1.1632558027600488,0.7701118077960202,0.7590269784724877
0.4723804190932358,-0.9819762968945157,-1.3723987226834924,-0.7054689621240783,-0.010684955964216718,1.3093737080396082,1.3296849807252995,-1.038983971103968,-0.3451454689628382,-1.497408024413057,-1.4961142727936325,-0.5792462976334706,-0.6610338834681115,0.41369818995709984,-1.1849456554307107,-1.2161685955083326,-1.2008768572970572,0.7312461562365073,0.7215524920978188
0.4723804190932358,-0.9819762968945157,-1.2279356991005308,-0.7054689621240783,-0.010684955964216718,1.3141945374328636,1.326298836263735,-1.1603082532413587,-0.3451454689628382,-1.6198224849440142,-1.507074005830071,-0.4412480394443034,-0.4909184258801062,0.41369818995709984,-1.1708620740071742,-1.2394589345278268,-1.2326920203066738,0.7047752899734255,0.6946113593599651
0.4723804190932358,-0.9819762968945157,-1.0834726755175694,-0.7054689621240783,-0.010684955964216718,1.3173259426839448,1.3237974829233952,-1.1603082532413587,-0.3451454689628382,-1.7242060945355722,-1.5057612939073601,-0.2802227934460361,-0.3144967127149268,0.41369818995709984,-1.1671551952642913,-1.2729262517876263,-1.2707755350922527,0.6843731090347682,0.6739829441812096
0.4723804190932358,-0.9819762968945157,-0.9390096519346078,-0.7054689621240783,-0.010684955964216718,1.3194423479650883,1.3220832394291104,-1.1603082532413587,0.25301055297638236,-1.7909787738760203,-1.4937238667279222,-0.09155373936790709,-0.11746584440663314,0.41369818995709984,-1.1720316639867834,-1.3134880878388968,-1.3143769331248345,0.6679709357072412,0.6574325511025961
0.4723804190932358,-0.9819762968945157,-0.7945466283516462,1.7948135374471115,-0.010684955964216718,-0.07304368965486945,-0.07005530670982228,-1.0086529367270654,-0.6442234799324486,-1.843623774795392,-1.5008139226287567,-0.12098596859401296,-0.1412905945688223,0.41369818995709984,-1.1623472562620818,-1.3040563384882315,-1.3059719239820577,0.9460028764682162,0.9349980785351552
0.4723804190932358,-0.9819762968945157,-0.6500836047686848,-0.7054689621240783,-0.010684955964216718,1.237843330083644,1.2369301118412228,-1.0086529367270654,-0.9433014909020588,-1.8371184872648538,-1.5025144491759457,-0.21079488654565617,-0.22500003736786472,0.41369818995709984,-1.1647597919782218,-1.2927786201746463,-1.2956020005591549,0.7585333689518855,0.7474432810870377
0.4723804190932358,-0.9819762968945157,-0.5056205811857232,-0.7054689621240783,-0.010684955964216718,1.3064149032390902,1.3038925125181886,-0.9783219023501628,-0.8834858887081368,-1.806292454846366,-1.4884737247961772,-0.22600158093452583,-0.2362214997251737,0.41369818995709984,-1.1757824596630868,-1.2982702729608455,-1.3019678720688834,0.7055018113144328,0.694387398041733
0.4723804190932358,-0.9819762968945157,-0.3611575576027617,-0.7054689621240783,-0.010684955964216718,1.321868004479823,1.3189136287813874,-0.8569976202127723,-0.9433014909020588,-1.7519095889394016,-1.4232753464219936,-0.09252381718698516,-0.13325286475060785,0.41369818995709984,-1.2039266988361215,-1.3272562130885304,-1.3250324810124121,0.6785519377945569,0.6674251600744393
0.4723804190932358,-0.9819762968945157,-0.21669453401980013,1.675866835149024,-0.010684955964216718,-0.1440818094439719,-0.13985722449787322,-0.8569976202127723,-0.9433014909020588,-1.2873758696288873,-1.2496575496183744,0.3340171835151307,0.10009619981745424,-0.5693548304799555,-1.2789652947343966,-1.4110457350138117,-1.3711689587018723,0.9594406411129613,0.9392250666722182
0.4723804190932358,-0.9819762968945157,-0.0722315104368386,-0.7054689621240783,-0.010684955964216718,1.2726243180758634,1.2862004631901605,-0.8266665858358697,-1.182563899677747,-0.9393520172213548,-1.087655488933,0.4598613384139507,0.17927194710981134,-1.1462664451282594,-1.3573464036092642,-1.4434969679647862,-1.3957404642426061,0.7520841419736232,0.7491558782487796
0.4723804190932358,-0.9819762968945157,0.07223151314612293,-0.7054689621240783,-0.010684955964216718,2.9046593360179624,-0.6983308925851475,-0.7053423036984792,-1.182563899677747,-0.5313938972394093,-0.9205557302810987,0.637112798196182,0.2309453432611885,-1.7729932520365101,-1.4254818366982438,-1.4717307948712872,-1.400305796401234,0.5594110783610347,0.5587901920874803
0.4723804190932358,-0.9819762968945157,0.21669453672908448,2.3578090185922824,-0.010684955964216718,-0.4574403188300079,-0.6983308925851475,-0.8569976202127723,-1.2423795018716692,-0.2065964297815271,-0.8117149736700189,0.8954518524089776,0.16720277508776057,-2.1766216107134375,-1.4794670890580603,-1.5301876977974693,-1.39845671389377,0.9468950072328426,0.920991787677191
0.4723804190932358,-0.9819762968945157,0.361157560312046,-0.7054689621240783,-0.010684955964216718,0.8667831603571242,1.7599693209154461,-0.8266665858358697,-1.062932695289903,-0.12466057740845782,-0.7491628390346546,0.8368311920729841,0.11793080374332751,-1.9694414674185576,-1.505865750778549,-1.5183784875751498,-1.386968780900869,0.7979239303801736,0.7919679386203633
0.4723804190932358,-0.9819762968945157,0.5056205838950075,-0.7054689621240783,-0.010684955964216718,-0.6991224441542135,-0.6983308925851475,-0.8569976202127723,-0.9433014909020588,-0.15567323966972405,-0.7597118202759222,0.7032494305276161,0.19728263316189212,-1.2542221756666547,-1.4988168416627372,-1.490723697492109,-1.4002964778488964,-1.2740310493992413,-1.2860490588430924
0.4723804190932358,-0.9819762968945157,0.6500836074779691,1.0573603453203997,-0.010684955964216718,0.11577337212014963,0.3500552980932974,-0.8569976202127723,-1.2423795018716692,-0.35738397780814607,-0.8371371221474191,0.28505894152645694,0.14787231157543887,-0.23073109174119427,-1.4718805594605964,-1.4179554525303981,-1.3983090256747441,1.0502601289847013,1.0309897846567209
0.4723804190932358,-0.9819762968945157,0.7945466310609306,-0.7054689621240783,-0.010684955964216718,1.228577355834473,1.3817044520824961,-1.0086529367270654,-0.7638546843202927,-0.6440460784674694,-0.9760749755025852,-0.09981559720842084,-0.2895961846102414,0.3590557945391516,-1.4136336754461738,-1.3410051912910572,-1.3062255836451093,0.8363836588415766,0.8334597951736767
0.4723804190932358,-0.9819762968945157,0.9390096546438922,1.206715476188268,-0.010684955964216718,0.11058116794501868,0.17394093735375188,-1.1603082532413587,-0.3451454689628382,-1.020442349446496,-1.091065716895655,-0.23504171737681312,-0.3872773248806908,0.41369818995709984,-1.3616085178675341,-1.30990328732271,-1.2819635407261931,0.9890793276334876,0.9732419837112528
0.4723804190932358,-0.9819762968945157,1.0834726782268538,-0.7054689621240783,-0.010684955964216718,1.2864304620331475,1.339290236244816,-1.3119635697556518,-0.4049610711567603,-1.0885662556056266,-1.185273264364001,-0.3518227199272693,-0.47016337411813436,0.41369818995709984,-1.322164837808353,-1.288447730227377,-1.267121362312779,0.8133628688970639,0.8082507255858834
0.4723804190932358,-0.9819762968945157,1.2279357018098151,1.2996392290421956,-0.010684955964216718,0.16252659800342326,0.18718330065392472,-1.2513014286869564,-0.22551426457499413,-1.1525829673752965,-1.2300967304517876,-0.3577250211744543,-0.4534028711621268,0.41369818995709984,-1.3022275152428038,-1.2876739959024375,-1.2714614238864073,0.9743822113282651,0.9633905543810033
0.4723804190932358,-0.9819762968945157,1.3723987253927767,-0.7054689621240783,-0.010684955964216718,1.2446144814986704,1.264711630735209,-1.1603082532413587,-0.04606745799322794,-1.18921325479661,-1.2672270694893009,-0.3936358017406246,-0.46611264672904673,0.41369818995709984,-1.2857133004657286,-1.2804207072147327,-1.2691952819842036,0.8139295411422302,0.8028645890707427
0.4723804190932358,-0.9819762968945157,1.5168617489757383,1.3160840581263686,-0.010684955964216718,0.15959049825608532,0.169906658765955,-1.0086529367270654,-0.3451454689628382,-1.2334358315209168,-1.2904634820394778,-0.3985560909952104,-0.4519489358914421,0.41369818995709984,-1.275129802115068,-1.279452275388314,-1.2725285064843275,0.9748986607156164,0.9639073251445727
0.4723804190932358,-0.9819762968945157,1.6613247725587,-0.7054689621240783,-0.010684955964216718,1.2504866809933464,1.257366040765752,-1.0086529367270654,-0.16569866238107206,-1.2576983800062795,-1.3169986126147892,-0.4457574521533746,-0.4834936295583569,0.41369818995709984,-1.2577374899714162,-1.2617294243696833,-1.2579433467470167,0.813051811197049,0.8019865705450111
0.4723804190932358,-0.8718984448823519,-1.6613247698494156,1.3270717967767336,-0.010684955964216718,0.15692743728483613,0.1610553412860653,-1.0086529367270654,-0.04606745799322794,-1.2971508584909701,-1.343010422818762,-0.46803173458967506,-0.4940811962613189,0.41369818995709984,-1.2334634908815152,-1.2399163123047825,-1.2384738569664033,0.9764510690518023,0.9654603012021034
0.4723804190932358,-0.8718984448823519,-1.516861746266454,-0.7054689621240783,-0.010684955964216718,1.2530630738333597,1.2539564192595116,-1.4636188862699449,0.31282615517030443,-1.3242128546180092,-1.3872999821487364,-0.5183845699983942,-0.5353573621033012,0.41369818995709984,-1.2051271754502242,-1.2186772889500448,-1.2189261346882576,0.8136472850811054,0.8025822297875552
0.4723804190932358,-0.8718984448823519,-1.3723987226834924,-0.7054689621240783,-0.010684955964216718,1.3017124344471345,1.3004323734426009,-1.615274202784238,1.0904289836912913,-1.3854729298927333,-1.4170131459433848,-0.4909086927887947,-0.5023050700415241,0.41369818995709984,-1.1884580448970177,-1.2217757759832546,-1.2234714211238336,0.7504852909947266,0.7393913286979724
0.4723804190932358,-0.8718984448823519,-1.2279356991005308,1.4892710135586222,-0.010684955964216718,0.08304246122131174,0.08357407170368904,-1.615274202784238,0.6717197683338367,-1.4744017155145683,-1.4540658514800924,-0.48290256723802033,-0.4899583590491177,0.41369818995709984,-1.1697484660525848,-1.2232194418215712,-1.225974861044868,0.9654949256179407,0.954499105632563
0.4723804190932358,-0.8718984448823519,-1.0834726755175694,-0.7054689621240783,-0.010684955964216718,1.2509567596869628,1.248086948474055,-1.766929519298531,0.6717197683338367,-1.5126079882748997,-1.491431914056415,-0.5357377107391432,-0.5387456853033226,0.41369818995709984,-1.1545894023639116,-1.2164424628225678,-1.2198825865659833,0.7966995007068507,0.7856267392467781
0.4723804190932358,-0.8718984448823519,-0.9390096519346078,1.4040823100837658,-0.010684955964216718,0.11959123732397274,0.11902613850024706,-1.766929519298531,1.0904289836912913,-1.5444915898024651,-1.5182451137164297,-0.560520726937787,-0.5608507000328852,0.41369818995709984,-1.1429668583247434,-1.2137449881017972,-1.2176960857796886,0.9773406796730258,0.9663504091311064
0.4723804190932358,-0.8718984448823519,-0.7945466283516462,-0.7054689621240783,-0.010684955964216718,1.2525248799802031,1.2486501879298073,-1.766929519298531,1.0904289836912913,-1.5487365825704646,-1.5417497147239347,-0.6172097560452824,-0.6149934383827437,0.41369818995709984,-1.1285765822727598,-1.199554767274371,-1.2037735184556884,0.8090953660647401,0.7980282130467425
0.4723804190932358,-0.8718984448823519,-0.6500836047686848,1.3763104795024534,-0.010684955964216718,0.13386772276484069,0.13275318748391948,-1.615274202784238,0.6717197683338367,-1.5653446318052415,-1.557637057784226,-0.6458091504478037,-0.6419566428230026,0.41369818995709984,-1.119768582801811,-1.1922999726391406,-1.1967398534801819,0.98374184391639,0.9727543094775909
0.4723804190932358,-0.8718984448823519,-0.5056205811857232,-0.7054689621240783,-0.010684955964216718,1.2536271262193046,1.2492333409502403,-1.4332878518930423,0.6717197683338367,-1.5475445597036865,-1.5540726214586074,-0.6790253651210867,-0.6737839063781647,0.41369818995709984,-1.1153628939535127,-1.1769800760324132,-1.1815047788949502,0.8162399726119596,0.8051759190521315
0.4723804190932358,-0.8718984448823519,-0.3611575576027617,1.3616166844661475,-0.010684955964216718,0.14122079628359277,0.1401080005780704,-1.1603082532413587,0.6717197683338367,-1.4709948847286525,-1.4880132169845812,-0.5777408868878714,-0.6024949613672727,0.41369818995709984,-1.132897574178033,-1.1814253104239216,-1.1791840259418376,0.9876081039169237,0.9766225087141742
0.4723804190932358,-0.8718984448823519,-0.21669453401980013,-0.7054689621240783,-0.010684955964216718,1.305028843835238,1.3054036376527323,-0.8569976202127723,0.31282615517030443,-1.168876622251271,-1.3458436927186126,-0.19889566310408255,-0.42313435366705865,0.19093902648482147,-1.172899144072753,-1.2312871254173974,-1.1841708600608543,0.8100836222991628,0.8061074178194536
0.4723804190932358,-0.8718984448823519,-0.0722315104368386,1.2783806710094243,-0.010684955964216718,0.0806255818914869,0.09245059556413485,-0.6750112693215766,-0.22551426457499413,-0.5890718835962896,-1.130063494507089,0.09349670281040966,-0.18324928827143747,-0.8408832531963656,-1.2564112951028519,-1.2761092870176112,-1.2199519339322167,0.9877306908924504,0.9713400541999716
0.4723804190932358,-0.8718984448823519,0.07223151314612293,-0.7054689621240783,-0.010684955964216718,1.2448497310774527,1.2651987794122348,-0.553686987184186,-0.6442234799324486,0.018110583392868588,-0.9719526366098145,0.14752611610461544,-0.044111707601221885,-1.908635788860437,-1.311499055532987,-1.2673202545571882,-1.2308540983909628,0.8076711250216159,0.8037733433675033
0.4723804190932358,-0.8718984448823519,0.21669453672908448,1.7382215881757077,-0.010684955964216718,0.21132695773244395,-0.6983308925851475,-0.553686987184186,-0.6442234799324486,1.1508112482101873,-0.8950771210758399,0.24278809891446812,0.09191676581195853,-3.7159624122386297,-1.3416055612036863,-1.2820341148526815,-1.2557736410259817,0.9983962977940063,0.9808812571479673
0.4723804190932358,-0.8718984448823519,0.361157560312046,-0.7054689621240783,-0.010684955964216718,1.1245329212607378,1.460092627323716,-0.5233559528072834,-0.5844078777385264,1.283272949739467,-0.8417570212044431,0.2674432489682423,0.5633657584104239,-3.4328304507628746,-1.3470628434357552,-1.2664547650008888,-1.3388004253807633,0.8238569260369796,0.8198577821573154
0.4723804190932358,-0.8718984448823519,0.5056205838950075,1.6189327524832264,-0.010684955964216718,0.41388178551523963,-0.6983308925851475,-0.553686987184186,-0.3451454689628382,1.4960015378434925,-0.79893155912375,0.3465344266569078,0.9340379192624492,-2.9553292705148078,-1.3330914673640897,-1.2466361728655064,-1.3813691977880223,0.9447348843160718,0.9295277260073946
0.4723804190932358,-0.8718984448823519,0.6500836074779691,-0.7054689621240783,-0.010684955964216718,1.1060045467059523,1.478801316532801,-0.7053423036984792,0.013748144200694123,1.354070545796753,-0.7868468460847305,0.3614657826138248,1.5499824200857295,-1.6724514784569744,-1.3121081013569056,-1.2214387664406388,-1.4783820456490118,0.8083213220195639,0.8027971752796188
0.4723804190932358,-0.8718984448823519,0.7945466310609306,1.5770792711454567,-0.010684955964216718,0.4327570428269425,-0.6983308925851475,-0.8569976202127723,0.31282615517030443,0.32560766510244127,-0.8386523869313224,0.3049762246923261,1.022675984622671,0.41369818995709984,-1.2958368775246347,-1.2161966706729104,-1.3801028498674401,0.9238905982204486,0.9086267869921811
0.4723804190932358,-0.8718984448823519,0.9390096546438922,-0.7054689621240783,-0.010684955964216718,1.0827238783813993,1.4760884601739073,-0.8569976202127723,0.31282615517030443,0.07006391672287514,-0.9319198632808238,0.13385552033611367,0.2359184055970773,0.41369818995709984,-1.2308793895628372,-1.1537490068048057,-1.1840855844714389,0.8029413558851031,0.7965123248195869
0.4723804190932358,-0.8718984448823519,1.0834726782268538,1.051183823889466,-0.010684955964216718,0.20394108802576513,0.2696908587698917,-0.8569976202127723,0.6717197683338367,-0.3445319377748061,-1.0018260077197614,0.07426648706297366,0.07434628507539649,0.41369818995709984,-1.1834346233588495,-1.1226986277553583,-1.128291510836607,0.9207035168669964,0.905884336595824
0.4723804190932358,-0.8718984448823519,1.2279357018098151,-0.7054689621240783,-0.010684955964216718,1.2918618050785775,1.3366524225822973,-0.8873286545896748,0.6119041661399147,-0.4611789341321592,-1.054112876271347,-0.000997230689259086,-0.02736042799468233,0.41369818995709984,-1.152945412982629,-1.0988681914126996,-1.0974157879289368,0.7781699663267907,0.7719435837948999
0.4723804190932358,-0.8718984448823519,1.3723987253927767,1.168177118532515,-0.010684955964216718,0.17413255923796891,0.19125405250755742,-0.8569976202127723,0.31282615517030443,-0.6834651107437767,-1.1003393914464181,-0.06099543562598212,-0.09620183145129012,0.41369818995709984,-1.1124733045155473,-1.066683188470654,-1.062406420217443,0.929322587315155,0.9138192881498385
0.4723804190932358,-0.8718984448823519,1.5168617489757383,-0.7054689621240783,-0.010684955964216718,1.2546345578381821,1.2658991080395772,-0.8569976202127723,0.31282615517030443,-0.7493126679603447,-1.1338195444278776,-0.11291931973466696,-0.14446426527213355,0.41369818995709984,-1.0822270850841313,-1.0401750698604135,-1.0363211916981407,0.7847669817146088,0.7736887608739327
0.4723804190932358,-0.8718984448823519,1.6613247725587,1.2643959012351234,-0.010684955964216718,0.19164367382909758,0.1970175621672669,-1.0086529367270654,0.6119041661399147,-0.8429286052250056,-1.1713091148463908,-0.13800750979906648,-0.16355576018460222,0.41369818995709984,-1.045308869998457,-1.0178121793811148,-1.015180213680777,0.9362310204234742,0.925221849391357
0.4723804190932358,-0.7618205928701882,-1.6613247698494156,-0.7054689621240783,-0.010684955964216718,1.2582610593877726,1.2600258641576547,-1.766929519298531,1.0904289836912913,-0.937983398374313,-1.248281672256372,-0.22568021069042,-0.24458288526108382,0.41369818995709984,-1.0017637827011046,-0.9975298629756348,-0.9960626617837995,0.7883236240970719,0.7772469386334023
0.4723804190932358,-0.7618205928701882,-1.516861746266454,1.2513454947109546,-0.010684955964216718,0.13171100550270384,0.1332442140656463,-1.9185848358128244,1.0904289836912913,-1.087346806847974,-1.326877828471835,-0.28549940302432547,-0.2970528434119711,0.41369818995709984,-0.9602294635696451,-0.9826674517135434,-0.9827488343090189,0.953765098159389,0.9377485202319799
0.4723804190932358,-0.7618205928701882,-1.3723987226834924,-0.7054689621240783,-0.010684955964216718,1.3141911737212815,1.3121289724865095,-1.6759363438529333,1.0904289836912913,-1.1480302694901712,-1.3963326399674534,-0.4500273289510565,-0.4544224705214997,0.41369818995709984,-0.9300054439067712,-0.9537745576293831,-0.9548035794010186,0.7886728439686165,0.7832188989443578
0.4723804190932358,-0.7618205928701882,-1.2279356991005308,1.2722215522734335,-0.010684955964216718,0.12001291010560121,0.11986182696329907,-1.615274202784238,1.0904289836912913,-1.2612684282891056,-1.4176889102799415,-0.46416761969171294,-0.46575712853137063,0.41369818995709984,-0.9204354132504283,-0.9611255177708689,-0.9629241559869777,0.9644467259725777,0.9482040099155215
0.4723804190932358,-0.7618205928701882,-1.0834726755175694,-0.7054689621240783,-0.010684955964216718,1.2552316166440278,1.251703251820032,-2.0702401523271172,1.0904289836912913,-1.3062127741903224,-1.4697965160205764,-0.5564554359718966,-0.5554550405940984,0.41369818995709984,-0.906460417651283,-0.9673788573018052,-0.9695286257786537,0.8036279149521501,0.7925582703292624
0.4723804190932358,-0.7618205928701882,-0.9390096519346078,1.3260287115355145,-0.010684955964216718,0.16128123634809655,0.16023778464769603,-2.0702401523271172,0.6717197683338367,-1.3697023737158727,-1.5145758721647236,-0.6101626265810307,-0.6072407939117223,0.41369818995709984,-0.9101233794607456,-1.001623673755357,-1.004336019285992,0.9686695862646216,0.9576751353055707
0.4723804190932358,-0.7618205928701882,-0.7945466283516462,-0.7054689621240783,-0.010684955964216718,1.257301350426968,1.253037670270095,-2.0702401523271172,0.6717197683338367,-1.4026703013192225,-1.5443451438076814,-0.6597994115784797,-0.6552114344948504,0.41369818995709984,-0.9185259918539673,-1.0286294004550136,-1.0317856572359412,0.8097687843840434,0.7987019411477005
0.4723804190932358,-0.7618205928701882,-0.6500836047686848,1.3323600631286727,-0.010684955964216718,0.1579620939443323,0.15658118253529993,-2.0702401523271172,1.0904289836912913,-1.4556343790665702,-1.574729484504748,-0.6931605412159483,-0.6873631922540234,0.41369818995709984,-0.9217591951006728,-1.0504140070846149,-1.0539180858799264,0.9767401655021635,0.9657496272600574
0.4723804190932358,-0.7618205928701882,-0.5056205811857232,-0.7054689621240783,-0.010684955964216718,1.2567875434827824,1.2521874658664733,-1.7972605898328788,1.0904289836912913,-1.4543333215604626,-1.5672339700019793,-0.6894600949834194,-0.6832411935281376,0.41369818995709984,-0.9335014248485034,-1.0633494509204635,-1.0670795658595125,0.8156365782772083,0.80457247341426
0.4723804190932358,-0.7618205928701882,-0.3611575576027617,1.335646481334495,-0.010684955964216718,0.15557254477111307,0.15432293189641483,-1.4636188862699449,1.0904289836912913,-1.4032783533876296,-1.508881102001093,-0.5965713078223482,-0.6211177424295034,0.41369818995709984,-0.9614205294123004,-1.0838462572806118,-1.080311693468449,0.9826382011161632,0.9716502805822255
0.4723804190932358,-0.7618205928701882,-0.21669453401980013,-0.7054689621240783,-0.010684955964216718,1.3050961180668827,1.305426905080938,-1.1603082532413587,1.0904289836912913,-1.123836620194078,-1.3737402325944128,-0.22429414168003253,-0.4500581492504997,0.3068223209104241,-1.0178516171410703,-1.1553388571207523,-1.1046008252023,0.8094625869605911,0.8053201722708281
0.4723804190932358,-0.7618205928701882,-0.0722315104368386,1.2634366001025472,-0.010684955964216718,0.08966660792859617,0.10150917132905439,-1.0996461121726633,0.910982177109525,-0.5992241456889352,-1.180390822922435,0.05625270457373135,-0.22409531063368432,-0.5530153444633178,-1.1034177293649867,-1.2071992796156008,-1.1466733305199497,0.9845524300409082,0.9682336922746299
0.4723804190932358,-0.7618205928701882,0.07223151314612293,-0.7054689621240783,-0.010684955964216718,1.244731370476153,1.2653042164968062,-0.553686987184186,0.31282615517030443,0.08076469663300576,-0.9885344466227657,0.20019332873547607,-0.0020347873281531164,-1.4773732715330026,-1.203589600176845,-1.2482476442852086,-1.2087308799440557,0.8073341458465996,0.8033625085614141
0.4723804190932358,-0.7618205928701882,0.21669453672908448,1.728330219306748,-0.010684955964216718,0.22318162339210063,-0.6983308925851475,-0.40203167066989287,0.013748144200694123,1.2483283512206682,-0.9041736500929469,0.26021284469634404,0.10750758035815916,-3.526105680761619,-1.2068100144264555,-1.2126455388406814,-1.1840124446711144,0.9947714315294218,0.9773796332071912
0.4723804190932358,-0.7618205928701882,0.361157560312046,-0.7054689621240783,-0.010684955964216718,1.12223466532218,1.4623975700313652,-0.5840180215610886,0.25301055297638236,1.35932160051292,-0.8485993556617984,0.2851654966471817,0.5708442178563508,-3.200268297649081,-1.2090990036046216,-1.187550536847531,-1.2601672300979216,0.823129504644757,0.8190186956082208
0.4723804190932358,-0.7618205928701882,0.5056205838950075,1.6108943221026244,-0.010684955964216718,0.42358220413845266,-0.6983308925851475,-0.7053423036984792,0.31282615517030443,1.5521403296905767,-0.8061147752255512,0.3712321987589719,0.9356897373035385,-2.6831772658102215,-1.1895530726105445,-1.161907047252147,-1.2975750414837617,0.941171221534129,0.9260699517666201
0.4723804190932358,-0.7618205928701882,0.6500836074779691,-0.7054689621240783,-0.010684955964216718,1.1155911247153043,1.4951847302366155,-0.8569976202127723,0.6717197683338367,1.3553896642553875,-0.7922049691585048,0.3540844962909803,1.429575785212415,-1.6522769047156813,-1.1785062747424817,-1.137057514705613,-1.383122169180097,0.8062911664982855,0.8006360407659922
0.4723804190932358,-0.7618205928701882,0.7945466310609306,1.5751260428996445,-0.010684955964216718,0.435129826000244,-0.6983308925851475,-0.8873286545896748,0.910982177109525,0.27038262366838717,-0.8588208646814866,0.2532057799574849,0.8683701865091527,0.41369818995709984,-1.1271237039424058,-1.09104888159086,-1.2427102225564604,0.9211079998831617,0.9058466340500283
0.4723804190932358,-0.7618205928701882,0.9390096546438922,-0.7054689621240783,-0.010684955964216718,1.078102138667417,1.4806845109021642,-1.0086529367270654,1.0904289836912913,0.02787553839243643,-0.956236087251295,0.105671264683936,0.1575928834284078,0.41369818995709984,-1.0617880960098949,-1.0366758932178057,-1.054913220585379,0.8028013079159991,0.796289592932196
0.4723804190932358,-0.7618205928701882,1.0834726782268538,1.0480005659887177,-0.010684955964216718,0.2034751088556395,0.27402950047259456,-1.0086529367270654,1.0904289836912913,-0.3946383714778907,-1.0388049614307038,0.010410134315049103,-0.024331815423913442,0.41369818995709984,-0.9933377640301808,-0.9855506958183223,-0.9805968988505813,0.9206235923190759,0.905794588144419
0.4723804190932358,-0.7618205928701882,1.2279357018098151,-0.7054689621240783,-0.010684955964216718,1.2892425249158908,1.3393824674917572,-0.9176596889665775,1.0904289836912913,-0.49716036511083805,-1.0873837716801809,-0.06388094829520818,-0.11504513441443776,0.41369818995709984,-0.9455071561968565,-0.9420836718554764,-0.9318335645992429,0.7790854984230153,0.7728273396645569
0.4723804190932358,-0.7618205928701882,1.3723987253927767,1.1656853037896027,-0.010684955964216718,0.17418890140697124,0.19421142647908043,-0.8569976202127723,1.0904289836912913,-0.7024919897688285,-1.122972379967607,-0.09528061127037574,-0.14611105239533126,0.41369818995709984,-0.8896233410230182,-0.8957938568242224,-0.8848821470012778,0.9303202040822169,0.9148175859928639
0.4723804190932358,-0.7618205928701882,1.5168617489757383,-0.7054689621240783,-0.010684955964216718,1.2533668590356297,1.2676733018443735,-0.8569976202127723,1.0904289836912913,-0.7559109359501883,-1.1427936242414414,-0.11169862427164429,-0.1560068678881924,0.41369818995709984,-0.8686474553726253,-0.8806171328000745,-0.8712625409835107,0.7860950972879367,0.7750173658029509
0.4723804190932358,-0.7618205928701882,1.6613247725587,1.2628194323643644,-0.010684955964216718,0.19165208310805315,0.19861358197229056,-1.2816325353787492,1.0904289836912913,-0.853340409894705,-1.1882131038876846,-0.1343386038822721,-0.16967419482715498,0.41369818995709984,-0.8390706072231229,-0.8689501270512111,-0.8618770250953462,0.9373310630188397,0.9263223948993392
0.4723804190932358,-0.6517427408580244,-1.6613247698494156,-0.7054689621240783,-0.010684955964216718,1.2574600755672543,1.2608689416012855,-1.4636188862699449,0.6717197683338367,-0.9464733839103121,-1.2578348274100348,-0.23725039191919559,-0.2628878800098257,0.41369818995709984,-0.8068553648427467,-0.8569466495981339,-0.8520039105383514,0.7893343816118775,0.77825814550026
0.4723804190932358,-0.6517427408580244,-1.516861746266454,1.2962358360208805,-0.010684955964216718,0.17609901656373594,0.17836683191222585,-1.615274202784238,1.0904289836912913,-1.0474147097350681,-1.3200506678350918,-0.29604495021221194,-0.3141294557088369,0.41369818995709984,-0.7839051476030903,-0.8649853974879391,-0.8620083516701512,0.9476254887991972,0.9366215419609126
0.4723804190932358,-0.6517427408580244,-1.3723987226834924,-0.7054689621240783,-0.010684955964216718,1.2577693268008454,1.2567994474464748,-1.4636188862699449,0.910982177109525,-1.114967354655013,-1.3685899555750678,-0.37917925540165714,-0.39078639011011157,0.41369818995709984,-0.7635281730996728,-0.864623324675796,-0.8631090243985907,0.7950558271774312,0.7839823754967209
0.4723804190932358,-0.6517427408580244,-1.2279356991005308,1.3149476800875173,-0.010684955964216718,0.16691424441447986,0.16714244637183273,-1.4636188862699449,0.6717197683338367,-1.1936020662606575,-1.4015316143645764,-0.43668662783631856,-0.44347938562086164,0.41369818995709984,-0.7544730805527761,-0.8770118944246167,-0.8767303641005136,0.9574486477632125,0.9464492022948996
0.4723804190932358,-0.6517427408580244,-1.0834726755175694,-0.7054689621240783,-0.010684955964216718,1.2574905592034684,1.254518191399972,-1.4636188862699449,1.0904289836912913,-1.239701644199431,-1.4275102538909323,-0.5005642916083881,-0.503489851205006,0.41369818995709984,-0.7440498066185504,-0.8789803829754843,-0.8795371987488201,0.8014083886551681,0.7903377133249795
0.4723804190932358,-0.6517427408580244,-0.9390096519346078,1.3253372683776785,-0.010684955964216718,0.16157256530591363,0.16083246657399655,-1.4029567452012495,0.7913509727216809,-1.2969000119280958,-1.4503108601979513,-0.5342203658200229,-0.5345272606511802,0.41369818995709984,-0.7337664877468734,-0.8854893033149923,-0.8867085832594562,0.9661501629026946,0.955154802081184
0.4723804190932358,-0.6517427408580244,-0.7945466283516462,-0.7054689621240783,-0.010684955964216718,1.2570345660521025,1.253088607072383,-1.615274202784238,1.0904289836912913,-1.336351152564451,-1.4816091589272278,-0.6003697847659438,-0.598107162479445,0.41369818995709984,-0.7231130118649384,-0.8874825324323462,-0.8891582789716594,0.8073640275469482,0.7962961498966822
0.4723804190932358,-0.6517427408580244,-0.6500836047686848,1.3312007207088656,-0.010684955964216718,0.15842449917090182,0.1572062064456794,-1.615274202784238,1.0904289836912913,-1.3887573475559665,-1.5090713040780663,-0.6343625731590687,-0.6304685418174365,0.41369818995709984,-0.7173724412821245,-0.9002265057971269,-0.9023238764511157,0.9735286027556544,0.9625365097566745
0.4723804190932358,-0.6517427408580244,-0.5056205811857232,-0.7054689621240783,-0.010684955964216718,1.3049277222557973,1.3056964718617707,-1.4332878518930423,0.910982177109525,-1.2010973615593394,-1.4905553612564113,-0.13695730252920338,-0.6710185785103917,0.08028539713829447,-0.7270252384668368,-1.0403934322515753,-0.9013469454292993,0.8045690085028899,0.8002438523276607
0.4723804190932358,-0.6517427408580244,-0.3611575576027617,1.2594061718356075,-0.010684955964216718,0.07422370293859694,0.09988432925936161,-1.1603082532413587,0.6717197683338367,-0.5120833943672677,-1.3930942643452178,0.6916511187469692,-0.4936049360342434,-1.4547160693134547,-0.7647754622691795,-1.2193134442117841,-0.9306999518718424,0.9818915186279327,0.9656135702469686
0.4723804190932358,-0.6517427408580244,-0.21669453401980013,-0.7054689621240783,-0.010684955964216718,1.2260562540035926,1.3076980995368654,-0.7053423036984792,0.6717197683338367,0.0009834490039841498,-1.2182847933042347,1.0072639765697975,-0.3162843655390905,-2.0877056048947016,-0.8148805811707511,-1.2386406671832122,-0.9195070702512137,0.8012645604709597,0.7974747642630784
0.4723804190932358,-0.6517427408580244,-0.0722315104368386,-0.7054689621240783,-0.010684955964216718,-0.6991224441542135,-0.6983308925851475,-0.2503763541555997,-0.16569866238107206,0.6460377266696413,-1.0565738582468807,0.9414657633017853,-0.22485162529006128,-2.8408159845472807,-0.8254517731279808,-1.1454242364528826,-0.8524202114462728,-1.2740310493992413,-1.2860490588430924
0.4723804190932358,-0.6517427408580244,0.07223151314612293,-0.7054689621240783,-0.010684955964216718,-0.6991224441542135,2.884090885594964,0.05293427887298657,-1.122748297483825,0.9708519172317152,-0.9106115845870155,0.657330140582012,-0.056222803939036343,-2.9807381891249562,-0.8980838658559152,-1.07654800530251,-0.8981699692137207,0.7054112661621714,0.6993002036830255
0.4723804190932358,-0.6517427408580244,0.21669453672908448,-0.7054689621240783,-0.010684955964216718,-0.6991224441542135,-0.6983308925851475,0.35624491190157287,-1.6012731150352015,1.2862777571006163,-0.7667454154488983,0.3363571339662461,0.2429985840432491,-2.7924328079599934,-0.9442504562559026,-0.9719681248173361,-0.954041408504007,-1.2740310493992413,-1.2860490588430924
0.4723804190932358,-0.6517427408580244,0.361157560312046,1.2879566384586967,-0.010684955964216718,0.8034420535960568,-0.6983308925851475,0.20458959538727972,-1.4816419106473573,1.5453922226871761,-0.6882494770253841,-0.041812104131665015,0.5646712816033053,-2.831994580812106,-0.97223784923815,-0.8624573418637594,-1.0298476150602305,1.0800439037611373,1.0548809043827863
0.4723804190932358,-0.6517427408580244,0.5056205838950075,-0.7054689621240783,-0.010684955964216718,2.916477316198175,-0.6983308925851475,0.05293427887298657,-1.122748297483825,1.5970525672317455,-0.6270051139990429,0.05533206833066956,0.8803655717354593,-2.2549039642047197,-0.9929048685436079,-0.8788158044245101,-1.0995742247029587,0.7125565927503632,0.722465139592243
0.4723804190932358,-0.6517427408580244,0.6500836074779691,1.7425428387983433,-0.010684955964216718,0.26540009304058865,-0.6983308925851475,-0.2503763541555997,0.013748144200694123,1.3911262689887012,-0.6191669534540828,0.38248612438943647,1.3982692216590378,-0.7757604685662564,-0.9643028797953064,-0.9299644515783154,-1.1901041773737004,0.9075741097686203,0.8894814752181502
0.4723804190932358,-0.6517427408580244,0.7945466310609306,-0.7054689621240783,-0.010684955964216718,0.8084586089570033,1.749749889137889,-0.462693739423698,0.3726417573642265,0.8254592426173112,-0.6950826366144623,0.33670833964415486,0.2498540481569275,0.41369818995709984,-0.8985698477455237,-0.8904795831429623,-0.8722717618727296,0.8600398849441061,0.8508007122831589
0.4723804190932358,-0.6517427408580244,0.9390096546438922,1.5787859911144484,-0.010684955964216718,0.44599051488735214,-0.6983308925851475,-0.553686987184186,0.7315353705277589,-0.004869637463081107,-0.7823278705787536,0.25292362199780577,-0.024571622510081742,0.41369818995709984,-0.8247891582973625,-0.8398982479354562,-0.7648685114447463,0.9336122314073757,0.9199465665570612
0.4723804190932358,-0.6517427408580244,1.0834726782268538,-0.7054689621240783,-0.010684955964216718,0.9800306047038504,1.6317259643730933,-0.7053423036984792,0.6717197683338367,-0.17061633665118356,-0.8774267917881661,0.14082507767247773,-0.34460340235114706,0.41369818995709984,-0.7608629943654491,-0.7987372599044954,-0.6572819239172829,0.8373735351681869,0.8300423872455205
0.4723804190932358,-0.6517427408580244,1.2279357018098151,1.02793992335939,-0.010684955964216718,0.18061485192087154,0.3523307896868664,-0.7660043724522843,0.31282615517030443,-0.4110825342915896,-0.9557046506503267,0.06262299591113944,-0.3677900644274129,0.41369818995709984,-0.7109526060422858,-0.7768330380143169,-0.6503744928193735,0.9445417333252638,0.9303473465681709
0.4723804190932358,-0.6517427408580244,1.3723987253927767,-0.7054689621240783,-0.010684955964216718,1.240683984514836,1.3877244274936433,-0.8569976202127723,0.31282615517030443,-0.538827651514666,-1.0270526609269512,-0.09243431088557637,-0.41603824398089667,0.41369818995709984,-0.6613153713929242,-0.7376198855395917,-0.6411489092945855,0.8003306673299425,0.7942130842414695
0.4723804190932358,-0.6517427408580244,1.5168617489757383,1.1492555450804318,-0.010684955964216718,0.16061606238271078,0.22718462130174058,-0.8569976202127723,0.31282615517030443,-0.7562326884748349,-1.0830348841168778,-0.14638700449286032,-0.3765857858746348,0.41369818995709984,-0.6206818320002475,-0.7301805047648374,-0.6621980020516893,0.9473770746637685,0.9320226509943974
0.4723804190932358,-0.6517427408580244,1.6613247725587,-0.7054689621240783,-0.010684955964216718,1.2841313651666941,1.3432521971503522,-0.8873286545896748,0.6119041661399147,-0.8159401907564096,-1.1295800495248005,-0.229502555981058,-0.38997305838429597,0.41369818995709984,-0.5801293700231163,-0.7046751320710554,-0.6570132028731275,0.7932424039888021,0.7874483459431032
0.4723804190932358,-0.5416648888458606,-1.6613247698494156,1.212093447153315,-0.010684955964216718,0.1417858998294072,0.17044112836115582,-1.1603082532413587,0.31282615517030443,-0.9749795873153391,-1.1896489707730369,-0.26719920037057504,-0.3770586921564492,0.41369818995709984,-0.5509962759426258,-0.71731992803453,-0.6854339206608672,0.9548377791978089,0.9390334803661368
0.4723804190932358,-0.5416648888458606,-1.516861746266454,-0.7054689621240783,-0.010684955964216718,1.301371017721538,1.325292467589724,-1.0086529367270654,0.6717197683338367,-1.0079990220795991,-1.2253106251271302,-0.3363688176583182,-0.41056628228742,0.41369818995709984,-0.5297467540147672,-0.7093588440099557,-0.6878903343991744,0.7931448384370613,0.7875960825491831
0.4723804190932358,-0.5416648888458606,-1.3723987226834924,-0.7054689621240783,-0.010684955964216718,1.2919049026332248,1.3049242447851084,-1.2513014286869564,0.7913509727216809,-1.09500130609856,-1.2634043253337295,-0.3113778058640197,-0.3705788699120135,0.41369818995709984,-0.5166889466789795,-0.7346292888897982,-0.7182883189666506,0.7316405586790611,0.720538006748718
0.4723804190932358,-0.5416648888458606,-1.2279356991005308,1.3949085781196695,-0.010684955964216718,0.04280626885462592,0.0507326732367432,-1.3119635697556518,1.0904289836912913,-1.254324995428747,-1.3140690065980298,-0.2790310809758506,-0.31761588180774525,0.41369818995709984,-0.4900402962605593,-0.7582231839033116,-0.7485827159058154,0.9547342733080469,0.9371284772777527
0.4723804190932358,-0.5416648888458606,-1.0834726755175694,-0.7054689621240783,-0.010684955964216718,1.2467275230682318,1.2509368940045384,-1.1603082532413587,0.6717197683338367,-1.2770336330726249,-1.334955947110194,-0.3096754812553212,-0.3389050493525465,0.41369818995709984,-0.47906830196041017,-0.7555933692534968,-0.7485580109065947,0.7869514060141932,0.7758740741941021
0.4723804190932358,-0.5416648888458606,-0.9390096519346078,1.381692218061251,-0.010684955964216718,0.12997480474633907,0.13284772451203422,-1.1906392876182612,0.910982177109525,-1.3203545000189199,-1.365412628114829,-0.35456246519134393,-0.3750262013282256,0.41369818995709984,-0.4643336881941906,-0.7532126813514312,-0.7485356897230883,0.961799135317589,0.9508017972829016
0.4723804190932358,-0.5416648888458606,-0.7945466283516462,-0.7054689621240783,-0.010684955964216718,1.2523535409214832,1.2519076278785948,-1.4636188862699449,1.0904289836912913,-1.3430597930419592,-1.3988169119932288,-0.42905472386952953,-0.44227364229949795,0.41369818995709984,-0.4479391591257778,-0.747340346544384,-0.7443908843275114,0.7982983516857473,0.7872262287711328
0.4723804190932358,-0.5416648888458606,-0.6500836047686848,1.3633942710794942,-0.010684955964216718,0.14028699841356998,0.14086487324828176,-1.3119635697556518,0.6717197683338367,-1.375882564100926,-1.4211824178161878,-0.46446085938394743,-0.4725287440135217,0.41369818995709984,-0.4463612864464579,-0.7601596172854274,-0.7586831597977448,0.9695689174389706,0.9585748737761628
0.4723804190932358,-0.5416648888458606,-0.5056205811857232,-0.7054689621240783,-0.010684955964216718,1.3041568016075453,1.3063324482327245,-1.0086529367270654,0.7913509727216809,-1.1688164190761812,-1.383971269361927,0.040264321819224964,-0.4684285459318329,0.34622849075235396,-0.45774831989761333,-0.8942130421934273,-0.7520058752715234,0.7974919057968195,0.7932867081026522
0.4723804190932358,-0.5416648888458606,-0.3611575576027617,-0.7054689621240783,-0.010684955964216718,1.2648871507408155,1.293960674537912,-0.7053423036984792,0.31282615517030443,-0.7810484372468564,-1.2399434813903147,0.8714590489856285,-0.243186805546153,-0.3522664022735116,-0.5281587466585042,-1.0885368535510562,-0.7987880419537745,0.7395359879501016,0.7310496404406727
0.4723804190932358,-0.5416648888458606,-0.21669453401980013,-0.7054689621240783,-0.010684955964216718,-0.6991224441542135,-0.6983308925851475,-0.40203167066989287,0.013748144200694123,-0.04058015415385582,-1.0890070176061135,1.0843919827142305,-0.12660199129785624,-1.7143484664092739,-0.5916940016226093,-1.113215245918113,-0.8022558436864954,-1.2740310493992413,-1.2860490588430924
0.4723804190932358,-0.5416648888458606,-0.0722315104368386,-0.7054689621240783,-0.010684955964216718,-0.6991224441542135,2.8849599554809147,-0.03805896888750143,-0.5245922755446044,0.3330929265386081,-0.9359081079449305,0.9508323846339732,0.03903762633921767,-2.0941683945807896,-0.6503730572181087,-1.0507255230869816,-0.8151670230160819,0.6789762219374593,0.6708114224212861
0.4723804190932358,-0.5416648888458606,0.07223151314612293,-0.7054689621240783,-0.010684955964216718,-0.6991224441542135,-0.6983308925851475,0.20458959538727972,-0.8236702865142147,0.8987726624691837,-0.7836568149607237,0.6063106963380388,0.2586908554335979,-2.423626765035551,-0.7036307845545043,-0.9287947606219146,-0.8403771744577236,-1.2740310493992413,-1.2860490588430924
0.4723804190932358,-0.5416648888458606,0.21669453672908448,1.4216918638645322,-0.010684955964216718,0.6274084097833439,-0.6983308925851475,0.20458959538727972,-0.8236702865142147,1.2731628298693842,-0.6772149335245331,0.15442406839985245,0.3647342197262727,-2.6835364396758314,-0.7389161101431672,-0.7773997045545339,-0.8424727651810964,1.0987493081486712,1.071354662938967
0.4723804190932358,-0.5416648888458606,0.361157560312046,-0.7054689621240783,-0.010684955964216718,2.91609595539754,-0.6983308925851475,-0.007727789880818559,-0.10588306018714999,1.4194786198351652,-0.6093258485883415,0.17638550500170508,0.5197829167151234,-2.319430075637887,-0.7546359592893628,-0.7554993551008489,-0.8586547563811964,0.709456636354554,0.7207822536758294
0.4723804190932358,-0.5416648888458606,0.5056205838950075,1.8102206635668519,-0.010684955964216718,0.2020467928250356,-0.6983308925851475,-0.09872103764130656,0.013748144200694123,1.5423813950085177,-0.5639455385720501,0.48101721830312427,0.7595321473276703,-2.0537408606193894,-0.7558644269159751,-0.8154035811664802,-0.8992734591789134,0.9195296700719745,0.9009912018479901
0.4723804190932358,-0.5416648888458606,0.6500836074779691,-0.7054689621240783,-0.010684955964216718,0.8337733767449222,1.777970764153668,-0.2503763541555997,0.013748144200694123,1.3522323421840106,-0.562799385796522,0.5641216880587666,1.267090553093401,-0.6161410288048405,-0.7284761863825349,-0.8108328152919739,-1.0073103711658566,0.8562204276067692,0.8477603298129596
0.4723804190932358,-0.5416648888458606,0.7945466310609306,1.558439728996985,-0.010684955964216718,0.41142963977179486,-0.6983308925851475,-0.37170063629299027,0.5520885639459927,0.360875353994222,-0.6380940009504577,0.44783765859137065,0.701041018946802,0.41369818995709984,-0.6681538653112489,-0.7578342191710746,-0.8361339824863029,0.9095695233129873,0.8957388683893961
0.4723804190932358,-0.5416648888458606,0.9390096546438922,-0.7054689621240783,-0.010684955964216718,0.9722058757516777,1.586389694939139,-0.40203167066989287,0.3726417573642265,0.1336665644327607,-0.7362573281643917,0.29458752664214644,-0.1348560505854113,0.41369818995709984,-0.5998480731288912,-0.7027490251862557,-0.5731754877544514,0.8312686677849064,0.8241538233266239
0.4723804190932358,-0.5416648888458606,1.0834726782268538,1.0163377081092357,-0.010684955964216718,0.18129920955387466,0.3342556662593266,-0.553686987184186,0.7315353705277589,-0.26363826925495826,-0.8249387818935843,0.20523125484334198,-0.11514156034069423,0.41369818995709984,-0.5391225366963659,-0.6677230522378185,-0.5706187370456249,0.936849715628886,0.9224558349038775
0.4723804190932358,-0.5416648888458606,1.2279357018098151,-0.7054689621240783,-0.010684955964216718,1.2420927489718683,1.369157019785555,-0.7053423036984792,0.6717197683338367,-0.3947306830130284,-0.9066014613908636,0.05214820132341421,-0.20112246256781333,0.41369818995709984,-0.4758143467561544,-0.6131227733561313,-0.5342360747721857,0.7932802061398456,0.7877921767683488
0.4723804190932358,-0.5416648888458606,1.3723987253927767,1.146036046515988,-0.010684955964216718,0.16773110074902672,0.22413103337034024,-0.7053423036984792,0.6717197683338367,-0.5962333857353067,-0.9636126813460117,0.03227354020583497,-0.16476653442385755,0.41369818995709984,-0.434795930941469,-0.6029466556572693,-0.5419648387389246,0.9389252337314166,0.9235762562104586
0.4723804190932358,-0.5416648888458606,1.5168617489757383,-0.7054689621240783,-0.010684955964216718,1.2891456079759278,1.3382499097026133,-0.7053423036984792,0.6717197683338367,-0.6874398581480398,-1.0182010303169307,-0.08839288826672828,-0.2221810463759143,0.41369818995709984,-0.3865698294055288,-0.559715420049806,-0.5174607301697491,0.7858310222613615,0.7799916429863015
0.4723804190932358,-0.5416648888458606,1.6613247725587,1.2108748996888568,-0.010684955964216718,0.14499871741237694,0.16876189081741477,-0.7963355514589672,0.910982177109525,-0.8541845921942978,-1.0659413987577087,-0.1087815712866837,-0.20163980862433725,0.41369818995709984,-0.33926405305676194,-0.5458682325550964,-0.5166933582202701,0.9462449902451376,0.9304713141779882
0.4723804190932358,-0.43158703683369687,-1.6613247698494156,-0.7054689621240783,-0.010684955964216718,1.3037592529449207,1.3229269457221522,-0.8569976202127723,1.0904289836912913,-0.8971000910949879,-1.1115267317920363,-0.19003794902847604,-0.2534968332787594,0.41369818995709984,-0.3011359505855378,-0.5171179732151138,-0.4967002958245927,0.7858963659795938,0.7802951074989289
0.4723804190932358,-0.43158703683369687,-1.516861746266454,1.285407053944943,-0.010684955964216718,0.16599684463842043,0.17587344399775823,-0.8569976202127723,0.6717197683338367,-0.9636955055310049,-1.1430109980436967,-0.19547226018543798,-0.24622044903481352,0.41369818995709984,-0.2771628548801164,-0.5193388155441417,-0.5031461335160093,0.9337367984955762,0.9227265145940738
0.4723804190932358,-0.43158703683369687,-1.3723987226834924,-0.7054689621240783,-0.010684955964216718,1.2462185514594457,1.2526245162070924,-0.8266665858358697,0.910982177109525,-1.0134186456860177,-1.1770681090879604,-0.24903879803521548,-0.28680905609827134,0.41369818995709984,-0.2439389708420621,-0.5028172803799421,-0.49040615549681216,0.7891061286236721,0.7780298811740838
0.4723804190932358,-0.43158703683369687,-1.2279356991005308,1.3010438238742397,-0.010684955964216718,0.157987321781199,0.1618464862491741,-0.8569976202127723,1.0904289836912913,-1.0815586060251723,-1.213794401041736,-0.2946230786812609,-0.3214997504200934,0.41369818995709984,-0.19898443954411227,-0.4816329014068349,-0.4723446339612611,0.9421697383524064,0.9311632788364236
0.4723804190932358,-0.43158703683369687,-1.0834726755175694,-0.7054689621240783,-0.010684955964216718,1.254418649600998,1.2550271401899111,-0.8569976202127723,0.6717197683338367,-1.1186103156721146,-1.2421052215081982,-0.34593064797167383,-0.3643002843832434,0.41369818995709984,-0.1674252968448908,-0.47048222052377286,-0.46363395463075774,0.8000343704698588,0.7889630047394176
0.4723804190932358,-0.43158703683369687,-0.9390096519346078,1.3222839027567106,-0.010684955964216718,0.16175604526112553,0.1627999791685465,-0.9479908679732603,0.910982177109525,-1.1721777630186958,-1.2728703192387607,-0.37264614783978167,-0.3849077625537271,0.41369818995709984,-0.14472313788851016,-0.4771185009968453,-0.4722271768597029,0.9624739937188368,0.9514767548147007
0.4723804190932358,-0.43158703683369687,-0.7945466283516462,-0.7054689621240783,-0.010684955964216718,1.2557168320397643,1.253560244130605,-1.0086529367270654,1.0904289836912913,-1.197226966325232,-1.297601176679443,-0.40574302077785296,-0.4133944966288384,0.41369818995709984,-0.12180501379250704,-0.4756054540046866,-0.47205640897035256,0.8033967818000556,0.7923269324259833
0.4723804190932358,-0.43158703683369687,-0.6500836047686848,1.3298384664542084,-0.010684955964216718,0.15831144692694285,0.15799300186702905,-1.1603082532413587,1.0904289836912913,-1.2454169322879576,-1.3317186301266055,-0.4298031670375001,-0.4340883388897953,0.41369818995709984,-0.10063536277103396,-0.4849150064704454,-0.48243467574825544,0.9676329072748147,0.9566381103910486
0.4723804190932358,-0.43158703683369687,-0.5056205811857232,-0.7054689621240783,-0.010684955964216718,1.2554313370192227,1.2525368965224983,-0.9479908679732603,1.030613381497369,-1.2089746125577576,-1.3194165432853306,-0.37076822039212876,-0.4398252622588985,0.41369818995709984,-0.10912194820178488,-0.5148065588992098,-0.49125175994382353,0.8067491125566408,0.7956808197606795
0.4723804190932358,-0.43158703683369687,-0.3611575576027617,1.2862212130135104,-0.010684955964216718,0.10866784675065218,0.11336177743099937,-0.7053423036984792,1.0904289836912913,-0.9579768728216402,-1.1963656801109068,0.002163620411919719,-0.3153628690786046,0.16525049043532164,-0.16229980463179497,-0.606026748617135,-0.5050189458253566,0.977133847903745,0.9611284016332611
0.4723804190932358,-0.43158703683369687,-0.21669453401980013,-0.7054689621240783,-0.010684955964216718,1.2956125537247365,1.3147533706949277,-0.553686987184186,0.7315353705277589,-0.6548819810594683,-1.026752713310203,0.26359959265345934,-0.16479168901331578,-0.21860575642138663,-0.24565076603813107,-0.6599278375763828,-0.5274539023545358,0.7979241103904168,0.7939044971003373
0.4723804190932358,-0.43158703683369687,-0.0722315104368386,1.2513257596960707,-0.010684955964216718,0.0821360986238815,0.10904587911532632,-0.12905207201820915,-0.04606745799322794,-0.10254928904630443,-0.8225907213737678,0.4891870125193319,0.10690219323853149,-1.1433930542033803,-0.3478493309367928,-0.7001609467964265,-0.5869463577148155,0.9601999243182063,0.9439819395018231
0.4723804190932358,-0.43158703683369687,0.07223151314612293,-0.7054689621240783,-0.010684955964216718,1.2719076372768747,1.3084015724112625,0.20458959538727972,-0.5844078777385264,0.08587594619813096,-0.6256973423900197,0.532751860517402,0.27667470992358983,-1.1036990772899846,-0.44585334609013916,-0.6903925106061868,-0.6169904540039808,0.7756050003733683,0.7714446397785274
0.4723804190932358,-0.43158703683369687,0.21669453672908448,2.3154013421547317,-0.010684955964216718,-0.6991224441542135,-0.6983308925851475,0.507900228415866,-1.3620107062595133,0.4074458545470315,-0.46803640591786777,0.5752272889611824,0.4281154002978176,-1.1847378269616475,-0.5141502101047136,-0.6820241753437116,-0.6426010864856218,1.0782148196813617,1.053725444297232
0.4723804190932358,-0.43158703683369687,0.361157560312046,-0.7054689621240783,-0.010684955964216718,1.25758957846317,1.2828975364673134,0.416906980655378,-1.5414575128412795,0.4746847740323418,-0.3767965754575857,0.4953297021188719,0.5639090975427213,-0.9610965231158517,-0.5666557996308264,-0.6680543606933743,-0.6940618165729292,0.8149060967108536,0.8128959251140825
0.4723804190932358,-0.43158703683369687,0.5056205838950075,1.5798724933884116,-0.010684955964216718,0.3747221910868409,-0.6983308925851475,0.35624491190157287,-1.122748297483825,0.4632254341160796,-0.36240755896284,0.4971914331881746,0.6684784028931449,-0.3455965318896614,-0.5588125248841351,-0.6536220050174234,-0.7106492731549764,0.919074424167265,0.9039123295265965
0.4723804190932358,-0.43158703683369687,0.6500836074779691,-0.7054689621240783,-0.010684955964216718,1.1099812947240424,1.4723386311363358,0.05293427887298657,-0.2853298667689162,0.34777514309467844,-0.4428577443293575,0.40611237819749246,0.657297187878969,0.3922787921343443,-0.49119589073391345,-0.6031740537335827,-0.6850210871212575,0.8025516337088691,0.796559862812112
0.4723804190932358,-0.43158703683369687,0.7945466310609306,1.6417252594001435,-0.010684955964216718,0.3455396805592935,-0.6983308925851475,-0.22004531977869715,0.31282615517030443,-0.1394718963288874,-0.5861402506932372,0.2933446677140131,0.40738634161161924,0.41369818995709984,-0.3879565910339202,-0.5496511727385343,-0.5895041919762394,0.9277597383848714,0.9119800596114568
0.4723804190932358,-0.43158703683369687,0.9390096546438922,-0.7054689621240783,-0.010684955964216718,1.0920045688687423,1.5191179003519795,-0.40203167066989287,0.7315353705277589,-0.29985181691981677,-0.7184439685250263,0.15934691497733564,-0.0311923104554835,0.41369818995709984,-0.28618923250900746,-0.48566432293193956,-0.42355204378979283,0.8185009012648463,0.8128686727304366
0.4723804190932358,-0.43158703683369687,1.0834726782268538,1.1079693557159567,-0.010684955964216718,0.17169218648506193,0.2650866329992922,-0.40203167066989287,1.0904289836912913,-0.5107963842686809,-0.8088510032493951,0.11355293385370387,-0.0787814397651621,0.41369818995709984,-0.20631567180334098,-0.4458989179861677,-0.3815461769568835,0.9437284470470996,0.9290130042952273
0.4723804190932358,-0.43158703683369687,1.2279357018098151,-0.7054689621240783,-0.010684955964216718,1.2759855068744055,1.3514333183705083,-0.3868660811665514,0.5520885639459927,-0.611284848431928,-0.8740666727214854,0.010491116206799909,-0.1470241639926644,0.41369818995709984,-0.1419083520184587,-0.39216154703645095,-0.3377021714977438,0.7904756465529048,0.7846458583406692
0.4723804190932358,-0.43158703683369687,1.3723987253927767,1.196527185049921,-0.010684955964216718,0.14872092706808043,0.18218017474030443,-0.553686987184186,0.7315353705277589,-0.7847529392873829,-0.9439890496196822,-0.04930420778006321,-0.16440179287671347,0.41369818995709984,-0.07736276628385164,-0.3645089083070176,-0.324035756007769,0.9461683058815923,0.9305413917359346
0.4723804190932358,-0.43158703683369687,1.5168617489757383,-0.7054689621240783,-0.010684955964216718,1.2431050159261452,1.27100829988718,-0.553686987184186,0.7315353705277589,-0.822698331622325,-0.9825545497834494,-0.08061265957189039,-0.17444350498843225,0.41369818995709984,-0.042753568428397816,-0.35166360618732345,-0.31830939724102636,0.7939966469072413,0.7829226061116372
0.4723804190932358,-0.43158703683369687,1.6613247725587,1.2810592507568275,-0.010684955964216718,0.17736640001832757,0.19122690717465085,-0.553686987184186,0.7913509727216809,-0.8866735700935998,-1.0185390889249837,-0.09330380067069029,-0.16594963861470885,0.41369818995709984,-0.006550330670881423,-0.3439985484191419,-0.3179962505403776,0.9471841036832037,0.9361799713837945
0.4723804190932358,-0.3215091848215331,-1.6613247698494156,-0.7054689621240783,-0.010684955964216718,1.251708338993617,1.2620469861644892,-0.553686987184186,0.7315353705277589,-0.9318767896477028,-1.051540384358293,-0.14050345694692287,-0.19444559603928824,0.41369818995709984,0.02482711174885881,-0.3266392761601796,-0.3067686952366321,0.7939898065180048,0.7829158442420109
0.4723804190932358,-0.3215091848215331,-1.516861746266454,-0.7054689621240783,-0.010684955964216718,1.2718065156974339,1.2766042211788677,-0.553686987184186,0.7315353705277589,-1.012530314391359,-1.080771514688849,-0.1291293371402808,-0.16903275279597055,0.41369818995709984,0.05820398114838869,-0.32717453293772697,-0.3124155212427256,0.7087526162939297,0.6976396524268929
0.4723804190932358,-0.3215091848215331,-1.3723987226834924,1.4425451364552817,-0.010684955964216718,0.07819735003507203,0.08190059861288179,-0.6143490559379912,0.6717197683338367,-1.098733234029961,-1.1071757269514384,-0.09002787003912875,-0.11993434811879915,0.41369818995709984,0.0850053756264525,-0.34211525347113153,-0.33133326604074254,0.9149862115370332,0.9039674490093087
0.4723804190932358,-0.3215091848215331,-1.2279356991005308,-0.7054689621240783,-0.010684955964216718,1.2355467560008773,1.2358818198731478,-0.7053423036984792,0.6717197683338367,-1.15329804731053,-1.1383695733341768,-0.12811919459581023,-0.1496494646457866,0.41369818995709984,0.10479888230014131,-0.3419115202845008,-0.33387051280281577,0.7686351837721642,0.7575496124116886
0.4723804190932358,-0.3215091848215331,-1.0834726755175694,1.371630051608934,-0.010684955964216718,0.11487384206187079,0.11591448680656781,-0.7053423036984792,0.6717197683338367,-1.1939445554345018,-1.1663384535175456,-0.15780800855262128,-0.17322434588602417,0.41369818995709984,0.12315326484789899,-0.3462398286074412,-0.3402277158917651,0.9355795633538248,0.9245700461403996
0.4723804190932358,-0.3215091848215331,-0.9390096519346078,-0.7054689621240783,-0.010684955964216718,1.2444700521326084,1.2422143334415434,-0.644680234944674,0.6717197683338367,-1.206698263615195,-1.191377727684155,-0.22874814572632682,-0.23893484144139965,0.41369818995709984,0.14234786037461242,-0.3342718484888878,-0.32958376201697953,0.7871850593096906,0.7761078709590635
0.4723804190932358,-0.3215091848215331,-0.7945466283516462,1.3550363128670015,-0.010684955964216718,0.13072491242917608,0.13042398166983074,-0.7053423036984792,0.6717197683338367,-1.2360325951397908,-1.216930088715179,-0.2692851234138826,-0.2758953182186678,0.41369818995709984,0.1601515921417908,-0.3354961838269192,-0.33184556970879353,0.9495785999364441,0.9385755173778031
0.4723804190932358,-0.3215091848215331,-0.6500836047686848,-0.7054689621240783,-0.010684955964216718,1.2529993735452711,1.249419270759415,-0.7053423036984792,0.6717197683338367,-1.2405980025841017,-1.2365897141555182,-0.31817431768432675,-0.3219282169271983,0.41369818995709984,0.17247246368271038,-0.3330518158580714,-0.33010495081632923,0.800284584707718,0.7892133988207347
0.4723804190932358,-0.3215091848215331,-0.5056205811857232,1.3501404144927966,-0.010684955964216718,0.1402865779496222,0.13980348025081166,-0.4778593289270394,0.3726417573642265,-1.1978256534552918,-1.2089359554095098,-0.22707480411046546,-0.2981789305333838,0.41369818995709984,0.15649345636896783,-0.3693479479763798,-0.34339992447591505,0.9610749541097415,0.9500770478020352
0.4723804190932358,-0.3215091848215331,-0.3611575576027617,-0.7054689621240783,-0.010684955964216718,1.3021978600748447,1.3080980477622377,-0.2503763541555997,0.3726417573642265,-0.8584764096540338,-1.0628424105573737,0.3852147879209557,-0.16865962638567372,0.10360361966425799,0.07652313362867723,-0.5480447569998098,-0.36523632655029026,0.7945471182305317,0.7904678280890027
0.4723804190932358,-0.3215091848215331,-0.21669453401980013,-0.7054689621240783,-0.010684955964216718,2.8663924916666845,-0.6983308925851475,-0.09872103764130656,0.7315353705277589,-0.2149981173273945,-0.9100222757399922,0.9773356267015973,-0.08381822706101168,-1.071802800097403,0.03220129573418004,-0.6598166125948748,-0.3176133230524562,0.5695281940519739,0.5699364169986159
0.4723804190932358,-0.3215091848215331,-0.0722315104368386,2.3477348317218087,-0.010684955964216718,-0.6991224441542135,-0.6983308925851475,0.23492077439396258,-0.6442234799324486,0.6948952789516961,-0.7449014655995323,1.2103725281675781,-0.08280198164689986,-2.7031400790639726,-0.07905332691870637,-0.7356995873095322,-0.32722703511763324,1.1558618780066334,1.1191125186794146
0.4723804190932358,-0.3215091848215331,0.07223151314612293,-0.7054689621240783,-0.010684955964216718,-0.6991224441542135,2.8157865202750036,0.35624491190157287,-0.8236702865142147,1.040447456559708,-0.6078811597142615,1.1184614907942771,-0.06542686822179661,-2.8267368369943506,-0.1572884481852259,-0.6997308912102861,-0.32226978198452555,0.7370536466982457,0.7478051435646205
0.4723804190932358,-0.3215091848215331,0.21669453672908448,-0.7054689621240783,-0.010684955964216718,-0.6991224441542135,-0.6983308925851475,0.507900228415866,-1.3620107062595133,1.5474491645027448,-0.4995330229537473,0.8727880044513076,0.18933629835204252,-3.2667575808949305,-0.23420775056195622,-0.6374489891376396,-0.4230828655151184,-1.2740310493992413,-1.2860490588430924
0.4723804190932358,-0.3215091848215331,0.361157560312046,-0.7054689621240783,-0.010684955964216718,-0.6991224441542135,-0.6983308925851475,0.32591373289489,-0.7040390821263706,1.6506153321091532,-0.46294929433781445,0.5424057544550638,0.47686331769520457,-3.0348154999269776,-0.23592581960565673,-0.511802408721689,-0.49505394600810226,-1.2740310493992413,-1.2860490588430924
0.4723804190932358,-0.3215091848215331,0.5056205838950075,1.2188067609890867,-0.010684955964216718,0.8565424455610158,-0.6983308925851475,0.05293427887298657,0.013748144200694123,1.7115643576459132,-0.461701512252141,0.11601648824485994,0.7668135624895078,-2.1986435314703594,-0.20601066628771775,-0.33770067586853014,-0.5577812392926617,1.0351641099808486,1.014049252191178
0.4723804190932358,-0.3215091848215331,0.6500836074779691,-0.7054689621240783,-0.010684955964216718,2.9166551724480856,-0.6983308925851475,0.05293427887298657,0.013748144200694123,1.5762904989157718,-0.45800474609560393,0.19793009797128253,1.3491129614261126,-0.961640548677769,-0.21438649417758968,-0.3724667653011806,-0.7416289087567374,0.702033373951071,0.7109863536385724
0.4723804190932358,-0.3215091848215331,0.7945466310609306,1.7357749845578019,-0.010684955964216718,0.24244717636332896,-0.6983308925851475,-0.09872103764130656,0.3726417573642265,0.5519461843217709,-0.5252050101519214,0.41286967773337285,0.7478721566274731,0.41369818995709984,-0.1712492069762843,-0.44408145445854696,-0.5576139387716229,0.9004568647783465,0.8820958743449959
0.4723804190932358,-0.3215091848215331,0.9390096546438922,-0.7054689621240783,-0.010684955964216718,0.6881537823628001,1.8697121374037429,-0.17454869589845315,0.25301055297638236,0.29621647502359405,-0.627383400875695,0.36198065695716675,-0.31031853540591753,0.41369818995709984,-0.09567516231284472,-0.41959754445760855,-0.18147707497816243,0.8846971480083159,0.8741496530082707
0.4723804190932358,-0.3215091848215331,1.0834726782268538,-0.7054689621240783,-0.010684955964216718,2.876383135529852,-0.6983308925851475,-0.2503763541555997,0.3726417573642265,0.002333337974331314,-0.7141042558300003,0.37266685690440987,-0.47331440569093325,0.41369818995709984,-0.02598091938927171,-0.41466126360518707,-0.10949927645907469,0.5862968682343797,0.5903029634082033
0.4723804190932358,-0.3215091848215331,1.2279357018098151,1.0880357348187897,-0.010684955964216718,-0.3946687830442,0.8235054339754599,-0.31103842290940487,0.5520885639459927,-0.402533683428836,-0.7835587144460695,0.5685586432857449,-0.6434692721357564,0.41369818995709984,0.0238973757902383,-0.47654602580188804,-0.039439366037386014,0.9601333205282725,0.9367918181324139
0.4723804190932358,-0.3215091848215331,1.3723987253927767,-0.7054689621240783,-0.010684955964216718,0.9887560725481519,1.6221749995193897,-0.553686987184186,1.0904289836912913,-0.5267756447858529,-0.8502501261925621,0.48794330115023266,-0.6134179225963442,0.41369818995709984,0.0679062452086569,-0.4513183928588349,-0.052675827856712196,0.792670331436344,0.7870588212715943
0.4723804190932358,-0.3215091848215331,1.5168617489757383,1.1830571403456334,-0.010684955964216718,0.04277499684850988,0.3039201802909501,-0.553686987184186,1.0904289836912913,-0.7385035223350523,-0.9135800073541777,0.3145474318563055,-0.5056548228710429,0.41369818995709984,0.12100953937258505,-0.3878988549985395,-0.08870286816768456,0.9522166500485505,0.9366963323370835
0.4723804190932358,-0.3215091848215331,1.6613247725587,-0.7054689621240783,-0.010684955964216718,1.1960683447840754,1.43039102156159,-0.9176596889665775,0.910982177109525,-0.8006766790986387,-0.9903348380823545,0.12435080356746651,-0.46252644075862076,0.41369818995709984,0.1717442147537935,-0.33513755318054805,-0.11899639826477142,0.7917151970866452,0.7861242489271693
0.4723804190932358,-0.21143133280936935,-1.6613247698494156,1.231925881246896,-0.010684955964216718,0.08901462601957198,0.19910418932107674,-0.7053423036984792,1.0904289836912913,-0.9368254906400856,-1.0400661529392436,0.01774112662091149,-0.38776783937512593,0.41369818995709984,0.20299135418426434,-0.3110583127931814,-0.1616779684974198,0.9558483567023714,0.9399651840385991
0.4723804190932358,-0.21143133280936935,-1.516861746266454,-0.7054689621240783,-0.010684955964216718,1.2397778847073733,1.3412075980988416,-0.8569976202127723,1.0904289836912913,-0.9589521642580953,-1.079988122089812,-0.06262615519355359,-0.3452154973612969,0.41369818995709984,0.23284907766619195,-0.2843471064023924,-0.17947835385699729,0.772157264187959,0.7665701513984512
0.4723804190932358,-0.21143133280936935,-1.3723987226834924,-0.7054689621240783,-0.010684955964216718,1.2451421637531326,1.3064271948773096,-0.8569976202127723,0.910982177109525,-1.0323786322943032,-1.1101801434326104,-0.05173025476872418,-0.27824475687406497,0.41369818995709984,0.255903537297264,-0.28800849510700616,-0.20449563293630169,0.7117712080598739,0.700659749288213
0.4723804190932358,-0.21143133280936935,-1.2279356991005308,1.385755298807362,-0.010684955964216718,0.013201244617554541,0.04604460087801531,-1.4636188862699449,1.0904289836912913,-1.218855960362499,-1.2048792521128746,-0.11553801838159826,-0.26230177807544935,0.41369818995709984,0.2955161286388316,-0.3124629315635218,-0.25880047188126626,0.9335114256712598,0.915936982773744
0.4723804190932358,-0.21143133280936935,-1.0834726755175694,-0.7054689621240783,-0.010684955964216718,1.298188526100802,1.3263703154801143,-1.3119635697556518,1.0904289836912913,-1.2423913882776105,-1.254230162815817,-0.22211445013048717,-0.31450090514650314,0.41369818995709984,0.29919212074722107,-0.32169826232982157,-0.2873451480861485,0.7773379589833478,0.7723286005533245
0.4723804190932358,-0.21143133280936935,-0.9390096519346078,1.387312929709368,-0.010684955964216718,0.11652211329515635,0.13112006556364902,-1.2816325353787492,1.0904289836912913,-1.2835262110439776,-1.2891638266600844,-0.2472410000383476,-0.3191872051625683,0.41369818995709984,0.3038574503667303,-0.3448844758347127,-0.31815683303531234,0.9516629385408849,0.9406608369895579
0.4723804190932358,-0.21143133280936935,-0.7945466283516462,-0.7054689621240783,-0.010684955964216718,1.2460158878366165,1.2569790887615397,-1.615274202784238,1.0904289836912913,-1.3167991680677824,-1.3520388460828896,-0.34893124017128263,-0.40182841639595196,0.41369818995709984,0.304968886604832,-0.37390300896955136,-0.35377103980667507,0.7953976666290102,0.7843241572705646
0.4723804190932358,-0.21143133280936935,-0.6500836047686848,1.3676200759937829,-0.010684955964216718,0.13522734549797624,0.14144210460342804,-1.3119635697556518,1.0904289836912913,-1.3478278845090725,-1.3756567214256608,-0.3842453120613944,-0.4221223006845232,0.41369818995709984,0.2852096447912844,-0.4125294873155098,-0.3979817194647752,0.967132298788853,0.9561373222284144
0.4723804190932358,-0.21143133280936935,-0.5056205811857232,-0.7054689621240783,-0.010684955964216718,1.301067442751242,1.309386769821771,-1.2513014286869564,1.0904289836912913,-1.1291779796728798,-1.3529506868378047,0.15567630417860964,-0.43656103503353766,0.3798913885868604,0.24563276612084997,-0.6178497275025425,-0.425665404775763,0.7948902177538121,0.7906911746918142
0.4723804190932358,-0.21143133280936935,-0.3611575576027617,1.281318138270257,-0.010684955964216718,0.058676260099581254,0.08902242300027098,-0.8569976202127723,1.0904289836912913,-0.41150462544138594,-1.2130734681228925,0.9684250612861113,-0.2703193842220972,-1.1010854146978917,0.147636713927959,-0.8439230002643775,-0.47172852595437914,0.9750459090944429,0.9586685154252315
0.4723804190932358,-0.21143133280936935,-0.21669453401980013,-0.7054689621240783,-0.010684955964216718,1.2084119048990116,1.2958426112084536,-0.7053423036984792,1.0904289836912913,0.10400044652100333,-1.0770571045548563,1.2064231691730363,-0.16073760767896705,-1.8150435031041023,0.06563221674407355,-0.8903416813767211,-0.48755272808681743,0.7800919356919875,0.7762127823908429
0.4723804190932358,-0.21143133280936935,-0.0722315104368386,-0.7054689621240783,-0.010684955964216718,-0.6991224441542135,-0.6983308925851475,-0.40203167066989287,0.7315353705277589,0.7608672560634497,-0.9376082816125704,1.1469892801556714,-0.06412302200154589,-2.619490006695107,-0.01910140415951031,-0.8616931810623735,-0.5045983107070456,-1.2740310493992413,-1.2860490588430924
0.4723804190932358,-0.21143133280936935,0.07223151314612293,1.4753458076474248,-0.010684955964216718,-0.6991224441542135,0.5225823349638878,0.05293427887298657,0.013748144200694123,1.3964903718892037,-0.8075262934220144,0.8487764473267108,-0.02076992555663043,-3.3184446890668506,-0.09418415829303778,-0.7611602118482782,-0.4983548806408234,1.0383353504329111,1.0178420463361697
0.4723804190932358,-0.21143133280936935,0.21669453672908448,-0.7054689621240783,-0.010684955964216718,-0.6991224441542135,-0.6983308925851475,0.507900228415866,-0.8236702865142147,1.6484219297633809,-0.6513827390110604,0.5446758047469837,0.09420164102107957,-3.030926594619853,-0.20294178958859094,-0.6836056353805889,-0.5479118088144981,-1.2740310493992413,-1.2860490588430924
0.4723804190932358,-0.21143133280936935,0.361157560312046,1.1623357335361524,-0.010684955964216718,0.9221977858906565,-0.6983308925851475,0.14392752663347458,-0.22551426457499413,1.7673533021533085,-0.5527966620972856,0.19517074656499456,0.2670958422579022,-2.7180054312999316,-0.2515211570065504,-0.5531815440084509,-0.579382510453401,1.0172113284195663,1.006665290559145
0.4723804190932358,-0.21143133280936935,0.5056205838950075,-0.7054689621240783,-0.010684955964216718,2.916928053550194,-0.6983308925851475,0.05293427887298657,0.013748144200694123,1.8355982835867866,-0.4953295217646799,0.21755328900395138,0.753880749562725,-1.9939296373895046,-0.2891039173374988,-0.5660322245121637,-0.7346365271351918,0.7012690504590203,0.7093464978015995
0.4723804190932358,-0.21143133280936935,0.6500836074779691,1.7064347585209105,-0.010684955964216718,0.3090090369643805,-0.6983308925851475,0.20458959538727972,-0.2853298667689162,1.7028088092153513,-0.4598361909555149,0.6413894945215903,1.2981531171290335,-0.3736869700437121,-0.3110993032280088,-0.6950020008456281,-0.889093049105296,0.8828927253318399,0.8653155776990847
0.4723804190932358,-0.21143133280936935,0.7945466310609306,-0.7054689621240783,-0.010684955964216718,0.6621293765470179,1.880889097217726,-0.2503763541555997,0.3726417573642265,1.1442825483337808,-0.5359043180811125,0.5874529972926565,0.29335220273438534,0.41369818995709984,-0.25334853578013805,-0.6639954018420936,-0.5778304297128843,0.872891356227191,0.8618123145171871
0.4723804190932358,-0.21143133280936935,0.9390096546438922,1.5174716321905903,-0.010684955964216718,0.4759358521321568,-0.6983308925851475,-0.2503763541555997,0.013748144200694123,0.2812071545495357,-0.6202757009974047,0.4861949447293811,0.03209579813506605,0.41369818995709984,-0.19514508609547201,-0.6295989149592126,-0.4884509931900625,0.8981606541178192,0.8856462657091382
0.4723804190932358,-0.21143133280936935,1.0834726782268538,-0.7054689621240783,-0.010684955964216718,0.9008137253185456,1.6841139414851143,-0.553686987184186,0.7315353705277589,0.10211341144402149,-0.7197517401340494,0.3544536032291708,-0.4311494443547607,0.41369818995709984,-0.13023513459457453,-0.5879665653528474,-0.32698171880958177,0.8470737471361893,0.8389344507093813
0.4723804190932358,-0.21143133280936935,1.2279357018098151,0.9717125336356568,-0.010684955964216718,0.17460001003191178,0.39488492451848584,-0.644680234944674,0.7913509727216809,-0.2681782575808979,-0.8180985647135237,0.20241990453814032,-0.3758093475466913,0.41369818995709984,-0.05789067365036072,-0.5329353703435769,-0.33876968751670283,0.942429493133148,0.9283812817480089
0.4723804190932358,-0.21143133280936935,1.3723987253927767,-0.7054689621240783,-0.010684955964216718,1.2184828573762045,1.410345188888328,-0.553686987184186,0.7315353705277589,-0.3823749847120956,-0.8821306761778797,0.09428094849894378,-0.36056985876659037,0.41369818995709984,-0.011538039537916435,-0.490773142343683,-0.33624891075411006,0.8020717264008598,0.7958135982915252
0.4723804190932358,-0.21143133280936935,1.5168617489757383,1.1231608319457855,-0.010684955964216718,0.16579249915980004,0.2533679194177647,-0.7053423036984792,0.6717197683338367,-0.6082981020233055,-0.9454330327346641,0.006182027124691263,-0.3032433878776374,0.41369818995709984,0.031116643999428116,-0.4639756666732331,-0.358688634914718,0.9423108663829688,0.927161686353574
0.4723804190932358,-0.21143133280936935,1.6613247725587,-0.7054689621240783,-0.010684955964216718,1.2741779323629052,1.3534401864573609,-0.6750112693215766,0.4922729617520706,-0.6770929391226037,-0.9964841171052463,-0.09364903926183846,-0.30787518628320976,0.41369818995709984,0.05744484558497833,-0.44449322353902354,-0.37110874820716255,0.7911026222294976,0.7852109867173244
0.4723804190932358,-0.10135348079720558,-1.6613247698494156,1.1973182003283067,-0.010684955964216718,0.14588968051771978,0.184127511749586,-0.7053423036984792,0.31282615517030443,-0.8362313364583476,-1.0409864628033376,-0.1205588956701482,-0.2678123101394286,0.41369818995709984,0.07126709712448,-0.45948471601756524,-0.40970532514761066,0.9486915094586236,0.9330088594341513
0.4723804190932358,-0.10135348079720558,-1.516861746266454,-0.7054689621240783,-0.010684955964216718,1.274235115459803,1.3074260173583887,-0.7053423036984792,1.0904289836912913,-0.8792645660125467,-1.083639013904964,-0.21145893805801277,-0.31126015553797,0.41369818995709984,0.10664918474776706,-0.4195648438827745,-0.38470733330454,0.7707438237594187,0.764966973581573
0.4723804190932358,-0.10135348079720558,-1.3723987226834924,1.2674318641611484,-0.010684955964216718,0.1642550727347476,0.18085843808669574,-0.553686987184186,1.030613381497369,-0.9389780886116302,-1.1019054708853941,-0.20848477152834372,-0.28804582341330015,0.41369818995709984,0.13943003862230535,-0.3953591039032865,-0.36713406056937764,0.9296386853019758,0.9186265676439311
0.4723804190932358,-0.10135348079720558,-1.2279356991005308,-0.7054689621240783,-0.010684955964216718,1.2426891770817923,1.255662487711454,-0.40203167066989287,0.7315353705277589,-0.9729955582340458,-1.1099295989527382,-0.2283389740627438,-0.28849022116039524,0.41369818995709984,0.17623242882862908,-0.3468140248852844,-0.32452162099244347,0.792314451185806,0.7812395152900833
0.4723804190932358,-0.10135348079720558,-1.0834726755175694,-0.7054689621240783,-0.010684955964216718,1.2772830586172501,1.2837152503180354,-0.8569976202127723,0.31282615517030443,-1.0597249211925996,-1.1479040258717363,-0.2198946938555493,-0.2642847982110718,0.41369818995709984,0.20357240899567317,-0.35654201562770305,-0.3400450289238433,0.7193644001328094,0.708256197550627
0.4723804190932358,-0.10135348079720558,-0.9390096519346078,1.3914328831801894,-0.010684955964216718,0.03144212694804644,0.03610296332775121,-1.1603082532413587,0.6717197683338367,-1.2282516692215162,-1.2175899734720257,-0.21367443212812165,-0.24088935304230283,0.41369818995709984,0.22025650026246243,-0.4109030639882356,-0.4011155702869772,0.9417360936768646,0.9241547034212263
0.4723804190932358,-0.10135348079720558,-0.7945466283516462,-0.7054689621240783,-0.010684955964216718,1.2465309561726452,1.2475710823405952,-1.3119635697556518,1.0904289836912913,-1.25681606902913,-1.265764383758216,-0.2657611324612739,-0.28573998604629725,0.41369818995709984,0.23321778686545802,-0.425888747812037,-0.41844959460863346,0.7866884110490764,0.775610975994093
0.4723804190932358,-0.10135348079720558,-0.6500836047686848,1.38535144863915,-0.010684955964216718,0.12847343310480866,0.12980315008885768,-1.4636188862699449,1.0904289836912913,-1.306044205300071,-1.3206872625416968,-0.31509956312069354,-0.32878871195876835,0.41369818995709984,0.22888834939606556,-0.4669109735353137,-0.4617269020593327,0.9614025727521185,0.9504048960263457
0.4723804190932358,-0.10135348079720558,-0.5056205811857232,-0.7054689621240783,-0.010684955964216718,1.3034323422255227,1.3069753419471988,-1.129977218864456,0.7913509727216809,-1.0851199582938185,-1.2882502215074236,0.2392197810316379,-0.3459173104071811,0.3298784752087114,0.17933798340621693,-0.6741777584664174,-0.4903593460246044,0.7887070459147987,0.7845206613000106
0.4723804190932358,-0.10135348079720558,-0.3611575576027617,-0.7054689621240783,-0.010684955964216718,1.255227622236524,1.28878000347393,-0.553686987184186,-0.3451454689628382,-0.5617670679963882,-1.1399864674282252,1.0987189580263967,-0.1328160133803502,-0.8347691078488826,0.051267759988111894,-0.9378293700966341,-0.5871433475770229,0.725500229277897,0.7169339302378449
0.4723804190932358,-0.10135348079720558,-0.21669453401980013,-0.7054689621240783,-0.010684955964216718,-0.6991224441542135,-0.6983308925851475,-0.40203167066989287,-0.8834858887081368,0.11109238054658342,-1.0104532069365442,1.2610654875216507,-0.04418633288328125,-2.1967482166094863,-0.07717165523292316,-1.0177753912344265,-0.6609276449864969,-1.2740310493992413,-1.2860490588430924
0.4723804190932358,-0.10135348079720558,-0.0722315104368386,-0.7054689621240783,-0.010684955964216718,-0.6991224441542135,2.844015570333125,-0.2503763541555997,-1.182563899677747,0.504756259989704,-0.8842931220548612,1.1221858053738485,0.11705123159860532,-2.3758227124335307,-0.15642072679742433,-0.9814168698615005,-0.7085991916406945,0.6569703297433428,0.6484124219261139
0.4723804190932358,-0.10135348079720558,0.07223151314612293,-0.7054689621240783,-0.010684955964216718,-0.6991224441542135,-0.6983308925851475,-0.2503763541555997,-1.4218263084534353,1.0030612848289333,-0.7853478137600866,0.676577405148764,0.26093212935432464,-2.973309022849312,-0.29044820984346165,-0.9363488085439489,-0.8280630326093048,-1.2740310493992413,-1.2860490588430924
0.4723804190932358,-0.10135348079720558,0.21669453672908448,1.4249886878054752,-0.010684955964216718,0.6383234436357024,-0.6983308925851475,-0.2503763541555997,-1.4218263084534353,1.3341840992162521,-0.7202083662706052,0.13737780640679081,0.3261294712847526,-3.2529861295200315,-0.36469581833650494,-0.8231385579269056,-0.8799639017616765,1.0938551896602409,1.0668514626729224
0.4723804190932358,-0.10135348079720558,0.361157560312046,-0.7054689621240783,-0.010684955964216718,2.905364874522335,-0.6983308925851475,-0.2503763541555997,-1.3021951040655912,1.4538272069205749,-0.6691085845222451,0.09901029097719082,0.4599963269771572,-2.98823989214219,-0.45334962880244245,-0.8628495336264077,-0.9653437289369732,0.7038698384508124,0.7136937652559564
0.4723804190932358,-0.10135348079720558,0.5056205838950075,1.8118226085477334,-0.010684955964216718,0.2304859230929104,-0.6983308925851475,-0.2503763541555997,-1.182563899677747,1.5436891417563021,-0.6337465249053511,0.3540657425897327,0.7166720808361359,-2.799230202615347,-0.5020004215626681,-0.950047982910462,-1.0500164296872063,0.908823200845243,0.8909899868602588
0.4723804190932358,-0.10135348079720558,0.6500836074779691,-0.7054689621240783,-0.010684955964216718,0.8148397800604651,1.7696211112913738,-0.553686987184186,-0.6442234799324486,1.422171708534183,-0.6454981196500054,0.4696916876315327,1.4082790712907762,-1.9260352472622295,-0.5079827765811264,-0.9870387871086339,-1.2222131998477321,0.8539774999781888,0.8453190899726877
0.4723804190932358,-0.10135348079720558,0.7945466310609306,1.553952704249326,-0.010684955964216718,0.4468066354099904,-0.6983308925851475,-0.7356733380753817,-0.3451454689628382,0.445929061912776,-0.7222670655601469,0.37583282265138346,0.856396601927043,0.41369818995709984,-0.46990944962576187,-0.967683488972628,-1.0963141400031595,0.9088206807018401,0.8951940256216201
0.4723804190932358,-0.10135348079720558,0.9390096546438922,-0.7054689621240783,-0.010684955964216718,0.9737260631548712,1.5848295195505402,-1.0086529367270654,-0.04606745799322794,0.15007928781057936,-0.8446428701571121,0.19958298100396474,-0.16976223589025874,0.41369818995709984,-0.41199363172481646,-0.9342837242161043,-0.83651452615851,0.8279219173458562,0.8206575269194928
0.4723804190932358,-0.10135348079720558,1.0834726782268538,1.0053736514767313,-0.010684955964216718,0.19137257969876734,0.337556182392765,-1.1603082532413587,0.31282615517030443,-0.33513957353662743,-0.9622922060732204,0.06091811397954354,-0.2080466825593442,0.41369818995709984,-0.3599325201732117,-0.9119193277892803,-0.8408359506274631,0.9323415391015852,0.9179620602742818
0.4723804190932358,-0.10135348079720558,1.2279357018098151,-0.7054689621240783,-0.010684955964216718,1.2460276608271543,1.3652812112493207,-1.1603082532413587,0.31282615517030443,-0.44879112747117844,-1.0387110954706391,-0.060555576087630375,-0.28154168506572147,0.41369818995709984,-0.33029655307487404,-0.8920509318178843,-0.8331656985009838,0.7922372267915314,0.786623397848682
0.4723804190932358,-0.10135348079720558,1.3723987253927767,1.1390281427307698,-0.010684955964216718,0.174120996479405,0.22632037259460733,-1.3119635697556518,0.6717197683338367,-0.668464486283898,-1.1126852353517833,-0.10618759342776053,-0.27907401983987074,0.41369818995709984,-0.292513029619718,-0.8863786728963351,-0.8408272822066839,0.9378683935943865,0.9225097249557486
0.4723804190932358,-0.10135348079720558,1.5168617489757383,-0.7054689621240783,-0.010684955964216718,1.2913967719523343,1.3362474435616372,-1.3119635697556518,1.0904289836912913,-0.7564815282652062,-1.161192058173241,-0.17963816924574103,-0.2997074910861279,0.41369818995709984,-0.2659555912937864,-0.8691224504751723,-0.8378260582224036,0.7870621123136777,0.7811528404157813
0.4723804190932358,-0.10135348079720558,1.6613247725587,1.2069085205156762,-0.010684955964216718,0.14847495565862995,0.17012534114861733,-1.3574601936358957,0.7913509727216809,-0.9343571604614032,-1.2113027185454295,-0.20710211228181943,-0.2903156058687463,0.41369818995709984,-0.2336662692509922,-0.8612598984458218,-0.8402144248575941,0.9478811033443484,0.9320945726986055
0.4723804190932358,0.008724371214958183,-1.6613247698494156,-0.7054689621240783,-0.010684955964216718,1.3048835735412805,1.3219975062927491,-1.615274202784238,1.0904289836912913,-1.004714604416366,-1.2949965727274193,-0.3678417905565444,-0.42255663659583503,0.41369818995709984,-0.20074425380474537,-0.8344598411510429,-0.8203516054841243,0.788654482923824,0.7830127643733227
0.4723804190932358,0.008724371214958183,-1.516861746266454,1.2456183933916916,-0.010684955964216718,0.13151785487669304,0.14043526429235897,-1.615274202784238,0.6717197683338367,-1.1574975532351284,-1.3619614661244768,-0.4303887939810033,-0.4659415955207309,0.41369818995709984,-0.20034345146182592,-0.8562149742362213,-0.8476283084395284,0.9585551707273283,0.9424892055555094
0.4723804190932358,0.008724371214958183,-1.3723987226834924,-0.7054689621240783,-0.010684955964216718,1.3106927034437896,1.3157096410325317,-1.7062673782298359,0.910982177109525,-1.193892379349424,-1.3992209590769662,-0.5242860188046135,-0.5461050796924805,0.41369818995709984,-0.2190834343370883,-0.8683004182617444,-0.8633311526810579,0.7937824347179948,0.7883310772870592
0.4723804190932358,0.008724371214958183,-1.2279356991005308,1.2675064983992541,-0.010684955964216718,0.12114080464551728,0.12436805703402354,-1.766929519298531,1.0904289836912913,-1.305146509067065,-1.4378598581869495,-0.5466745283303309,-0.5596541800609895,0.41369818995709984,-0.22933996870541548,-0.891572470775575,-0.889250597652958,0.969051748010647,0.9528283091194207
0.4723804190932358,0.008724371214958183,-1.0834726755175694,-0.7054689621240783,-0.010684955964216718,1.2537656690900978,1.2535078400130248,-1.766929519298531,1.0904289836912913,-1.3310278540381761,-1.471785345159393,-0.604140983598634,-0.6125073264579569,0.41369818995709984,-0.23776502216901138,-0.8997058782241105,-0.8984972020981357,0.8079703020455886,0.7969026691116566
0.4723804190932358,0.008724371214958183,-0.9390096519346078,1.3226646091347407,-0.010684955964216718,0.16208989363566173,0.16263752640404777,-1.948915906347172,0.6717197683338367,-1.3879519628580983,-1.5130094398461986,-0.6476717339580722,-0.6518155649179916,0.41369818995709984,-0.2621263725220893,-0.9326405203306916,-0.9327160098345659,0.9724584418606376,0.9614658803991606
0.4723804190932358,0.008724371214958183,-0.7945466283516462,-0.7054689621240783,-0.010684955964216718,1.2564461267571863,1.2537585413115289,-2.0702401523271172,0.6717197683338367,-1.428375719234238,-1.5547028643333283,-0.7183851218348755,-0.7184903197359319,0.41369818995709984,-0.2996200924770369,-0.9713616582353802,-0.9725666905512456,0.8129879075607611,0.8019224352361304
0.4723804190932358,0.008724371214958183,-0.6500836047686848,1.3300065728991728,-0.010684955964216718,0.1587300713449499,0.15813140114155846,-2.0702401523271172,0.6717197683338367,-1.4797571224008912,-1.586368157793685,-0.744350473653081,-0.7418178475131638,0.41369818995709984,-0.3310942969314013,-1.01269432428422,-1.0148432288229856,0.9796950336420629,0.968705793717637
0.4723804190932358,0.008724371214958183,-0.5056205811857232,-0.7054689621240783,-0.010684955964216718,1.304432625957288,1.3061511299858968,-1.766929519298531,0.31282615517030443,-1.2714226971542542,-1.5607378103823066,-0.17463007857167806,-0.7485215456037776,0.22116344877852182,-0.3957199948742259,-1.1897242645325545,-1.052742214601227,0.8099660756104418,0.8056996565904675
0.4723804190932358,0.008724371214958183,-0.3611575576027617,-0.7054689621240783,-0.010684955964216718,1.2630749511258896,1.2957772108697134,-1.3119635697556518,-0.04606745799322794,-0.8424784192601673,-1.4507290224636535,0.7708744247853334,-0.4911255319999788,-0.5585924839335535,-0.4812318141859465,-1.3953451563862362,-1.1205824675271407,0.7509137153732195,0.7425128536036886
0.4723804190932358,0.008724371214958183,-0.21669453401980013,-0.7054689621240783,-0.010684955964216718,1.21296910339701,1.2966716443485728,-0.7053423036984792,-0.6442234799324486,-0.02416809970020484,-1.3170483686312147,1.2521685611616176,-0.14756918009759235,-2.0980327309915694,-0.5593725864361617,-1.473270518648179,-1.185778743760137,0.7138364655785499,0.7044343068757275
0.4723804190932358,0.008724371214958183,-0.0722315104368386,-0.7054689621240783,-0.010684955964216718,-0.6991224441542135,-0.6983308925851475,-0.40203167066989287,-1.4218263084534353,0.3984213986010684,-1.1274341889866273,1.2193956157905494,-0.02255170897658721,-2.5528919183368735,-0.6818313357515624,-1.470980295165309,-1.219800995055399,-1.2740310493992413,-1.2860490588430924
0.4723804190932358,0.008724371214958183,0.07223151314612293,-0.7054689621240783,-0.010684955964216718,-0.6991224441542135,2.8712263035784273,-0.2503763541555997,-1.6610887172291235,0.761959609229246,-0.9803271740694305,0.9012791388511725,0.12195218411138055,-2.93969175296516,-0.7804388467866917,-1.4110928496578161,-1.2546749186922175,0.661880649153649,0.652730183040283
0.4723804190932358,0.008724371214958183,0.21669453672908448,-0.7054689621240783,-0.010684955964216718,-0.6991224441542135,-0.6983308925851475,-0.09872103764130656,-1.8405355238108898,1.0841542927507453,-0.8441996534434226,0.5183635094556983,0.3941659278786976,-3.1734905405283014,-0.8669916422015758,-1.3331896463380306,-1.3151206836276903,-1.2740310493992413,-1.2860490588430924
0.4723804190932358,0.008724371214958183,0.361157560312046,1.41556647406307,-0.010684955964216718,0.679260759635309,-0.6983308925851475,0.05293427887298657,-2.199429136974422,1.44302742623363,-0.7628023393670784,0.08158980740014386,0.7088959587482868,-3.0824311909903557,-0.9317560886977891,-1.245441311071898,-1.3882480230973602,1.0991525310931352,1.07213924472077
0.4723804190932358,0.008724371214958183,0.5056205838950075,-0.7054689621240783,-0.010684955964216718,2.916193082569477,-0.6983308925851475,0.05293427887298657,-2.259244739168344,1.507333113243731,-0.6892876486588827,0.13801287492631029,1.0158565754205493,-2.63123159925296,-0.9857162456670797,-1.2658152751410578,-1.4573019632876223,0.7003239966829331,0.7108798029656715
0.4723804190932358,0.008724371214958183,0.6500836074779691,1.8039129939915544,-0.010684955964216718,0.20986426877410916,-0.6983308925851475,-0.09872103764130656,-2.079797932586578,1.3509955013979988,-0.6599668869228512,0.4138926068923304,1.2995349425766045,-1.8240251896392397,-1.0132941494404564,-1.3306024284896445,-1.5166841129934865,0.9103284464977461,0.8917139167205644
0.4723804190932358,0.008724371214958183,0.7945466310609306,-0.7054689621240783,-0.010684955964216718,0.8323487397738614,1.72584606532837,-0.40203167066989287,-1.4218263084534353,0.8253214442387723,-0.7233553460896199,0.4007334757033074,0.5380208325586434,0.04504073035817049,-0.9846702022254447,-1.323049994082816,-1.360704224426697,0.8481212267405801,0.8395395355883744
0.4723804190932358,0.008724371214958183,0.9390096546438922,1.6077311580352123,-0.010684955964216718,0.41119071113346967,-0.6983308925851475,-0.7053423036984792,-0.9433014909020588,-0.0560737757253033,-0.8258118058980968,0.24395253327374813,0.14499881897299563,0.41369818995709984,-0.9463536430234438,-1.2874609043276142,-1.2729982265353006,0.9348244203841702,0.9206774631921333
0.4723804190932358,0.008724371214958183,1.0834726782268538,-0.7054689621240783,-0.010684955964216718,0.986638510991152,1.5983678089026887,-1.1603082532413587,0.31282615517030443,-0.23821915088370343,-0.9521356268905695,0.07224705441499832,-0.32995923885489054,0.41369818995709984,-0.88361540801037,-1.2383868074575264,-1.1501193528454627,0.8310121531885399,0.8239896943093284
0.4723804190932358,0.008724371214958183,1.2279357018098151,1.047111593272818,-0.010684955964216718,0.1766587066362227,0.3333454067369579,-1.1603082532413587,-0.3451454689628382,-0.48799075262049174,-1.0442901211421598,-0.00794973920630718,-0.3720051351342942,0.41369818995709984,-0.8501726632107095,-1.230851368744197,-1.15093331755663,0.9432458395854444,0.9288871925391481
0.4723804190932358,0.008724371214958183,1.3723987253927767,-0.7054689621240783,-0.010684955964216718,1.2478753896456674,1.380390156813584,-1.1603082532413587,-0.3451454689628382,-0.6124828916162153,-1.116038649707031,-0.15978737647520413,-0.441587760493604,0.41369818995709984,-0.8337356650198681,-1.205789712731963,-1.143796173308072,0.7977752419194026,0.7916952098787651
0.4723804190932358,0.008724371214958183,1.5168617489757383,1.1605708849778669,-0.010684955964216718,0.15733071476874927,0.21691257579013307,-1.1603082532413587,-0.3451454689628382,-0.83423994921121,-1.1784291655089,-0.2300967073342192,-0.4317422541796593,0.41369818995709984,-0.8245688497247644,-1.199248952359064,-1.1561738113386983,0.947947347113796,0.9324935230065633
0.4723804190932358,0.008724371214958183,1.6613247725587,-0.7054689621240783,-0.010684955964216718,1.287504326955774,1.3398446718088148,-1.2513014286869564,-0.22551426457499413,-0.8994533663168319,-1.2374980261149424,-0.33642934096688987,-0.4765132309837027,0.41369818995709984,-0.818958099527556,-1.1858649512960504,-1.1568257849365542,0.7932755258735259,0.7874964986510488
0.4723804190932358,0.11880222322712194,-1.6613247698494156,1.2182597422583545,-0.010684955964216718,0.13972846461693958,0.16511996185794112,-1.3119635697556518,-0.4049610711567603,-1.0603771222560727,-1.2959874585013365,-0.3924014672221492,-0.4871871617771379,0.41369818995709984,-0.8255463634461171,-1.197168270717565,-1.1790869396291106,0.9571447904729201,0.9412692003507941
0.4723804190932358,0.11880222322712194,-1.516861746266454,-0.7054689621240783,-0.010684955964216718,1.3029725648986268,1.3237209729117279,-1.3119635697556518,-0.4049610711567603,-1.1032257287399962,-1.347989906136335,-0.49803339438093397,-0.5604440341699775,0.41369818995709984,-0.8459836634075296,-1.2031588224053444,-1.192482141903956,0.7952167563347307,0.7896744353861713
0.4723804190932358,0.11880222322712194,-1.3723987226834924,-0.7054689621240783,-0.010684955964216718,1.3002006563228965,1.3111928253300562,-1.4636188862699449,0.07356374639461619,-1.195950659013328,-1.3813059701274555,-0.48926177684287303,-0.5381193360258131,0.41369818995709984,-0.8581252476872877,-1.2200969671956376,-1.212937122771905,0.7403800559798297,0.7292815139859382
0.4723804190932358,0.11880222322712194,-1.2279356991005308,-0.7054689621240783,-0.010684955964216718,1.317038555575638,1.3226330634307624,-1.615274202784238,0.31282615517030443,-1.3505310070706051,-1.4230364469672423,-0.40793294161898785,-0.43945884373912386,0.40468608478839296,-0.871829743932783,-1.256063189238235,-1.2537460974057257,0.7070173175507906,0.6970907115563131
0.4723804190932358,0.11880222322712194,-1.0834726755175694,-0.7054689621240783,-0.010684955964216718,1.3194494958522005,1.3214965229286821,-1.615274202784238,0.31282615517030443,-1.502675133309248,-1.4551329592366187,-0.30782397947760803,-0.3280961222623522,0.4118157445181216,-0.8866413329834043,-1.2917892126505546,-1.292812502752407,0.6849561622120532,0.6746206089774935
0.4723804190932358,0.11880222322712194,-0.9390096519346078,-0.7054689621240783,-0.010684955964216718,1.3209391996191802,1.3206090067933431,-1.6759363438529333,0.13337934858853825,-1.6500745804266457,-1.4909417643626932,-0.24894247220608032,-0.2628560175298453,0.3668476445227408,-0.9102792604442049,-1.3292781627765444,-1.332295642428048,0.6682769531204504,0.6577372450460647
0.4723804190932358,0.11880222322712194,-0.7945466283516462,-0.7054689621240783,-0.010684955964216718,1.3219384321910759,1.320009922921166,-1.7214329315757322,1.0904289836912913,-1.7734650013182256,-1.5139678607015972,-0.15689674916018329,-0.16761403395052732,0.41369818995709984,-0.9287735980545113,-1.3515557520853057,-1.355800390436641,0.6553433971665282,0.6446667559633668
0.4723804190932358,0.11880222322712194,-0.6500836047686848,1.7999023007394985,-0.010684955964216718,-0.07313839915910658,-0.07252416949726236,-1.766929519298531,0.31282615517030443,-1.8513257676618822,-1.5377494721551581,-0.16128170548824794,-0.16992825618068294,0.41369818995709984,-0.9380067713534096,-1.3629235045473649,-1.3676945472983073,0.9342347068278919,0.9232246389898855
0.4723804190932358,0.11880222322712194,-0.5056205811857232,-0.7054689621240783,-0.010684955964216718,1.3036856717540592,1.306035002461339,-1.4029567452012495,-0.2853298667689162,-1.5880365463449277,-1.49955943583165,0.350794926603966,-0.24219403774886883,-0.2310656967104595,-0.9838391587161041,-1.4739975685998354,-1.361908484783448,0.741103877167191,0.7376191041404341
0.4723804190932358,0.11880222322712194,-0.3611575576027617,-0.7054689621240783,-0.010684955964216718,1.2500422506005444,1.2834783837065726,-0.8569976202127723,-0.6442234799324486,-1.004798219937324,-1.3757664669654357,1.1996641647552242,-0.05257454998128013,-1.5449084877946675,-1.0341648274921058,-1.5945490982671306,-1.3648144644944165,0.6963776321242359,0.6872962458550376
0.4723804190932358,0.11880222322712194,-0.21669453401980013,-0.7054689621240783,-0.010684955964216718,-0.6991224441542135,-0.6983308925851475,-0.2503763541555997,-1.4218263084534353,-0.23246038272427888,-1.1776528305008453,1.3611906460413807,0.04408447547085054,-3.0246334473132874,-1.112552692818269,-1.5889838691875549,-1.3459175239062697,-1.2740310493992413,-1.2860490588430924
0.4723804190932358,0.11880222322712194,-0.0722315104368386,-0.7054689621240783,-0.010684955964216718,-0.6991224441542135,-0.6983308925851475,0.20458959538727972,-2.3190603413622664,0.17755200337656452,-1.0059765769764613,1.1821303065297262,0.009447444273206011,-3.562660688680124,-1.2074390883024284,-1.563981590534888,-1.3456742663481531,-1.2740310493992413,-1.2860490588430924
0.4723804190932358,0.11880222322712194,0.07223151314612293,-0.7054689621240783,-0.010684955964216718,-0.6991224441542135,-0.6983308925851475,0.507900228415866,-2.378875943556188,0.5883416793602342,-0.8389332790524185,0.7949251941943568,-0.10597690491475183,-3.95935359890319,-1.269328423470595,-1.4655490954154808,-1.2886433174233884,-1.2740310493992413,-1.2860490588430924
0.4723804190932358,0.11880222322712194,0.21669453672908448,-0.7054689621240783,-0.010684955964216718,-0.6991224441542135,-0.6983308925851475,0.8112108614444523,-2.6779539545257984,0.9545341810857049,-0.7067756533539634,0.4427204554736855,-0.17756435105388124,-3.855945454083445,-1.3198642661422517,-1.374429589046387,-1.2482251802114503,-1.2740310493992413,-1.2860490588430924
0.4723804190932358,0.11880222322712194,0.361157560312046,-0.7054689621240783,-0.010684955964216718,-0.6991224441542135,-0.6983308925851475,0.9325349989520626,-2.7975851589136425,1.1823610565780882,-0.6040940563931507,0.13965638110836875,-0.04839469569964035,-3.8305774836338706,-1.3597157462974798,-1.2957855671118568,-1.261570647422075,-1.2740310493992413,-1.2860490588430924
0.4723804190932358,0.11880222322712194,0.5056205838950075,-0.7054689621240783,-0.010684955964216718,2.9028639549609476,-0.6983308925851475,0.9628661779587454,-2.7975851589136425,1.2799276599769762,-0.5369460185101023,-0.12343503148875049,0.3519187948836282,-3.2092055261813086,-1.3776883893470446,-1.2159452850038734,-1.3288005351698726,0.82873988389034,0.8083607596461676
0.4723804190932358,0.11880222322712194,0.6500836074779691,1.802701802305371,-0.010684955964216718,0.19222528058486232,-0.6983308925851475,-0.09872103764130656,-0.2853298667689162,1.0709751487994172,-0.5789161005637387,-0.07000062198867169,0.8558943486241941,-2.1242758221299916,-1.3017526332374663,-1.139839537623159,-1.3548436134931363,0.9975700507783415,0.981097432070872
0.4723804190932358,0.11880222322712194,0.7945466310609306,-0.7054689621240783,-0.010684955964216718,0.7353261582440156,1.8222283472313505,-0.2503763541555997,0.013748144200694123,0.5798891535776243,-0.6601743800977313,0.048992464868030196,0.032538518909530606,-0.36255258020980535,-1.2461605519784922,-1.1408689603243503,-1.1427751416955412,0.9395124271442922,0.9308180136751966
0.4723804190932358,0.11880222322712194,0.9390096546438922,1.594179123314544,-0.010684955964216718,0.42699185140697626,-0.6983308925851475,-0.40203167066989287,0.3726417573642265,-0.2499340198320136,-0.7657178302018731,-0.05148560421154017,-0.3145881077232916,0.41369818995709984,-1.1448224694126727,-1.0445018722358288,-0.9806287552969449,0.9950826692396798,0.9820719609176349
0.4723804190932358,0.11880222322712194,1.0834726782268538,-0.7054689621240783,-0.010684955964216718,0.9491607723538675,1.6623830020069421,-0.40203167066989287,-0.3451454689628382,-0.3914897454206934,-0.8567586365964539,-0.11780295402772342,-0.7715346410127818,0.41369818995709984,-1.0921619641104285,-1.0181746824639795,-0.8435565344890165,0.888242629755709,0.8813848535085226
0.4723804190932358,0.11880222322712194,1.2279357018098151,-0.7054689621240783,-0.010684955964216718,1.1914371446312682,1.4423001717064041,-0.37170063629299027,-0.3451454689628382,-0.5719300328757165,-0.9204583355255427,-0.10918477586350613,-0.6145708412798456,0.41369818995709984,-1.0411719913909847,-0.9966260793251217,-0.8626938070432668,0.7974301622834484,0.7895410421399051
0.4723804190932358,0.11880222322712194,1.3723987253927767,-0.7054689621240783,-0.010684955964216718,1.2448482594536354,1.3930763552138776,-0.40203167066989287,-0.6442234799324486,-0.7581966498310982,-0.969522708034603,-0.05040215174401097,-0.4162403191828776,0.41369818995709984,-0.9905389040810401,-0.9858228420496719,-0.8909998849662015,0.7479298655841867,0.7385932231769166
0.4723804190932358,0.11880222322712194,1.5168617489757383,1.3594212537649437,-0.010684955964216718,0.031685155109862466,0.10445554043588556,-0.553686987184186,-0.3451454689628382,-1.0026864263400068,-1.016675179146554,-0.012595542469906016,-0.2715980758528897,0.41369818995709984,-0.9450735368047878,-0.9773908267204146,-0.9120834346959028,0.9584730860564911,0.9410999487049938
0.4723804190932358,0.11880222322712194,1.6613247725587,-0.7054689621240783,-0.010684955964216718,1.2167402445446363,1.2823267508186293,-0.5840180215610886,-0.7040390821263706,-1.0510636910696785,-1.0498663237772876,-0.05513660886805279,-0.2641187779206476,0.41369818995709984,-0.9208169114467893,-0.9655996878683981,-0.9133743792604458,0.7915170058090314,0.7804418195793079
0.4723804190932358,0.22888007523928572,-1.6613247698494156,1.3565223594877476,-0.010684955964216718,0.1277727299358356,0.16010572627139383,-0.7053423036984792,-0.6442234799324486,-1.1022771942702478,-1.0891361715210899,-0.09442731786361198,-0.2540711964047219,0.41369818995709984,-0.8967839728870367,-0.9619675575728465,-0.922959702247571,0.9594887038478594,0.9484900574912323
0.4723804190932358,0.22888007523928572,-1.516861746266454,-0.7054689621240783,-0.010684955964216718,1.2313152068304334,1.2597736955438585,-0.7053423036984792,-0.6442234799324486,-1.1406366506649745,-1.1283167407389658,-0.17591726443003297,-0.29314717415542585,0.41369818995709984,-0.8764427110547524,-0.9540703687504151,-0.9260343910979549,0.7906218148702729,0.7795461792115197
0.4723804190932358,0.22888007523928572,-1.3723987226834924,-0.7054689621240783,-0.010684955964216718,1.2790138984582808,1.2954409860513185,-0.6143490559379912,-1.003117093095981,-1.1954068236650166,-1.1567867098820792,-0.1914214607159661,-0.27626173673844245,0.41369818995709984,-0.8686546944275848,-0.9738126954004113,-0.9548974150559535,0.7236472038357937,0.7125409689372247
0.4723804190932358,0.22888007523928572,-1.2279356991005308,-0.7054689621240783,-0.010684955964216718,1.2969838968904164,1.3066873289169778,-0.553686987184186,-1.182563899677747,-1.2684065180822546,-1.1726126519008244,-0.12753782985713602,-0.1896184303222571,0.41369818995709984,-0.8751715330038796,-1.0194037507799476,-1.0076089982617003,0.6905811222873245,0.6794598536734563
0.4723804190932358,0.22888007523928572,-1.0834726755175694,-0.7054689621240783,-0.010684955964216718,1.3049024944189307,1.3100759887761861,-0.7053423036984792,-1.182563899677747,-1.3618940219067237,-1.195680388026524,-0.04514344342600341,-0.09119858360805148,0.41369818995709984,-0.8830027426589717,-1.0744170895542757,-1.0678967812284719,0.6674287448551317,0.6562969668156408
0.4723804190932358,0.22888007523928572,-0.9390096519346078,-0.7054689621240783,-0.010684955964216718,1.3097853422444834,1.3118533268280375,-0.7963355514589672,-0.3451454689628382,-1.4630293357401025,-1.2242900974710873,0.029347962811216398,-0.0053627395134747445,0.41369818995709984,-0.8727558603639237,-1.1031816553957483,-1.1001723457367238,0.6499700914110608,0.6388302379500794
0.4723804190932358,0.22888007523928572,-0.7945466283516462,-0.7054689621240783,-0.010684955964216718,1.3200608504322706,1.3199526976247684,-1.0086529367270654,0.31282615517030443,-1.567047043811948,-1.2623693296161729,0.08949704979888566,0.06275337328042123,0.41369818995709984,-0.8406870881955597,-1.105267392718225,-1.1045031971132744,0.6422568325060014,0.6311135103703716
0.4723804190932358,0.22888007523928572,-0.6500836047686848,-0.7054689621240783,-0.010684955964216718,1.3298782631489532,1.328247221355368,-1.0086529367270654,-0.04606745799322794,-1.6567591396341181,-1.2904814788964827,0.1568714264126584,0.13533107175788897,0.41369818995709984,-0.8137954468323352,-1.1118907650696523,-1.11275022428735,0.6368345639644205,0.6256886467837341
0.4723804190932358,0.22888007523928572,-0.5056205811857232,-0.7054689621240783,-0.010684955964216718,1.2907923550274025,1.294450548229052,-0.7660043724522843,-0.22551426457499413,-1.4477725133240082,-1.2335817688788553,0.9618834293145778,0.32699562764843043,0.09174035257212662,-0.8282262615920915,-1.278977579214818,-1.1429051680072293,0.6293850200654502,0.6187161346732111
0.4723804190932358,0.22888007523928572,-0.3611575576027617,-0.7054689621240783,-0.010684955964216718,1.219648383439447,1.254458869938871,-0.2503763541555997,-0.5844078777385264,-0.921467660674674,-1.056568917933193,1.8746678386404008,0.607268901878159,-0.9371757776557218,-0.8820633546270721,-1.4221299390704019,-1.1619445957619343,0.5988875046752644,0.5881074048310241
0.4723804190932358,0.22888007523928572,-0.21669453401980013,-0.7054689621240783,-0.010684955964216718,-0.6991224441542135,-0.6983308925851475,0.20458959538727972,-1.122748297483825,-0.16288558004548376,-0.8796125277153893,2.045603563307035,0.6985733537209513,-2.2000521481941195,-0.9537932198052318,-1.434809802097679,-1.1599106591813537,-1.2740310493992413,-1.2860490588430924
0.4723804190932358,0.22888007523928572,-0.0722315104368386,-0.7054689621240783,-0.010684955964216718,-0.6991224441542135,-0.6983308925851475,0.6595555449301591,-1.4816419106473573,0.2607527913506876,-0.7163563331124573,1.8388712851636473,0.628998274738479,-2.634949692233117,-0.9907502844858549,-1.3473679271529353,-1.0876127792249939,-1.2740310493992413,-1.2860490588430924
0.4723804190932358,0.22888007523928572,0.07223151314612293,-0.7054689621240783,-0.010684955964216718,-0.6991224441542135,-0.6983308925851475,0.9628661779587454,-1.5414575128412795,0.6867879180396012,-0.5652010840078041,1.4057187523308026,0.4655294981716489,-2.69207471612932,-0.9851120258798007,-1.166417252522602,-0.944106314738441,-1.2740310493992413,-1.2860490588430924
0.4723804190932358,0.22888007523928572,0.21669453672908448,-0.7054689621240783,-0.010684955964216718,-0.6991224441542135,-0.6983308925851475,1.1145214944730386,-1.9003511260048118,1.0269144517236855,-0.4424851035254912,0.9915202443724752,0.3323636170388132,-2.924916486682465,-1.0000920436091445,-1.019436236219421,-0.853616020092764,-1.2740310493992413,-1.2860490588430924
0.4723804190932358,0.22888007523928572,0.361157560312046,-0.7054689621240783,-0.010684955964216718,-0.6991224441542135,-0.6983308925851475,1.190349152730185,-2.1396135347805,1.2614553190869184,-0.3578208305834329,0.6515011492578856,0.48422019662541665,-2.891901739732479,-1.0221248312836113,-0.9128693655423548,-0.8755811482157105,-1.2740310493992413,-1.2860490588430924
0.4723804190932358,0.22888007523928572,0.5056205838950075,-0.7054689621240783,-0.010684955964216718,-0.6991224441542135,-0.6983308925851475,1.2661768109873317,-1.9003511260048118,1.3697193577750986,-0.3059990572775817,0.3539574825870764,0.812324922709938,-2.1627343345414847,-0.9880660429069049,-0.7639335217837135,-0.8996407835094322,-1.2740310493992413,-1.2860490588430924
0.4723804190932358,0.22888007523928572,0.6500836074779691,1.250947026819529,-0.010684955964216718,0.8047262556085596,-0.6983308925851475,1.1145214944730386,-1.7209043194230456,1.1988400034485058,-0.29539643834484847,-0.03905019540247965,1.1658374611198854,-0.8153748890533933,-0.9348640562936967,-0.5797522670086697,-0.9348480079252114,1.1127011820476078,1.0808817274322893
0.4723804190932358,0.22888007523928572,0.7945466310609306,-0.7054689621240783,-0.010684955964216718,0.9914289618641804,1.5368743019363962,0.6595555449301591,-1.062932695289903,0.7100397221076227,-0.3794184705075161,-0.26860658040510743,0.4480730515739641,0.41369818995709984,-0.8527652100935069,-0.4624262618051076,-0.6922225943941014,0.9716150938718817,0.9671829387157148
0.4723804190932358,0.22888007523928572,0.9390096546438922,1.4875131619601591,-0.010684955964216718,0.5257202551729598,-0.6983308925851475,0.35624491190157287,-0.5844078777385264,-0.11477989852788399,-0.49001727303229076,-0.2831142732020228,0.07169331437387025,0.41369818995709984,-0.7384636692082039,-0.39970075061859345,-0.5190058761736424,1.0241086008928155,1.0112293476518275
0.4723804190932358,0.22888007523928572,1.0834726782268538,-0.7054689621240783,-0.010684955964216718,1.0506720167582237,1.5606039344590785,0.20458959538727972,-0.2853298667689162,-0.2612247908580244,-0.5975304967795969,-0.2666758016175751,-0.43901779993728984,0.41369818995709984,-0.662094776310221,-0.3878506646777313,-0.32617598909815465,0.9093722320865889,0.9034564155896647
0.4723804190932358,0.22888007523928572,1.2279357018098151,1.0162628944619037,-0.010684955964216718,0.21769194097391634,0.3280371840507855,-0.03805896888750143,-0.2853298667689162,-0.48737065991706663,-0.6925073216650153,-0.24870890338145166,-0.425551709713993,0.41369818995709984,-0.5873623924367289,-0.382391604898686,-0.31903104327089515,1.0044012594923861,0.990643142931952
0.4723804190932358,0.22888007523928572,1.3723987253927767,-0.7054689621240783,-0.010684955964216718,1.26954252757062,1.357865818995247,-0.09872103764130656,-0.2853298667689162,-0.6040230076677611,-0.7689932581767659,-0.2930460628945347,-0.4533425001474271,0.41369818995709984,-0.496373504142717,-0.34646507533014703,-0.2876468091292649,0.8433360144492036,0.8378166931696228
0.4723804190932358,0.22888007523928572,1.5168617489757383,1.143825366030556,-0.010684955964216718,0.17759187381032385,0.21597653344191492,-0.09872103764130656,-0.5844078777385264,-0.7741678832582582,-0.8238632050278794,-0.245741556379509,-0.3672014470340907,0.41369818995709984,-0.4326982941160633,-0.3656241700171485,-0.32165020660933186,0.9842554131398522,0.9691301522629788
0.4723804190932358,0.22888007523928572,1.6613247725587,-0.7054689621240783,-0.010684955964216718,1.2973530642365658,1.329343096262206,-0.37170063629299027,-0.3451454689628382,-0.8302605193377733,-0.8898545037489262,-0.27294806224391643,-0.35994183251645034,0.41369818995709984,-0.3839459132845739,-0.3783218892793678,-0.34671992963435044,0.818782797305485,0.8133850336837256
0.4723804190932358,0.33895792725144946,-1.6613247698494156,1.2098499347794855,-0.010684955964216718,0.14940560004904438,0.1650272589739417,-0.40203167066989287,-0.6442234799324486,-0.9509732367861918,-0.94510344323579,-0.25748052091951257,-0.31800493945803227,0.41369818995709984,-0.35580746535550667,-0.4271447080480988,-0.40575599264060497,0.9765385540299316,0.9608808762239066
0.4723804190932358,0.33895792725144946,-1.516861746266454,-0.7054689621240783,-0.010684955964216718,1.2276706253310885,1.2393549551698955,-0.40203167066989287,-0.6442234799324486,-0.9842475316583321,-0.985655655261079,-0.28985963856438196,-0.3376800208459315,0.41369818995709984,-0.3432317790800158,-0.46060987395429065,-0.4438734226224826,0.7966714191089327,0.7855986672425715
0.4723804190932358,0.33895792725144946,-1.3723987226834924,-0.7054689621240783,-0.010684955964216718,1.2681680309253318,1.273565411208625,-0.12905207201820915,-1.3620107062595133,-1.0374296786843384,-1.0015182967529324,-0.24576712960848293,-0.28250175189670995,0.41369818995709984,-0.363093815473987,-0.5488250529532521,-0.5371937399420503,0.7270549777472428,0.7159503855649134
0.4723804190932358,0.33895792725144946,-1.2279356991005308,-0.7054689621240783,-0.010684955964216718,1.2771510329376476,1.2791768441191167,-0.40203167066989287,-0.8834858887081368,-1.119991644078342,-1.032491240537924,-0.16524129377437943,-0.19340335754940294,0.41369818995709984,-0.3766561849404458,-0.6422123011600176,-0.6348515183090127,0.6852313978736985,0.6741075265064476
0.4723804190932358,0.33895792725144946,-1.0834726755175694,-0.7054689621240783,-0.010684955964216718,1.2975151530884346,1.2972820475101474,-0.553686987184186,-0.6442234799324486,-1.2213798112470977,-1.0681998278720497,-0.058706631632814615,-0.08103948341219437,0.41369818995709984,-0.38270224364254685,-0.7246080686506766,-0.7204523902141791,0.6726501219654529,0.6615206135546076
0.4723804190932358,0.33895792725144946,-0.9390096519346078,-0.7054689621240783,-0.010684955964216718,1.302491764374342,1.300768179028055,-0.4323627050467954,-0.8834858887081368,-1.3208234158604526,-1.090952795439938,0.04602938007091652,0.02758893419046949,0.41369818995709984,-0.39570503416064307,-0.7961465998903372,-0.7943469932780685,0.652658184370739,0.6415196179151264
0.4723804190932358,0.33895792725144946,-0.7945466283516462,-0.7054689621240783,-0.010684955964216718,1.3056204366097626,1.3028760822536025,-0.7053423036984792,-0.3451454689628382,-1.424304646749831,-1.125092833178244,0.13356739528967398,0.11772369762345489,0.41369818995709984,-0.398353804370292,-0.8521018012740315,-0.8519636023817282,0.6370878383764119,0.6259423193472944
0.4723804190932358,0.33895792725144946,-0.6500836047686848,-0.7054689621240783,-0.010684955964216718,1.3148407905205994,1.3113695320145367,-0.7053423036984792,-0.3451454689628382,-1.5196939019829707,-1.155911568600272,0.20706911756560237,0.19290908854142408,0.41369818995709984,-0.40097482486926317,-0.8972957167776221,-0.8983500556554087,0.6306531922278378,0.6195046096526777
0.4723804190932358,0.33895792725144946,-0.5056205811857232,-0.7054689621240783,-0.010684955964216718,1.307061156326826,1.3045699929502659,-0.4323627050467954,-0.5245922755446044,-1.4939523621629016,-1.1146415995720813,0.5098757547592482,0.3514676892460109,0.41369818995709984,-0.42733946303144243,-0.9764509003292954,-0.9410539470715635,0.6204903539351603,0.6097494857383194
0.4723804190932358,0.33895792725144946,-0.3611575576027617,-0.7054689621240783,-0.010684955964216718,1.2578334475528818,1.2674104427905912,0.05293427887298657,-0.8834858887081368,-1.1539107818481107,-0.9520918698264792,1.2565398784342294,0.6278235554107804,-0.2231381328232522,-0.48828241241458203,-1.1132879616700468,-0.965176645126454,0.6012515791974271,0.5905277443469962
0.4723804190932358,0.33895792725144946,-0.21669453401980013,-0.7054689621240783,-0.010684955964216718,-0.6991224441542135,-0.6983308925851475,0.35624491190157287,-1.122748297483825,-0.5706898474688663,-0.766902799727804,1.4831408506084358,0.7346173649556252,-1.3521584762862127,-0.5568362628802156,-1.1203921615527517,-0.9430387987194819,-1.2740310493992413,-1.2860490588430924
0.4723804190932358,0.33895792725144946,-0.0722315104368386,-0.7054689621240783,-0.010684955964216718,-0.6991224441542135,-0.6983308925851475,0.8415420404511351,-1.6610887172291235,-0.15396280057300565,-0.5859955700780998,1.4083306314500075,0.6893273651224273,-1.9352790020250432,-0.6187120851457915,-1.0558356333108896,-0.8791317333668728,-1.2740310493992413,-1.2860490588430924
0.4723804190932358,0.33895792725144946,0.07223151314612293,-0.7054689621240783,-0.010684955964216718,-0.6991224441542135,-0.6983308925851475,1.2661768109873317,-2.079797932586578,0.36979612669419715,-0.400643469627733,1.1250031227658106,0.5605073585616557,-2.471395719214222,-0.6549288358058988,-0.9078511181174873,-0.7591046617581336,-1.2740310493992413,-1.2860490588430924
0.4723804190932358,0.33895792725144946,0.21669453672908448,-0.7054689621240783,-0.010684955964216718,-0.6991224441542135,-0.6983308925851475,1.4178321275016248,-2.259244739168344,0.7775595897433522,-0.3065079095874067,0.7793170001105963,0.41627178109457547,-2.894165588038522,-0.6729309176789651,-0.7756622713811123,-0.6755046780793271,-1.2740310493992413,-1.2860490588430924
0.4723804190932358,0.33895792725144946,0.361157560312046,-0.7054689621240783,-0.010684955964216718,-0.6991224441542135,-0.6983308925851475,1.4936597857587715,-2.259244739168344,1.05311554244694,-0.23438497582092374,0.5047329784125891,0.5556852237625162,-2.992368636675536,-0.6750109394706362,-0.6531334326131588,-0.6743665144310176,-1.2740310493992413,-1.2860490588430924
0.4723804190932358,0.33895792725144946,0.5056205838950075,-0.7054689621240783,-0.010684955964216718,-0.6991224441542135,-0.6983308925851475,1.569487444015918,-2.259244739168344,1.2079032569961934,-0.19020233899433134,0.25705369847709686,0.8740660240488074,-2.5130119197797254,-0.6343100768668369,-0.5036864272373743,-0.7007640228088908,-1.2740310493992413,-1.2860490588430924
0.4723804190932358,0.33895792725144946,0.6500836074779691,1.252108701559277,-0.010684955964216718,0.7883530741341002,-0.6983308925851475,1.2661768109873317,-1.7209043194230456,1.0904448556234632,-0.20621601293320618,-0.09859234442250078,1.2127029767394826,-1.30100135430687,-0.572718749461166,-0.3228931241234302,-0.7461527408508848,1.124729106468674,1.092207449246235
0.4723804190932358,0.33895792725144946,0.7945466310609306,-0.7054689621240783,-0.010684955964216718,2.8757473940408107,-0.6983308925851475,0.8415420404511351,-1.2423795018716692,0.6378922370799894,-0.29783977634292624,-0.22862368934532032,0.7763278667089194,0.41369818995709984,-0.4960226512790175,-0.2512067948909339,-0.5916676130922094,0.7401219212912756,0.7515053205862445
0.4723804190932358,0.33895792725144946,0.9390096546438922,0.8771127397904205,-0.010684955964216718,-0.23738417852186616,0.8712429648851757,0.598893476176354,-0.7638546843202927,-0.1322802926023253,-0.4143973029340703,0.013597411086167644,-0.32388943641862367,0.41369818995709984,-0.39232318898543767,-0.29887369136635217,-0.17410566665804617,1.0631677634636223,1.0420327373771987
0.4723804190932358,0.33895792725144946,1.0834726782268538,-0.7054689621240783,-0.010684955964216718,1.0152677960794096,1.5246178173002602,0.35624491190157287,-0.5844078777385264,-0.29807983679967326,-0.5258846561635185,-0.01374719021469905,-0.617343715524456,0.41369818995709984,-0.302488447353788,-0.2736649903350451,-0.04329833025776849,0.866894134969263,0.8626509912560013
0.4723804190932358,0.33895792725144946,1.2279357018098151,-0.7054689621240783,-0.010684955964216718,1.1773787223053167,1.4268818322319472,0.416906980655378,-0.4049610711567603,-0.48558262561689913,-0.5991113971596357,0.034768634912725575,-0.45803047713612277,0.41369818995709984,-0.21902962402855666,-0.2528762452903582,-0.06535707732513031,0.7914723632687515,0.7833190975579127
0.4723804190932358,0.33895792725144946,1.3723987253927767,-0.7054689621240783,-0.010684955964216718,1.230278973431133,1.3771490669494815,0.20458959538727972,-0.2853298667689162,-0.6684350536205208,-0.6665897303006565,0.12774522349327397,-0.2395092045673622,0.41369818995709984,-0.13369105943219792,-0.2523356101287921,-0.11483078865932457,0.7402558489121154,0.7309787432621656
0.4723804190932358,0.33895792725144946,1.5168617489757383,1.3861560990187283,-0.010684955964216718,0.007884162649933359,0.08070148759441083,0.35624491190157287,-0.5844078777385264,-0.866290112856524,-0.7039448536109565,0.22837843682861955,-0.036892340426714645,0.41369818995709984,-0.10009725968571766,-0.2821766057477801,-0.1859181236538685,0.9614160735203483,0.9439346064144383
0.4723804190932358,0.33895792725144946,1.6613247725587,-0.7054689621240783,-0.010684955964216718,1.2054762256156215,1.271229864496309,0.35624491190157287,-0.5844078777385264,-0.8937695176641859,-0.729103048185618,0.2070478065414574,-0.008502870764175045,0.41369818995709984,-0.08151291649208266,-0.2744850863302262,-0.19638285792904395,0.7873440083543163,0.7762668773478542
0.4723804190932358,0.44903577926361327,-1.6613247698494156,1.3657606787732817,-0.010684955964216718,0.10728930313986658,0.13981312260844642,0.05293427887298657,0.013748144200694123,-0.9265220516855477,-0.7687095430192769,0.18388613305976126,0.017537160242967427,0.41369818995709984,-0.05300382894909352,-0.26558622726814024,-0.2053761277769494,0.9484866578020165,0.9374831680754286
0.4723804190932358,0.44903577926361327,-1.516861746266454,-0.7054689621240783,-0.010684955964216718,1.1860179950403236,1.2147944029588609,-0.09872103764130656,0.013748144200694123,-0.9530422192367785,-0.815219773351837,0.10867441420644218,-0.01496760025493588,0.41369818995709984,-0.015287387403227997,-0.23932529918740222,-0.19382567379917856,0.751226033144936,0.7401324705900543
0.4723804190932358,0.44903577926361327,-1.3723987226834924,-0.7054689621240783,-0.010684955964216718,-0.6991224441542135,2.6026197757962346,-0.2503763541555997,0.4324573595581485,-1.005958803368222,-0.8646814882332017,0.03517780657630859,0.033573211022578445,0.41369818995709984,0.03206061676613547,-0.2101400361479819,-0.2092435437075916,0.580048352677134,0.5688766476135323
0.4723804190932358,0.44903577926361327,-1.2279356991005308,-0.7054689621240783,-0.010684955964216718,2.778489037352248,-0.6983308925851475,-0.40203167066989287,0.7315353705277589,-1.093729012331662,-0.9163444657419507,-0.08428497525254795,0.15955242594720262,0.41369818995709984,0.0859855436679569,-0.1629348201567343,-0.25231801011205746,0.6111930048911356,0.600035342852
0.4723804190932358,0.44903577926361327,-1.0834726755175694,1.5319402686479957,-0.010684955964216718,-0.13681960869593346,0.26264522996946416,-0.40203167066989287,0.7315353705277589,-1.1755558300654019,-0.9566567196738411,-0.030454180703373104,0.1213048726759892,0.41369818995709984,0.131195372304142,-0.18008153867927507,-0.23561851419143895,0.9586784777438274,0.9476794527566247
0.4723804190932358,0.44903577926361327,-0.9390096519346078,-0.7054689621240783,-0.010684955964216718,1.1786344378853575,1.2652195314427965,-0.40203167066989287,0.7315353705277589,-1.2122643816143321,-0.9919235018124738,-0.031963001212835476,0.006272096597264211,0.41369818995709984,0.1736543600557504,-0.17715677344987127,-0.19055442850762616,0.7670289523733022,0.7559425413971467
0.4723804190932358,0.44903577926361327,-0.7945466283516462,1.4133168617755492,-0.010684955964216718,0.07222408151894888,0.09662762296822028,-0.553686987184186,1.0904289836912913,-1.2392046335428564,-1.0299857957392018,-0.04958977550360552,-0.05827122600725019,0.41369818995709984,0.21986269567267042,-0.16673260468006385,-0.1622849746624836,0.9399831539299052,0.9289757115597119
0.4723804190932358,0.44903577926361327,-0.6500836047686848,-0.7054689621240783,-0.010684955964216718,1.231760478151131,1.2457457421170404,-0.553686987184186,1.0904289836912913,-1.244843664276269,-1.063651210483947,-0.10994771052789529,-0.1307927459015946,0.41369818995709984,0.2571882282507277,-0.14373571029263324,-0.13405604568448384,0.7902025710141763,0.7791269432946827
0.4723804190932358,0.44903577926361327,-0.5056205811857232,1.3832324462683143,-0.010684955964216718,0.1109962709774631,0.11780161148474969,-0.37170063629299027,0.9707977793034471,-1.159562522140709,-1.0468866088645539,-0.0062960037326591535,-0.12965324299913752,0.41369818995709984,0.26604931412471217,-0.17234419542988133,-0.12448025796021583,0.955785353117299,0.9447851676513838
0.4723804190932358,0.44903577926361327,-0.3611575576027617,-0.7054689621240783,-0.010684955964216718,1.2632975867862386,1.2807978082841085,-0.2503763541555997,0.7315353705277589,-0.6629672674740303,-0.9237436441278107,0.7982855164815323,-0.04272736669470487,-0.2929208181267302,0.20872420310845485,-0.4328978578652901,-0.13675149112577756,0.7864020147523612,0.7826117650139629
0.4723804190932358,0.44903577926361327,-0.21669453401980013,-0.7054689621240783,-0.010684955964216718,-0.6991224441542135,-0.6983308925851475,0.05293427887298657,0.013748144200694123,-0.06698593567241594,-0.767170988185132,0.9576902722038177,0.055557483722741656,-1.2600122455718774,0.11048226434877584,-0.47886862715655104,-0.16748754410364283,-1.2740310493992413,-1.2860490588430924
0.4723804190932358,0.44903577926361327,-0.0722315104368386,-0.7054689621240783,-0.010684955964216718,-0.6991224441542135,2.827117128961732,0.20458959538727972,-0.2853298667689162,0.16486184299179937,-0.6103407301715985,0.8216509233540542,0.18915015439005173,-1.3241885427189952,0.016002221149671366,-0.4275014024762232,-0.20959288106499355,0.6721460932848731,0.6655724077968047
0.4723804190932358,0.44903577926361327,0.07223151314612293,-0.7054689621240783,-0.010684955964216718,-0.6991224441542135,-0.6983308925851475,0.20458959538727972,0.013748144200694123,0.3316928682556861,-0.4559086415738561,0.5226879424751913,0.4116500445247864,-0.8471728906605962,-0.05615088744178199,-0.30052205850042296,-0.2639187409303477,-1.2740310493992413,-1.2860490588430924
0.4723804190932358,0.44903577926361327,0.21669453672908448,1.0060760385973664,-0.010684955964216718,0.47596255159284073,-0.006526476220831052,0.05293427887298657,0.013748144200694123,0.24476884836434193,-0.39093434171336094,0.08632852672901468,0.5109419170068767,0.22491781012947343,-0.07826306341897053,-0.13107391863565931,-0.2877967728087451,1.058775693543098,1.0351399333662112
0.4723804190932358,0.44903577926361327,0.361157560312046,-0.7054689621240783,-0.010684955964216718,1.4464621940372895,1.1602241087743286,0.05293427887298657,0.013748144200694123,0.03198340170606474,-0.3759764833854406,-0.058529323911928645,0.43048328565215077,0.41369818995709984,-0.07248484975036772,-0.06761415046290352,-0.25056590556206065,0.8541870319011157,0.8508380050186742
0.4723804190932358,0.44903577926361327,0.5056205838950075,1.6921157493581693,-0.010684955964216718,0.3140618573408228,-0.6983308925851475,-0.09872103764130656,0.3726417573642265,-0.356646154451212,-0.4627481529948185,-0.04469250215509629,0.3180917414665382,0.41369818995709984,-0.003989394328073365,-0.0675311082136538,-0.20414737913149714,1.023684676770399,1.006369407536705
0.4723804190932358,0.44903577926361327,0.6500836074779691,-0.7054689621240783,-0.010684955964216718,1.1978040199605056,1.4126907971912193,-0.40203167066989287,1.0904289836912913,-0.5030542559521308,-0.5986455961548028,-0.12689508936892438,-0.03798488809551638,0.41369818995709984,0.11316409290940607,-0.024323967766594526,-0.05693050548566537,0.8475063117502727,0.8438474612558141
0.4723804190932358,0.44903577926361327,0.7945466310609306,1.1601838992769193,-0.010684955964216718,0.1782255129796262,0.19516277082963204,-0.40203167066989287,1.0904289836912913,-0.7042519292539542,-0.7261762652052516,-0.14222538769783474,-0.10880428076985502,0.41369818995709984,0.2151573099490525,-0.012770768623568204,-0.023314369703909328,0.981320526136933,0.9663733585068081
0.4723804190932358,0.44903577926361327,0.9390096546438922,-0.7054689621240783,-0.010684955964216718,1.3101671235090664,1.3160815006508813,-0.40203167066989287,1.0904289836912913,-0.7958778171198129,-0.8265980215335267,-0.2116507372753173,-0.2074807042965344,0.41369818995709984,0.3029660813993946,0.019730375731100435,0.021552509407176564,0.8118468226299769,0.8065647660923667
0.4723804190932358,0.44903577926361327,1.0834726782268538,1.2701323318341498,-0.010684955964216718,0.18954976336916018,0.19082014641399306,-0.2503763541555997,1.0904289836912913,-0.8666359466512067,-0.8760703228013649,-0.1885998811191749,-0.18942893241500522,0.41369818995709984,0.36018743262790043,0.026094509972823362,0.029844720724563834,0.9652924140944935,0.9542964544489111
0.4723804190932358,0.44903577926361327,1.2279357018098151,-0.7054689621240783,-0.010684955964216718,1.2569832694504735,1.254351127073126,-0.22004531977869715,0.9707977793034471,-0.9064329210822444,-0.9120612137747832,-0.1717871879507419,-0.1741466808328253,0.41369818995709984,0.3997638286946709,0.029001203831924116,0.03328695061598604,0.8077393489037372,0.7966715361135177
0.4723804190932358,0.44903577926361327,1.3723987253927767,1.2992892016418485,-0.010684955964216718,0.1738109043179183,0.17296438662264418,-0.7053423036984792,0.6717197683338367,-0.9810320131843684,-0.9771900748777911,-0.19356705462687956,-0.19594564805731302,0.41369818995709984,0.43543596111999844,0.008696298213565205,0.012986375993166424,0.9633645043912755,0.9523676823642645
0.4723804190932358,0.44903577926361327,1.5168617489757383,-0.7054689621240783,-0.010684955964216718,1.2565989654022038,1.2524708673343472,0.05293427887298657,0.013748144200694123,-1.0037995161550006,-0.9876035503721983,-0.204623213953279,-0.20673948239383239,0.41369818995709984,0.4501365513279088,0.0016007037452903906,0.005812607666816049,0.8040248375381067,0.7929553764909585
0.4723804190932358,0.44903577926361327,1.6613247725587,1.3169606516056593,-0.010684955964216718,0.1648835086626962,0.16351409007881237,0.05293427887298657,-0.2853298667689162,-1.0315993356389739,-0.9892578496984531,-0.18508782434008733,-0.18723125978267263,0.41369818995709984,0.4565527670402678,-0.019623690404916395,-0.01568030823418318,0.9634842112029133,0.952487551871278
0.4723804190932358,0.559113631275777,-1.6613247698494156,-0.7054689621240783,-0.010684955964216718,1.255947246283147,1.2513632539051713,0.05293427887298657,-0.5844078777385264,-1.0404813107372244,-0.9947507727599896,-0.1988428117642031,-0.2004449656250721,0.41369818995709984,0.45631918686691075,-0.04582588653216953,-0.04219527371361469,0.8025464134118202,0.7914763711890378
0.4723804190932358,0.559113631275777,-1.516861746266454,-0.7054689621240783,-0.010684955964216718,1.2545033730864752,1.2497938553918784,-0.09872103764130656,-0.2853298667689162,-1.0891120977264408,-1.0117849743549072,-0.16001497821307217,-0.16198192137083334,0.41369818995709984,0.458052699227858,-0.09663096251485616,-0.09347765104339002,0.6961763806724901,0.6850576571984176
0.4723804190932358,0.559113631275777,-1.3723987226834924,-0.7054689621240783,-0.010684955964216718,1.2735745665978428,1.2687389919794854,-0.1593831063951117,-0.4049610711567603,-1.1528986995824342,-1.0303901957024886,-0.06884556448001546,-0.07209115745559261,0.41369818995709984,0.44989331908127256,-0.17178677971017664,-0.16926760431065252,0.6710123887740546,0.659882192053616
0.4723804190932358,0.559113631275777,-1.2279356991005308,-0.7054689621240783,-0.010684955964216718,1.2790839057055858,1.274185875960775,-0.2503763541555997,-0.5844078777385264,-1.2381356927229283,-1.051126103767631,0.02958408895874243,0.024889846741603196,0.41369818995709984,0.42727175493677333,-0.26506280293543416,-0.2632889801607385,0.6479357956541919,0.6367951200976721
0.4723804190932358,0.559113631275777,-1.0834726755175694,-0.7054689621240783,-0.010684955964216718,1.282353643595486,1.277415017686069,-0.2503763541555997,-0.5844078777385264,-1.3273407440260088,-1.0675053609193899,0.12541124012891916,0.11926818941618919,0.41369818995709984,0.39046405609014606,-0.3645489234841172,-0.36354685134042325,0.6304047780924091,0.6192560597176223
0.4723804190932358,0.559113631275777,-0.9390096519346078,-0.7054689621240783,-0.010684955964216718,1.2846033359480755,1.2796367426550008,-0.09872103764130656,-0.5245922755446044,-1.4029418845312944,-1.068572468675916,0.22525850289379906,0.21756729410099537,0.41369818995709984,0.35289722168010834,-0.4431686351228824,-0.4427710162098872,0.6165956523162225,0.6054405355451788
0.4723804190932358,0.559113631275777,-0.7945466283516462,-0.7054689621240783,-0.010684955964216718,1.2717880152837318,1.2668440590877839,0.05293427887298657,-0.8834858887081368,-1.463381189852294,-1.0565682121740947,0.3133437852125988,0.304272648504511,0.41369818995709984,0.31160806520994094,-0.5059468544727804,-0.5060277332935365,0.6065773622487255,0.5954178055177272
0.4723804190932358,0.559113631275777,-0.6500836047686848,-0.7054689621240783,-0.010684955964216718,2.104383366555822,-0.6983308925851475,0.05293427887298657,-1.122748297483825,-1.514637504199594,-1.046298711535727,0.4190515796173396,0.33277615230592783,0.41369818995709984,0.25762353675562033,-0.5841838403047703,-0.5606814761748641,0.14640799738122556,0.13503837086572038
0.4723804190932358,0.559113631275777,-0.5056205811857232,1.684536786005906,-0.010684955964216718,-0.5310180671426898,0.22266581424279683,0.20458959538727972,-1.003117093095981,-1.4122814037602276,-0.9772684141376948,0.7776214950296242,0.17998130653253297,0.30388107303373596,0.18889739678195272,-0.7021739683669694,-0.5214453864914301,0.9418309590749595,0.9180411536583967
0.4723804190932358,0.559113631275777,-0.3611575576027617,-0.7054689621240783,-0.010684955964216718,1.0609621360681962,1.4087996866526515,-0.09872103764130656,0.3726417573642265,-1.2277887736974924,-0.9078301879808849,0.8869342622787245,0.08346566224031411,0.39261222715616456,0.1686680989997073,-0.6912330444606392,-0.4419171767631355,0.698412467911834,0.6938220647599376
0.4723804190932358,0.559113631275777,-0.21669453401980013,-0.7054689621240783,-0.010684955964216718,-0.6991224441542135,2.6604416406683855,0.05293427887298657,0.3726417573642265,-1.106581052365002,-0.8194620912913071,0.7674348254883386,0.2726449446923841,0.41369818995709984,0.15972979653948907,-0.5865613011764248,-0.4309949665813375,0.46963474984785186,0.4970235866273862
0.4723804190932358,0.559113631275777,-0.0722315104368386,-0.7054689621240783,-0.010684955964216718,2.050526559948809,-0.6983308925851475,-0.03805896888750143,0.7315353705277589,-1.1579684758491642,-0.7931845627868502,0.38966026755759203,0.39798187909950855,0.41369818995709984,0.24012384529673728,-0.3414255295045653,-0.3473327869834402,0.2217322935351178,0.1729133443368986
0.4723804190932358,0.559113631275777,0.07223151314612293,1.518812716156554,-0.010684955964216718,-0.23245854848962683,0.08441500057849907,0.05293427887298657,0.7315353705277589,-0.3969414773871599,-0.5977662203184062,0.6719333067670967,0.5630789960906003,-0.9909313529103726,0.16318668658444038,-0.36359286194094176,-0.33028135317918605,0.97447707672636,0.9555334667802625
0.4723804190932358,0.559113631275777,0.21669453672908448,-0.7054689621240783,-0.010684955964216718,1.1768720632482437,1.2593410471491162,0.20458959538727972,0.3726417573642265,0.20758736742887274,-0.4944847281240967,0.6512582035826332,0.6499168313319292,-1.934940887213443,0.14327397680575324,-0.2986613527652914,-0.3023326309028741,0.7426219035469517,0.7396781958942441
0.4723804190932358,0.559113631275777,0.361157560312046,2.300826674844633,-0.010684955964216718,-0.6991224441542135,-0.6983308925851475,0.02260324449608401,0.3726417573642265,0.9276775446781389,-0.5003044176481144,0.5890010300865456,0.8736191108427664,-3.0836397467010235,0.1643034314628457,-0.26825390574144714,-0.371943083707161,1.1235084570104554,1.096237933353852
0.4723804190932358,0.559113631275777,0.5056205838950075,-0.7054689621240783,-0.010684955964216718,1.2944936991596976,1.2678317718959362,0.20458959538727972,-0.5844078777385264,0.9987119398907781,-0.48126021414143316,0.4166476960937894,1.374656608534613,-3.0011935502530456,0.13757394493071207,-0.24619543179761047,-0.5729650618400361,0.8097210816696314,0.8116144483673089
0.4723804190932358,0.559113631275777,0.6500836074779691,1.6003470331026195,-0.010684955964216718,0.3652747866442036,-0.6983308925851475,0.05293427887298657,-0.5844078777385264,0.9113517814421166,-0.49893524499754516,0.3866699046495728,1.6313164311536015,-2.313822517534082,0.1328835199206769,-0.28820641963889665,-0.697154925817469,0.9206606744291471,0.9049860324612133
0.4723804190932358,0.559113631275777,0.7945466310609306,-0.7054689621240783,-0.010684955964216718,2.8894322341491603,-0.6983308925851475,-0.2503763541555997,-0.2853298667689162,0.5357475166776049,-0.5868537731415494,0.3488206733271779,1.266508643590601,-0.9932700778528943,0.16954788547910785,-0.31686115887870614,-0.6234512447212415,0.6197782334135982,0.6266803876622733
0.4723804190932358,0.559113631275777,0.9390096546438922,1.903792083727419,-0.010684955964216718,0.04090461553481027,-0.6983308925851475,-0.2503763541555997,0.4922729617520706,-0.17192809694397385,-0.6827565539638476,0.4842940013756516,0.5410075208136487,0.41369818995709984,0.2682538476616852,-0.33045491691845147,-0.3539563273008306,0.8833818131622455,0.8629218758513378
0.4723804190932358,0.559113631275777,1.0834726782268538,-0.7054689621240783,-0.010684955964216718,0.7664127397590783,1.7916486580750501,-0.2503763541555997,-0.2853298667689162,-0.2874753819696863,-0.772449360480806,0.3914640326412205,-0.45117585150875966,0.401585724059187,0.28463052039453146,-0.3692765230366107,-0.059649138952543465,0.8298842090054994,0.8208677595933319
0.4723804190932358,0.559113631275777,1.2279357018098151,-0.7054689621240783,-0.010684955964216718,1.123718062129943,1.480406140229578,-0.40203167066989287,0.013748144200694123,-0.46339039743045835,-0.8552984210222127,0.3165898804103574,-0.3324126498133816,0.3637882319541093,0.32820335740256146,-0.3704386842553852,-0.13549413669175392,0.7362029182895241,0.7278449240480378
0.4723804190932358,0.559113631275777,1.3723987253927767,1.2525986681560726,-0.010684955964216718,0.05193412069695146,0.21252718961454864,-0.553686987184186,0.013748144200694123,-0.7340638726342624,-0.9263083726907844,0.22508290005484466,-0.26464450884032426,0.41369818995709984,0.3237976685542632,-0.4127246150877106,-0.24033933614779387,0.9312636377661166,0.9148085701666954
0.4723804190932358,0.559113631275777,1.5168617489757383,-0.7054689621240783,-0.010684955964216718,1.2420078152544172,1.384337025333257,-0.40203167066989287,-0.6442234799324486,-0.7814089873732275,-0.9666050999225136,0.09689964714587508,-0.2558177633994372,0.41369818995709984,0.28300462865064746,-0.45701474694078814,-0.3359762889206041,0.7718391860884646,0.7661945602764755
0.4723804190932358,0.559113631275777,1.6613247725587,1.3076365747099943,-0.010684955964216718,0.13981891692370546,0.2070695103850374,-0.40203167066989287,-0.6442234799324486,-0.8503115212635197,-0.9936455540121589,0.06803855336685383,-0.2170352558590791,0.41369818995709984,0.25198672596055804,-0.5034134204645819,-0.4082325604572238,0.9358542589847407,0.92484502883854
0.4723804190932358,0.6691914832879408,-1.6613247698494156,-0.7054689621240783,-0.010684955964216718,1.2261136473324645,1.2876593938235943,-0.553686987184186,-0.3451454689628382,-0.9207619456777878,-1.0367250893682154,-0.023775305736346154,-0.2409706862148844,0.41369818995709984,0.21384221496475928,-0.5443450742009825,-0.4733911290598306,0.784050180926727,0.7729715928832535
0.4723804190932358,0.6691914832879408,-1.516861746266454,-0.7054689621240783,-0.010684955964216718,1.249606439718672,1.286779423881187,-0.7053423036984792,0.013748144200694123,-1.0123122451127005,-1.088862336990976,-0.07393207972293184,-0.233772281198259,0.41369818995709984,0.17750891551980544,-0.5908896094993652,-0.5402660449767199,0.6949100086125332,0.6837907287165977
0.4723804190932358,0.6691914832879408,-1.3723987226834924,-0.7054689621240783,-0.010684955964216718,1.285360171054077,1.3088484747259868,-0.7660043724522843,0.07356374639461619,-1.151325389940087,-1.144215375944829,-0.057088698679730106,-0.15542747384433822,0.3717099461040917,0.1433000374036071,-0.6518099198738214,-0.6226689197459183,0.6771707191995251,0.6671610373487291
0.4723804190932358,0.6691914832879408,-1.2279356991005308,-0.7054689621240783,-0.010684955964216718,1.2906403573102807,1.3048406078134502,-0.8569976202127723,0.31282615517030443,-1.2850078780753547,-1.186059479999431,0.014703879459773386,-0.04759394126855389,0.41369818995709984,0.11524869943588481,-0.709167158403527,-0.6927318641148796,0.6564717013700548,0.646073634655939
0.4723804190932358,0.6691914832879408,-1.0834726755175694,-0.7054689621240783,-0.010684955964216718,1.3016716494441998,1.3095167320333698,-0.8569976202127723,0.31282615517030443,-1.4113442410013295,-1.2213816642272748,0.0705046650809073,0.02737679715270522,0.3800902796525076,0.0832576264574184,-0.7542739440860137,-0.7446171301098488,0.6469223379857402,0.6363617457261618
0.4723804190932358,0.6691914832879408,-0.9390096519346078,-0.7054689621240783,-0.010684955964216718,1.311844774660703,1.3154207895364296,-0.7053423036984792,-0.3451454689628382,-1.4970815894192366,-1.2314129711699895,0.12578205194904127,0.08981468061956716,0.41369818995709984,0.037864408428928215,-0.804127906638822,-0.7974966639681925,0.6340462052993555,0.6228990682051324
0.4723804190932358,0.6691914832879408,-0.7945466283516462,-0.7054689621240783,-0.010684955964216718,1.3076712495150526,1.308475776641756,-0.8569976202127723,-0.04606745799322794,-1.5961987590387712,-1.261666040674785,0.14467896327885027,0.11617082096756785,0.41369818995709984,-0.022246532237542933,-0.8591733005819021,-0.8554227356936699,0.6175122644739055,0.6063576909526874
0.4723804190932358,0.6691914832879408,-0.6500836047686848,-0.7054689621240783,-0.010684955964216718,1.3166243985870763,1.3155591364068413,-0.8569976202127723,-0.04606745799322794,-1.67859014877002,-1.2830508942307515,0.18633604839546458,0.16336670019538305,0.41369818995709984,-0.08127523418758195,-0.9112872600993952,-0.9098335460826602,0.615697581213575,0.604542026505428
0.4723804190932358,0.6691914832879408,-0.5056205811857232,-0.7054689621240783,-0.010684955964216718,1.3254999720607346,1.3231650700324369,-0.8873286545896748,0.1931949507824603,-1.7437186125063486,-1.2921717719367474,0.2187450014741369,0.19993224991815725,0.334616762360894,-0.1385583586850747,-0.9416654487141773,-0.9418041988900037,0.6147748487076277,0.6036189288488537
0.4723804190932358,0.6691914832879408,-0.3611575576027617,1.9241586190874447,-0.010684955964216718,-0.14505555138903364,-0.14434946266920376,-0.8569976202127723,-0.04606745799322794,-1.7414656759096543,-1.2582953352216308,0.25559517198461656,0.23638628096100006,0.0692808714707809,-0.21937806387393635,-0.9701844375413532,-0.970658987848262,0.9114718715616902,0.900451481708719
0.4723804190932358,0.6691914832879408,-0.21669453401980013,-0.7054689621240783,-0.010684955964216718,1.2334057535787886,1.2303756144307572,-0.8266665858358697,0.4922729617520706,-1.6462041851925384,-1.1881457038938035,0.23218202841801,0.20964695236691927,-0.25570712979669924,-0.28251179258962605,-0.9446773437646852,-0.9439433484277919,0.726778302003653,0.7156735587205113
0.4723804190932358,0.6691914832879408,-0.0722315104368386,1.575488090718148,-0.010684955964216718,-0.06282389294016288,-0.06251414457355604,-0.7811699619556257,0.6119041661399147,-1.4845506329863756,-1.1104409214194069,0.20623798762394935,0.18256468286989147,-0.5041899277418269,-0.32167845814569385,-0.8940129663079294,-0.8923835816330821,0.9554397334506156,0.9373897313315002
0.4723804190932358,0.6691914832879408,0.07223151314612293,-0.7054689621240783,-0.010684955964216718,1.312558932676005,1.3093551177347524,-0.7053423036984792,0.6717197683338367,-1.3832868857128053,-1.0621295938681596,0.07875799851176307,0.06307535202548635,-0.5245048951765181,-0.3142736288277111,-0.789856902483434,-0.7889502512114551,0.7539971108266668,0.7496607645142177
0.4723804190932358,0.6691914832879408,0.21669453672908448,1.513289244309046,-0.010684955964216718,0.0629470175331554,0.06262793629039849,-0.7053423036984792,1.0904289836912913,-1.3182888621891715,-1.0356262224522688,0.05484873430306212,0.045509902206815965,-0.44536964999784306,-0.2847568648343718,-0.7138734595553061,-0.7141025552828921,0.9540124322333593,0.9430113038527238
0.4723804190932358,0.6691914832879408,0.361157560312046,-0.7054689621240783,-0.010684955964216718,1.2461468623563496,1.2421724101474794,-0.4930249184303809,0.3726417573642265,-1.2613580641275726,-1.020149631187148,0.001803890324352983,0.0006139909417967511,-0.2790019533737631,-0.24128127246462988,-0.6272418919468296,-0.6290707652018804,0.7774331844019288,0.7663515176138641
0.4723804190932358,0.6691914832879408,0.5056205838950075,1.4376763288742354,-0.010684955964216718,0.10078446307776433,0.09932517732478048,-0.553686987184186,0.7315353705277589,-1.2516907720564838,-1.0384252630358553,-0.05680995048391418,-0.05217794595415563,-0.02341055475291644,-0.17299116490135086,-0.5443562612397416,-0.5471934134424215,0.9581233261542172,0.9471241598266987
0.4723804190932358,0.6691914832879408,0.6500836074779691,-0.7054689621240783,-0.010684955964216718,1.2502808638909086,1.244963034216862,-0.553686987184186,0.7315353705277589,-1.265354217105201,-1.0858593320280006,-0.15822740950779388,-0.15364820588332725,0.2568480157979595,-0.08616545711449689,-0.45618260336540495,-0.4578887420488203,0.7871256559294794,0.7760484484684073
0.4723804190932358,0.6691914832879408,0.7945466310609306,1.3971610609548097,-0.010684955964216718,0.12287379936428025,0.12089539337433405,-0.553686987184186,0.31282615517030443,-1.2944704793511381,-1.149118637279793,-0.2390771729089006,-0.23535031244360424,0.41369818995709984,-0.008702743012146654,-0.41034285150884114,-0.41100147076462124,0.961759893084601,0.9507624554959843
0.4723804190932358,0.6691914832879408,0.9390096546438922,-0.7054689621240783,-0.010684955964216718,1.2530065214323836,1.2476517846816688,-0.40203167066989287,0.013748144200694123,-1.2913138262039288,-1.1873739563198873,-0.31147498413412067,-0.3078382928853377,0.41369818995709984,0.033534970959535754,-0.38916901416841077,-0.3892404839510251,0.7950754482939252,0.7840018414850393
0.4723804190932358,0.6691914832879408,1.0834726782268538,1.3742984050304425,-0.010684955964216718,0.1352300785136368,0.1333417905325807,-0.40203167066989287,0.013748144200694123,-1.2957407663455331,-1.2031201475605324,-0.3134517947338061,-0.3105306724436818,0.41369818995709984,0.05611334207611045,-0.39294679110319053,-0.3927852179181614,0.9668169208430045,0.9558217683125155
0.4723804190932358,0.6691914832879408,1.2279357018098151,-0.7054689621240783,-0.010684955964216718,1.253974008976222,1.2487960809931506,-0.462693739423698,0.25301055297638236,-1.286680188494516,-1.219977556501343,-0.3536622875314613,-0.35057174794326584,0.41369818995709984,0.07710804926939774,-0.37934012494180014,-0.3789116271715637,0.8013695064426662,0.7902987813483426
0.4723804190932358,0.6691914832879408,1.3723987253927767,1.3610183546967174,-0.010684955964216718,0.14202813962132113,0.14022763917850609,-0.553686987184186,0.31282615517030443,-1.3013771213822751,-1.2412283158286455,-0.3722847128702833,-0.36921968359495466,0.41369818995709984,0.10203501111663772,-0.3731138924663183,-0.3725251681624846,0.970702261929303,0.9597088188219967
0.4723804190932358,0.6691914832879408,1.5168617489757383,-0.7054689621240783,-0.010684955964216718,1.2544077175383557,1.2493456953783322,-0.553686987184186,0.31282615517030443,-1.3004667155900835,-1.262384856316334,-0.4251548064510039,-0.4214523501186195,0.41369818995709984,0.12099940469564187,-0.36071069351296653,-0.3599522739538065,0.8056503300329768,0.7945815036835384
0.4723804190932358,0.6691914832879408,1.6613247725587,1.352956421707481,-0.010684955964216718,0.146220638202615,0.14447027653780198,-0.6143490559379912,0.4922729617520706,-1.3173001922693632,-1.2809445562020791,-0.438920875607675,-0.43514986256493193,0.41369818995709984,0.13856521285648757,-0.36015844104191985,-0.3593411502888726,0.9737455150985469,0.9627535043001401
0.4723804190932358,0.7792693353001046,-1.6613247698494156,-0.7054689621240783,-0.010684955964216718,1.2547398840571007,1.249741241657828,-0.7053423036984792,1.0904289836912913,-1.3156900917977945,-1.2986488760607677,-0.46832838404577276,-0.4641858051765476,0.41369818995709984,0.16571649499092295,-0.337821581941272,-0.3368028228419013,0.8089671987716783,0.7979001473341212
0.4723804190932358,0.7792693353001046,-1.516861746266454,-0.7054689621240783,-0.010684955964216718,1.296773454684553,1.2916758550114138,-0.7053423036984792,1.0904289836912913,-1.356231578827443,-1.3145739772328147,-0.4423894578975069,-0.43874948431640226,0.41369818995709984,0.1973328262243238,-0.3265314933444436,-0.32540254925413015,0.7400194954629721,0.7289206760340565
0.4723804190932358,0.7792693353001046,-1.3723987226834924,-0.7054689621240783,-0.010684955964216718,1.3115016760793157,1.3063747907597292,-0.644680234944674,0.910982177109525,-1.436111827233279,-1.3245770538116002,-0.35667566634555703,-0.35449502541243183,0.41369818995709984,0.22510184104862901,-0.3367465505436014,-0.335672027351254,0.70559505662034,0.6944806298805213
0.4723804190932358,0.7792693353001046,-1.2279356991005308,-0.7054689621240783,-0.010684955964216718,1.3103586448372795,1.305244748368229,-0.7053423036984792,1.0904289836912913,-1.5147324914314024,-1.3306726951430263,-0.2372478345962982,-0.23706166301307804,0.41369818995709984,0.25137333670366385,-0.360128106956054,-0.3592104738456261,0.675410939063329,0.6642827348444234
0.4723804190932358,0.7792693353001046,-1.0834726755175694,-0.7054689621240783,-0.010684955964216718,1.313227470352973,1.308111882449279,-0.553686987184186,0.7315353705277589,-1.5846912565824371,-1.3239044653909855,-0.10901599255227813,-0.11095751362747808,0.41369818995709984,0.26251810311551094,-0.3911654703161759,-0.3904648983860878,0.6575186409437164,0.6463824267022115
0.4723804190932358,0.7792693353001046,-0.9390096519346078,-0.7054689621240783,-0.010684955964216718,1.3153041417910514,1.3101868758889859,-0.553686987184186,0.7315353705277589,-1.648648434101185,-1.3152250400009333,0.014753321035789668,0.010765544760816391,0.41369818995709984,0.269660154738467,-0.42296591880087997,-0.42249102908641817,0.6431675043256634,0.6320245186236743
0.4723804190932358,0.7792693353001046,-0.7945466283516462,-0.7054689621240783,-0.010684955964216718,1.3099785454284878,1.304880225326341,-0.553686987184186,0.7315353705277589,-1.7070856493883644,-1.3088799128282822,0.12095553120069327,0.11521494656815574,0.41369818995709984,0.27684564069117956,-0.4502446522733289,-0.44996472190402975,0.6255149798498122,0.6143639494954894
0.4723804190932358,0.7792693353001046,-0.6500836047686848,1.8529995376934432,-0.010684955964216718,-0.1224506737445477,-0.12334966543951106,-0.7053423036984792,1.0904289836912913,-1.7467013453699651,-1.313493460053422,0.16267740183070822,0.156242920460817,0.41369818995709984,0.29065630974274614,-0.45777482017031984,-0.4575463394280417,0.9123054989973206,0.9012854456293088
0.4723804190932358,0.7792693353001046,-0.5056205811857232,-0.7054689621240783,-0.010684955964216718,1.2969288161132573,1.297509062147505,-0.5233559528072834,0.6717197683338367,-1.45961581571251,-1.2404706834366939,0.7001252343879666,0.12640957736337596,0.15250976275945274,0.24840628937763276,-0.6212161656275672,-0.44059805983106004,0.7266954972918435,0.7234878211469515
0.4723804190932358,0.7792693353001046,-0.3611575576027617,-0.7054689621240783,-0.010684955964216718,1.225897949327254,1.2582487357222736,-0.40203167066989287,0.3726417573642265,-0.9766599248245126,-1.1066037092023218,1.449488186160664,0.24815779034112864,-0.7538742617129525,0.16228856116580928,-0.8320847467683568,-0.4761812769981371,0.656483582046097,0.6472692561489714
0.4723804190932358,0.7792693353001046,-0.21669453401980013,-0.7054689621240783,-0.010684955964216718,-0.6991224441542135,-0.6983308925851475,-0.40203167066989287,0.3726417573642265,-0.36822590071765393,-0.969342739464554,1.5460049620721714,0.3044168681507381,-1.8399353049435685,0.07473556965736637,-0.85437728798469,-0.4904089727335654,-1.2740310493992413,-1.2860490588430924
0.4723804190932358,0.7792693353001046,-0.0722315104368386,-0.7054689621240783,-0.010684955964216718,-0.6991224441542135,2.8301402176967003,-0.31103842290940487,0.013748144200694123,-0.04761857424602275,-0.8398789962440488,1.31884308374247,0.3529048547903902,-2.1553133578979553,-0.01414458192696879,-0.7980546354048339,-0.5130008276788482,0.6217659065175134,0.6123499368725221
0.4723804190932358,0.7792693353001046,0.07223151314612293,-0.7054689621240783,-0.010684955964216718,-0.6991224441542135,-0.6983308925851475,-0.2503763541555997,0.013748144200694123,0.5067422958435002,-0.7240759261289144,0.8931877692038183,0.5132653625865004,-2.8515046244046487,-0.0875790032462381,-0.6727658250938116,-0.5614226261514861,-1.2740310493992413,-1.2860490588430924
0.4723804190932358,0.7792693353001046,0.21669453672908448,1.5490444266385122,-0.010684955964216718,0.45323700079534235,-0.6983308925851475,-0.2503763541555997,-0.2853298667689162,0.9877161644227074,-0.6675679124108055,0.28767764017338826,0.5510525868706285,-3.34558162005324,-0.13160066166175166,-0.4993880227295783,-0.5874920348028664,1.1097772756695155,1.0804071671275999
0.4723804190932358,0.7792693353001046,0.361157560312046,-0.7054689621240783,-0.010684955964216718,1.295524256295703,1.3134971391882944,-0.40203167066989287,0.013748144200694123,1.1530521441718637,-0.6306009566045329,0.1505710352344457,0.8290896180975219,-3.170469736225354,-0.1581774041342417,-0.4624712250955045,-0.6809001198828236,0.8566335511146016,0.8561321391258678
0.4723804190932358,0.7792693353001046,0.5056205838950075,1.6259175124782628,-0.010684955964216718,0.4085682774911746,-0.6983308925851475,-0.40203167066989287,0.013748144200694123,1.2840769965889998,-0.6020205361625462,0.21108240963257913,1.1851972716532415,-2.539001132322586,-0.1840869470413059,-0.49546416888484884,-0.797458089495725,0.9846127334723348,0.9689236078816632
0.4723804190932358,0.7792693353001046,0.6500836074779691,-0.7054689621240783,-0.010684955964216718,1.1959409442078985,1.4144574448030842,-0.40203167066989287,0.013748144200694123,1.1619120447725815,-0.6004424588189005,0.2374322123263596,1.7287954962220697,-1.4378559566837994,-0.18916176586968586,-0.5146602668538994,-0.9549728303167326,0.8212795393767859,0.8169329661861856
0.4723804190932358,0.7792693353001046,0.7945466310609306,1.5986713509297632,-0.010684955964216718,0.4238711679865635,-0.6983308925851475,-0.553686987184186,0.3726417573642265,0.46079790831162476,-0.6662107376649061,0.22196467100195577,1.4608345550458215,0.41369818995709984,-0.15130247363928792,-0.5144180244376942,-0.8875734749427013,0.9410880568018334,0.9254568755871595
0.4723804190932358,0.7792693353001046,0.9390096546438922,0.7641735554321715,-0.010684955964216718,0.27249584262330023,0.4998065621894009,-0.7053423036984792,0.6717197683338367,-0.051995345075052234,-0.7766627422972486,0.05617087024101475,0.3248239480918713,0.41369818995709984,-0.08258429662607567,-0.4675880045155957,-0.5576479623231814,0.9483968326907275,0.9371663847286886
0.4723804190932358,0.7792693353001046,1.0834726782268538,-0.7054689621240783,-0.010684955964216718,1.2692889878101097,1.3162781209000423,-0.553686987184186,0.7315353705277589,-0.20372540725391064,-0.8567861612012849,-0.06048397104650335,0.11008676426394132,0.41369818995709984,-0.01833189261732479,-0.4150360294036145,-0.4735709987909991,0.8058910037279536,0.8003684346528988
0.4723804190932358,0.7792693353001046,1.2279357018098151,1.0857678227901948,-0.010684955964216718,0.22966139329131657,0.2346523128651593,-0.644680234944674,0.7913509727216809,-0.4380756312293592,-0.9264332920511714,-0.0695326318984486,0.03152981987225625,0.41369818995709984,0.0252238119606346,-0.4155360039819988,-0.450604884778574,0.9342582881697332,0.9194095101846126
0.4723804190932358,0.7792693353001046,1.3723987253927767,-0.7054689621240783,-0.010684955964216718,1.316674013332914,1.3114024418003771,-0.7053423036984792,1.0904289836912913,-0.5508448741867606,-0.9845984281319281,-0.13821721027665276,-0.0924739212935829,0.41369818995709984,0.07170674906234831,-0.38591745832602686,-0.4017652684243786,0.7868046976660958,0.7807813473966094
0.4723804190932358,0.7792693353001046,1.5168617489757383,1.18032025259971,-0.010684955964216718,0.1772454115173543,0.173379008000939,-0.7053423036984792,1.0904289836912913,-0.7493755468321052,-1.032774955695413,-0.14249987368882167,-0.11844771188181874,0.41369818995709984,0.10951898743551004,-0.3785462754606306,-0.38680140705427635,0.940358295276451,0.9247938025534915
0.4723804190932358,0.7792693353001046,1.6613247725587,-0.7054689621240783,-0.010684955964216718,1.317566868526022,1.3095747957956487,-0.7053423036984792,0.6717197683338367,-0.7991334710438365,-1.0704695491319625,-0.18653185933614908,-0.17223073960242474,0.41369818995709984,0.13537423743037866,-0.36746766492342,-0.3720048462052128,0.7843925604090352,0.7786495143180305
0.4723804190932358,0.8893471873122684,-1.6613247698494156,1.2762792507427578,-0.010684955964216718,0.19136763924738093,0.18786937536128515,-1.0086529367270654,1.0904289836912913,-0.8842286522607856,-1.116264845498014,-0.19427969527428665,-0.1833473911703245,0.41369818995709984,0.15749727199000632,-0.37808330416429536,-0.38144649011792264,0.9423931310640491,0.9313868303443753
0.4723804190932358,0.8893471873122684,-1.516861746266454,-0.7054689621240783,-0.010684955964216718,1.2616455839354164,1.2548883740865586,-1.0086529367270654,0.6717197683338367,-0.9468653734725635,-1.1599227504350713,-0.23360620679040936,-0.22522055926878173,0.41369818995709984,0.17200289031767652,-0.3898309856734402,-0.39214418820153923,0.7921650426840626,0.7810901394428819
0.4723804190932358,0.8893471873122684,-1.3723987226834924,-0.7054689621240783,-0.010684955964216718,1.298733447377123,1.2924331993186833,-1.0086529367270654,0.6717197683338367,-1.044708242552697,-1.1997533237824185,-0.22978471394073713,-0.2239200669937921,0.41369818995709984,0.1721978621979167,-0.42788843099021345,-0.4295817972838077,0.7264913656762086,0.7153864866190994
0.4723804190932358,0.8893471873122684,-1.2279356991005308,-0.7054689621240783,-0.010684955964216718,1.3152507428696836,1.30926204802193,-1.0086529367270654,0.6717197683338367,-1.1939331837236515,-1.2393351170476392,-0.14621481141776915,-0.1442001420828223,0.41369818995709984,0.1706100961434856,-0.49233524019809277,-0.49360328579070234,0.6931865905454362,0.6832483448105041
0.4723804190932358,0.8893471873122684,-1.0834726755175694,-0.7054689621240783,-0.010684955964216718,1.3157464698641146,1.31002630967272,-0.8569976202127723,-0.04606745799322794,-1.3175831471922852,-1.2545237586006812,-0.01864190624031089,-0.020110875312825238,0.41369818995709984,0.14799528845028187,-0.5751477248825255,-0.5765191143595101,0.6711918589863896,0.6608495492204721
0.4723804190932358,0.8893471873122684,-0.9390096519346078,-0.7054689621240783,-0.010684955964216718,1.308411476295117,1.3029073151076802,-1.038983971103968,0.4922729617520706,-1.445459373552224,-1.2865094666916352,0.06099653854839695,0.05751367229627538,0.41369818995709984,0.13134015340333022,-0.6426619340639863,-0.6442743084065277,0.648608853953009,0.6380309029981824
0.4723804190932358,0.8893471873122684,-0.7945466283516462,1.7362048490638151,-0.010684955964216718,-0.04691448320010331,-0.04824953415174556,-1.0086529367270654,0.31282615517030443,-1.5183968580218692,-1.300063217293624,0.09160087410247501,0.0873419844758248,0.41369818995709984,0.11933828288428874,-0.6757372746964981,-0.677495164200752,0.9201370246320733,0.9091206083800488
0.4723804190932358,0.8893471873122684,-0.6500836047686848,-0.7054689621240783,-0.010684955964216718,1.2427522466739591,1.2376407116756107,-1.1603082532413587,1.0904289836912913,-1.5337446541247657,-1.312494105170326,0.048258513196478156,0.044456763394832094,0.41369818995709984,0.11520840202994408,-0.6766374010458786,-0.6783216981220492,0.7481582985826353,0.7370634014002279
0.4723804190932358,0.8893471873122684,-0.5056205811857232,1.5368318612007714,-0.010684955964216718,0.05067341210753082,0.04916264587403934,-0.9783219023501628,0.6119041661399147,-1.518022260487977,-1.311573795306232,-0.012539281366163352,-0.015556217648258073,0.41369818995709984,0.10492484185643508,-0.6670128904119809,-0.6685601894825867,0.9511817711611742,0.9401793099101019
0.4723804190932358,0.8893471873122684,-0.3611575576027617,-0.7054689621240783,-0.010684955964216718,1.2470001939383661,1.242024630535903,-0.8569976202127723,0.6717197683338367,-1.4532964891005824,-1.2820367184065926,-0.09672890847126646,-0.1015169962038106,0.41369818995709984,0.07436058661046882,-0.6453549985098618,-0.6457555248071744,0.7756008601377778,0.7645184362296882
0.4723804190932358,0.8893471873122684,-0.21669453401980013,1.4538294385565815,-0.010684955964216718,0.09284526281580888,0.09150045650828759,-0.7053423036984792,0.6717197683338367,-1.379615829880662,-1.2174195326498027,-0.09742876250418657,-0.10782828269887633,0.41369818995709984,0.02826735196740347,-0.6357814749564621,-0.63433574727265,0.9613460495357963,0.9503483422076522
0.4723804190932358,0.8893471873122684,-0.0722315104368386,-0.7054689621240783,-0.010684955964216718,1.2490396543170663,1.2448429239793681,-0.7053423036984792,0.6717197683338367,-1.2773259529338943,-1.1361231421245055,-0.06705543845183976,-0.08100929790484451,0.41369818995709984,-0.030038892297686214,-0.6406519243884938,-0.638287030174331,0.7887039857406666,0.7776274474787427
0.4723804190932358,0.8893471873122684,0.07223151314612293,1.407006321652632,-0.010684955964216718,0.1163989699164507,0.11557349321347322,-0.7053423036984792,1.0904289836912913,-1.219183733204655,-1.0821830328853121,-0.07237893228324796,-0.08425927086284568,0.41369818995709984,-0.05443957484937694,-0.612700462642978,-0.6107130003862001,0.963903995089739,0.9529074025035356
0.4723804190932358,0.8893471873122684,0.21669453672908448,-0.7054689621240783,-0.010684955964216718,1.2503685306240206,1.246439782250273,-0.7053423036984792,1.0904289836912913,-1.156947697569308,-1.0424544417276593,-0.08627201514382297,-0.09190542757182728,0.41369818995709984,-0.0656977531222548,-0.5782729962681489,-0.5779216648415855,0.7935459012586085,0.7824716098980702
0.4723804190932358,0.8893471873122684,0.361157560312046,1.3787560066650022,-0.010684955964216718,0.13142198909659952,0.13014849322371144,-0.7053423036984792,1.0904289836912913,-1.1415443807604952,-1.0311114815008813,-0.09347855106867886,-0.0917385687950878,0.41369818995709984,-0.05674955728692538,-0.5459762305061933,-0.5477334560569659,0.9629692018975065,0.9519722154436899
0.4723804190932358,0.8893471873122684,0.5056205838950075,-0.7054689621240783,-0.010684955964216718,1.2524138774979896,1.247378864037311,-0.7053423036984792,1.0904289836912913,-1.1557362759016674,-1.0630887204826565,-0.18475878212728933,-0.17702101192158384,0.41369818995709984,-0.005288563391455876,-0.47381445212643825,-0.476591510011513,0.7953902862090446,0.7843167806855176
0.4723804190932358,0.8893471873122684,0.6500836074779691,1.3625279039260978,-0.010684955964216718,0.14091238597789715,0.13879669234386016,-0.6295146454413326,0.5520885639459927,-1.188567074050646,-1.1074957887024865,-0.2313762212238819,-0.2247644227132728,0.41369818995709984,0.03937495789712556,-0.438081329247214,-0.43998801971872353,0.962852735270244,0.9518558293240598
0.4723804190932358,0.8893471873122684,0.7945466310609306,-0.7054689621240783,-0.010684955964216718,1.2543894273566272,1.2488130599272467,-0.553686987184186,0.7315353705277589,-1.2124095381587154,-1.1625199439165634,-0.3015875213718302,-0.2961757867261947,0.41369818995709984,0.09363167481792006,-0.3934971073559904,-0.39429677379153527,0.7983104123720326,0.7872383181744043
0.4723804190932358,0.8893471873122684,0.9390096546438922,1.3539858718475077,-0.010684955964216718,0.14598391700001564,0.1439173606932129,-0.553686987184186,0.7315353705277589,-1.2510191721921486,-1.210179502940594,-0.3377975087169956,-0.3332402358065568,0.41369818995709984,0.14585590640794358,-0.35839712784345507,-0.3584461358434197,0.9659028288287244,0.9549072766718295
0.4723804190932358,0.8893471873122684,1.0834726782268538,-0.7054689621240783,-0.010684955964216718,1.2551878883934589,1.2498420671800523,-0.40203167066989287,0.3726417573642265,-1.262593567065249,-1.2404018719246162,-0.39693645316019427,-0.3923132736902251,0.41369818995709984,0.19394494850331886,-0.31088534396313794,-0.3102778886785737,0.8025968162798781,0.7915267778535255
0.4723804190932358,0.8893471873122684,1.2279357018098151,1.3489502136860805,-0.010684955964216718,0.14866826395862115,0.146759498010177,-0.462693739423698,0.4922729617520706,-1.2867678175604802,-1.260477895232912,-0.4216580936093007,-0.41722470211700907,0.41369818995709984,0.23192971768634663,-0.28025888914204966,-0.2792156863688908,0.970012822698367,0.9590191081201035
0.4723804190932358,0.8893471873122684,1.3723987253927767,-0.7054689621240783,-0.010684955964216718,1.2553115047941057,1.2501543957208305,-0.553686987184186,1.0904289836912913,-1.2912228525171263,-1.2787058883424887,-0.4680862908114861,-0.46329449422341157,0.41369818995709984,0.2892519330806202,-0.21979875330423884,-0.2181720171101725,0.8065824230715634,0.7955140269765615
0.4723804190932358,0.8893471873122684,1.5168617489757383,1.3453205856305073,-0.010684955964216718,0.1504589673542167,0.14864850923659173,-0.553686987184186,1.0904289836912913,-1.3083660410860347,-1.2894203700922915,-0.4669755602330514,-0.4624744546070738,0.41369818995709984,0.3428209397802705,-0.1757956120224025,-0.17374701074830656,0.9736024069553109,0.9626104805122846
0.4723804190932358,0.8893471873122684,1.6613247725587,-0.7054689621240783,-0.010684955964216718,1.2552820723177611,1.2502332115136712,-0.4930249184303809,0.910982177109525,-1.3027196521867779,-1.294072028308736,-0.482056093358983,-0.47749761391783413,0.41369818995709984,0.38055909849101427,-0.13868110499179895,-0.13629011442980438,0.8097720245684186,0.7987052196299437
0.4723804190932358,0.999425039324432,-1.6613247698494156,1.3430593117432823,-0.010684955964216718,0.15144274787603168,0.14968553431938703,-0.40203167066989287,1.0904289836912913,-1.3109199935581781,-1.2895357617048524,-0.4666533375479798,-0.46248032401128075,0.41369818995709984,0.4240040455280947,-0.09963747918134518,-0.0969103456719551,0.9762771791570023,0.9652863367380786
0.4723804190932358,0.999425039324432,-1.516861746266454,-0.7054689621240783,-0.010684955964216718,1.248229210057723,1.243258433080212,-0.40203167066989287,1.0904289836912913,-1.2997402639439997,-1.2858209986913105,-0.4764086719605715,-0.4721698718705845,0.41369818995709984,0.47229529855866953,-0.04747748069665154,-0.04433290627776658,0.8056002871854049,0.794531506829331
0.4723804190932358,0.999425039324432,-1.3723987226834924,-0.7054689621240783,-0.010684955964216718,1.2891893362264968,1.2841196004892845,-0.462693739423698,0.910982177109525,-1.3324352704869424,-1.2876263304645867,-0.4328600203408516,-0.42940203887373013,0.41369818995709984,0.5109243436330849,-0.03705202111467963,-0.033804025688825005,0.7366947062735756,0.7255944508932866
0.4723804190932358,0.999425039324432,-1.2279356991005308,-0.7054689621240783,-0.010684955964216718,1.3037130019106649,1.298612902480215,-0.553686987184186,1.0904289836912913,-1.415884229327269,-1.3014433292102159,-0.3600368410736984,-0.3578187851661771,0.41369818995709984,0.5544735330615809,-0.052714090512680806,-0.049560614139185485,0.7020321138793696,0.6909161000617056
0.4723804190932358,0.999425039324432,-1.0834726755175694,-0.7054689621240783,-0.010684955964216718,1.3094775626347095,1.3043689707552282,-0.5688525766875274,0.7315353705277589,-1.498497032958015,-1.3124704622405354,-0.2583653546420109,-0.25784690028239976,0.41369818995709984,0.5698454249660607,-0.11201894946326113,-0.10928516646582834,0.6776482863743745,0.6665211185959031
0.4723804190932358,0.999425039324432,-0.9390096519346078,-0.7054689621240783,-0.010684955964216718,1.3128614564864316,1.307748826722683,-0.5840180215610886,0.4922729617520706,-1.5766427609970965,-1.317363842948124,-0.1424419077031474,-0.1438454623714615,0.41369818995709984,0.5585109953142771,-0.1986384694915357,-0.1965282706876151,0.6591518738790382,0.6480163402901188
0.4723804190932358,0.999425039324432,-0.7945466283516462,-0.7054689621240783,-0.010684955964216718,1.3082435009479794,1.3031485836650196,-0.7053423036984792,0.6717197683338367,-1.6601826935242256,-1.3323774562448047,-0.060039849303322616,-0.06280995243182715,0.41369818995709984,0.5420078804214731,-0.2843847550905238,-0.2828949975686243,0.6385909239059983,0.6274459132660383
0.4723804190932358,0.999425039324432,-0.6500836047686848,1.8049402912208663,-0.010684955964216718,-0.09062134266573409,-0.09161457029880159,-0.7053423036984792,0.31282615517030443,-1.7157254739379204,-1.343592674074803,-0.02113870582913309,-0.02455988370166791,0.41369818995709984,0.4970741010810736,-0.37376467693258875,-0.3729236988078085,0.924087529426361,0.9130728187241116
0.4723804190932358,0.999425039324432,-0.5056205811857232,-0.7054689621240783,-0.010684955964216718,1.238249708489172,1.2333632779822417,-0.7053423036984792,0.31282615517030443,-1.696396241189084,-1.3352283701221113,-0.0737411329465931,-0.07630874362141972,0.3847092321653019,0.4349659051513006,-0.42692699106301923,-0.42647243475030694,0.7509588979442287,0.7398652742872412
0.4723804190932358,0.999425039324432,-0.3611575576027617,-0.7054689621240783,-0.010684955964216718,1.3006774624396773,1.2956501832886989,-0.553686987184186,0.7315353705277589,-1.6486604747362028,-1.2774570476181677,-0.043663605909378164,-0.049793290873517006,0.41369818995709984,0.3707858916921439,-0.4518222398737127,-0.4505093154394833,0.6921797932559779,0.681059343197811
0.4723804190932358,0.999425039324432,-0.21669453401980013,1.6861631306415528,-0.010684955964216718,-0.02599824132788968,-0.026936884340098846,-0.553686987184186,0.013748144200694123,-1.570742180914127,-1.2017188628709936,0.005474501123078963,-0.007605690406832103,0.22436091514566137,0.27904872641716066,-0.49795522122697955,-0.4949546925901803,0.9422478627978963,0.9312415525999777
0.4723804190932358,0.999425039324432,-0.0722315104368386,-0.7054689621240783,-0.010684955964216718,1.2933546623251653,1.2915234638374904,-0.553686987184186,0.013748144200694123,-1.1322543619199694,-1.046921191060367,0.23866143219904024,0.0786854517569383,-0.9251030899709384,0.12243322018126944,-0.6153347951353685,-0.5677354035839419,0.7563642455229616,0.7530384208451765
0.4723804190932358,0.999425039324432,0.07223151314612293,-0.7054689621240783,-0.010684955964216718,2.8912238310306453,-0.6983308925851475,-0.553686987184186,-0.3451454689628382,-0.694699023215536,-0.8892277896696965,0.4266246651574886,0.11768428876663702,-2.0464942061451623,-0.068946640988039,-0.7523811831821303,-0.6642112427776596,0.5593498748783928,0.5585621326664443
0.4723804190932358,0.999425039324432,0.21669453672908448,1.7542259676095209,-0.010684955964216718,-0.6991224441542135,0.2695144665101166,-0.553686987184186,-0.3451454689628382,-0.3544627859679548,-0.7773092176312287,0.5976055691953102,0.07956921633323685,-2.7412078290288413,-0.18711818065464378,-0.8374674334943356,-0.6917213429625438,1.1024859607741986,1.0699947075234992
0.4723804190932358,0.999425039324432,0.361157560312046,-0.7054689621240783,-0.010684955964216718,1.0999963271241702,1.4794888585554535,-0.5840180215610886,-0.3451454689628382,-0.25689685149323443,-0.7289160220245867,0.5610077212107066,0.14188971171596046,-2.9584986581432675,-0.27061754268764787,-0.8677414965945145,-0.7536047654842477,0.7616659072016894,0.76108852908798
0.4723804190932358,0.999425039324432,0.5056205838950075,-0.7054689621240783,-0.010684955964216718,-0.6991224441542135,-0.6983308925851475,-0.553686987184186,-0.3451454689628382,-0.2833360792201778,-0.7241980224529084,0.4899814874994555,0.25099271257306927,-2.7551945507336177,-0.30484041631010106,-0.8684256270417013,-0.8065287249990849,-1.2740310493992413,-1.2860490588430924
0.4723804190932358,0.999425039324432,0.6500836074779691,1.1095603567340389,-0.010684955964216718,0.15737486348326601,0.28561301143076506,-0.553686987184186,-0.3451454689628382,-0.47128905400224197,-0.801582390296708,0.13537286525523404,0.20302207198994113,-2.17082101128121,-0.30836390566067895,-0.7994588239044528,-0.8226940294891849,1.0500653579017059,1.0306062022342777
0.4723804190932358,0.999425039324432,0.7945466310609306,-0.7054689621240783,-0.010684955964216718,1.2684577305853513,1.3419391595802617,-0.508190363303942,-0.10588306018714999,-0.7241183081094251,-0.9119511153554591,-0.15570674157192935,-0.18438711420126397,-1.1935334918530325,-0.23725032536139717,-0.6965989506284795,-0.6894916084276129,0.8325723019651776,0.8296999907562562
0.4723804190932358,0.999425039324432,0.9390096546438922,1.2279110615826374,-0.010684955964216718,0.11557328383900048,0.14330643349046251,-0.553686987184186,0.013748144200694123,-1.056277954956624,-1.0196654804457612,-0.3029625086496623,-0.34373892296009984,0.03598767702888918,-0.171585581730065,-0.6327930296602761,-0.62040472823839,0.990047242710444,0.9740466461967948
0.4723804190932358,0.999425039324432,1.0834726782268538,-0.7054689621240783,-0.010684955964216718,1.3029109669302772,1.3225875766567026,-0.553686987184186,0.013748144200694123,-1.123076722339611,-1.096273513281506,-0.4085449942324308,-0.44325718674731407,0.2580366824020626,-0.12751469774082744,-0.5888589468292407,-0.5773038231505476,0.8117586176108754,0.8067243871965779
0.4723804190932358,0.999425039324432,1.2279357018098151,1.3115500281614412,-0.010684955964216718,0.16394151174569171,0.17298812568790803,-0.6143490559379912,0.07356374639461619,-1.1658417133025767,-1.1370420404704031,-0.4075825883820449,-0.43670944711134113,0.41369818995709984,-0.1031374214668388,-0.5846571380984216,-0.5748829499374352,0.9748939804492968,0.963902407421208
0.4723804190932358,0.999425039324432,1.3723987253927767,-0.7054689621240783,-0.010684955964216718,1.2514238951329448,1.2564277974445957,-0.553686987184186,0.013748144200694123,-1.1873589970038438,-1.1717113975323827,-0.4455076869503958,-0.4675883826439286,0.41369818995709984,-0.08414165864967721,-0.5633378692541238,-0.5554340476561724,0.813024089619617,0.8019587034459448
0.4723804190932358,0.999425039324432,1.5168617489757383,1.3216238562134623,-0.010684955964216718,0.16026029732489663,0.16320050383921225,-0.553686987184186,0.013748144200694123,-1.220346323408056,-1.1950744938406923,-0.4448351110283812,-0.46096685621221156,0.41369818995709984,-0.07494371541824806,-0.5563468305711737,-0.550342434000987,0.9748309768642243,0.9638392966380283
0.4723804190932358,0.999425039324432,1.6613247725587,-0.7054689621240783,-0.010684955964216718,1.2537824876480088,1.253359012319097,-0.644680234944674,0.13337934858853825,-1.2357810796527489,-1.223191936314239,-0.48145341759616384,-0.4919933653362872,0.41369818995709984,-0.061706862123130854,-0.5409192587163907,-0.5364192165454283,0.8123398706857299,0.8012741153725564
0.4723804190932358,1.1095028913365959,-1.6613247698494156,1.3286532891058265,-0.010684955964216718,0.1578663858382192,0.1583537518124514,-0.7053423036984792,0.013748144200694123,-1.2667964176106858,-1.2503371956299716,-0.4862347589733245,-0.49278405793159036,0.41369818995709984,-0.06416741690383507,-0.5552801894525725,-0.5522080948631914,0.9758545151062875,0.9648634125287181
0.4723804190932358,1.1095028913365959,-1.516861746266454,-0.7054689621240783,-0.010684955964216718,1.2547205427155028,1.2519694647373396,-0.7053423036984792,0.013748144200694123,-1.2775286369566967,-1.2752836624751636,-0.5216400420467766,-0.5246641461246148,0.41369818995709984,-0.0747733563248699,-0.5679236946038827,-0.5659295548251141,0.8128219381166559,0.8017564620725732
0.4723804190932358,1.1095028913365959,-1.3723987226834924,-0.7054689621240783,-0.010684955964216718,1.3027507701661736,1.2990887318678437,-0.7356733380753817,-0.10588306018714999,-1.3188534341866804,-1.2881870560681319,-0.46853637964142747,-0.47027321582543524,0.41369818995709984,-0.0898795749123393,-0.6082684590761558,-0.6073115120724402,0.7494513121585656,0.7383569675502729
0.4723804190932358,1.1095028913365959,-1.2279356991005308,-0.7054689621240783,-0.010684955964216718,1.3179782924989232,1.313836508253744,-0.8569976202127723,0.31282615517030443,-1.4089648777369463,-1.310540211106872,-0.3834781151921762,-0.38500754242524465,0.41369818995709984,-0.09796318628368293,-0.6533261938963913,-0.6532426565446929,0.7137759821368803,0.7026651558952921
0.4723804190932358,1.1095028913365959,-1.0834726755175694,-0.7054689621240783,-0.010684955964216718,1.3240365472904911,1.3195814668558299,-0.8569976202127723,0.31282615517030443,-1.4980769485807215,-1.3265838798074217,-0.2677763029044202,-0.2700410067654263,0.41369818995709984,-0.10518776313317632,-0.7001168440474727,-0.7007627225457739,0.688696775062928,0.6775747263836711
0.4723804190932358,1.1095028913365959,-0.9390096519346078,-0.7054689621240783,-0.010684955964216718,1.3275772741947347,1.322908499472764,-0.8569976202127723,0.31282615517030443,-1.5879830324115145,-1.3417527601057133,-0.16076256894007698,-0.16394481783488926,0.41369818995709984,-0.11123261532611749,-0.7402660504768235,-0.7414767779720624,0.6696378305580161,0.6585070736577737
0.4723804190932358,1.1095028913365959,-0.7945466283516462,-0.7054689621240783,-0.010684955964216718,1.330030260866075,1.3252128133310022,-0.8569976202127723,-0.04606745799322794,-1.6651414283791233,-1.3473067313292468,-0.04167827090003474,-0.04622133917045071,0.41369818995709984,-0.12453992875617298,-0.7887534732181444,-0.790508833267556,0.6546319966859383,0.6434942887511763
0.4723804190932358,1.1095028913365959,-0.6500836047686848,-0.7054689621240783,-0.010684955964216718,1.331802095942014,1.326880731585346,-0.8569976202127723,-0.04606745799322794,-1.7398830013289597,-1.357113959758273,0.04201949776780295,0.03652803679760325,0.41369818995709984,-0.14653241902469924,-0.836449412967264,-0.8386863989847397,0.642482745361047,0.6313395207400057
0.4723804190932358,1.1095028913365959,-0.5056205811857232,-0.7054689621240783,-0.010684955964216718,1.3226954775290514,1.3193148347055816,-0.6901767141951377,-0.46477667335068235,-1.6999241472493472,-1.3019154820469327,0.36167122088658205,0.1965506346086581,0.3726178253213988,-0.21943211548429997,-0.953258017628221,-0.9145857910643397,0.6329094406144049,0.6221562870719289
0.4723804190932358,1.1095028913365959,-0.3611575576027617,-0.7054689621240783,-0.010684955964216718,1.2886883534327185,1.294545714106578,-0.7053423036984792,0.013748144200694123,-1.5481760241179618,-1.1823704771929744,0.7429501636277241,0.41231328720016797,0.1970987997826589,-0.2965702786226366,-1.0408118705282352,-0.9631066262443799,0.6133891298565193,0.6025985012506874
0.4723804190932358,1.1095028913365959,-0.21669453401980013,-0.7054689621240783,-0.010684955964216718,1.2899777061285815,1.3067535677215991,-0.7053423036984792,0.013748144200694123,-1.50977509442484,-1.0908419912615157,0.7749883048862743,0.5391125417411299,0.3618180404567573,-0.3540143514420602,-1.0452724870980372,-0.992939429777052,0.5990255725316947,0.5881729744758862
0.4723804190932358,1.1095028913365959,-0.0722315104368386,-0.7054689621240783,-0.010684955964216718,1.3000167033457433,1.3177118975570374,-0.7053423036984792,0.4922729617520706,-1.534440335259137,-1.0468731994416873,0.8007584477233122,0.6253173198144271,0.41369818995709984,-0.3762710672166051,-1.041811604549643,-1.0052412191258604,0.5910680397267971,0.5799013637765328
0.4723804190932358,1.1095028913365959,0.07223151314612293,1.8846288460476228,-0.010684955964216718,-0.2694093669633544,-0.25549419411100704,-0.553686987184186,0.013748144200694123,-1.336544471648906,-0.8854300999621123,0.9215808728926165,0.8057880833960636,0.41369818995709984,-0.47291679435773365,-1.0630359986998499,-1.0428717005704662,0.9099372842395675,0.8889499512844868
0.4723804190932358,1.1095028913365959,0.21669453672908448,-0.7054689621240783,-0.010684955964216718,1.2846180521862478,1.2945392159959979,-0.553686987184186,0.013748144200694123,-1.0198463380131069,-0.7578747293432254,0.8378490065861469,0.8118746555586359,-0.010771612504761111,-0.5427099710324187,-1.0314235785204418,-1.0332504036371073,0.6929941595956005,0.6900606211013954
0.4723804190932358,1.1095028913365959,0.361157560312046,1.5575044687007216,-0.010684955964216718,-0.10558991176464558,-0.10334601808090106,-0.4475282945501369,0.013748144200694123,-0.422816802040762,-0.6778564685448256,0.7973870437035813,0.9890157899823203,-1.147570936529416,-0.5752726880508466,-0.999329685403674,-1.056172958835117,0.918721244070373,0.9001670733741297
0.4723804190932358,1.1095028913365959,0.5056205838950075,-0.7054689621240783,-0.010684955964216718,1.3121632761011452,1.2937474945875957,-0.5385213976808445,0.1931949507824603,-0.37424220468162933,-0.6448523500751234,0.6932724614639169,1.0341079070451136,-0.7797663686178794,-0.5903171333693291,-0.9663548129846325,-1.0612422513067958,0.7290194295298028,0.7247654046960614
0.4723804190932358,1.1095028913365959,0.6500836074779691,1.992730260620961,-0.010684955964216718,-0.0009324933130425531,-0.6983308925851475,-0.6143490559379912,0.3726417573642265,-0.41500242991410413,-0.6955498491374916,0.5872884761862576,1.0681034962115736,0.2727557912073984,-0.5543127283213646,-0.9275375095736884,-1.0590586761125143,0.9846449553058433,0.9649980352058256
0.4723804190932358,1.1095028913365959,0.7945466310609306,-0.7054689621240783,-0.010684955964216718,1.203652042778184,1.4062243386982884,-0.7053423036984792,0.6717197683338367,-0.6190069090234481,-0.8200662210793933,0.35580983680575534,0.5191255434439488,0.41369818995709984,-0.481545989171185,-0.8654460022953061,-0.915808688525766,0.7743537491738289,0.7714132892920778
0.4723804190932358,1.1095028913365959,0.9390096546438922,1.29145493896068,-0.010684955964216718,0.07945742792857101,0.10281513434327144,-0.7053423036984792,0.31282615517030443,-0.9311282635040862,-0.9499710637362933,0.13319914079244927,0.17402805369408914,0.41369818995709984,-0.4003172773771166,-0.7968673033488516,-0.812571697834788,0.9425798016861067,0.9261533481586791
0.4723804190932358,1.1095028913365959,1.0834726782268538,-0.7054689621240783,-0.010684955964216718,1.3076966875838933,1.3176467068347677,-0.7053423036984792,0.31282615517030443,-0.9873560222654695,-1.0287224869533673,0.014483949690597514,0.028930512294907534,0.41369818995709984,-0.35059872401037756,-0.7600191338948572,-0.7673869043916248,0.7696646623522486,0.764395698050712
0.4723804190932358,1.1095028913365959,1.2279357018098151,1.3582351793704306,-0.010684955964216718,0.144306370964366,0.14700024252634059,-0.644680234944674,0.3726417573642265,-1.0343258705463747,-1.070014334513603,-0.02294843799952214,-0.016077756136358364,0.41369818995709984,-0.3203657761797204,-0.7418423472650428,-0.746691266491793,0.9413535719103532,0.9303467318527503
0.4723804190932358,1.1095028913365959,1.3723987253927767,-0.7054689621240783,-0.010684955964216718,1.25460848907342,1.2526968338893532,-0.7053423036984792,0.6717197683338367,-1.0643277883902997,-1.11226354429059,-0.09892650128109358,-0.09692125270979501,0.41369818995709984,-0.2833611750381971,-0.7037816749178584,-0.7065586453892697,0.7831062072120981,0.7720271850920991
0.4723804190932358,1.1095028913365959,1.5168617489757383,1.3516560636358683,-0.010684955964216718,0.1474050851435073,0.14676783026487225,-0.7053423036984792,0.31282615517030443,-1.1086547172847623,-1.14542822295514,-0.1337870745774008,-0.13408715863430526,0.41369818995709984,-0.2555067393653708,-0.6833874881247879,-0.6851487296172314,0.9502161962173777,0.9392133870792272
0.4723804190932358,1.1095028913365959,1.6613247725587,-0.7054689621240783,-0.010684955964216718,1.2555303562789244,1.2514074829804092,-0.7963355514589672,0.6119041661399147,-1.1261825372500778,-1.1719100687185349,-0.1730274895559779,-0.17387668823930716,0.41369818995709984,-0.23618304735854784,-0.6680756590940886,-0.6693611515625852,0.7905642115924925,0.7794886008671252
0.4723804190932358,1.2195807433487595,-1.6613247698494156,1.348818527314038,-0.010684955964216718,0.14892674417051804,0.1475538396244582,-0.8569976202127723,0.6717197683338367,-1.1636964734968762,-1.2000663279424844,-0.19320220989351805,-0.19398526705220293,0.41369818995709984,-0.2215157568034508,-0.663766497818255,-0.664938523281035,0.9573085997941085,0.9463090471790069
0.4723804190932358,1.2195807433487595,-1.516861746266454,-0.7054689621240783,-0.010684955964216718,1.2555278334952378,1.2508618513081637,-1.1603082532413587,0.6717197683338367,-1.1886567098891132,-1.2411330383503842,-0.2511281308423863,-0.2511071472802291,0.41369818995709984,-0.19532702767678525,-0.6465270559552307,-0.6475269165934048,0.7962874572604767,0.7852144701047077
0.4723804190932358,1.2195807433487595,-1.3723987226834924,-0.7054689621240783,-0.010684955964216718,1.3041944331308715,1.2992690020323197,-1.0693150777957607,0.910982177109525,-1.2498345074912145,-1.2739307222838536,-0.24614049875150243,-0.24620954871271497,0.41369818995709984,-0.17799455838746459,-0.6505845088589862,-0.6516116931750856,0.7352927865005914,0.7241918752086582
0.4723804190932358,1.2195807433487595,-1.2279356991005308,-0.7054689621240783,-0.010684955964216718,1.3193164190127287,1.31429116637787,-1.0086529367270654,0.6717197683338367,-1.3524173732234195,-1.3025997154926683,-0.19603657610479622,-0.19687636786726692,0.41369818995709984,-0.16172116283870594,-0.6692079164977188,-0.6703896596880379,0.7016135900642453,0.6904972739551489
0.4723804190932358,1.2195807433487595,-1.0834726755175694,-0.7054689621240783,-0.010684955964216718,1.3252035449775508,1.3201283562268973,-1.0086529367270654,0.6717197683338367,-1.4462727853401043,-1.3170321361719552,-0.09046261493168571,-0.0929728206511708,0.41369818995709984,-0.1575196153402631,-0.7050944308891582,-0.7065595122313476,0.6782390799921113,0.6671120650202228
0.4723804190932358,1.2195807433487595,-0.9390096519346078,-0.7054689621240783,-0.010684955964216718,1.32852836364461,1.3234235271403425,-0.9479908679732603,0.7913509727216809,-1.5411570028266572,-1.3303476930782907,0.0014407504729230557,-0.0025227863636424555,0.41369818995709984,-0.1491968738534269,-0.7327145841791183,-0.734400529379478,0.6605563137954253,0.6494213748364294
0.4723804190932358,1.2195807433487595,-0.7945466283516462,-0.7054689621240783,-0.010684955964216718,1.330820312623951,1.325695979295092,-1.0086529367270654,1.0904289836912913,-1.6321025948140009,-1.345043361901218,0.08420509628321199,0.07892609732942187,0.41369818995709984,-0.13789333083613672,-0.7546024557818798,-0.7564640440782684,0.6466877846390275,0.6355464281733296
0.4723804190932358,1.2195807433487595,-0.6500836047686848,1.8301264760339555,-0.010684955964216718,-0.08875663761532948,-0.08973556825884466,-1.0086529367270654,0.6717197683338367,-1.686304851195696,-1.3483657228561432,0.14858825754799967,0.14228380028413914,0.41369818995709984,-0.13081787851880722,-0.7695653352574416,-0.7715468795235652,0.9281388399567646,0.9171260473022901
0.4723804190932358,1.2195807433487595,-0.5056205811857232,-0.7054689621240783,-0.010684955964216718,1.2383392673100488,1.2345893247171489,-0.993487347223724,0.7913509727216809,-1.5886151657499576,-1.3089635452814226,0.24430800115648588,0.1251543633494111,0.41369818995709984,-0.15627570439640412,-0.7962842865212176,-0.7659622494365625,0.7417828758040292,0.7306849092911273
0.4723804190932358,1.2195807433487595,-0.3611575576027617,-0.7054689621240783,-0.010684955964216718,1.287848056233083,1.2973671517970977,-0.8569976202127723,0.6717197683338367,-1.21543575109323,-1.1680520366080518,0.9164824234761789,0.25334215122846643,0.2643485488677479,-0.24714780260373753,-0.9768796651032712,-0.8032815345751948,0.6886791340591077,0.6798092169374872
0.4723804190932358,1.2195807433487595,-0.21669453401980013,-0.7054689621240783,-0.010684955964216718,1.2233244997348751,1.2658125364373345,-0.7053423036984792,0.6717197683338367,-0.6138729160366223,-1.0107185723574794,1.3487663189648755,0.4564386295414506,-0.9361930218019358,-0.3336361704294829,-1.069709712725693,-0.8452143699630393,0.6455078174957415,0.6354429510775316
0.4723804190932358,1.2195807433487595,-0.0722315104368386,-0.7054689621240783,-0.010684955964216718,-0.6991224441542135,-0.6983308925851475,-0.462693739423698,0.25301055297638236,-0.0509357691934715,-0.8556350681120691,1.390726873065314,0.5462614760651541,-1.4495168228679485,-0.41609889979229914,-1.0658641681522767,-0.8547797555823723,-1.2740310493992413,-1.2860490588430924
0.4723804190932358,1.2195807433487595,0.07223151314612293,-0.7054689621240783,-0.010684955964216718,1.216983903402374,1.3248061573785794,-0.40203167066989287,0.3726417573642265,0.29154738433329513,-0.7426592689444504,1.0463160020949334,0.5003392575502398,-1.7983027251138355,-0.46359820021031434,-0.9543623074349536,-0.8136786551682925,0.7544203149081108,0.7383913916138255
0.4723804190932358,1.2195807433487595,0.21669453672908448,-0.7054689621240783,-0.010684955964216718,-0.6991224441542135,-0.6983308925851475,-0.2503763541555997,0.013748144200694123,0.7529257883449355,-0.6372894355784737,0.9550877699352366,0.6009550999241474,-1.9118940924947156,-0.5079663680565517,-0.9101831854280233,-0.8206732038950328,-1.2740310493992413,-1.2860490588430924
0.4723804190932358,1.2195807433487595,0.361157560312046,1.1529447369991088,-0.010684955964216718,0.13209799000864056,0.18787325326598608,-0.31103842290940487,0.1931949507824603,0.978239515739403,-0.5863886778958147,0.6538769022295645,0.8793795118286973,-1.8165714544672507,-0.5233278839822564,-0.8116843210498246,-0.8815454551328423,1.0302309292696732,1.0105103355148866
0.4723804190932358,1.2195807433487595,0.5056205838950075,-0.7054689621240783,-0.010684955964216718,1.3050740437096242,1.304534777383252,-0.40203167066989287,0.3726417573642265,1.0124088311478785,-0.5517810747549303,0.4903224638857747,1.3675219284779485,-0.8990542101083837,-0.5275352227246668,-0.7470963830452929,-0.9943463144695169,0.8141889359024856,0.8120205703551735
0.4723804190932358,1.2195807433487595,0.6500836074779691,1.7439278780247298,-0.010684955964216718,0.28134156315666636,-0.6983308925851475,-0.40203167066989287,0.3726417573642265,0.8238866018991318,-0.5606842257791219,0.44164637985678007,1.6529468626287191,0.41369818995709984,-0.5040372503264148,-0.7110558317355561,-1.047342005166302,0.9849371119303365,0.9678771573306922
0.4723804190932358,1.2195807433487595,0.7945466310609306,-0.7054689621240783,-0.010684955964216718,1.1768909841258937,1.4082326741004334,-0.553686987184186,0.6717197683338367,0.4557207738790504,-0.6479703937711107,0.3086408684042915,1.1243298730548874,0.41369818995709984,-0.4439057990042253,-0.662853248211869,-0.9022638476372197,0.803361499792415,0.7993625553196861
0.4723804190932358,1.2195807433487595,0.9390096546438922,1.1293165419064783,-0.010684955964216718,0.17969319494734085,0.17459494074115323,-0.553686987184186,0.7315353705277589,-0.24524887496169073,-0.7505785917857072,0.18774683819386018,0.5673804308879548,0.41369818995709984,-0.35703520907662295,-0.6019649930061645,-0.7214626946559954,0.9328399874646301,0.9176315482831487
0.4723804190932358,1.2195807433487595,1.0834726782268538,-0.7054689621240783,-0.010684955964216718,1.320124760952333,1.291108423226255,-0.553686987184186,0.7315353705277589,-0.3946363647053877,-0.8342364522536873,0.07852954433292922,0.30881808281961015,0.41369818995709984,-0.29227317559872945,-0.5551349730840659,-0.6302797931900601,0.7751688355544237,0.7701123465569857
0.4723804190932358,1.2195807433487595,1.2279357018098151,1.213880363046425,-0.010684955964216718,0.16541034998926277,0.14494573909660743,-0.5233559528072834,0.6717197683338367,-0.6018577001370308,-0.8908926753824248,0.06720912830713242,0.2189667277611873,0.41369818995709984,-0.24603781417662765,-0.5414577425243493,-0.5920689609742865,0.9329875958639429,0.9172457119041634
0.4723804190932358,1.2195807433487595,1.3723987253927767,-0.7054689621240783,-0.010684955964216718,1.326630809848285,1.2999827461137625,-0.553686987184186,0.7315353705277589,-0.6981212392573081,-0.9414370247204769,-0.010445686354163583,0.07603248105541206,0.41369818995709984,-0.19510913212250694,-0.500650867297184,-0.5302355985825826,0.7732772879203048,0.767637502273722
0.4723804190932358,1.2195807433487595,1.5168617489757383,1.2505896436409072,-0.010684955964216718,0.13965451552012403,0.12643000184845307,-0.7053423036984792,1.0904289836912913,-0.8740670252297927,-1.0009925062247498,-0.04779368238866924,0.005881361974346629,0.41369818995709984,-0.14069122557794952,-0.47541871651155515,-0.4940718139338183,0.9408790649096358,0.9248718714119055
0.4723804190932358,1.2195807433487595,1.6613247725587,-0.7054689621240783,-0.010684955964216718,1.3215442472400336,1.3046896839548192,-0.9479908679732603,0.910982177109525,-0.9013537798771671,-1.0558659818713543,-0.09700850910804819,-0.06180041490823752,0.41369818995709984,-0.0998687468508322,-0.45541392472144326,-0.4676149268736075,0.7771691093753536,0.7716683961916193
0.4723804190932358,1.3296585953609235,-1.6613247698494156,1.319386981981003,-0.010684955964216718,0.17045213318707592,0.1628116128826493,-0.7053423036984792,0.6717197683338367,-0.9596230951982628,-1.0881544606154496,-0.11067995731751573,-0.08317678502982724,0.41369818995709984,-0.07460613415530747,-0.45103075688151145,-0.46055666525414,0.9428337961390704,0.9318275813009327
0.4723804190932358,1.3296585953609235,-1.516861746266454,-0.7054689621240783,-0.010684955964216718,1.2543679836952906,1.2435510576727802,-0.8569976202127723,1.0904289836912913,-1.0023793901470488,-1.126406250860053,-0.1607114224821291,-0.13982492048972373,0.41369818995709984,-0.045783836834407766,-0.4366534758579126,-0.4436207381567687,0.7820175052620456,0.7709379093668275
0.4723804190932358,1.3296585953609235,-1.3723987226834924,-0.7054689621240783,-0.010684955964216718,1.2995268628465813,1.2906183399186446,-1.4636188862699449,0.910982177109525,-1.1044619006018406,-1.1986936264964239,-0.1905084964415965,-0.17518221143218843,0.41369818995709984,-0.013867567423855283,-0.45798070471055813,-0.46301416254504457,0.7232025785354251,0.7120961198778634
0.4723804190932358,1.3296585953609235,-1.2279356991005308,-0.7054689621240783,-0.010684955964216718,1.3236408907156316,1.3158549052464643,-1.1603082532413587,1.0904289836912913,-1.235742950975192,-1.2337719709558286,-0.07797520722371151,-0.07085774408582488,0.41369818995709984,0.001291978868481801,-0.5059272771549521,-0.5090944038546996,0.6961553194740515,0.6862475413475244
0.4723804190932358,1.3296585953609235,-1.0834726755175694,-0.7054689621240783,-0.010684955964216718,1.323898214651672,1.3169507801533022,-1.0086529367270654,1.0904289836912913,-1.3486265799652641,-1.2526404404470504,0.051692145406712305,0.052888581781225213,0.41369818995709984,0.014519180090319786,-0.5468507557476443,-0.54902396720047,0.6738914726016239,0.6635596246046785
0.4723804190932358,1.3296585953609235,-0.9390096519346078,-0.7054689621240783,-0.010684955964216718,1.3164084903498918,1.3100682329667843,-1.5242810273386402,1.0904289836912913,-1.4819899912725556,-1.304783334142597,0.12461591270782968,0.12261458830044684,0.41369818995709984,0.050486183354327356,-0.5695727071440356,-0.5712487145257537,0.651273725591332,0.640698767923509
0.4723804190932358,1.3296585953609235,-0.7945466283516462,1.7585895588095433,-0.010684955964216718,-0.051322942576574944,-0.05306872161265919,-1.3119635697556518,1.0904289836912913,-1.5571175334671346,-1.3251808307201371,0.14280785535892376,0.13985051299721463,0.41369818995709984,0.06478355820099845,-0.5749379679057938,-0.5764391481778219,0.9261088644457293,0.9150950275526867
0.4723804190932358,1.3296585953609235,-0.6500836047686848,-0.7054689621240783,-0.010684955964216718,1.24258742480643,1.2370529470928309,-1.1603082532413587,1.0904289836912913,-1.5785759518416473,-1.3435912625566067,0.050323977656606594,0.0480731548726079,0.41369818995709984,0.07275592942779911,-0.5544344923494621,-0.555537201863445,0.7457596620938044,0.7346635523982752
0.4723804190932358,1.3296585953609235,-0.5056205811857232,1.5475621476115164,-0.010684955964216718,0.045215211927436445,0.04350756033360336,-0.8569976202127723,1.0904289836912913,-1.5412994836743696,-1.31641565559965,0.017343036689883844,0.014983969412958773,0.41369818995709984,0.054800901411969014,-0.5472644610463676,-0.548108581966186,0.9509329970052595,0.9399305550699063
0.4723804190932358,1.3296585953609235,-0.3611575576027617,-0.7054689621240783,-0.010684955964216718,1.2464331983047867,1.2413752387108488,-0.8569976202127723,1.0904289836912913,-1.439486549659147,-1.2487672345159553,-0.01694299139547557,-0.032613544759872555,0.41369818995709984,0.006494928969643335,-0.5394845209955452,-0.5357458969614036,0.7743242274939663,0.7632410575857185
0.4723804190932358,1.3296585953609235,-0.21669453401980013,1.407527505454789,-0.010684955964216718,0.03827061913395126,0.03796341431008474,-0.8569976202127723,1.0904289836912913,-1.227765361351624,-1.0960850756022782,0.10847409057947967,0.04596520027600962,0.41369818995709984,-0.09281115086906927,-0.5782992427821604,-0.5604974889438255,0.9682580828489767,0.9514376179329237
0.4723804190932358,1.3296585953609235,-0.0722315104368386,-0.7054689621240783,-0.010684955964216718,1.3051587671951017,1.305044145406132,-0.7053423036984792,1.0904289836912913,-0.9309797623388646,-0.9334577123558704,0.24278127938674174,0.11799872113486469,0.15922292119876733,-0.19085136129721267,-0.6099798608709265,-0.5735183237962689,0.7787866814195288,0.7750583468309896
0.4723804190932358,1.3296585953609235,0.07223151314612293,1.3343662170962185,-0.010684955964216718,0.050147674498827156,0.0555066359441851,-0.553686987184186,0.7315353705277589,-0.3975348131238784,-0.7774066123867848,0.3785640435058001,0.28594417613894146,-0.7118497494891499,-0.2805350479820426,-0.6420500890980118,-0.6172793291264478,0.9652814334696665,0.9484349380085201
0.4723804190932358,1.3296585953609235,0.21669453672908448,-0.7054689621240783,-0.010684955964216718,1.3034214101628805,1.30682588540386,-0.553686987184186,0.31282615517030443,-0.18615945861103822,-0.651137840603974,0.4212977615622172,0.4259789371665,-0.6860851668557262,-0.36383219907984704,-0.6612302670503667,-0.6671151637386933,0.7788633657830741,0.775025971818839
0.4723804190932358,1.3296585953609235,0.361157560312046,1.2839265690102095,-0.010684955964216718,0.08877133506778859,0.0873238483371428,-0.31103842290940487,-0.10588306018714999,0.16368186076003902,-0.553971045236743,0.5331661468267798,0.7380014957240703,-0.6936804656685582,-0.4167706840925326,-0.6915260588219815,-0.7575931058847598,0.9431070516880419,0.9267127391914088
0.4723804190932358,1.3296585953609235,0.5056205838950075,-0.7054689621240783,-0.010684955964216718,1.322439625216828,1.3017592456997324,-0.2503763541555997,0.013748144200694123,0.12992058909383894,-0.5164754758658949,0.49393425625786064,0.8486531808054897,-0.0736890462010767,-0.4310248659112792,-0.6702668127433331,-0.7804437131903019,0.7698380122163195,0.7649073461857765
0.4723804190932358,1.3296585953609235,0.6500836074779691,1.829513614117202,-0.010684955964216718,0.1931382129314766,-0.6983308925851475,-0.553686987184186,0.7315353705277589,-0.05886519627696768,-0.5939332426559105,0.4293465091612815,0.8941016545522743,0.41369818995709984,-0.3700008391125942,-0.6355222368467577,-0.7789794002101748,0.9671873819232307,0.9494025000805164
0.4723804190932358,1.3296585953609235,0.7945466310609306,-0.7054689621240783,-0.010684955964216718,1.1722749206752063,1.4382375948951138,-0.6143490559379912,0.6717197683338367,-0.3014438564388585,-0.7251740872857627,0.265744334123407,0.39985841147309126,0.41369818995709984,-0.28379455312843394,-0.5822250328451366,-0.6276502277466883,0.7918142027203304,0.7876663650122696
0.4723804190932358,1.3296585953609235,0.9390096546438922,1.1926702455047322,-0.010684955964216718,0.13285866184816553,0.16913558457987943,-0.7053423036984792,1.0904289836912913,-0.6753978852817416,-0.8593304227504098,0.10598922516417864,0.12615048509195637,0.41369818995709984,-0.1805487382789772,-0.5160782240166063,-0.5245703521823334,0.9387713249735967,0.9230648129805342
0.4723804190932358,1.3296585953609235,1.0834726782268538,-0.7054689621240783,-0.010684955964216718,1.3028682898395778,1.3236733899729651,-0.7053423036984792,1.0904289836912913,-0.7642952314676964,-0.9505483746786467,-0.004501615499654466,-0.005654532751190019,0.41369818995709984,-0.10940475394886591,-0.4706427115028928,-0.47123355912788656,0.7767138634706441,0.7711112591154317
0.4723804190932358,1.3296585953609235,1.2279357018098151,1.2965313230164581,-0.010684955964216718,0.17483363031289625,0.18200063823347457,-0.59918361106443,0.910982177109525,-0.8342493141495574,-0.9916052044591713,-0.009825109331062674,-0.016089494944772197,0.41369818995709984,-0.07574604400958292,-0.46301788404717165,-0.46180773508309875,0.9366382035932855,0.9256292008100627
0.4723804190932358,1.3296585953609235,1.3723987253927767,-0.7054689621240783,-0.010684955964216718,1.2558017657572156,1.25802423648256,-0.553686987184186,0.7315353705277589,-0.8907988254355874,-1.0223791241784617,-0.040496787721438776,-0.04960127750731931,0.41369818995709984,-0.050455681603380424,-0.4486509295208888,-0.44619829307546527,0.7847286395328361,0.7736504436127164
0.4723804190932358,1.3296585953609235,1.5168617489757383,1.3150178290949677,-0.010684955964216718,0.1660320059360534,0.16725915034168393,-0.7053423036984792,1.0904289836912913,-0.9527291627263115,-1.0553691274661994,-0.05919934251104583,-0.0686474941587632,0.41369818995709984,-0.027371541846974795,-0.4415555501879747,-0.43882341738703734,0.9446556798091235,0.933650417428099
0.4723804190932358,1.3296585953609235,1.6613247725587,-0.7054689621240783,-0.010684955964216718,1.2565731068694155,1.2542920152284955,-0.644680234944674,0.910982177109525,-0.9931067633348821,-1.0905822719133664,-0.12362768314702081,-0.1313260231981087,0.41369818995709984,-0.0015959214566597089,-0.4182424068202408,-0.4155593264103271,0.78917885276187,0.7781024175937125
0.4723804190932358,1.4397364473730871,-1.6613247698494156,1.3270391442975622,-0.010684955964216718,0.16023806529365783,0.159735176755984,-0.7053423036984792,1.0904289836912913,-1.0493626169113073,-1.123331964228156,-0.1561321096138625,-0.16214710317494227,0.41369818995709984,0.029607059738558688,-0.4008691507628297,-0.39845003089737174,0.951587514249041,0.9405854318979665
0.4723804190932358,1.4397364473730871,-1.516861746266454,-0.7054689621240783,-0.010684955964216718,1.2495915132485258,1.245842794542799,-0.7053423036984792,1.0904289836912913,-1.0783183373570049,-1.1501176392833397,-0.20361648117267162,-0.20774482748584563,0.41369818995709984,0.05680008708992668,-0.3784453769764386,-0.3762408867294907,0.7875322990685615,0.7764551851716925
0.4723804190932358,1.4397364473730871,-1.3723987226834924,-0.7054689621240783,-0.010684955964216718,1.2898406348816058,1.2855433155557043,-0.5840180215610886,0.7913509727216809,-1.147484427369357,-1.1775924880979465,-0.2111997960044102,-0.21425231977868545,0.41369818995709984,0.08714837719627049,-0.3677372295304404,-0.36579457284847106,0.7214782604171128,0.7103712284077099
0.4723804190932358,1.4397364473730871,-1.2279356991005308,-0.7054689621240783,-0.010684955964216718,1.3044046651047607,1.2998301453233687,-0.553686987184186,0.31282615517030443,-1.2443660524205564,-1.2002321813305687,-0.16584908418299338,-0.16889272558131982,0.41369818995709984,0.1149026726088249,-0.3862745830248728,-0.3847528425136308,0.6889241279999182,0.6778019661841463
0.4723804190932358,1.4397364473730871,-1.0834726755175694,-0.7054689621240783,-0.010684955964216718,1.310143367296017,1.305396929925682,-0.553686987184186,0.31282615517030443,-1.3442926202829653,-1.2149507873241885,-0.0811829425780092,-0.08505331740340996,0.41369818995709984,0.12715742744778186,-0.4295058186323361,-0.42852056586991355,0.6662428373738245,0.6551105660539172
0.4723804190932358,1.4397364473730871,-0.9390096519346078,-0.7054689621240783,-0.010684955964216718,1.3134728110665017,1.308611608114524,-0.6143490559379912,0.07356374639461619,-1.4425943713421165,-1.2296789210656345,0.009582414137259292,0.004632017364588699,0.41369818995709984,0.12294188444308414,-0.4931447945605971,-0.49278672055330125,0.6491416842724792,0.6380013966579945
0.4723804190932358,1.4397364473730871,-0.7945466283516462,-0.7054689621240783,-0.010684955964216718,1.3157315433939683,1.3107914097893916,-0.553686987184186,0.31282615517030443,-1.5261537026701077,-1.2338556034089692,0.10974508005948441,0.10344511416065771,0.41369818995709984,0.12086089744408511,-0.5439776230048206,-0.5441035548556739,0.635726060887631,0.624579700165004
0.4723804190932358,1.4397364473730871,-0.6500836047686848,-0.7054689621240783,-0.010684955964216718,1.317352221680681,1.312357244822689,-0.553686987184186,0.31282615517030443,-1.5978750830029387,-1.2341647258939945,0.2055492153235846,0.19788802028151978,0.41369818995709984,0.12245300693149185,-0.5805192245697454,-0.5809900690869044,0.6248970046853727,0.613745750687524
0.4723804190932358,1.4397364473730871,-0.5056205811857232,-0.7054689621240783,-0.010684955964216718,1.3077683766869894,1.3040472094732856,-0.553686987184186,0.25301055297638236,-1.5719081157383665,-1.1785526733510907,0.517365301084749,0.37431392587827556,0.41369818995709984,0.08535791760297587,-0.6795146213605564,-0.6406710625991318,0.6163598388978083,0.6055630688190149
0.4723804190932358,1.4397364473730871,-0.3611575576027617,-0.7054689621240783,-0.010684955964216718,1.2820431309700517,1.2860818202679587,-0.553686987184186,0.7315353705277589,-1.4431027537095416,-1.063857997899729,0.8660741794046829,0.5758524966174811,0.41369818995709984,0.025790147360292615,-0.7612352940891801,-0.6822419914194445,0.6034286230770459,0.5926249484568823
0.4723804190932358,1.4397364473730871,-0.21669453401980013,-0.7054689621240783,-0.010684955964216718,1.2838572226727425,1.297618901177953,-0.40203167066989287,0.3726417573642265,-1.3917387425712475,-0.9601544617646769,0.9062420501540481,0.6897331924990199,0.41369818995709984,-0.02763986948413701,-0.7573454316314493,-0.7007360671518779,0.5893055594369553,0.5784371116447061
0.4723804190932358,1.4397364473730871,-0.0722315104368386,-0.7054689621240783,-0.010684955964216718,1.286751906721224,1.3018590231396052,-0.40203167066989287,0.5520885639459927,-1.400630751532013,-0.9016145676027592,0.9361184011233348,0.7727391452795476,0.41369818995709984,-0.04824680463343178,-0.7481045073457699,-0.7073327353648527,0.5756370216606017,0.5644634007040328
0.4723804190932358,1.4397364473730871,0.07223151314612293,1.9524444571018653,-0.010684955964216718,-0.19603696273116886,-0.18372953250310595,-0.40203167066989287,0.013748144200694123,-1.375517331505381,-0.8398592349892984,0.9454620065494461,0.8262362491666452,0.41369818995709984,-0.08364457687579757,-0.746085461985126,-0.7184952775127541,0.8711438167875235,0.8601050448890902
0.4723804190932358,1.4397364473730871,0.21669453672908448,-0.7054689621240783,-0.010684955964216718,1.229153181210956,1.2365620253193392,-0.40203167066989287,0.013748144200694123,-0.6047982907780843,-0.6405140488982938,0.9772026459109329,1.0348331977078253,-1.1685071460573933,-0.21364521494974587,-0.7629073261129334,-0.7873017342897698,0.6858275917987272,0.6826598572478668
0.4723804190932358,1.4397364473730871,0.361157560312046,2.029874249770564,-0.010684955964216718,-0.20974855485819624,-0.6983308925851475,-0.40203167066989287,0.013748144200694123,0.5900782064994915,-0.6224557908518421,0.8686655999407086,1.2390071309359363,-3.321395296523099,-0.22552957147661287,-0.7342915263734198,-0.847338349764464,0.96690242570846,0.9452267382285019
0.4723804190932358,1.4397364473730871,0.5056205838950075,-0.7054689621240783,-0.010684955964216718,1.2099508029478814,1.344587663682767,-0.40203167066989287,0.013748144200694123,0.6933099286743309,-0.6114650044150814,0.7373419545137394,1.7129204348149913,-3.0512205030005344,-0.23327174075570423,-0.7000434828894567,-0.9779294090663005,0.7460093363009345,0.7444184714074932
0.4723804190932358,1.4397364473730871,0.6500836074779691,1.8082713823240164,-0.010684955964216718,0.1448582298958254,-0.6983308925851475,-0.40203167066989287,-0.3451454689628382,0.7136478990680055,-0.6223562788189914,0.6605762357797706,1.9653165545208127,-2.7046048532650917,-0.24576224748450604,-0.7031108828630381,-1.0637112342552328,0.9302948226379449,0.9121480818264158
0.4723804190932358,1.4397364473730871,0.7945466310609306,-0.7054689621240783,-0.010684955964216718,1.2052117537924687,1.3899744506860683,-0.553686987184186,0.013748144200694123,0.353533911254103,-0.7011472245455664,0.4855036151061189,1.3629672708133813,-0.9816103816161901,-0.2074818835573023,-0.6686356564381224,-0.9245954332486069,0.7607339941733458,0.7569844840350334
0.4723804190932358,1.4397364473730871,0.9390096546438922,1.7523515000140173,-0.010684955964216718,0.253503591218128,-0.6983308925851475,-0.7053423036984792,0.31282615517030443,-0.28910220554544663,-0.8078438850162186,0.3250247837669281,0.9658442206597294,0.41369818995709984,-0.14424849718500468,-0.6309731996436871,-0.8253678038785306,0.9451724892169608,0.9276089942746176
0.4723804190932358,1.4397364473730871,1.0834726782268538,-0.7054689621240783,-0.010684955964216718,1.1473546531862906,1.4376429129688133,-0.7053423036984792,0.31282615517030443,-0.4236241935111332,-0.8952514435731032,0.18234151002973537,0.29532683800685505,0.41369818995709984,-0.09637445502192393,-0.5996731560080889,-0.6385401480610837,0.7838784511548437,0.7790906750848683
0.4723804190932358,1.4397364473730871,1.2279357018098151,1.1771414799296174,-0.010684955964216718,0.1569012634040869,0.197190705371752,-0.644680234944674,0.07356374639461619,-0.628292914318968,-0.9603873622670933,0.116906436613153,0.1509990270450948,0.41369818995709984,-0.059861144410312726,-0.5908631478499928,-0.6046741450503671,0.9264760853415802,0.9111928140628313
0.4723804190932358,1.4397364473730871,1.3723987253927767,-0.7054689621240783,-0.010684955964216718,1.3014752927805873,1.3255037609918077,-0.8569976202127723,0.31282615517030443,-0.7068761187637024,-1.0257314798950619,-0.01278989901010795,-0.0232811920708754,0.41369818995709984,-0.03636823935053229,-0.5736185427383106,-0.5724063821208164,0.771229491395206,0.7654396897400007
0.4723804190932358,1.4397364473730871,1.5168617489757383,1.23698540083541,-0.010684955964216718,0.13691051523892744,0.14558281595403036,-1.0086529367270654,0.6717197683338367,-0.8771748469127625,-1.09011788242673,-0.06963151505048117,-0.08704052997060881,0.41369818995709984,-0.009627652934127554,-0.5764077726904415,-0.572655815928738,0.9366545845254044,0.9207096332991438
0.4723804190932358,1.4397364473730871,1.6613247725587,-0.7054689621240783,-0.010684955964216718,1.254160274505088,1.2578647183486458,-0.993487347223724,0.4922729617520706,-0.9188889580083269,-1.1322834597505764,-0.12474949545801092,-0.14022403997579405,0.41369818995709984,0.004910299839028002,-0.5761276664507443,-0.5726798707964003,0.7837673848348731,0.7726886188846455
0.4723804190932358,1.5498142993852508,-1.6613247698494156,1.3063351401830243,-0.010684955964216718,0.1706622074869848,0.1726652639194962,-1.0086529367270654,0.6717197683338367,-0.9895855465162956,-1.1755436694357801,-0.16909858914461515,-0.18174001290394465,0.41369818995709984,0.014700880369801033,-0.5845263357990853,-0.5817977491930069,0.9428208354015697,0.9318146722771005
0.4723804190932358,1.5498142993852508,-1.516861746266454,-0.7054689621240783,-0.010684955964216718,1.2572836909411613,1.2558169750500805,-0.8569976202127723,0.31282615517030443,-1.0294159671557166,-1.1998037855579422,-0.21679095629907896,-0.2263508388217708,0.41369818995709984,0.014045263292310267,-0.5879353707255386,-0.5859458052463757,0.7895349130226511,0.7784589525376501
0.4723804190932358,1.5498142993852508,-1.3723987226834924,-0.7054689621240783,-0.010684955964216718,1.2971665884757262,1.294238835594028,-0.9479908679732603,0.6119041661399147,-1.109486858949337,-1.2261709454678744,-0.21114438734163332,-0.2186023867823258,0.41369818995709984,0.017973657116951293,-0.6033659544753721,-0.602184791313099,0.7242399775662043,0.7131339644129463
0.4723804190932358,1.5498142993852508,-1.2279356991005308,-0.7054689621240783,-0.010684955964216718,1.3216375902364403,1.317923819808532,-0.8569976202127723,0.31282615517030443,-1.249173610413562,-1.2602958093855683,-0.14288517700536235,-0.1488344559473405,0.41369818995709984,0.020381608098283772,-0.6425141360711507,-0.6424543734639336,0.6973192657057049,0.6873976738994336
0.4723804190932358,1.5498142993852508,-1.0834726755175694,-0.7054689621240783,-0.010684955964216718,1.3150243230338048,1.3108603736081272,-1.0086529367270654,0.6717197683338367,-1.3730536837958722,-1.2867864771376911,-0.023144499421655668,-0.02937111817870885,0.41369818995709984,0.023739805693955094,-0.6915589745321763,-0.6923816599153998,0.6693705153470656,0.6589970018479777
0.4723804190932358,1.5498142993852508,-0.9390096519346078,-0.7054689621240783,-0.010684955964216718,1.3229574265685173,1.3184577129584394,-0.9783219023501628,0.6717197683338367,-1.486287160125633,-1.3048486168591833,0.07877675221301063,0.07182411823905296,0.41369818995709984,0.024370568682751878,-0.7305643062484165,-0.7319525673514305,0.6590651089418813,0.6485376189667725
0.4723804190932358,1.5498142993852508,-0.7945466283516462,-0.7054689621240783,-0.010684955964216718,1.3232942181906882,1.3185839020735726,-1.0086529367270654,0.6717197683338367,-1.5991453699973337,-1.3328711347340179,0.11508647515117439,0.10816914606091017,0.41369818995709984,0.022683144971712893,-0.7566565682063261,-0.758402953096057,0.6458012341919361,0.6351280118770534
0.4723804190932358,1.5498142993852508,-0.6500836047686848,-0.7054689621240783,-0.010684955964216718,1.3325822667971172,1.3277066204784103,-0.8569976202127723,0.31282615517030443,-1.6688787077038654,-1.334736808910193,0.17516992418447722,0.16752978475071734,0.41369818995709984,0.010238002987323407,-0.7833139907569273,-0.7853201332996436,0.6349341958283914,0.6237875368930138
0.4723804190932358,1.5498142993852508,-0.5056205811857232,-0.7054689621240783,-0.010684955964216718,1.3267783926939554,1.3218293938835517,-0.8569976202127723,0.6717197683338367,-1.715795710975525,-1.3148093478920748,0.26462166937145104,0.25576202273434656,0.41369818995709984,-0.010290750368409712,-0.8098604034613813,-0.8121161723228408,0.6199215215670772,0.60876799011679
0.4723804190932358,1.5498142993852508,-0.3611575576027617,-0.7054689621240783,-0.010684955964216718,1.3273134330675036,1.3223498715793587,-0.7053423036984792,0.31282615517030443,-1.717142255325034,-1.2513340803562236,0.3809755989980425,0.36677174147238795,0.41369818995709984,-0.0583404602651722,-0.8385491340881894,-0.8400276203898022,0.6127437931351339,0.6015868845735494
0.4723804190932358,1.5498142993852508,-0.21669453401980013,-0.7054689621240783,-0.010684955964216718,1.3275074771794035,1.3228089316493616,-0.7053423036984792,0.31282615517030443,-1.6962591117347128,-1.1778596179166272,0.5064711055418512,0.4844457494442253,0.41369818995709984,-0.10998146532729908,-0.8676752349034034,-0.8677652666201405,0.6061168960469672,0.5949571787625709
0.4723804190932358,1.5498142993852508,-0.0722315104368386,-0.7054689621240783,-0.010684955964216718,1.3206574887741684,1.316428835142203,-0.7053423036984792,0.7913509727216809,-1.663839701948848,-1.1029041200093919,0.6233723022684848,0.5967064897646552,0.41369818995709984,-0.15270588509408597,-0.8838151199376315,-0.883288024419982,0.5941078727014228,0.5829425658672929
0.4723804190932358,1.5498142993852508,0.07223151314612293,1.9825539899007705,-0.010684955964216718,-0.1832384080667427,-0.18305849777749103,-0.553686987184186,0.7315353705277589,-1.59197717861664,-1.0147159918898632,0.6956422473488352,0.6699331766501448,0.41369818995709984,-0.18967429096081223,-0.8715797265656652,-0.8715314787381855,0.8970832928130797,0.8860562808946665
0.4723804190932358,1.5498142993852508,0.21669453672908448,-0.7054689621240783,-0.010684955964216718,1.3042947137824166,1.3003275652074404,-0.553686987184186,0.7315353705277589,-1.455463134479648,-0.9274001820157487,0.6331242269172134,0.6181180763114864,0.41369818995709984,-0.22772421163847467,-0.8248878235451684,-0.8271686682954104,0.6974701142893928,0.6933491436963697
0.4723804190932358,1.5498142993852508,0.361157560312046,1.6728581424253837,-0.010684955964216718,-0.03356879982363025,-0.03434934196358803,-0.553686987184186,0.6717197683338367,-1.3886148667082538,-0.9198930224878592,0.5359672678403918,0.5289886579705143,0.41369818995709984,-0.2169179916968961,-0.7738245851295811,-0.7775913693329046,0.9199694350957804,0.9089527910702299
0.4723804190932358,1.5498142993852508,0.5056205838950075,-0.7054689621240783,-0.010684955964216718,1.3139504581111783,1.307894510169556,-0.553686987184186,0.31282615517030443,-1.2385825340669283,-0.8897006482655117,0.4039872428697582,0.45502578010021427,0.41369818995709984,-0.22392008825730356,-0.7196025142120934,-0.7396416732931047,0.7381049065177409,0.73367611452768
0.4723804190932358,1.5498142993852508,0.6500836074779691,1.4839018336456598,-0.010684955964216718,-0.004561412530332673,-0.010501904984585315,-0.553686987184186,0.31282615517030443,-1.066561326186132,-0.9040077967048625,0.3269538576725289,0.5316282128909962,0.41369818995709984,-0.21003220261950323,-0.6914096705918154,-0.7567873761733327,0.9496696851194346,0.9322539888976765
0.4723804190932358,1.5498142993852508,0.7945466310609306,-0.7054689621240783,-0.010684955964216718,1.320719507206466,1.3021625477886298,-0.644680234944674,0.6717197683338367,-1.1382613009455975,-0.9905028087477337,0.13371657245868862,0.24703254170603123,0.41369818995709984,-0.14943262574327176,-0.6273754910058557,-0.6654742316851898,0.7565881782653334,0.7519839789937378
0.4723804190932358,1.5498142993852508,0.9390096546438922,1.4610973063105865,-0.010684955964216718,0.09626820725668096,0.08494187157665077,-0.7053423036984792,0.6717197683338367,-1.1991247041888964,-1.056501870818861,0.0808319873815495,0.16202260663199916,0.41369818995709984,-0.10564478880294721,-0.6105482484940294,-0.6385661533234214,0.9463355353973989,0.9353310493879705
0.4723804190932358,1.5498142993852508,1.0834726782268538,-0.7054689621240783,-0.010684955964216718,1.255814169443675,1.2395461253908282,-0.7053423036984792,1.0904289836912913,-1.2283366225908097,-1.110041814649357,-0.0028615190814592064,0.05602368211403388,0.41369818995709984,-0.06983294261690304,-0.5841825494926058,-0.6048646335969902,0.7769442765817662,0.765862409044221
0.4723804190932358,1.5498142993852508,1.2279357018098151,1.4117364459018136,-0.010684955964216718,0.11859210986806386,0.11063403830271294,-0.7963355514589672,0.910982177109525,-1.249903406680484,-1.1498395701986366,-0.05718928671369426,-0.014691738257210808,0.41369818995709984,-0.04334355140758991,-0.5672864636653395,-0.5824777868031354,0.9542131436543759,0.9432123157952542
0.4723804190932358,1.5498142993852508,1.3723987253927767,-0.7054689621240783,-0.010684955964216718,1.2556728935572214,1.2439323500322939,-0.8569976202127723,1.0904289836912913,-1.2495348294641009,-1.185303964884774,-0.13259195234335208,-0.10195887849195988,0.41369818995709984,-0.019592453387590438,-0.5435447706589904,-0.5544781375547456,0.787558940584535,0.7764818228399177
0.4723804190932358,1.5498142993852508,1.5168617489757383,1.3853440928608751,-0.010684955964216718,0.13111678482850572,0.12585790609682965,-0.8569976202127723,1.0904289836912913,-1.2746261749932,-1.2229636232459609,-0.19552852128918066,-0.17337611190908872,0.41369818995709984,0.008171976701907164,-0.5209209209871013,-0.5286737658686894,0.9606177280923583,0.9496196995291221
0.4723804190932358,1.5498142993852508,1.6613247725587,-0.7054689621240783,-0.010684955964216718,1.255388659928523,1.2467005451393522,-0.7963355514589672,0.910982177109525,-1.278942073722972,-1.253376900066055,-0.27685309430823685,-0.26005966566840727,0.41369818995709984,0.03351952764228901,-0.4897127401505435,-0.4951096406116086,0.7953458236790077,0.7842723162700954
0.4723804190932358,1.6598921513974148,-1.6613247698494156,1.3691637129761443,-0.010684955964216718,0.13884785543631079,0.13524107296604118,-0.8569976202127723,1.0904289836912913,-1.3035156719462988,-1.283223452330269,-0.31987664229302526,-0.3070844936879066,0.41369818995709984,0.05993242617086435,-0.469563592533368,-0.47327150485307756,0.966120461212589,0.9551250908358558
0.4723804190932358,1.6598921513974148,-1.516861746266454,-0.7054689621240783,-0.010684955964216718,1.2552776574463096,1.2483590306525316,-1.0086529367270654,0.6717197683338367,-1.3156599902102495,-1.3217593106119105,-0.3949460035050561,-0.3842327810699317,0.41369818995709984,0.07282783737372928,-0.4632388280626624,-0.4657923914047797,0.8015325957228824,0.7904620907450772
0.4723804190932358,1.6598921513974148,-1.3723987226834924,-0.7054689621240783,-0.010684955964216718,1.3047835031217092,1.2983900801722639,-1.0086529367270654,0.6119041661399147,-1.368820062738723,-1.3564995964632625,-0.40582826487443274,-0.3972888514850597,0.41369818995709984,0.07468031153784285,-0.491745123903554,-0.4936865026301827,0.7399843934655745,0.7288856372550834
0.4723804190932358,1.6598921513974148,-1.2279356991005308,-0.7054689621240783,-0.010684955964216718,1.3198676472482664,1.3138230927996433,-1.1603082532413587,0.6717197683338367,-1.4642113247443658,-1.3900909065026932,-0.3507656931296798,-0.3447945772310295,0.41369818995709984,0.0666278281028247,-0.5514423897521433,-0.5532255507521505,0.7061899904736673,0.6950758793127849
0.4723804190932358,1.6598921513974148,-1.0834726755175694,-0.7054689621240783,-0.010684955964216718,1.325635992147841,1.3198491470884297,-1.1603082532413587,0.6717197683338367,-1.5687507936669896,-1.4120534238805622,-0.26974288421251613,-0.2662829111003692,0.41369818995709984,0.0459004833393717,-0.6208990561058209,-0.6227733742163077,0.6827990994694145,0.6716742779666433
0.4723804190932358,1.6598921513974148,-0.9390096519346078,-0.7054689621240783,-0.010684955964216718,1.3234621935378257,1.317878123418002,-1.3119635697556518,1.0904289836912913,-1.6926442455326534,-1.4413544243618432,-0.16596416371337608,-0.16538533732452962,0.41369818995709984,0.02909115642178458,-0.6934409786680221,-0.6954524479764331,0.6654029095796868,0.6549056609137232
0.4723804190932358,1.6598921513974148,-0.7945466283516462,-0.7054689621240783,-0.010684955964216718,1.331523118112663,1.3260550523087518,-1.3119635697556518,0.6717197683338367,-1.7750617233064412,-1.4554766639174574,-0.09357146713395084,-0.09459193772596446,0.41369818995709984,0.01347168883769284,-0.7420097225757067,-0.7442398370954338,0.6521719767042226,0.6410331731123057
0.4723804190932358,1.6598921513974148,-0.6500836047686848,-0.7054689621240783,-0.010684955964216718,1.3326718256179941,1.3272966106624626,-1.1603082532413587,0.6717197683338367,-1.8479972010035832,-1.4625095533313353,-0.018372534895118735,-0.020970323785980863,0.41369818995709984,-0.015391871096475513,-0.7955909052535185,-0.7981012863175421,0.6410131417366706,0.6298691214539731
0.4723804190932358,1.6598921513974148,-0.5056205811857232,-0.7054689621240783,-0.010684955964216718,1.2917369272860872,1.2934928105761558,-1.038983971103968,0.6717197683338367,-1.634639155257785,-1.4066236662583174,0.875081070649304,0.1791805521014465,0.13858972805904063,-0.07345681352958479,-1.0429378381631722,-0.8664992437653377,0.6340525056578628,0.6233857179130933
0.4723804190932358,1.6598921513974148,-0.3611575576027617,-0.7054689621240783,-0.010684955964216718,1.2460127343570082,1.28286923824382,-0.7053423036984792,0.013748144200694123,-1.1986236799873158,-1.2404251619748579,1.6375528595940425,0.3747608390843165,-1.022350291545401,-0.19434541182428894,-1.2189252324533097,-0.9185004498882285,0.614136532385722,0.6034570537881004
0.4723804190932358,1.6598921513974148,-0.21669453401980013,-0.7054689621240783,-0.010684955964216718,-0.6991224441542135,-0.6983308925851475,-0.553686987184186,-0.3451454689628382,-0.5563641674941612,-1.0892723830270485,1.7726758344055733,0.44270841612884243,-2.2667988198778657,-0.2972435107338619,-1.2501583689917146,-0.9390038655572815,-1.2740310493992413,-1.2860490588430924
0.4723804190932358,1.6598921513974148,-0.0722315104368386,-0.7054689621240783,-0.010684955964216718,-0.6991224441542135,2.844348860520935,-0.6143490559379912,-0.22551426457499413,-0.26658421128935317,-0.9490923936589949,1.494636017032221,0.4631138190973451,-2.648035554405256,-0.3934056690037018,-1.1909338630983746,-0.9467701204438906,0.5938425376031462,0.5826956551733591
0.4723804190932358,1.6598921513974148,0.07223151314612293,-0.7054689621240783,-0.010684955964216718,-0.6991224441542135,-0.6983308925851475,-0.553686987184186,-0.3451454689628382,0.17941027471433676,-0.8388986968566051,0.9869954877260196,0.5784551581400909,-3.2298445690582605,-0.4767035440070022,-1.0756810097986853,-0.9807611654243472,-1.2740310493992413,-1.2860490588430924
0.4723804190932358,1.6598921513974148,0.21669453672908448,-0.7054689621240783,-0.010684955964216718,1.5713420888472716,1.0019747833549437,-0.553686987184186,-0.6442234799324486,0.3487531102278041,-0.7752935696466793,0.33152208880824013,0.6574061910999546,-3.2882775941979547,-0.5564692427937734,-0.9436619048619425,-1.0347496070108708,0.8043038534148563,0.7847007729182413
0.4723804190932358,1.6598921513974148,0.361157560312046,1.9379141038706418,-0.010684955964216718,0.07760423307873685,-0.6983308925851475,-0.5233559528072834,-0.6442234799324486,0.49052757401931024,-0.6972860165191413,0.2993637533735124,0.8422479838431133,-3.3421735631460034,-0.616981227104996,-0.9441988827223758,-1.0896890827121328,1.0486457971249012,1.0297910895865856
0.4723804190932358,1.6598921513974148,0.5056205838950075,-0.7054689621240783,-0.010684955964216718,1.276542621605212,1.3325948765662947,-0.40203167066989287,-1.182563899677747,0.615071220175944,-0.6748294677725103,0.21622689086116975,1.2650136224904678,-3.406992161440417,-0.675492577927269,-0.9693553058610206,-1.23209324914135,0.8028095883871801,0.8011558851066645
0.4723804190932358,1.6598921513974148,0.6500836074779691,1.7465956932185598,-0.010684955964216718,0.26346627422876795,-0.6983308925851475,-0.553686987184186,-1.182563899677747,0.5399543807680476,-0.7203876290815561,0.157202173507388,1.4967511163605738,-3.167537847928226,-0.734042054438995,-1.0361152504676898,-1.3528819498708022,0.9753704675626877,0.9579759360513755
0.4723804190932358,1.6598921513974148,0.7945466310609306,-0.7054689621240783,-0.010684955964216718,1.2147331598899151,1.3957571402528122,-0.644680234944674,-1.003117093095981,0.17338259903951106,-0.8111807140326576,0.05878019203732228,0.9625288457691369,-2.058266217336585,-0.7403448582903231,-1.0585547291354158,-1.2789385869400298,0.7966557582177861,0.7927051873147815
0.4723804190932358,1.6598921513974148,0.9390096546438922,1.7085756488173445,-0.010684955964216718,0.30605927213873974,-0.6983308925851475,-0.644680234944674,-1.003117093095981,-0.45143939825096263,-0.9095381249986053,-0.03186838026563191,0.5799283785960269,-0.43003046904666614,-0.7211164805071325,-1.0613770899331023,-1.21550698446716,0.9630329255235512,0.945931202100489
0.4723804190932358,1.6598921513974148,1.0834726782268538,-0.7054689621240783,-0.010684955964216718,1.1414595384064607,1.4436190785376635,-0.7053423036984792,-1.182563899677747,-0.5860918264293438,-1.0024795406447238,-0.15923669961129866,-0.06999578015372343,-0.08757281253069434,-0.7363795452853892,-1.0857777425494304,-1.113552269919946,0.806466316464787,0.8015267634104157
0.4723804190932358,1.6598921513974148,1.2279357018098151,-0.7054689621240783,-0.010684955964216718,1.2915885035125214,1.344278898621984,-0.6750112693215766,-1.122748297483825,-0.7367322111390765,-1.0686529252131143,-0.1591352591363687,-0.14348323628326323,0.22580346034532583,-0.7366594554104865,-1.107849124614912,-1.117281749604939,0.7372863999425278,0.7285879100863814
0.4723804190932358,1.6598921513974148,1.3723987253927767,-0.7054689621240783,-0.010684955964216718,1.3085672581877688,1.3307934326203565,-0.8569976202127723,-0.9433014909020588,-0.9250577766825299,-1.1317978974909932,-0.10717898227098355,-0.12890782866485914,0.38220320473814756,-0.7623566527054079,-1.1605765426135852,-1.1612901299931044,0.7014548210298626,0.6916078598150007
0.4723804190932358,1.6598921513974148,1.5168617489757383,1.4439628281608397,-0.010684955964216718,0.012799018293510843,0.022432615599300595,-0.8569976202127723,-0.9433014909020588,-1.1635539926491636,-1.1773938169117943,-0.08392950736981021,-0.10861142891734205,0.34025590904571384,-0.7958961595396926,-1.2005745088843285,-1.2009459879527713,0.9312767785138604,0.9132152277965465
0.4723804190932358,1.6598921513974148,1.6613247725587,-0.7054689621240783,-0.010684955964216718,1.2458243665084034,1.2504006950734576,-0.8569976202127723,-0.6442234799324486,-1.1790984524573536,-1.2016034712584327,-0.12016165818008635,-0.14140630568033008,0.2864582156830436,-0.803710719368378,-1.1962042491660416,-1.197134591691415,0.7653586373279091,0.7542715399788642
0.4723804190932358,1.7699700034095784,-1.6613247698494156,1.4056365322104738,-0.010684955964216718,0.1184061071291653,0.12108745446526563,-1.0086529367270654,-0.3451454689628382,-1.2173562323785951,-1.2387235767890215,-0.1701215183035727,-0.18685729488606054,0.41369818995709984,-0.8076318741380597,-1.1845302515179539,-1.1861532195377988,0.9444137460424451,0.9334084244575298
0.4723804190932358,1.7699700034095784,-1.516861746266454,-0.7054689621240783,-0.010684955964216718,1.2523913826767834,1.2515200470249714,-1.0086529367270654,-0.04606745799322794,-1.2338452131115276,-1.2726465936046212,-0.24879755724189465,-0.2607036231585375,0.41369818995709984,-0.7983977356318335,-1.1508683443243557,-1.1529807985446783,0.7827929893891663,0.7717136802276022
0.4723804190932358,1.7699700034095784,-1.3723987226834924,-0.7054689621240783,-0.010684955964216718,1.3043676642773563,1.3018263229702352,-1.1603082532413587,-0.04606745799322794,-1.3003583498749218,-1.3173116167748549,-0.28755293331093273,-0.29572384260226214,0.41369818995709984,-0.7865350962698446,-1.1334357109073774,-1.1361092344715926,0.724883874205645,0.7137783910788565
0.4723804190932358,1.7699700034095784,-1.2279356991005308,-0.7054689621240783,-0.010684955964216718,1.319946484238475,1.3165367876244183,-1.1603082532413587,-0.3451454689628382,-1.3992935721208517,-1.3482206893614568,-0.2385836095897036,-0.2450926849407703,0.41369818995709984,-0.7876038220836858,-1.1514266205855035,-1.1548202374340255,0.6938826901553655,0.6827629245333844
0.4723804190932358,1.7699700034095784,-1.0834726755175694,-0.7054689621240783,-0.010684955964216718,1.3224316364018203,1.3184702899466587,-1.1603082532413587,-0.04606745799322794,-1.5253483179722396,-1.3815109931454919,-0.14933474535258964,-0.15468038253742927,0.41369818995709984,-0.7864530536469714,-1.1751674530504095,-1.179355985739045,0.6725293350923568,0.6621699579438826
0.4723804190932358,1.7699700034095784,-0.9390096519346078,-0.7054689621240783,-0.010684955964216718,1.3230066208504074,1.3186679582781713,-1.1603082532413587,-0.04606745799322794,-1.6328457695642764,-1.395578889250542,-0.04710917229313349,-0.05256197268655103,0.41369818995709984,-0.7894968349555722,-1.1977611837717934,-1.2024747723124438,0.6574507770820812,0.6468532987143774
0.4723804190932358,1.7699700034095784,-0.7945466283516462,-0.7054689621240783,-0.010684955964216718,1.331599011855237,1.3269800897922779,-1.1603082532413587,-0.04606745799322794,-1.7118196257229268,-1.406375944814838,0.014145530627175728,0.008243377924472864,0.41369818995709984,-0.790090196160412,-1.2105467858288794,-1.2154737194024199,0.6451164752273199,0.6339743959377608
0.4723804190932358,1.7699700034095784,-0.6500836047686848,-0.7054689621240783,-0.010684955964216718,1.332877222256484,1.3280837205085176,-1.4636188862699449,0.31282615517030443,-1.800255414233193,-1.4313961634857955,0.06441908902607572,0.05815846827272091,0.41369818995709984,-0.793094886572232,-1.2302160740239008,-1.2353854069980323,0.6348022483202252,0.6236553730775886
0.4723804190932358,1.7699700034095784,-0.5056205811857232,-0.7054689621240783,-0.010684955964216718,1.291486541005185,1.2937357560652578,-0.9783219023501628,-0.16569866238107206,-1.5835888695541258,-1.3720714652066444,0.9582972101714659,0.2507000808490387,0.08447848878111486,-0.8227472621951444,-1.4053371182162957,-1.2650648878381723,0.6287110617154177,0.6180030647853357
0.4723804190932358,1.7699700034095784,-0.3611575576027617,-0.7054689621240783,-0.010684955964216718,1.2530578180340124,1.2906845787232661,-0.7053423036984792,-0.9433014909020588,-1.1554499763579071,-1.2121947980455943,1.6824978095157395,0.4102237793025057,-1.2900342669575957,-0.9253620727539723,-1.5469963311005905,-1.3075134942623796,0.6152896780027914,0.6046028833320656
0.4723804190932358,1.7699700034095784,-0.21669453401980013,-0.7054689621240783,-0.010684955964216718,-0.6991224441542135,-0.6983308925851475,-0.553686987184186,-1.4218263084534353,-0.5090123635135194,-1.0698061355796247,1.8232221739135286,0.4736024444151048,-2.6287817293031646,-1.021563321920593,-1.5895093373061882,-1.3426688165087433,-1.2740310493992413,-1.2860490588430924
0.4723804190932358,1.7699700034095784,-0.0722315104368386,-0.7054689621240783,-0.010684955964216718,-0.6991224441542135,2.844199194361126,-0.40203167066989287,-1.8405355238108898,-0.09449276637095198,-0.9505519034741379,1.570911582210856,0.4753498498961354,-3.366213643245522,-1.1130736634735146,-1.5724800826906171,-1.374120339266672,0.5903937213562785,0.5791118642713652
0.4723804190932358,1.7699700034095784,0.07223151314612293,-0.7054689621240783,-0.010684955964216718,-0.6991224441542135,-0.6983308925851475,-0.2503763541555997,-2.259244739168344,0.5098741987965059,-0.827854272728379,1.1059203793054577,0.6455684413009194,-3.988838614411661,-1.1855882422092745,-1.5036262256177628,-1.4251500321307335,-1.2740310493992413,-1.2860490588430924
0.4723804190932358,1.7699700034095784,0.21669453672908448,-0.7054689621240783,-0.010684955964216718,2.883950645661971,-0.6983308925851475,-0.2503763541555997,-2.4386915457501104,0.7159516739014424,-0.7631523958798012,0.5044175752552439,0.6236864639312196,-4.362048339519021,-1.2767289093556022,-1.4496561857753942,-1.4822049275679008,0.6992820973960773,0.681662174120262
0.4723804190932358,1.7699700034095784,0.361157560312046,-0.7054689621240783,-0.010684955964216718,-0.6991224441542135,-0.6983308925851475,-0.22004531977869715,-2.6181383523318766,0.8927590342018791,-0.6968378594917644,0.5405636295279744,0.714139852164009,-4.492358255888713,-1.3550402820010274,-1.5047369694853179,-1.5469884786165473,-1.2740310493992413,-1.2860490588430924
0.4723804190932358,1.7699700034095784,0.5056205838950075,-0.7054689621240783,-0.010684955964216718,2.909928169747576,-0.6983308925851475,-0.2503763541555997,-2.259244739168344,0.8970762707799863,-0.6587607446239734,0.5527356340786034,0.8935591539062923,-4.129852379955506,-1.3852553734961182,-1.5121687129547654,-1.5847288322945294,0.6466615031435401,0.6389960062084964
0.4723804190932358,1.7699700034095784,0.6500836074779691,2.1404369795183578,-0.010684955964216718,-0.19575682862596136,-0.6983308925851475,-0.40203167066989287,-1.9003511260048118,0.6938470747809656,-0.6644174037962997,0.7369148815898746,1.2790389830860525,-3.309417374581359,-1.3975885514304687,-1.548573273294892,-1.654512003382842,0.9355516617661498,0.9136824115161889
0.4723804190932358,1.7699700034095784,0.7945466310609306,-0.7054689621240783,-0.010684955964216718,0.7533562830206835,1.831052362165981,-0.7053423036984792,-1.4218263084534353,0.3254096635488125,-0.7462798131183785,0.6081016748071804,0.608827647938253,-1.9038202851768855,-1.364937517941536,-1.5248114651323128,-1.5350274665596213,0.8427133590184444,0.8353316036293494
0.4723804190932358,1.7699700034095784,0.9390096546438922,-0.7054689621240783,-0.010684955964216718,2.9198809718554433,-0.6983308925851475,-0.8873286545896748,-1.003117093095981,-0.1103088093912138,-0.8556075435072381,0.5084794564572711,0.15817311595857725,-0.3697758357351327,-1.31850428901721,-1.5035140325271312,-1.4446773836200482,0.577125706370743,0.5807070507877758
0.4723804190932358,1.7699700034095784,1.0834726782268538,1.234510450559762,-0.010684955964216718,-0.47942377703867384,0.7048901811478886,-0.9783219023501628,-0.9433014909020588,-0.6868384953213093,-0.9557364098097472,0.6034857069773845,-0.40807262398579575,0.41369818995709984,-1.2782286002413605,-1.5220981779625269,-1.3269323821366943,0.9541020773344053,0.9296441121270249
0.4723804190932358,1.7699700034095784,1.2279357018098151,-0.7054689621240783,-0.010684955964216718,1.0062383328008642,1.603749082928768,-1.0541495606073095,-0.9433014909020588,-0.8061290799892729,-1.0389447017321536,0.42525649740738286,-0.5221226941030199,0.41369818995709984,-1.242604004276933,-1.4902884786573105,-1.3031900110434915,0.7797104939869344,0.7752839473903433
0.4723804190932358,1.7699700034095784,1.3723987253927767,-0.7054689621240783,-0.010684955964216718,1.1626210684342098,1.474160827112836,-1.129977218864456,-0.8236702865142147,-0.9604037297019274,-1.114658537790439,0.29929896786011173,-0.4528083843645977,0.41369818995709984,-1.213738513928109,-1.4685131228482216,-1.3209618989697574,0.7232916836057419,0.7141521380545705
0.4723804190932358,1.7699700034095784,1.5168617489757383,-0.7054689621240783,-0.010684955964216718,1.2246024999041483,1.41495758970127,-1.2209703943100538,-0.7040390821263706,-1.1197314325771204,-1.1751667940773245,0.22917887889550384,-0.2907524572390039,0.41369818995709984,-1.196902402507172,-1.459895553270317,-1.3614764723628643,0.6917585692872076,0.681756225579611
0.4723804190932358,1.7699700034095784,1.6613247725587,-0.7054689621240783,-0.010684955964216718,1.259880266050668,1.3808668246670937,-1.3574601936358957,-0.5245922755446044,-1.280170887418972,-1.2338143165017226,0.21398497112112114,-0.1446764023098978,0.41369818995709984,-1.1789377224180626,-1.4622018043375629,-1.3979172130555242,0.6701697608262709,0.6598067869620245
0.796780894039198,-1.5323655569553345,-1.6613247698494156,-0.7054689621240783,-0.010684955964216718,1.2816693385204765,1.3593880538027177,-1.4939499206468474,-0.2853298667689162,-1.427108776860681,-1.284768711875847,0.2289060977864485,-0.017263375786155485,0.41369818995709984,-1.163438181844465,-1.4703457534187752,-1.4296957519873486,0.6514479755066181,0.6409745702422102
0.796780894039198,-1.5323655569553345,-1.516861746266454,-0.7054689621240783,-0.010684955964216718,1.2803812472164569,1.3301436215623617,-1.6304397199726892,0.013748144200694123,-1.5546752913309911,-1.3256702746547608,0.26784815842699633,0.09864478000571532,0.41369818995709984,-1.1486750944620718,-1.48077487030188,-1.4561634745735335,0.6181921631619591,0.6077467428980629
0.796780894039198,-1.5323655569553345,-1.3723987226834924,1.7252503011203002,-0.010684955964216718,-0.17275077581730117,-0.14542636728547761,-1.7365984487641835,0.1931949507824603,-1.6909431713742822,-1.3423741809917062,0.23194590227048398,0.1159326908540301,0.41369818995709984,-1.1476659702007297,-1.4782581092841396,-1.464031583404298,0.900606813310819,0.8808748446145797
0.796780894039198,-1.5323655569553345,-1.2279356991005308,-0.7054689621240783,-0.010684955964216718,1.2992928746596424,1.3213791377053024,-1.7972605898328788,0.25301055297638236,-1.6894862545371088,-1.3660668667988898,0.010201286278428605,-0.06707952474920123,0.41369818995709984,-1.1516998129259461,-1.4455837809640666,-1.4376741664725285,0.7058090887993433,0.7014183081172114
0.796780894039198,-1.5323655569553345,-1.0834726755175694,1.5778735157899144,-0.010684955964216718,0.02394189104757184,0.03575636249407553,-1.8275916603672264,0.25301055297638236,-1.655129640361687,-1.3822347491007283,-0.07343851640373482,-0.1341626224026799,0.41369818995709984,-1.1619394561660348,-1.440967298825401,-1.4360488375764278,0.9129717169069014,0.90195200205036
0.796780894039198,-1.5323655569553345,-0.9390096519346078,-0.7054689621240783,-0.010684955964216718,1.2380737443270267,1.2460366897778459,-1.8275916603672264,0.1931949507824603,-1.5992831683758726,-1.393728741774528,-0.18842172095732312,-0.2331300006807593,0.41369818995709984,-1.1805305558109653,-1.4344765574238763,-1.432328784799032,0.7386157755875571,0.7275164611083067
0.796780894039198,-1.5323655569553345,-0.7945466283516462,1.474745683785733,-0.010684955964216718,0.07862448884802162,0.08349195445144081,-1.615274202784238,-0.04606745799322794,-1.5660724212996606,-1.3957143949974027,-0.2677200418006776,-0.29938802780000856,0.41369818995709984,-1.2072074385437273,-1.4327865615975002,-1.4330156487905243,0.9220622341816452,0.9110467166978728
0.796780894039198,-1.5323655569553345,-0.6500836047686848,-0.7054689621240783,-0.010684955964216718,1.245502080892431,1.246919175117897,-1.615274202784238,-0.04606745799322794,-1.514655565152121,-1.3899179955236265,-0.33543539480076945,-0.35715638097711083,0.41369818995709984,-1.2259882014285943,-1.4251102092228793,-1.4270666199650157,0.7535217037747342,0.7424292523064894
0.796780894039198,-1.5323655569553345,-0.5056205811857232,1.3689202546561694,-0.010684955964216718,0.05978591701576244,0.06310680511684669,-1.372625710824347,-0.7638546843202927,-1.3367418042783672,-1.3298219025501081,-0.11587473256308845,-0.33809087914041563,0.1568338885161113,-1.2777452726719036,-1.4808888920430776,-1.444146767913101,0.9343666543360579,0.9179305048826919
0.796780894039198,-1.5323655569553345,-0.3611575576027617,-0.7054689621240783,-0.010684955964216718,1.283858063600638,1.300910508611403,-1.0086529367270654,-1.4816419106473573,-0.9748712216001774,-1.198550357399483,0.5335079756540647,-0.22855438085831029,-0.7219627752035862,-1.3637218393120185,-1.6153634444197469,-1.4842312792802996,0.7537972994568655,0.7499814410586214
0.796780894039198,-1.5323655569553345,-0.21669453401980013,-0.7054689621240783,-0.010684955964216718,2.906428648310215,-0.6983308925851475,-1.1603082532413587,-2.019982330392656,-0.4946920349321557,-1.0676359263525625,1.0307921996667868,-0.15378487915271688,-1.8319036157337578,-1.474224324154622,-1.748080018196043,-1.558435995097565,0.5506022771166863,0.5507990965250525
0.796780894039198,-1.5323655569553345,-0.0722315104368386,2.3829187750750034,-0.010684955964216718,-0.6991224441542135,-0.6983308925851475,-1.1603082532413587,-2.019982330392656,0.22191505417608084,-0.8798263727221535,1.1785423825046826,-0.17375007680570081,-3.25131661451604,-1.621644541479236,-1.8247808299845936,-1.6201213442044642,1.1379405982378874,1.1004009910871744
0.796780894039198,-1.5323655569553345,0.07223151314612293,-0.7054689621240783,-0.010684955964216718,0.8383528598321528,1.7192156867556483,-1.1603082532413587,-1.7807199216169676,0.5831829361792048,-0.737757772007232,1.0751736861100913,-0.2307696617032636,-3.498657543754864,-1.7193512727755824,-1.835828461029856,-1.6407971530917635,0.7895246524387964,0.7915618166324987
0.796780894039198,-1.5323655569553345,0.21669453672908448,-0.7054689621240783,-0.010684955964216718,-0.6991224441542135,-0.6983308925851475,-1.0086529367270654,-2.019982330392656,1.0529135273483055,-0.6596824660062639,0.9337775982312536,-0.09935034756514316,-3.9030264791644655,-1.7866344277940072,-1.8377802765902655,-1.6890018076238822,-1.2740310493992413,-1.2860490588430924
0.796780894039198,-1.5323655569553345,0.361157560312046,1.5550993086140716,-0.010684955964216718,0.5377776895714327,-0.6983308925851475,-0.9328252784699188,-2.4386915457501104,1.2020073593823977,-0.6394518814554553,0.6037721271418925,0.10101937325057067,-4.007020767654147,-1.8384296247267695,-1.8250511475653766,-1.7595117174392714,0.9585191686787156,0.9419685415942763
0.796780894039198,-1.5323655569553345,0.5056205838950075,-0.7054689621240783,-0.010684955964216718,2.8677068619674406,-0.6983308925851475,-1.0086529367270654,-2.019982330392656,1.136352452326117,-0.5921822543331979,0.5480071440413221,0.2971807312499254,-3.4635287017717933,-1.8994517211107986,-1.8410349518953804,-1.8150727189104023,0.6098477883447165,0.6131734506309621
0.796780894039198,-1.5323655569553345,0.6500836074779691,1.880376129749402,-0.010684955964216718,0.1181757454437761,-0.6983308925851475,-1.0086529367270654,-1.4816419106473573,0.7646747724257966,-0.5980880464671998,0.7622264111873132,0.2710316970217973,-2.172474147020971,-1.9009359686793101,-1.8573756657888691,-1.7969993866515397,0.8261324355195546,0.8070305154760278
0.796780894039198,-1.5323655569553345,0.7945466310609306,-0.7054689621240783,-0.010684955964216718,0.5983208189920075,1.9592806263224707,-1.2209703943100538,-0.8236702865142147,0.37016804853141866,-0.7001866864128732,0.6497417111044786,-0.5057143553994273,-0.6430533298817929,-1.8614572998544918,-1.831076873884639,-1.6590266252799117,0.8193408290589841,0.808429812678413
0.796780894039198,-1.5323655569553345,0.9390096546438922,-0.7054689621240783,-0.010684955964216718,2.916856154215124,-0.6983308925851475,-1.4636188862699449,-0.04606745799322794,-0.0034983429193686756,-0.8180251657673075,0.5806436988578625,-0.532820940999598,0.41369818995709984,-1.8158469101772192,-1.8134612678433424,-1.6452958467656513,0.5475260820729616,0.5510021575189848
0.796780894039198,-1.5323655569553345,1.0834726782268538,1.0938738904490803,-0.010684955964216718,-0.4523637947985095,0.8481230018664219,-1.615274202784238,0.31282615517030443,-0.5565728718344726,-0.9259710198418297,0.6582993659601243,-0.7820693830778815,0.41369818995709984,-1.7664488056433503,-1.8025490645076723,-1.5739738142785105,0.8988040107265307,0.8752983512241985
0.796780894039198,-1.5323655569553345,1.2279357018098151,-0.7054689621240783,-0.010684955964216718,0.9651945343064827,1.6607517666349045,-1.660770790507037,0.13337934858853825,-0.6109370078647424,-1.00969663318324,0.5019915282665829,-0.7601714744681916,0.41369818995709984,-1.7336640909395002,-1.771306892284116,-1.568295348536573,0.7467779800388188,0.7408443110470884
0.796780894039198,-1.5323655569553345,1.3723987253927767,1.1897119667736586,-0.010684955964216718,0.024704665206835685,0.3144487963622304,-1.766929519298531,0.31282615517030443,-0.7876460363125323,-1.0543923568742468,0.29837747917608415,-0.6279195434190042,0.41369818995709984,-1.714231813108286,-1.7268631537834624,-1.577563407323179,0.8966878103090676,0.8811965456846843
0.796780894039198,-1.5323655569553345,1.5168617489757383,-0.7054689621240783,-0.010684955964216718,1.1825167917471713,1.4439781515513233,-1.9185848358128244,0.6717197683338367,-0.8574369014974831,-1.1167849899534108,0.03959686054300517,-0.6145448482040722,0.41369818995709984,-1.6878082972991035,-1.669511078502415,-1.5624996424035966,0.7449137939616455,0.7389888950026313
0.796780894039198,-1.5323655569553345,1.6613247725587,1.2343701525448612,-0.010684955964216718,0.0813160888097263,0.2042856988509401,-1.8882537652784765,0.4922729617520706,-0.9917541986678643,-1.153830637899136,-0.048498651067384144,-0.5026169869508059,0.41369818995709984,-1.6725379934658875,-1.6438551110561075,-1.571509165540463,0.904852354893489,0.889055682336827
0.796780894039198,-1.4222877049431708,-1.6613247698494156,-0.7054689621240783,-0.010684955964216718,1.2562215990090726,1.369921281436345,-1.9185848358128244,0.6717197683338367,-1.0210310027140408,-1.1888274671826953,-0.17547996221457862,-0.48796611556402725,0.41369818995709984,-1.6578364380506492,-1.6140918868700307,-1.565713784473266,0.747442937876698,0.7417071665924455
0.796780894039198,-1.4222877049431708,-1.516861746266454,1.3079501820374198,-0.010684955964216718,0.14503450940593157,0.20029785031131933,-1.9185848358128244,0.6717197683338367,-1.0670322488001678,-1.2057021672214125,-0.17242992843895355,-0.42310836059128515,0.41369818995709984,-1.651226215665378,-1.6135365149362533,-1.5766066303796744,0.9060463628357341,0.8950233396398385
0.796780894039198,-1.4222877049431708,-1.3723987226834924,-0.7054689621240783,-0.010684955964216718,1.2307362279743423,1.281418063419788,-2.0095780293371446,0.6717197683338367,-1.1002456715730504,-1.2304340833007423,-0.21850606752226445,-0.40927752882084417,0.41369818995709984,-1.641436600341933,-1.6051232163833813,-1.578744371299086,0.7565370553563032,0.7454460706855663
0.796780894039198,-1.4222877049431708,-1.2279356991005308,1.2625991178345715,-0.010684955964216718,0.09598124061232206,0.12160353021519578,-2.2218954688414105,1.0904289836912913,-1.342176813140642,-1.3464453523498552,-0.7074338127472692,-0.8055729929813208,-0.06422300142371627,-1.613021137909752,-1.5103429667157557,-1.4971622876224187,0.9210451763083323,0.9045284792831599
0.796780894039198,-1.4222877049431708,-1.0834726755175694,-0.7054689621240783,-0.010684955964216718,1.2423214813594599,1.2639052361738843,-2.0702401523271172,0.6717197683338367,-1.304632106382131,-1.3505232284194373,-0.6090229130097589,-0.687196333477284,0.156151809155686,-1.6152092629221504,-1.5295550922691823,-1.5210138808174396,0.7652310100655765,0.7541438840765233
0.796780894039198,-1.4222877049431708,-0.9390096519346078,1.3234581361422935,-0.010684955964216718,0.15625075311887993,0.16753935515838544,-2.282557596351064,0.3726417573642265,-1.3098022212740106,-1.3566608624172083,-0.5231880748406658,-0.5820971047756075,0.41369818995709984,-1.616188224454495,-1.544340269936764,-1.540043123177729,0.9232760432506274,0.9122609845586628
0.796780894039198,-1.4222877049431708,-0.7945466283516462,-0.7054689621240783,-0.010684955964216718,1.250521579501012,1.2584765888255125,-2.252226532596237,0.6119041661399147,-1.3303890314580564,-1.3861944105213566,-0.5707295599441833,-0.6122004404665666,0.41369818995709984,-1.609636155810731,-1.5402859364957395,-1.5390854793921462,0.7688591165145362,0.7577735737299207
0.796780894039198,-1.4222877049431708,-0.6500836047686848,1.3297801584556883,-0.010684955964216718,0.15589220248741173,0.16061551352721437,-2.2218954688414105,0.1931949507824603,-1.372310509045597,-1.4145285210380605,-0.6029987127044647,-0.6308894619477039,0.41369818995709984,-1.6132614745344047,-1.5492728934880529,-1.5506542454088132,0.9280022121822789,0.9169893755737807
0.796780894039198,-1.4222877049431708,-0.5056205811857232,-0.7054689621240783,-0.010684955964216718,1.3110574559184875,1.3144953328199627,-2.0399090817927696,0.6717197683338367,-1.2657027265965541,-1.3827781836063666,-0.3693344146876566,-0.6019096979192116,0.41369818995709984,-1.6292588207873777,-1.590118385512473,-1.554804901988416,0.7638202697906821,0.7584300897991024
0.796780894039198,-1.4222877049431708,-0.3611575576027617,1.2625278923717638,-0.010684955964216718,0.07634499611313343,0.09433719620114091,-1.4636188862699449,-0.04606745799322794,-0.6630314841941262,-1.2584273121730003,0.5598816466948876,-0.3637032821267685,-0.7749461851445479,-1.6664390896625827,-1.724026486484286,-1.5766395703786353,0.9348085794827806,0.9186786135495404
0.796780894039198,-1.4222877049431708,-0.21669453401980013,-0.7054689621240783,-0.010684955964216718,1.2468952881833955,1.3119336099361705,-1.0086529367270654,-0.6442234799324486,-0.2194043208198012,-1.107871958301844,0.9645814049713284,-0.16355827564354805,-1.2558694616691914,-1.7047056993853635,-1.7566102428174828,-1.5794641752895393,0.7590103960960057,0.754923957945242
0.796780894039198,-1.4222877049431708,-0.0722315104368386,-0.7054689621240783,-0.010684955964216718,-0.6991224441542135,-0.6983308925851475,-0.7053423036984792,-2.1396135347805,0.5245932061817977,-0.9148327297535387,1.0279211784939795,-0.02971238210902528,-2.2358560498529454,-1.7868622167233967,-1.7783482726414817,-1.6178332061845333,-1.2740310493992413,-1.2860490588430924
0.796780894039198,-1.4222877049431708,0.07223151314612293,-0.7054689621240783,-0.010684955964216718,1.207801811710785,1.3514800628433898,-0.8569976202127723,-2.199429136974422,0.8978194455302617,-0.7860916838496227,0.7545791632831398,0.07280263176897746,-2.305596617048404,-1.8325121799011141,-1.735832684811555,-1.634518399210866,0.8095986747043477,0.7963109030667762
0.796780894039198,-1.4222877049431708,0.21669453672908448,-0.7054689621240783,-0.010684955964216718,2.9039693546796577,-0.6983308925851475,-0.8569976202127723,-2.199429136974422,1.200480874431787,-0.6884357974273172,0.7869753297473251,0.17678835064397042,-2.669984938420589,-1.8829669451572253,-1.7582677532043856,-1.6715324475828106,0.5661548020969501,0.5680543632859335
0.796780894039198,-1.4222877049431708,0.361157560312046,2.0883318755853866,-0.010684955964216718,-0.13244941153870968,-0.6983308925851475,-0.8266665858358697,-2.1396135347805,1.4902742091199483,-0.5900917958842359,1.0752529631199106,0.42641578853675766,-2.8221237342187813,-1.923905731367357,-1.807412306905119,-1.7201668390750584,0.8566787336856108,0.8348967949218576
0.796780894039198,-1.4222877049431708,0.5056205838950075,-0.7054689621240783,-0.010684955964216718,0.7822100958570549,1.801721148706912,-0.8569976202127723,-2.199429136974422,1.3970556128108802,-0.4914266739514592,1.1329282664248341,0.8550835323573244,-2.117192960298062,-1.9682460288520007,-1.826989194462698,-1.7992213196077693,0.7722227879164345,0.7647067440535266
0.796780894039198,-1.4222877049431708,0.6500836074779691,1.6663915162756588,-0.010684955964216718,0.3132427935705501,-0.6983308925851475,-1.0086529367270654,-1.7807199216169676,0.7800412984053878,-0.49459270926612614,0.992179181239037,0.8008854539106578,0.1306504646973835,-1.9779188540887673,-1.815716101559369,-1.8000917374092613,0.8438870258032232,0.8295094289758758
0.796780894039198,-1.4222877049431708,0.7945466310609306,-0.7054689621240783,-0.010684955964216718,0.9564228154279256,1.601880561712327,-1.1603082532413587,-1.2423795018716692,0.4059120114305766,-0.6236217048821207,0.6871851805271537,0.23382470526783866,0.3413755487505629,-1.9337296115509435,-1.7663918022647283,-1.7060183510345002,0.7598107216366693,0.7528083123727385
0.796780894039198,-1.4222877049431708,0.9390096546438922,1.6670388247638457,-0.010684955964216718,0.35663929808472683,-0.6983308925851475,-1.3119635697556518,-0.04606745799322794,-0.12500039088563145,-0.721566952534701,0.5657600795950303,0.15628736023552653,0.41369818995709984,-1.8951925024745127,-1.7419596323180504,-1.6867979699960292,0.8726130603914137,0.8574517282287175
0.796780894039198,-1.4222877049431708,1.0834726782268538,-0.7054689621240783,-0.010684955964216718,1.0138865720109569,1.5974260021015365,-1.3119635697556518,-0.7040390821263706,-0.21299268267273602,-0.8199610629737568,0.3815595210596141,-0.14049654802825803,0.41369818995709984,-1.8592518011101908,-1.7083609749205129,-1.6306755799241848,0.7634782503288601,0.7565826650551128
0.796780894039198,-1.4222877049431708,1.2279357018098151,1.0852315686130356,-0.010684955964216718,0.15387024392053794,0.31076321477281243,-1.3119635697556518,-0.5245922755446044,-0.4065980666715661,-0.896140700036875,0.2744878211095966,-0.16620286148192154,0.41369818995709984,-1.8259823110258921,-1.6800230224994086,-1.6142103480751244,0.8804692474294662,0.865938899135555
0.796780894039198,-1.4222877049431708,1.3723987253927767,-0.7054689621240783,-0.010684955964216718,1.2459286415674524,1.3818574721058305,-1.4636188862699449,-0.7040390821263706,-0.5081461067163938,-0.9636931378832101,0.10776826945979896,-0.21359326953488025,0.41369818995709984,-1.8003365110211826,-1.647073320917575,-1.6000177594438518,0.7399177896756407,0.7336240686220707
0.796780894039198,-1.4222877049431708,1.5168617489757383,1.18264719026373,-0.010684955964216718,0.1428636540435507,0.2051947006744869,-1.3119635697556518,-0.7040390821263706,-0.6881843707466504,-0.9965236396147473,0.05911520133688087,-0.1679083426471884,0.41369818995709984,-1.7862577556342858,-1.6327718751086406,-1.6019036827396276,0.8877706428983946,0.8723401357152171
0.796780894039198,-1.4222877049431708,1.6613247725587,-0.7054689621240783,-0.010684955964216718,1.2857526741493284,1.3411681902024213,-1.5546120617155428,-0.5245922755446044,-0.7454302320912193,-1.0405404230532553,-0.04737854363832564,-0.20524278432106868,0.41369818995709984,-1.7703142196898443,-1.6124316872911186,-1.593002189796722,0.738452866317584,0.7324456591608147
0.796780894039198,-1.312209852931007,-1.6613247698494156,1.2315437395950564,-0.010684955964216718,0.13108677421423304,0.15813810886860874,-1.766929519298531,-0.04606745799322794,-0.9072148934342443,-1.0970590231578377,-0.13261155848556544,-0.2399049701081714,0.41369818995709984,-1.7515522783478719,-1.5977734394863796,-1.5868738330163437,0.8970858129564826,0.8813176446225389
0.796780894039198,-1.312209852931007,-1.516861746266454,-0.7054689621240783,-0.010684955964216718,1.301976906270287,1.3243795878614764,-1.9185848358128244,0.31282615517030443,-0.9444258070330908,-1.1412303678388585,-0.2149854863335189,-0.28792088895232437,0.41369818995709984,-1.7366948419491741,-1.5832136161091839,-1.5780410373081133,0.7415146605418635,0.7357134863366295
0.796780894039198,-1.312209852931007,-1.3723987226834924,1.2592149216004613,-0.010684955964216718,0.12216652644612318,0.13369918661447788,-1.8275916603672264,0.07356374639461619,-1.0735201443023468,-1.1901924052786752,-0.2951021505040394,-0.3431503055667776,0.41369818995709984,-1.7208514462650046,-1.5693401821004629,-1.5682734607741053,0.9064735271425255,0.8905131725990273
0.796780894039198,-1.312209852931007,-1.2279356991005308,-0.7054689621240783,-0.010684955964216718,1.250215691979003,1.2579844093531989,-1.9185848358128244,0.31282615517030443,-1.1015781685150383,-1.2259874481023343,-0.3530007933420021,-0.39013404775682853,0.41369818995709984,-1.708899283923351,-1.5587870396818855,-1.5594157433561346,0.7540876559789281,0.7429954052088455
0.796780894039198,-1.312209852931007,-1.0834726755175694,1.3168937319642808,-0.010684955964216718,0.1634272843375585,0.1678756323808978,-1.9185848358128244,0.31282615517030443,-1.1510578202730213,-1.256263101898273,-0.37893886704930213,-0.40616758307749373,0.41369818995709984,-1.697469298746103,-1.5527348517132509,-1.5550498932306882,0.9097446732794888,0.8987235166614626
0.796780894039198,-1.312209852931007,-0.9390096519346078,-0.7054689621240783,-0.010684955964216718,1.2547796179001658,1.2559481949605014,-2.252226532596237,0.851166574915603,-1.192165217148514,-1.2978517211593152,-0.4441207654990425,-0.4624962552512709,0.41369818995709984,-1.6873387239340698,-1.5460965274542513,-1.5497867531993343,0.758517888070982,0.747427708296383
0.796780894039198,-1.312209852931007,-0.7945466283516462,1.3259721976292564,-0.010684955964216718,0.16008196805304503,0.16139780219445213,-2.0702401523271172,0.25301055297638236,-1.247081215617107,-1.3310146354261196,-0.4849833756355331,-0.4966478028723719,0.41369818995709984,-1.685007989538971,-1.5497910470044207,-1.5546420440330266,0.9164687758989103,0.9054507573191733
0.796780894039198,-1.312209852931007,-0.6500836047686848,-0.7054689621240783,-0.010684955964216718,1.2556844563157854,1.253787468384433,-2.0702401523271172,0.6717197683338367,-1.269345018689488,-1.3508835184390844,-0.5217286959072196,-0.5283962487138983,0.41369818995709984,-1.6836231583252355,-1.5482915535399893,-1.5539456447786772,0.7633058005160045,0.7522177757586993
0.796780894039198,-1.312209852931007,-0.5056205811857232,1.33081696437399,-0.010684955964216718,0.157902861085689,0.15784454100192424,-1.9185848358128244,0.31282615517030443,-1.2717397672097273,-1.3345646036902246,-0.4901534300930977,-0.5074609223941426,0.41369818995709984,-1.6924929310651713,-1.5536745629690092,-1.5574745588778915,0.9222395442710635,0.9112241645492809
0.796780894039198,-1.312209852931007,-0.3611575576027617,-0.7054689621240783,-0.010684955964216718,1.3126810774528346,1.3126781676387504,-1.615274202784238,0.31282615517030443,-1.0857079426371958,-1.2318240758447094,-0.1845993756666851,-0.3976636548679871,0.18773220053812206,-1.7192173502588333,-1.5871595213283902,-1.556132578986011,0.7582097105348561,0.7528329009895618
0.796780894039198,-1.312209852931007,-0.21669453401980013,1.2764017872442635,-0.010684955964216718,0.09432776613768273,0.10575469091481719,-1.3119635697556518,-0.7638546843202927,-0.7348873182846576,-1.071977050565785,0.2060487457295422,-0.11960314602426601,-0.3459124176998069,-1.7808069885516804,-1.6535136130770036,-1.606317534245139,0.9264031811931392,0.9102357021529848
0.796780894039198,-1.312209852931007,-0.0722315104368386,-0.7054689621240783,-0.010684955964216718,1.2803463487087912,1.3045068983926993,-1.0086529367270654,-1.4816419106473573,-0.41486998292890653,-0.8584856291098265,0.44345866935006656,0.09678585584475335,-0.6296398824250585,-1.859891009663107,-1.6941643000322641,-1.6463562113374675,0.753344573695559,0.7492040309567252
0.796780894039198,-1.312209852931007,0.07223151314612293,1.8187994745368163,-0.010684955964216718,0.17313810944347907,-0.6983308925851475,-0.8569976202127723,-1.4816419106473573,0.10308000686629684,-0.6646827692172347,0.5817996088074845,0.21559265882852563,-1.1731413078869724,-1.9243287334788188,-1.7108768753968102,-1.6611826782382193,0.9485201397072265,0.9305338102457474
0.796780894039198,-1.312209852931007,0.21669453672908448,-0.7054689621240783,-0.010684955964216718,1.1278861212442721,1.4820430352463143,-0.8569976202127723,-1.2423795018716692,0.2352018949184028,-0.5510922538750563,0.5763687074143857,0.3127598069877122,-1.0687808258470108,-1.956261532064862,-1.6986746128703993,-1.6658601580906782,0.7708201481024779,0.766625885596584
0.796780894039198,-1.312209852931007,0.361157560312046,1.7480980660788914,-0.010684955964216718,0.27653807790125673,-0.6983308925851475,-0.9176596889665775,-1.003117093095981,0.33463546566924274,-0.46260276662058275,0.6713383029729698,0.4562264925036863,-0.5313713167311255,-1.9743128395116523,-1.6975659127887714,-1.673258871936249,0.9196275956442015,0.9033797810672322
0.796780894039198,-1.312209852931007,0.5056205838950075,-0.7054689621240783,-0.010684955964216718,1.095056716665667,1.5315116837761755,-1.0086529367270654,-1.4816419106473573,0.30978760853717346,-0.46025470610076624,0.6143568866142057,0.5694934164024447,0.04477398234071428,-1.9768250328844001,-1.6911266963061466,-1.6949017515167284,0.7681043335653679,0.7622216545132531
0.796780894039198,-1.312209852931007,0.6500836074779691,1.7282317236415554,-0.010684955964216718,0.3265481649660299,-0.6983308925851475,-1.0086529367270654,-0.3451454689628382,0.02346264565835306,-0.5297860924585428,0.5276312476358537,0.5234990880644168,0.41369818995709984,-1.9343109076641842,-1.6507527809924918,-1.6607470900940644,0.9019167478495975,0.8865376030689823
0.796780894039198,-1.312209852931007,0.7945466310609306,-0.7054689621240783,-0.010684955964216718,1.0755112398212052,1.5354524734182091,-1.1603082532413587,-0.04606745799322794,-0.20087177675465345,-0.6687768777460762,0.35751471873735124,0.12339438057365146,0.41369818995709984,-1.8756844558680565,-1.6064374783022064,-1.5743122077546787,0.7655035455735758,0.7596287848692376
0.796780894039198,-1.312209852931007,0.9390096546438922,1.1215359225839485,-0.010684955964216718,0.15710949817422426,0.2637422577668888,-1.0086529367270654,-0.6442234799324486,-0.43343998674744355,-0.7838537217491303,0.24373430838650387,0.018224719021491927,0.41369818995709984,-1.8207422004426057,-1.5695395050121983,-1.5371876370177993,0.8878235659098554,0.8731142673348702
0.796780894039198,-1.312209852931007,1.0834726782268538,-0.7054689621240783,-0.010684955964216718,1.2699137972365087,1.3572195714172475,-1.0086529367270654,0.31282615517030443,-0.5265408524030026,-0.8507060465700197,0.13190002076057317,-0.05159603645135563,0.41369818995709984,-1.765526308739689,-1.5097994272268196,-1.4830562748436784,0.740509843365079,0.7344381567440617
0.796780894039198,-1.312209852931007,1.2279357018098151,1.2032932451982001,-0.010684955964216718,0.14212726399700995,0.18097425118654806,-1.1603082532413587,0.6119041661399147,-0.6961592846735478,-0.9078527722720282,0.10280621059788908,-0.03250454153888696,0.41369818995709984,-1.7187610484945584,-1.4724311680382107,-1.4540807781260696,0.8910943520263326,0.8755813252228065
0.796780894039198,-1.312209852931007,1.3723987253927767,-0.7054689621240783,-0.010684955964216718,1.2402826516766814,1.273230444089052,-1.1603082532413587,0.6717197683338367,-0.7354378428746455,-0.942391211021286,0.06443954760925488,-0.04606034979791815,0.41369818995709984,-1.692433570814504,-1.4474351283110056,-1.433365094503186,0.7451904697052353,0.7340941210136759
0.796780894039198,-1.312209852931007,1.5168617489757383,1.2851140786785322,-0.010684955964216718,0.1742117641341317,0.19047836675913477,-1.3877912280127982,0.7315353705277589,-0.8036647633555964,-0.9833816994465768,0.04464927814728963,-0.04134051032924205,0.41369818995709984,-1.6653114862017384,-1.4302218253943124,-1.4207343385858067,0.8925891570847381,0.8815600474033886
0.796780894039198,-1.312209852931007,1.6613247725587,-0.7054689621240783,-0.010684955964216718,1.2503954403166784,1.2630747357184728,-1.615274202784238,1.0904289836912913,-0.8549170641578905,-1.0206902426563935,-0.003292001769187172,-0.0679825745107511,0.41369818995709984,-1.649625178010188,-1.4184264914027613,-1.4129399113316652,0.7458977299502346,0.7348016584627659
0.796780894039198,-1.2021320009188432,-1.6613247698494156,1.3094916661090665,-0.010684955964216718,0.16590996627521068,0.17287063565629315,-1.615274202784238,1.0904289836912913,-0.9213512678695004,-1.054179923385679,-0.028846477041878166,-0.07681099692426871,0.41369818995709984,-1.6363810856601113,-1.4133949055855275,-1.4111924660578372,0.8982767607245956,0.8872502631465772
0.796780894039198,-1.2021320009188432,-1.516861746266454,-0.7054689621240783,-0.010684955964216718,1.2534946800757545,1.2572354497047422,-1.766929519298531,1.0904289836912913,-0.9660260373311483,-1.0900861232673096,-0.08448700376144207,-0.11935579256126025,0.41369818995709984,-1.6227173694242207,-1.4029415859743384,-1.4031221663123976,0.7485242594067849,0.7374295668857546
0.796780894039198,-1.2021320009188432,-1.3723987226834924,1.32366122738637,-0.010684955964216718,0.16040966714234497,0.1630397280064761,-1.766929519298531,1.0904289836912913,-1.023870585805777,-1.1221113538677645,-0.11284856713450572,-0.13823263497701882,0.41369818995709984,-1.610312766147604,-1.397660228003273,-1.3996547980007157,0.9038223362826755,0.8927982747224713
0.796780894039198,-1.2021320009188432,-1.2279356991005308,-0.7054689621240783,-0.010684955964216718,1.2547806690600352,1.2542249379579928,-2.2218954688414105,1.0904289836912913,-1.0699387243086704,-1.1681060271790666,-0.1808665366774559,-0.1985944263272629,0.41369818995709984,-1.591952351054047,-1.3839657866146964,-1.3871870083939857,0.7518864907267386,0.74079328966718
0.796780894039198,-1.2021320009188432,-1.0834726755175694,1.3320756995051204,-0.010684955964216718,0.15694441351672767,0.1574421821871432,-2.2218954688414105,0.6119041661399147,-1.1299405532240174,-1.202622587396279,-0.22071644694657852,-0.23302938232292644,0.41369818995709984,-1.5802800988374905,-1.3772780887904046,-1.3814386535095158,0.9092633258895351,0.8982417846768663
0.796780894039198,-1.2021320009188432,-0.9390096519346078,-0.7054689621240783,-0.010684955964216718,1.2554235584361888,1.2527207301669698,-2.373550785355704,1.0904289836912913,-1.1685822956174985,-1.2407265211098029,-0.28700055156509563,-0.29481240797755953,0.41369818995709984,-1.5647291609736813,-1.363553313315962,-1.3683173733312932,0.7558877584095705,0.7447963164860111
0.796780894039198,-1.2021320009188432,-0.7945466283516462,1.3370173472320104,-0.010684955964216718,0.15481959895662853,0.15424186272651821,-2.373550785355704,1.0904289836912913,-1.223353806465876,-1.2790912328101232,-0.3257866155089025,-0.3304925161514047,0.41369818995709984,-1.548956949329946,-1.3554531442806625,-1.3606775690328008,0.914806381304212,0.9037875422962183
0.796780894039198,-1.2021320009188432,-0.6500836047686848,-0.7054689621240783,-0.010684955964216718,1.2556346313379736,1.251842437156325,-1.0086529367270654,-0.6442234799324486,-1.2262402142493487,-1.2783272485862873,-0.3795449525759845,-0.38157394096419855,0.41369818995709984,-1.5360723967095202,-1.334851351864468,-1.340282400268228,0.7601448206477965,0.7490552698249443
0.796780894039198,-1.2021320009188432,-0.5056205811857232,1.2922958300039538,-0.010684955964216718,0.10765431840453187,0.10766838448061224,-2.0399090817927696,0.851166574915603,-1.1650784708272712,-1.2541461774831275,-0.17443401714954454,-0.30979028902729505,0.41369818995709984,-1.543031782845667,-1.3755433448089924,-1.353602729058593,0.9262895947297657,0.9103063944263518
0.796780894039198,-1.2021320009188432,-0.3611575576027617,-0.7054689621240783,-0.010684955964216718,1.3020097024582138,1.3082181579997316,-1.5242810273386402,0.3726417573642265,-0.9333036048973314,-1.134725739110007,0.2421368340165985,-0.1660091711430933,0.41369818995709984,-1.5893086481828695,-1.4570621130015518,-1.3825646813687344,0.7554391728838544,0.7510805522306223
0.796780894039198,-1.2021320009188432,-0.21669453401980013,1.290495279009651,-0.010684955964216718,0.09890830038478277,0.11832250841349723,-1.0086529367270654,1.0904289836912913,-0.7106475132209954,-0.993420416859823,0.3960305588950001,0.015933974408163964,0.41369818995709984,-1.6455305272233125,-1.4863934529509217,-1.4202771877449634,0.9210599371482635,0.9052120428308473
0.796780894039198,-1.2021320009188432,-0.0722315104368386,-0.7054689621240783,-0.010684955964216718,1.2970219488776902,1.3274028862129152,-0.6750112693215766,-0.3451454689628382,-0.7064172367846845,-0.8638973898750664,0.3466213756354192,0.10979329405359549,0.41369818995709984,-1.6958383396637475,-1.4770345269198708,-1.4393649419455126,0.7466949953167661,0.7415114821835602
0.796780894039198,-1.2021320009188432,0.07223151314612293,1.2580345883011872,-0.010684955964216718,0.07760917353012325,0.09872766557613064,-0.7053423036984792,0.013748144200694123,0.15565811536890212,-0.6633785264037028,0.5718030336015719,0.3741143661352404,-1.1126936332470168,-1.7399367320618309,-1.4810015154044305,-1.4522593262098393,0.9106974674960278,0.8946430356996383
0.796780894039198,-1.2021320009188432,0.21669453672908448,-0.7054689621240783,-0.010684955964216718,1.257128119280483,1.2765708921600867,-0.7053423036984792,0.013748144200694123,0.5507996482983938,-0.5473630228000006,0.5814833532091734,0.5848695784519352,-1.5717681412365958,-1.7513727497848783,-1.4466095463641253,-1.4571188428986614,0.7419994281264356,0.7376172599941724
0.796780894039198,-1.2021320009188432,0.361157560312046,1.751301417812976,-0.010684955964216718,0.23850227848928324,-0.6983308925851475,-0.8266665858358697,0.25301055297638236,1.2420504979071358,-0.5060831731444347,0.6494979129882604,0.8614979526691687,-2.6309683610778385,-1.742447718925419,-1.4332644848014076,-1.4847504093297144,0.9192175323105011,0.901993187983539
0.796780894039198,-1.2021320009188432,0.5056205838950075,-0.7054689621240783,-0.010684955964216718,1.1539847389468374,1.4558814324349683,-1.0086529367270654,0.6717197683338367,1.1854126886309742,-0.46806322476360057,0.675919320723168,1.3402367452926243,-1.9303336341750985,-1.7454878807065402,-1.4257566909819348,-1.5621369773492466,0.7523075346852659,0.7477914149202274
0.796780894039198,-1.2021320009188432,0.6500836074779691,1.6674690480883114,-0.010684955964216718,0.3741505703498359,-0.6983308925851475,-1.1603082532413587,1.0904289836912913,0.8087261045631812,-0.48990576309477013,0.6675466455571005,1.4234212956583054,-0.006835909299837059,-1.7091425161699874,-1.394696415705893,-1.5502569066713465,0.8819206700192931,0.8662909261664083
0.796780894039198,-1.2021320009188432,0.7945466310609306,0.7834963776186865,-0.010684955964216718,0.250197272964771,0.5225023662804604,-1.1451427360529072,0.7913509727216809,0.23279577468731322,-0.5841062529721338,0.5138540967466272,0.7362549287293549,0.41369818995709984,-1.6784373406541446,-1.3689037297378286,-1.4234202487642433,0.882015535417388,0.8707560140763769
0.796780894039198,-1.2021320009188432,0.9390096546438922,0.796577283711312,-0.010684955964216718,0.34317656805679086,0.4138250303108049,-1.3119635697556518,1.0904289836912913,-0.09698986028884395,-0.7037945269230331,0.26686444155246547,0.3200873388968898,0.41369818995709984,-1.6320726414501012,-1.3176536462614292,-1.3368529562974552,0.8853550854467156,0.874136129269018
0.796780894039198,-1.2021320009188432,1.0834726782268538,0.8050203716016441,-0.010684955964216718,0.3839618863392755,0.4147291061472992,-1.766929519298531,1.0904289836912913,-0.1763256044222009,-0.8254913912674996,0.09218394372308081,0.10778260386956896,0.41369818995709984,-1.5837070674552765,-1.2801526485552375,-1.2904591348661125,0.8925952774330023,0.8812731802071169
0.796780894039198,-1.2021320009188432,1.2279357018098151,0.8006262808331649,-0.010684955964216718,0.39470368904514924,0.409191772659066,-1.8275916603672264,1.0904289836912913,-0.31582171249864144,-0.9231691562218503,-0.11029806376483825,-0.11443723183586425,0.41369818995709984,-1.5440218442622826,-1.235356088062953,-1.2401808857283483,0.9012490898580723,0.88995644533312
0.796780894039198,-1.2021320009188432,1.3723987253927767,0.7971959764279174,-0.010684955964216718,0.40051040127995857,0.4075199765000213,-1.9185848358128244,0.31282615517030443,-0.42338806327994755,-1.0090917976360556,-0.26402897241877243,-0.2716978557244073,0.41369818995709984,-1.5084896668995038,-1.200405520058459,-1.2035340533316627,0.9103997305539996,0.8991058696530647
0.796780894039198,-1.2021320009188432,1.5168617489757383,0.7946058454290389,-0.010684955964216718,0.4039667200466856,0.40714381974403036,-1.9185848358128244,0.31282615517030443,-0.5086357592071243,-1.053283609330925,-0.38837879830454863,-0.39421496065326606,0.41369818995709984,-1.4899842294049264,-1.1715258567989848,-1.1743544153047036,0.9192333732118908,0.9079540834169241
0.796780894039198,-1.2021320009188432,1.6613247725587,0.7926538730478102,-0.010684955964216718,0.40617184322081046,0.407223264386282,-2.0399090817927696,1.0904289836912913,-0.586765433066182,-1.1053876862760688,-0.5004807523937399,-0.5031334945210146,0.41369818995709984,-1.4655519363132463,-1.1433078423414988,-1.1462205138894959,0.9274375200497863,0.9161806149854348
0.796780894039198,-1.0920541489066795,-1.6613247698494156,0.7911188477083072,-0.010684955964216718,0.40769402782775593,0.40749419367417183,-2.0702401523271172,1.0904289836912913,-0.6795017350503639,-1.1718416100860065,-0.6655806662085214,-0.663871321158998,0.41369818995709984,-1.443988963305645,-1.1223957171674215,-1.1255465470416122,0.9350145112008461,0.9237750141964468
0.796780894039198,-1.0920541489066795,-1.516861746266454,-0.7054689621240783,-0.010684955964216718,1.3163698076666963,1.3131799894686986,-1.9185848358128244,1.0904289836912913,-0.7382439797579985,-1.217935795430159,-0.7322739424906215,-0.7280608025384668,0.41369818995709984,-1.4259144908829848,-1.1262510503997518,-1.1297943982892016,0.800035090510831,0.7936182446194862
0.796780894039198,-1.0920541489066795,-1.3723987226834924,1.1099247368724834,-0.010684955964216718,0.2762295624795742,0.27504372976424246,-1.766929519298531,0.910982177109525,-0.8303662093562644,-1.2424778623120645,-0.6957195689952738,-0.6913854111083918,0.41369818995709984,-1.413668905513643,-1.1458161055124896,-1.1497017516744246,0.9194679265586034,0.9084511832870349
0.796780894039198,-1.0920541489066795,-1.2279356991005308,-0.7054689621240783,-0.010684955964216718,1.267163332322115,1.263029248944413,-1.766929519298531,1.0904289836912913,-0.9117990307552498,-1.2687059876796452,-0.6842798112342653,-0.6794009262041837,0.41369818995709984,-1.3949079293789983,-1.1557352440229351,-1.15989137194512,0.784033439974122,0.7729547906617575
0.796780894039198,-1.0920541489066795,-1.0834726755175694,1.2072992738103745,-0.010684955964216718,0.22425349111097523,0.22274463003563752,-1.766929519298531,0.6717197683338367,-1.0000796288586178,-1.2870162017241655,-0.6382224258522019,-0.6334619379629639,0.41369818995709984,-1.382829807481051,-1.1761028615989528,-1.1805814837267052,0.9205265667980642,0.9095103379566979
0.796780894039198,-1.0920541489066795,-0.9390096519346078,-0.7054689621240783,-0.010684955964216718,1.2627024200681578,1.2581441371035835,-1.766929519298531,0.910982177109525,-1.0592004846451506,-1.3013092349815518,-0.624953329778591,-0.6199094836491938,0.41369818995709984,-1.3728949284547538,-1.1869079275249692,-1.1915986131160354,0.7767653464001605,0.7656833219516913
0.796780894039198,-1.0920541489066795,-0.7945466283516462,1.2605430881021376,-0.010684955964216718,0.19593566469203455,0.19430397215072714,-1.9185848358128244,1.0904289836912913,-1.1379703189326633,-1.3259451678235221,-0.6177450889718035,-0.6124352166348433,0.41369818995709984,-1.360896918765024,-1.1997218198819937,-1.2046092625740634,0.9229804664315159,0.9119653064413628
0.796780894039198,-1.0920541489066795,-0.6500836047686848,-0.7054689621240783,-0.010684955964216718,1.2599839104137953,1.255234660495529,-1.766929519298531,0.6717197683338367,-1.1696545810582648,-1.334191962886358,-0.5951136337708337,-0.5898958659939689,0.41369818995709984,-1.3575160387971466,-1.2142294729342074,-1.2192974681633868,0.7740061493944719,0.7629228399029971
0.796780894039198,-1.0920541489066795,-0.5056205811857232,1.2468866372118115,-0.010684955964216718,0.1347704588607213,0.13509046353211557,-1.6456052733185857,0.7315353705277589,-1.077392546308957,-1.2926287509528525,-0.24368461632903854,-0.4924562097823183,0.41369818995709984,-1.3683294977936844,-1.292534011269473,-1.2418390462681503,0.9318744125208336,0.9161890160961828
0.796780894039198,-1.0920541489066795,-0.3611575576027617,-0.7054689621240783,-0.010684955964216718,1.2703901828893418,1.288392841853247,-1.0086529367270654,0.31282615517030443,-0.701928755619655,-1.1565506334637208,0.6531020333916542,-0.28356662951710765,-0.08815778625318603,-1.396736755963578,-1.441128973049005,-1.2512312801824188,0.7657719408459845,0.7615194445978081
0.796780894039198,-1.0920541489066795,-0.21669453401980013,-0.7054689621240783,-0.010684955964216718,1.248155208402914,1.3106314724225367,-0.553686987184186,-0.6442234799324486,-0.14911176250910196,-0.9966704375071795,1.1913349640784126,0.05238129756048458,-0.8652895268461637,-1.4325423283019905,-1.510390619198162,-1.290095061193386,0.702619127282002,0.6941775751781742
0.796780894039198,-1.0920541489066795,-0.0722315104368386,-0.7054689621240783,-0.010684955964216718,-0.6991224441542135,-0.6983308925851475,-0.03805896888750143,-1.6610887172291235,0.5722573977487388,-0.7687229524421432,1.259997378991506,0.207125624016891,-2.0854534560631084,-1.5167240919158351,-1.5141472052999079,-1.3140334469514585,-1.2740310493992413,-1.2860490588430924
0.796780894039198,-1.0920541489066795,0.07223151314612293,-0.7054689621240783,-0.010684955964216718,-0.6991224441542135,-0.6983308925851475,0.05293427887298657,-1.6012731150352015,0.9140161064019247,-0.6073454885587036,1.0363109024793629,0.2135115357940161,-2.268044813906773,-1.5734307463367267,-1.4621721156577794,-1.303698738987971,-1.2740310493992413,-1.2860490588430924
0.796780894039198,-1.0920541489066795,0.21669453672908448,-0.7054689621240783,-0.010684955964216718,2.8948087066494055,-0.6983308925851475,0.20458959538727972,-2.378875943556188,1.2156935478528152,-0.4743296597967989,0.7686538160694297,0.18530066371662982,-2.503757635489907,-1.6309491401204004,-1.421846820935654,-1.3099870281317256,0.6711218350018375,0.6609470840672045
0.796780894039198,-1.0920541489066795,0.361157560312046,2.374786872487543,-0.010684955964216718,-0.6991224441542135,-0.6983308925851475,0.23492077439396258,-2.199429136974422,1.3605718197822851,-0.31859332838552445,0.9054859350173854,0.2858787742063501,-2.007602813179025,-1.6820472160605715,-1.4443893494411795,-1.3274404599496155,1.061336339250687,1.0341815920255235
0.796780894039198,-1.0920541489066795,0.5056205838950075,-0.7054689621240783,-0.010684955964216718,0.8465614723686474,1.7075138472999816,-0.08355544813796513,-1.5414575128412795,1.2256752342827064,-0.25760021559815377,0.8957220761951357,0.5849878050223889,-1.1357322383336292,-1.6886504406927152,-1.4259996863719024,-1.3734587220506993,0.8436753337573796,0.8409365788342175
0.796780894039198,-1.0920541489066795,0.6500836074779691,1.5481470216889803,-0.010684955964216718,0.4580690775992009,-0.6983308925851475,-0.40203167066989287,-0.8834858887081368,0.7489262907464689,-0.2902895655100447,0.764281646355852,0.5317313467077748,0.41369818995709984,-1.6598324868047911,-1.382928619040518,-1.3444915686880905,0.8712388621958614,0.8586537017810958
0.796780894039198,-1.0920541489066795,0.7945466310609306,-0.7054689621240783,-0.010684955964216718,0.9509720259249108,1.6339382566008605,-0.553686987184186,-0.2853298667689162,0.4040697942728283,-0.42024522282201726,0.5522829879257647,-0.05421043678237927,0.41369818995709984,-1.58348941320283,-1.3103104309929305,-1.1818380796739105,0.8023313011713584,0.7951357720877633
0.796780894039198,-1.0920541489066795,0.9390096546438922,1.6204410458480234,-0.010684955964216718,0.41253924412998255,-0.6983308925851475,-0.7053423036984792,0.013748144200694123,-0.11771915132060225,-0.5431799886247819,0.4279493584183386,-0.06541848335864388,0.41369818995709984,-1.505653163864574,-1.2541523569640487,-1.1474408108246885,0.8941401253389795,0.8798316725458517
0.796780894039198,-1.0920541489066795,1.0834726782268538,-0.7054689621240783,-0.010684955964216718,1.0090747825925785,1.6225437148906843,-0.8569976202127723,0.31282615517030443,-0.19792516579609087,-0.6486309842870553,0.33865275748713997,-0.22399888470742785,0.41369818995709984,-1.4440256411841061,-1.2167595723443143,-1.0893604412093414,0.7877144694345425,0.7802990006965926
0.796780894039198,-1.0920541489066795,1.2279357018098151,1.0592976061450787,-0.010684955964216718,0.16466654926564242,0.33057951741107305,-1.0086529367270654,0.6119041661399147,-0.39738898765532754,-0.7337455315337854,0.24951897278040874,-0.2177806701933575,0.41369818995709984,-1.3856371129943112,-1.1762404406621527,-1.069182308030028,0.8962296842404691,0.8820237477356476
0.796780894039198,-1.0920541489066795,1.3723987253927767,-0.7054689621240783,-0.010684955964216718,1.241700245876617,1.38604372263461,-1.0086529367270654,0.31282615517030443,-0.4813296057588876,-0.8147624414561829,0.09457759795504146,-0.2468224822091801,0.41369818995709984,-1.321475197172553,-1.1195250584812466,-1.0401688869715102,0.7532696894344443,0.7470699439216042
0.796780894039198,-1.0920541489066795,1.5168617489757383,1.1678357027750261,-0.010684955964216718,0.14970307829209775,0.21594121306666583,-1.0086529367270654,0.31282615517030443,-0.649501823978942,-0.8689350983182436,0.06258975071347332,-0.1782493943734599,0.41369818995709984,-1.2706703029582382,-1.0954187110384253,-1.040649550903717,0.8967304727366738,0.8814473495762818
0.796780894039198,-1.0920541489066795,1.6613247725587,-0.7054689621240783,-0.010684955964216718,1.2838357790114057,1.3430061074141952,-0.993487347223724,0.13337934858853825,-0.6910453594117519,-0.9105233646997366,-0.005540741036962169,-0.17336940401856651,0.41369818995709984,-1.2300471395443366,-1.0689335043441048,-1.0317035239490582,0.7455891923936225,0.7396513533208786
0.796780894039198,-0.9819762968945157,-1.6613247698494156,1.2679944914945613,-0.010684955964216718,0.1790151442735544,0.20787454243930498,-1.1603082532413587,0.6717197683338367,-0.7641440546058041,-0.9504319244274385,-0.01559442978758321,-0.15031606126642924,0.41369818995709984,-1.1944247152963972,-1.0575106772296934,-1.0284591507619214,0.8946310132718156,0.8836029516511231
0.796780894039198,-0.9819762968945157,-1.516861746266454,-0.7054689621240783,-0.010684955964216718,1.245382669131262,1.2702616460198966,-1.3119635697556518,0.6717197683338367,-0.823533817907738,-1.0008788790099346,-0.07013019301547296,-0.17253427164855384,0.41369818995709984,-1.1543816414865764,-1.0417294228418363,-1.0203970860162221,0.7495144957538812,0.7384200783334526
0.796780894039198,-0.9819762968945157,-1.3723987226834924,1.296089976319967,-0.010684955964216718,0.1700642026372567,0.18297692694399434,-1.3422946041325543,0.5520885639459927,-0.8939193566777427,-1.0318200636355057,-0.0949600934672357,-0.17072649515282357,0.41369818995709984,-1.1334144427021349,-1.0440881669371054,-1.029558956648283,0.8997733658854317,0.8887475050059751
0.796780894039198,-0.9819762968945157,-1.2279356991005308,-0.7054689621240783,-0.010684955964216718,1.2512269077734106,1.260871247382459,-1.3119635697556518,0.6717197683338367,-0.9404350054488038,-1.0626899665921556,-0.1568924869553543,-0.2114400366772572,0.41369818995709984,-1.111318192645857,-1.0366713753752301,-1.0271985456701056,0.7510035404845086,0.7399099436078036
0.796780894039198,-0.9819762968945157,-1.0834726755175694,1.3137834936186026,-0.010684955964216718,0.16421318401395016,0.16976820708730803,-1.3119635697556518,0.6717197683338367,-0.9977564552243187,-1.0903169064924314,-0.18557201080866056,-0.22468728197226762,0.41369818995709984,-1.0889924645473659,-1.035154455946578,-1.029492643229322,0.9047328280920944,0.893709282975774
0.796780894039198,-0.9819762968945157,-0.9390096519346078,-0.7054689621240783,-0.010684955964216718,1.2538356763374028,1.256209167466051,-1.3119635697556518,1.0904289836912913,-1.0292246548437645,-1.11531665814954,-0.2357168506217251,-0.26319308902858535,0.41369818995709984,-1.0607912781419837,-1.0158443362363296,-1.0127268338897426,0.7535719266325491,0.7424794540658369
0.796780894039198,-0.9819762968945157,-0.7945466283516462,1.3240419337643998,-0.010684955964216718,0.1604311108036817,0.16238430970790008,-1.3119635697556518,0.6717197683338367,-1.0751222176839035,-1.1381313796385235,-0.25770471289351743,-0.27697277313379465,0.41369818995709984,-1.028964049107432,-1.0035932379830284,-1.002369804742749,0.9094391958970088,0.8984177981922931
0.796780894039198,-0.9819762968945157,-0.6500836047686848,-0.7054689621240783,-0.010684955964216718,1.254946121623486,1.2537099102904143,-1.1603082532413587,0.6717197683338367,-1.0884893293263451,-1.1483105431123177,-0.28462138882955357,-0.2978544363293728,0.41369818995709984,-1.0033826766918612,-0.9865943174533233,-0.986655474843687,0.7564852124063006,0.7453940247799571
0.796780894039198,-0.9819762968945157,-0.5056205811857232,1.3298791923485596,-0.010684955964216718,0.15767470683602564,0.15838047791241733,-1.3119635697556518,0.6717197683338367,-1.0602098912141564,-1.1284684789450856,-0.18314170161517063,-0.26342451125160093,0.41369818995709984,-0.9993888900707535,-1.0106365545586409,-0.9936584752806871,0.9132795344225412,0.9022599744760716
0.796780894039198,-0.9819762968945157,-0.3611575576027617,-0.7054689621240783,-0.010684955964216718,1.3018299541205385,1.3084583784747195,-1.0086529367270654,0.31282615517030443,-0.801777059354447,-1.0173872900766696,0.3239097909836644,-0.13486695090750989,-0.07522401724889488,-1.0298706200901824,-1.1206681802205947,-1.0116844562910434,0.749550137782008,0.7449993774799434
0.796780894039198,-0.9819762968945157,-0.21669453401980013,1.2550407865433229,-0.010684955964216718,0.07675405497632853,0.10312237968464437,-0.2503763541555997,-0.8834858887081368,-0.1267489586599067,-0.7740133226424872,0.915777454797464,0.20772262627336593,-1.2758650334514021,-1.1315371144493274,-1.2385100800192366,-1.0801441762368909,0.9140379175765708,0.8980940480707865
0.796780894039198,-0.9819762968945157,-0.0722315104368386,-0.7054689621240783,-0.010684955964216718,1.2145731733577854,1.2747380057436004,0.35624491190157287,-1.4218263084534353,0.33943031410306257,-0.5236269328082757,1.1145624258167173,0.45236190907658946,-1.9717064856720454,-1.2039735113915258,-1.2336139219115951,-1.0877852807985,0.7241035298019616,0.7197235088164466
0.796780894039198,-0.9819762968945157,0.07223151314612293,-0.7054689621240783,-0.010684955964216718,-0.6991224441542135,-0.6983308925851475,0.8112108614444523,-1.7209043194230456,0.9766481451445289,-0.31973030629277555,1.0906190639693845,0.5713389247823623,-2.66958130655207,-1.2261409454882377,-1.1501416170757404,-1.0330779020636012,-1.2740310493992413,-1.2860490588430924
0.796780894039198,-0.9819762968945157,0.21669453672908448,2.313575673868759,-0.010684955964216718,-0.6991224441542135,-0.6983308925851475,0.9628661779587454,-1.5414575128412795,1.519957719060065,-0.18801025123522402,0.9362121696295725,0.6229812969400743,-3.3352041862162376,-1.2006874630436166,-1.013148044760043,-0.9406309281375383,1.0098109273169524,0.9863249720075026
0.796780894039198,-0.9819762968945157,0.361157560312046,-0.7054689621240783,-0.010684955964216718,-0.6991224441542135,-0.6983308925851475,1.1145214944730386,-1.4816419106473573,1.6886624009175804,-0.06615388533455721,0.7235792951209314,0.7791954899071557,-2.9770551945681487,-1.0979520015687985,-0.7771120685772104,-0.8003444569046808,-1.2740310493992413,-1.2860490588430924
0.796780894039198,-0.9819762968945157,0.5056205838950075,1.0978348873454744,-0.010684955964216718,0.970133408953077,-0.6983308925851475,1.1145214944730386,-1.4816419106473573,1.7018783356981297,-0.0023553801317159175,0.47698772985779736,1.0489767848738634,-2.582121885302338,-1.0391042759927447,-0.6093193953134223,-0.7856675202623702,0.9364788945281737,0.9278399223676163
0.796780894039198,-0.9819762968945157,0.6500836074779691,-0.7054689621240783,-0.010684955964216718,2.8535267153286075,-0.6983308925851475,0.9628661779587454,-1.5414575128412795,1.476132483291351,0.011878369361418846,0.4757533953393219,1.21996846066133,-1.3764383956119524,-0.951660352912357,-0.5272949514554188,-0.7595508687177431,0.6380082307491993,0.6433469619553769
0.796780894039198,-0.9819762968945157,0.7945466310609306,1.6875567815107977,-0.010684955964216718,0.2718236258867892,-0.6983308925851475,0.7808796824377694,-1.003117093095981,0.6783782034037218,-0.06619199632586172,0.7747010322808005,0.6581717291057996,0.41369818995709984,-0.8630666266025825,-0.5720945238427536,-0.5404391966817845,0.8190776540836242,0.8016011439763061
0.796780894039198,-0.9819762968945157,0.9390096546438922,-0.7054689621240783,-0.010684955964216718,0.6088023545142063,1.889344606397532,0.507900228415866,0.07356374639461619,0.4611370528646307,-0.18412998771314673,0.7192105351712169,-0.2528067590412891,0.41369818995709984,-0.6015205361263474,-0.3605534295642579,-0.0028068365349861995,0.81552389186505,0.8041999558693872
0.796780894039198,-0.9819762968945157,1.0834726782268538,-0.7054689621240783,-0.010684955964216718,-0.6991224441542135,-0.6983308925851475,0.35624491190157287,-0.5844078777385264,0.22127221805095515,-0.2799579580710324,0.6443832671934727,-0.3376380965301678,0.41369818995709984,-0.5407366046504829,-0.36754038067535366,-0.005490579608227992,-1.2740310493992413,-1.2860490588430924
0.796780894039198,-0.9819762968945157,1.2279357018098151,0.7517780822883037,-0.010684955964216718,0.22750283649940822,0.5636643333244433,0.26525166414108486,-0.16569866238107206,-0.1321003520012235,-0.34958179887067725,0.30233621502124985,-0.4284864118174512,0.41369818995709984,-0.394117268106212,-0.19267125999039755,0.09355241239925126,0.982534155195672,0.9664442556853152
0.796780894039198,-0.9819762968945157,1.3723987253927767,-0.7054689621240783,-0.010684955964216718,1.1741369452679438,1.4210614117005456,0.20458959538727972,0.013748144200694123,-0.24193368678674496,-0.41650117080589866,0.15636678136090598,-0.41685492965197335,0.41369818995709984,-0.27319247453671075,-0.09505767762168735,0.13645611091436677,0.8144339298432961,0.8093416405522765
0.796780894039198,-0.9819762968945157,1.5168617489757383,1.6565878785183188,-0.010684955964216718,0.38184916011767506,-0.6983308925851475,0.05293427887298657,0.3726417573642265,-0.41288796062011635,-0.4750728241272368,0.1395046466164567,-0.339920456280343,0.41369818995709984,-0.1543988587472605,-0.04492683585959296,0.1511536350560279,0.9328470078641097,0.9180190239032557
0.796780894039198,-0.9819762968945157,1.6613247725587,-0.7054689621240783,-0.010684955964216718,1.0067918735881147,1.5340166005965108,0.2955828431477677,-0.10588306018714999,-0.43803348900679634,-0.49764652888417427,0.14477443666701964,-0.3387859842957776,0.41369818995709984,-0.06891864997552928,-0.011001280281394887,0.1893779033240092,0.8211043894102844,0.8100426210368803
0.796780894039198,-0.8718984448823519,-1.6613247698494156,1.73550910008455,-0.010684955964216718,0.38477096409078854,-0.6983308925851475,0.35624491190157287,0.013748144200694123,-0.4688508254111045,-0.5126544961080691,0.1732229490185947,-0.2951754725520731,0.41369818995709984,0.03458270351399468,0.03198964912811008,0.2287323169510793,0.9188432910151706,0.907826222609443
0.796780894039198,-0.8718984448823519,-1.516861746266454,-0.7054689621240783,-0.010684955964216718,0.9499379999613363,1.4978363785861752,0.507900228415866,-0.2853298667689162,-0.47559358102116367,-0.5134865860848842,0.19154105293262688,-0.2970377506582962,0.41369818995709984,0.14108681700068282,0.08580016610048197,0.295260279326281,0.7672339840401523,0.756147651442481
0.796780894039198,-0.8718984448823519,-1.3723987226834924,-0.7054689621240783,-0.010684955964216718,-0.6991224441542135,-0.6983308925851475,0.507900228415866,-0.2853298667689162,-0.5190295029242968,-0.5160421397795807,0.18713137581655406,-0.2595465120434597,0.41369818995709984,0.25017696222070496,0.14313201865761896,0.33817004573594195,-1.2740310493992413,-1.2860490588430924
0.796780894039198,-0.8718984448823519,-1.2279356991005308,0.9457990238194887,-0.010684955964216718,0.2678591764391718,0.4076477377386819,0.6595555449301591,-0.5245922755446044,-0.5654976580794537,-0.5071199332597369,0.08169806740280021,-0.29445772826619876,0.41369818995709984,0.3518470761073296,0.2377397297659224,0.40808779405685164,0.9525624497254769,0.9415607803652901
0.796780894039198,-0.8718984448823519,-1.0834726755175694,-0.7054689621240783,-0.010684955964216718,-0.6991224441542135,2.2933189353153454,0.8112108614444523,-0.8236702865142147,-0.6177513383607416,-0.5243947987071517,-0.07917373922162343,-0.2797582246731341,0.41369818995709984,0.45352346384158576,0.34067920312537336,0.4365826268422535,0.3862745264282076,0.43513321846261505
0.796780894039198,-0.8718984448823519,-0.9390096519346078,-0.7054689621240783,-0.010684955964216718,-0.6991224441542135,-0.6983308925851475,0.7202176136839643,-0.4049610711567603,-0.6901008384870095,-0.5451045936856594,-0.319489634094553,-0.14715916028942347,0.41369818995709984,0.5810592037018542,0.5180456150779219,0.44471750632249823,-1.2740310493992413,-1.2860490588430924
0.796780894039198,-0.8718984448823519,-0.7945466283516462,0.8943066023940449,-0.010684955964216718,0.5116454347530452,0.08960379428070611,0.6595555449301591,-0.5245922755446044,-0.8091954283738474,-0.573029363925389,-0.6468670296863589,-0.20495015259703814,0.41369818995709984,0.7003115342738992,0.712352861012773,0.5079607873539398,1.0208403349197412,0.9999761622575105
0.796780894039198,-0.8718984448823519,-0.6500836047686848,-0.7054689621240783,-0.010684955964216718,1.3943395909828897,1.137675874678375,-0.2503763541555997,0.7315353705277589,-0.892863794341168,-0.6842908742434031,-0.8051226949867487,-0.39143873246339456,0.3955663444547476,0.8029063167806728,0.7038345764038547,0.5137510757239291,0.823471164086093,0.819386295429729
0.796780894039198,-0.8718984448823519,-0.5056205811857232,1.161801811678934,-0.010684955964216718,0.27045427992486126,0.16504560041509475,-0.553686987184186,0.7913509727216809,-0.9388088507972111,-0.7330468300265361,-0.7099681197385865,-0.35687716503412464,0.41369818995709984,0.8313480811125394,0.5957217430244351,0.4383104598140685,0.9638195702857419,0.9528229815857756
0.796780894039198,-0.8718984448823519,-0.3611575576027617,-0.7054689621240783,-0.010684955964216718,1.3013481024363842,1.2012896522419638,-0.6295146454413326,0.6717197683338367,-0.9486774890427669,-0.7538067339010185,-0.6097193572788158,-0.3335001665642917,0.41369818995709984,0.7886921910660349,0.42125514059944336,0.3042594003582124,0.8204804739078237,0.8094184799798493
0.796780894039198,-0.8718984448823519,-0.21669453401980013,1.2021832403156025,-0.010684955964216718,0.1771625275616484,0.13063475103073846,-0.7053423036984792,1.0904289836912913,-0.9196956805545304,-0.7179202952741385,-0.38052611212761794,-0.20982091960246352,0.41369818995709984,0.7090041914691614,0.2192531482166272,0.15147566688797537,0.9541942425788542,0.939039012804922
0.796780894039198,-0.8718984448823519,-0.0722315104368386,-0.7054689621240783,-0.010684955964216718,1.3363698060387068,1.288746674455149,-0.553686987184186,-0.2853298667689162,-0.8432838039580355,-0.6529516414864291,-0.21941050738697607,-0.12005257468925276,0.2626053271747227,0.5394529766244646,-0.02561951290903437,-0.06239421110279813,0.7859172471677892,0.7808338031124992
0.796780894039198,-0.8718984448823519,0.07223151314612293,1.779047413465713,-0.010684955964216718,0.20932071400561839,-0.6983308925851475,-0.7053423036984792,1.0904289836912913,-0.32654122228546667,-0.5256383462382357,0.05516498990137316,-0.003430028556768684,-0.9579271354873918,0.40593102091642613,-0.16916643101623488,-0.14692518317329123,0.9651250045684437,0.9473796765365208
0.796780894039198,-0.8718984448823519,0.21669453672908448,-0.7054689621240783,-0.010684955964216718,1.1284873846895955,1.4300862392137434,-0.7053423036984792,0.013748144200694123,0.11955427126754063,-0.41017968656303827,0.24181205400862948,0.18876612765765635,-1.8648902839450638,0.22504827204192937,-0.36339665849193725,-0.3470007864675967,0.7982047463593539,0.7944436025241878
0.796780894039198,-0.8718984448823519,0.361157560312046,1.6842104406234193,-0.010684955964216718,0.27514854966983543,-0.6983308925851475,-0.5840180215610886,-0.16569866238107206,0.6840466668005116,-0.35629427365395794,0.37057496677434165,0.42464071300732303,-2.8931641130256165,0.07101614321922038,-0.5298434449388698,-0.55120407502644,0.9237278689607186,0.9075897620776591
0.796780894039198,-0.8718984448823519,0.5056205838950075,-0.7054689621240783,-0.010684955964216718,1.1163607839717131,1.4937660459654833,-0.6295146454413326,-0.16569866238107206,0.7559319335544202,-0.35857105250485305,0.39309986685458675,0.9086418457454369,-2.763185291782854,0.013063888741645952,-0.5966599701454166,-0.7577066621969674,0.7859289478335884,0.7812171806298022
0.796780894039198,-0.8718984448823519,0.6500836074779691,1.6418131699209892,-0.010684955964216718,0.3604271526742772,-0.6983308925851475,-0.6598456798182352,-0.22551426457499413,0.6052239875037534,-0.4021107427929565,0.4099313137242673,1.1365617114221014,-2.088790146176201,-0.05879314250196744,-0.6896283498048008,-0.9032804366841009,0.8876577764759933,0.8723112440904497
0.796780894039198,-0.8718984448823519,0.7945466310609306,0.7751146476837203,-0.010684955964216718,0.24495703078360637,0.537686040116393,-0.7053423036984792,-0.3451454689628382,0.06215121274357058,-0.5135515159219214,0.2640189936086319,0.4784891426605204,-0.48212237903455063,-0.041422064919529926,-0.6978811573785528,-0.7664901562620161,0.9076423336507417,0.8964793955660574
0.796780894039198,-0.8718984448823519,0.9390096546438922,0.7996119010681404,-0.010684955964216718,0.3483389192916295,0.4298984212550149,-0.8569976202127723,-0.3451454689628382,-0.1423730204440488,-0.6455263500139345,0.07165034573893975,0.10856407311540413,0.2874608606433944,0.0028199020685817375,-0.6840397785385837,-0.6990032498381148,0.9059280961060409,0.8947555286216048
0.796780894039198,-0.8718984448823519,1.0834726782268538,-0.7054689621240783,-0.010684955964216718,1.290911346324624,1.3381857670626949,-0.7053423036984792,-0.9433014909020588,-0.2589986112280366,-0.7354090057283174,-0.044292707342137055,-0.05039951647945995,0.41369818995709984,-0.017894412395944314,-0.7270279111883988,-0.7285398100906576,0.7693033817944187,0.7628488691473871
0.796780894039198,-0.8718984448823519,1.2279357018098151,1.0853754548124608,-0.010684955964216718,0.22394844451686186,0.24083044390316363,-0.8569976202127723,-0.4049610711567603,-0.48690040622719843,-0.8187012829834135,-0.10984286028910215,-0.1371082248282367,0.2946548674825971,-0.08631361643933286,-0.8041681369512824,-0.7996405811374093,0.8926136384777947,0.8779479795920478
0.796780894039198,-0.8718984448823519,1.3723987253927767,-0.7054689621240783,-0.010684955964216718,1.2573661018749258,1.268083102043851,-0.8569976202127723,-0.6442234799324486,-0.5520643229444132,-0.8649736724998696,-0.13069186143058845,-0.15753794389988232,0.21420226148087076,-0.1531773888737757,-0.8707004683462777,-0.8668006880979345,0.7566054592486676,0.745514304097251
0.796780894039198,-0.8718984448823519,1.5168617489757383,1.2156177619930995,-0.010684955964216718,0.2168214754860277,0.22175230566513818,-0.8569976202127723,-0.9433014909020588,-0.6430406854434695,-0.9056620960311174,-0.1243011115100012,-0.14718263790625113,0.3389163192212079,-0.2474315735581465,-0.9580357437197693,-0.9560646179138734,0.8916903659411183,0.880660923648217
0.796780894039198,-0.8718984448823519,1.6613247725587,-0.7054689621240783,-0.010684955964216718,1.259760433825551,1.2611177563515563,-0.8569976202127723,-1.2423795018716692,-0.715650397070959,-0.9459919939404635,-0.16199008393082603,-0.1798936660377118,0.3538764372002102,-0.36281221623606585,-1.0476527447293813,-1.0476341309465613,0.7513992029987637,0.7403056154335182
0.796780894039198,-0.7618205928701882,-1.6613247698494156,1.2663593558068298,-0.010684955964216718,0.19195155855485846,0.19311167366754162,-1.0086529367270654,-0.9433014909020588,-0.8012171698261117,-0.9806228871315895,-0.17359606768016514,-0.18733858603102768,0.41369818995709984,-0.4727256833068052,-1.1301688804543804,-1.1318622500660809,0.8964548770545425,0.8854276319245512
0.796780894039198,-0.7618205928701882,-1.516861746266454,-0.7054689621240783,-0.010684955964216718,1.252050176183161,1.2500120661374825,-1.0086529367270654,-1.2423795018716692,-0.852728344281292,-1.0077635590131837,-0.19876353475438388,-0.20883234423675573,0.41369818995709984,-0.5811609353548325,-1.2024427443570864,-1.205521830571594,0.7451127052802315,0.7340164619655424
0.796780894039198,-0.7618205928701882,-1.3723987226834924,-0.7054689621240783,-0.010684955964216718,1.2892452579315512,1.2860503777974106,-1.038983971103968,-1.3620107062595133,-0.9479664226525395,-1.0434961421566493,-0.20913262666235016,-0.2164189684173529,0.3178467356845024,-0.700210331086182,-1.2855484585382222,-1.289899913370594,0.6816702552351587,0.6705448408338937
0.796780894039198,-0.7618205928701882,-1.2279356991005308,-0.7054689621240783,-0.010684955964216718,1.3140257211578306,1.3101678007901867,-1.1603082532413587,-0.9433014909020588,-1.0917162195111592,-1.079707935727814,-0.12528909058936102,-0.13120611965502457,0.3102572866088953,-0.8026407870453769,-1.362001111688147,-1.3675481593423986,0.6553639183342376,0.6454015457961025
0.796780894039198,-0.7618205928701882,-1.0834726755175694,-0.7054689621240783,-0.010684955964216718,1.3224171303956218,1.3181300824153277,-1.1603082532413587,-0.9433014909020588,-1.2362707321434794,-1.1100989811363138,-0.03554154838725528,-0.04127762385559651,0.24182238076203813,-0.8955757746143108,-1.4180566737176312,-1.424369982615865,0.6393781086989181,0.6290423292132902
0.796780894039198,-0.7618205928701882,-0.9390096519346078,1.6598059418089528,-0.010684955964216718,-0.0003354870651904188,-0.0011508618394504707,-1.1603082532413587,-0.7040390821263706,-1.3169750951238781,-1.1220534816217096,0.019220111696570934,0.013159423190923029,0.2606281159927008,-0.9513063631248416,-1.4391577953061279,-1.4457406737838774,0.8791042297563101,0.8680690929730124
0.796780894039198,-0.7618205928701882,-0.7945466283516462,-0.7054689621240783,-0.010684955964216718,1.2464228969380662,1.2419477012912952,-1.1603082532413587,-0.7040390821263706,-1.325521270289961,-1.1359378803612197,-0.02239435137175347,-0.027299218493667347,0.0670018138479533,-1.010590603714948,-1.435585472640865,-1.4422298550130397,0.7130150788394478,0.7019041382046114
0.796780894039198,-0.7618205928701882,-0.6500836047686848,1.4882015551611494,-0.010684955964216718,0.07652111794925918,0.0752565425654716,-1.1603082532413587,-0.7040390821263706,-1.3287675592756374,-1.1511618098691734,-0.06985229726062284,-0.07358114763783412,-0.07188732713580231,-1.052917599364463,-1.4244555523201154,-1.431092451285398,0.8993899440677048,0.8883641274886721
0.796780894039198,-0.7618205928701882,-0.5056205811857232,-0.7054689621240783,-0.010684955964216718,1.3130748419399292,1.3108677101845885,-1.0996461121726633,0.013748144200694123,-1.1605404892738347,-1.1073147614937902,0.1727114844391159,-0.1068028139352965,-0.579030295849968,-1.0813740831080805,-1.420030110381796,-1.3702438214942116,0.7268600266540042,0.7216940815496928
0.796780894039198,-0.7618205928701882,-0.3611575576027617,1.3544184274919142,-0.010684955964216718,0.03227511858658931,0.049222124547492904,-1.0086529367270654,-0.6442234799324486,-0.5652929672841484,-1.0040124494060827,0.9403072960292659,0.029968558353216473,-2.023952828722668,-1.149831412840922,-1.5572653872752968,-1.3914713753641075,0.9116111994898218,0.8949294930856296
0.796780894039198,-0.7618205928701882,-0.21669453401980013,-0.7054689621240783,-0.010684955964216718,1.2347236978231007,1.2988438998305087,-0.8569976202127723,-1.7209043194230456,-0.10437344525152581,-0.8219625957763417,1.2757325867791702,0.1825957068635566,-2.8164003513179225,-1.2855224307166322,-1.6593873462638957,-1.473892995593241,0.7327917241834568,0.7288354354957358
0.796780894039198,-0.7618205928701882,-0.0722315104368386,-0.7054689621240783,-0.010684955964216718,-0.6991224441542135,-0.6983308925851475,-0.7963355514589672,-0.9433014909020588,0.5474128852375079,-0.6967129401313773,1.2496206151148475,0.2444558732591949,-3.669611434363279,-1.3483282302426605,-1.6358121680267677,-1.4639572516961163,-1.2740310493992413,-1.2860490588430924
0.796780894039198,-0.7618205928701882,0.07223151314612293,1.6251907257028624,-0.010684955964216718,0.39160465951804707,-0.6983308925851475,-0.8569976202127723,-1.2423795018716692,1.1118818684246106,-0.6206525763558604,0.7967110580177035,0.1552459602319565,-4.454076405541413,-1.4080127905720223,-1.5728278490012704,-1.4624620574669633,0.9790208952817874,0.9587357243112151
0.796780894039198,-0.7618205928701882,0.21669453672908448,-0.7054689621240783,-0.010684955964216718,2.9156738095939705,-0.6983308925851475,-0.7053423036984792,-1.4816419106473573,1.3561415350198427,-0.5252600593615836,0.7586180285790904,0.09207188578028418,-4.232263729552125,-1.4704983825670126,-1.5699310513687643,-1.454085220691719,0.6076309622013805,0.6166236433815494
0.796780894039198,-0.7618205928701882,0.361157560312046,2.3869206772749747,-0.010684955964216718,-0.6991224441542135,-0.6983308925851475,-0.7660043724522843,-1.3620107062595133,1.6457388749268782,-0.4680053525175456,0.8750427108058431,0.18647622153064367,-4.329873614834533,-1.5051724906152693,-1.590474111831474,-1.4730220360154502,0.9752941432196285,0.9486144349113301
0.796780894039198,-0.7618205928701882,0.5056205838950075,-0.7054689621240783,-0.010684955964216718,0.813575234737521,1.7965222410100121,-0.8569976202127723,-1.2423795018716692,1.623258340424174,-0.41168013040587864,0.8903661896070271,0.6113808387682617,-3.425845864516324,-1.5400200946807197,-1.5942550082289846,-1.5551830618449087,0.8403622452337823,0.8346763169910089
0.796780894039198,-0.7618205928701882,0.6500836074779691,1.4818908356290061,-0.010684955964216718,0.5676489200454414,-0.6983308925851475,-0.8569976202127723,-1.2423795018716692,1.2904979996744124,-0.4140719479897855,0.8064817363676796,1.005611111134219,-1.8540156224439435,-1.549425798789484,-1.5808790747419992,-1.6268504225448412,0.8393630083745328,0.8278167076127327
0.796780894039198,-0.7618205928701882,0.7945466310609306,-0.7054689621240783,-0.010684955964216718,0.9176647640696555,1.6406791030534413,-1.1603082532413587,-0.8236702865142147,0.8553982815894757,-0.5130327829847212,0.6359534784826968,0.33973223477743913,-0.0976425501896662,-1.512688801379627,-1.5527648630960755,-1.5075738194650616,0.7846913774125218,0.7763357254749593
0.796780894039198,-0.7618205928701882,0.9390096546438922,1.551202719629889,-0.010684955964216718,0.47959988008908644,-0.6983308925851475,-1.3119635697556518,-0.4049610711567603,0.09730919807185433,-0.6423405534445172,0.45968999777982533,0.1849686231357814,0.41369818995709984,-1.465036274298304,-1.521388769110452,-1.4782162621016095,0.8598127120173591,0.8460536749002834
0.796780894039198,-0.7618205928701882,1.0834726782268538,-0.7054689621240783,-0.010684955964216718,0.9934815617412486,1.618209475133858,-1.3119635697556518,-0.4049610711567603,0.016713200806617236,-0.7338189304800016,0.39342549930352155,-0.0915784179088705,0.41369818995709984,-1.4248715843651654,-1.509270732077775,-1.422915096543335,0.7730691960793225,0.7653538344862594
0.796780894039198,-0.7618205928701882,1.2279357018098151,1.020351271908911,-0.010684955964216718,0.1898784610603361,0.3527732900557139,-1.3422946041325543,-0.4049610711567603,-0.20616296692088043,-0.8079405740126764,0.3313746165211571,-0.0939764887705535,0.41369818995709984,-1.3906545019866798,-1.4964000439855123,-1.4210483521285333,0.8757983416424354,0.8617098619470901
0.796780894039198,-0.7618205928701882,1.3723987253927767,-0.7054689621240783,-0.010684955964216718,1.2443933174621389,1.3841657686770048,-1.615274202784238,0.31282615517030443,-0.33543256232206453,-0.8862770108799902,0.18700606699458178,-0.1326692782751773,0.41369818995709984,-1.3562612692708484,-1.4689963168684674,-1.4130835904060806,0.74216593760127,0.7356503755534497
0.796780894039198,-0.7618205928701882,1.5168617489757383,1.145903104279362,-0.010684955964216718,0.1644408126836788,0.22788149125732254,-1.615274202784238,0.31282615517030443,-0.5625724526942564,-0.948532020934999,0.1346440282294768,-0.09381549939802095,0.41369818995709984,-1.3310942121007878,-1.4602952747705915,-1.4225150489243747,0.8822578292045524,0.8670650577860615
0.796780894039198,-0.7618205928701882,1.6613247725587,-0.7054689621240783,-0.010684955964216718,1.285557999341507,1.3418423167709734,-1.857922694744129,0.4922729617520706,-0.6388719500305837,-1.0037463782260494,0.023867619842101367,-0.13607604817413466,0.41369818995709984,-1.3062833164347305,-1.43870837753752,-1.4138290745930921,0.7375646957783051,0.7314063802897506
0.796780894039198,-0.6517427408580244,-1.6613247698494156,1.2112263623630137,-0.010684955964216718,0.14318241827396033,0.17053765674573862,-1.766929519298531,0.31282615517030443,-0.802299489129393,-1.0455682508690571,-0.007492830848639478,-0.11833367774294151,0.41369818995709984,-1.2873138555172547,-1.432530550518207,-1.417482813951527,0.8918813568090095,0.8762484963592784
0.796780894039198,-0.6517427408580244,-1.516861746266454,-0.7054689621240783,-0.010684955964216718,1.3019697583831749,1.3246764047834507,-1.9185848358128244,0.6717197683338367,-0.8673195871505599,-1.1090438712844575,-0.17153827518872888,-0.24563853953201353,0.41369818995709984,-1.270415005620003,-1.4069424582782164,-1.3983875832380557,0.7391698471157089,0.7332667140575723
0.796780894039198,-0.6517427408580244,-1.3723987226834924,1.2481837659173523,-0.010684955964216718,0.12877275087763354,0.14041938584473215,-1.979246958802797,0.25301055297638236,-1.0098693340523892,-1.1588422332556787,-0.2204760585942235,-0.2703822706957427,0.41369818995709984,-1.2697514255820568,-1.4148281373588476,-1.4112521698059541,0.901755818692298,0.8858685877862488
0.796780894039198,-0.6517427408580244,-1.2279356991005308,-0.7054689621240783,-0.010684955964216718,1.3092631260213423,1.316924578094512,-2.2218954688414105,0.6119041661399147,-1.0483438454039542,-1.2108284484314178,-0.31926032747475336,-0.35185043957405837,0.41369818995709984,-1.266632116800046,-1.4141061430881687,-1.4137556097269883,0.7438569538246154,0.7381307522754986
0.796780894039198,-0.6517427408580244,-1.0834726755175694,1.3167261637469954,-0.010684955964216718,0.16609938528368495,0.17050464215166308,-2.0702401523271172,0.6717197683338367,-1.1108962821706063,-1.2463337771452527,-0.34206141842791693,-0.3673129657140221,0.41369818995709984,-1.2666060562021921,-1.422326572790128,-1.4235093167877495,0.9043328453320056,0.8933091032369751
0.796780894039198,-0.6517427408580244,-0.9390096519346078,-0.7054689621240783,-0.010684955964216718,1.255599522598334,1.2566682275360537,-2.2218954688414105,0.6119041661399147,-1.1646637378433193,-1.2938119560810377,-0.4242034823331734,-0.4415273894789043,0.41369818995709984,-1.2754410814783228,-1.4312857773209045,-1.4339122885648732,0.7550636715168224,0.7439717782018702
0.796780894039198,-0.6517427408580244,-0.7945466283516462,1.3242500484668103,-0.010684955964216718,0.16136564448561308,0.16260409257703157,-2.0702401523271172,0.25301055297638236,-1.2279332613177079,-1.330202659583604,-0.4758716341521188,-0.48688530670363933,0.41369818995709984,-1.3000155013490393,-1.453117821297551,-1.457072358492233,0.9129717169069014,0.90195200205036
0.796780894039198,-0.6517427408580244,-0.6500836047686848,-0.7054689621240783,-0.010684955964216718,1.2561774502945557,1.2541920281721524,-2.0702401523271172,0.6717197683338367,-1.262314625687333,-1.3543925526754919,-0.539358027520887,-0.5451894526362016,0.41369818995709984,-1.3232516612595926,-1.4619388013590453,-1.4668126295007864,0.7610176903164151,0.7499285755324514
0.796780894039198,-0.6517427408580244,-0.5056205811857232,1.2824735336870872,-0.010684955964216718,0.11257852937094742,0.11457692410944988,-1.766929519298531,0.13337934858853825,-1.1565583837037272,-1.3068879077735234,-0.19114697472497919,-0.4769224123055563,0.2610294079663301,-1.368470900667225,-1.5344711503976933,-1.4870631439936062,0.9265277482813397,0.9105895733300999
0.796780894039198,-0.6517427408580244,-0.3611575576027617,-0.7054689621240783,-0.010684955964216718,1.2812328969426823,1.30354077608099,-1.4636188862699449,-0.04606745799322794,-0.8190138973068284,-1.189356786506369,0.579722210173835,-0.3275720683153061,-0.41085854026572366,-1.4181988648054111,-1.6506506992638157,-1.49605283811794,0.757161510889493,0.7529763345876976
0.796780894039198,-0.6517427408580244,-0.21669453401980013,-0.7054689621240783,-0.010684955964216718,1.2440937368993468,1.314561571624584,-0.8569976202127723,-1.7209043194230456,-0.31073855774855813,-1.035130073806212,1.0900368467897446,-0.019257296243876534,-1.6160108738160868,-1.5111283024322095,-1.7494944256252976,-1.5749182387224048,0.6957198746960791,0.6873109990251315
0.796780894039198,-0.6517427408580244,-0.0722315104368386,-0.7054689621240783,-0.010684955964216718,-0.6991224441542135,-0.6983308925851475,-0.5840180215610886,-2.3190603413622664,0.33838679240150576,-0.831608911130971,1.1653653500553778,0.13788677804684343,-2.697410846425889,-1.6149882304440564,-1.7770887626719674,-1.6220620952616682,-1.2740310493992413,-1.2860490588430924
0.796780894039198,-0.6517427408580244,0.07223151314612293,-0.7054689621240783,-0.010684955964216718,2.907288076619474,-0.6983308925851475,-0.40203167066989287,-1.9003511260048118,0.6250428727433202,-0.7045151069623276,0.9003184378827181,0.09283490832718332,-3.190056996349266,-1.6560471849665146,-1.706237051071503,-1.5796150058110974,0.6112448478411381,0.6046629205381424
0.796780894039198,-0.6517427408580244,0.21669453672908448,2.3868815660636598,-0.010684955964216718,-0.6991224441542135,-0.6983308925851475,-0.09872103764130656,-2.4386915457501104,1.1196233278169931,-0.5674524555311629,0.9908937002626137,0.06336546829057108,-3.971434476220088,-1.7226657947396653,-1.7246221962982042,-1.5789830779362934,1.0953037320861787,1.0635649891293502
0.796780894039198,-0.6517427408580244,0.361157560312046,-0.7054689621240783,-0.010684955964216718,0.8520965648931917,1.7403508962251684,-0.09872103764130656,-2.199429136974422,1.2725340411517794,-0.45372784596032045,0.9704623951943684,0.43180474008502223,-3.8349530870781083,-1.7635454620009618,-1.6978489233558387,-1.619000083976674,0.8095885941307361,0.8090269062569384
0.796780894039198,-0.6517427408580244,0.5056205838950075,-0.7054689621240783,-0.010684955964216718,-0.6991224441542135,-0.6983308925851475,-0.09872103764130656,-1.8405355238108898,1.2606298666640203,-0.3701186828701184,0.9200814292337779,0.799033237640218,-3.199361588379219,-1.7785517816299914,-1.6634636235117168,-1.654929279488101,-1.2740310493992413,-1.2860490588430924
0.796780894039198,-0.6517427408580244,0.6500836074779691,1.4490722235142415,-0.010684955964216718,0.622780152878171,-0.6983308925851475,-0.2503763541555997,-1.6610887172291235,0.8898037272291368,-0.37295018837222355,0.6276191631600903,0.9500412690757645,-2.0752012066027192,-1.7648159161463388,-1.5910681005625062,-1.657611288877187,0.943914757648671,0.9280659327372504
0.796780894039198,-0.6517427408580244,0.7945466310609306,-0.7054689621240783,-0.010684955964216718,0.9750721784836844,1.6098304759657192,-0.2503763541555997,-1.4218263084534353,0.5145279042309485,-0.4449115033052114,0.4329497771237094,0.36116142953689107,-0.6589599353437867,-1.7234229998884198,-1.5332245485498242,-1.5294861785765148,0.8271379727373114,0.8209620159578211
0.796780894039198,-0.6517427408580244,0.9390096546438922,1.5899418362097775,-0.010684955964216718,0.44919213761771226,-0.6983308925851475,-0.7053423036984792,0.31282615517030443,-0.09234551979274862,-0.5624606214293708,0.3003159299323087,0.17418149668978425,0.41369818995709984,-1.6475714581182028,-1.461639440504561,-1.4454892895812803,0.90859332776485,0.8946541005772087
0.796780894039198,-0.6517427408580244,1.0834726782268538,-0.7054689621240783,-0.010684955964216718,1.0355306895347687,1.595726222143704,-0.553686987184186,-0.6442234799324486,-0.18707922934157706,-0.6462370494258538,0.2320575720370035,-0.1115100761092435,0.36573736439745164,-1.5960752341552642,-1.42125229436622,-1.358226031281182,0.7961430890455392,0.7889152618417524
0.796780894039198,-0.6517427408580244,1.2279357018098151,1.0536465743377312,-0.010684955964216718,0.18156184184725588,0.32035107212529235,-0.7053423036984792,-0.5844078777385264,-0.3861530684110652,-0.7142051793810473,0.1856617675915184,-0.151990518438031,0.41369818995709984,-1.546924946602839,-1.3822500821127106,-1.3182119508328143,0.9019190879827573,0.8878008432582787
0.796780894039198,-0.6517427408580244,1.3723987253927767,-0.7054689621240783,-0.010684955964216718,1.2034865902147331,1.3210016184422544,-0.7053423036984792,0.013748144200694123,-0.45285751748641156,-0.7598875542913819,0.136630215679786,-0.1539852773820673,0.41369818995709984,-1.4989268752981204,-1.3332690312861477,-1.2770286087765919,0.7641547288222955,0.7530671075648036
0.796780894039198,-0.6517427408580244,1.5168617489757383,1.2015563844792043,-0.010684955964216718,0.1988920518248528,0.2523063168038243,-0.7053423036984792,0.013748144200694123,-0.5468734714033359,-0.8002061600551563,0.11430819654940085,-0.11475837209461412,0.41369818995709984,-1.442967050047208,-1.2777165632977785,-1.2330815574654392,0.8945712498711184,0.8835431193501865
0.796780894039198,-0.6517427408580244,1.6613247725587,-0.7054689621240783,-0.010684955964216718,1.2360328123245092,1.2839359764612832,-0.7356733380753817,0.31282615517030443,-0.6137384622789217,-0.8309878431245272,0.07973233853567013,-0.09474873466692066,0.41369818995709984,-1.3849416811145436,-1.215797809714079,-1.1816894162575473,0.7532441279799291,0.7421516058415264
0.796780894039198,-0.5416648888458606,-1.6613247698494156,1.2600552744160565,-0.010684955964216718,0.18322167583910534,0.20714203768376846,-0.7053423036984792,0.31282615517030443,-0.6897884509007102,-0.8560712272347762,0.07422386501468377,-0.05607019942965652,0.41369818995709984,-1.3281932814767194,-1.1617567752026627,-1.1367841793845135,0.8955627462899162,0.8845350651338659
0.796780894039198,-0.5416648888458606,-1.516861746266454,-0.7054689621240783,-0.010684955964216718,1.2470788206966008,1.2675722667056788,-0.7053423036984792,0.31282615517030443,-0.7364867159695436,-0.8781127896316472,0.045586963209667375,-0.050493426946770614,0.41369818995709984,-1.2736578609399876,-1.1063560852113032,-1.088473986829408,0.7495281765323542,0.7384338069778457
0.796780894039198,-0.5416648888458606,-1.3723987226834924,-0.7054689621240783,-0.010684955964216718,1.2816174112229257,1.2930419255484953,-0.7053423036984792,0.31282615517030443,-0.8123427165827093,-0.8947461200587693,0.08213622205922036,0.010764706274501117,0.41369818995709984,-1.2318486990219024,-1.0791563064162497,-1.0671532474361356,0.6784189102249325,0.6672919717333131
0.796780894039198,-0.5416648888458606,-1.2279356991005308,1.4468891720496466,-0.010684955964216718,0.09495105138227103,0.10218696618583716,-0.7053423036984792,0.31282615517030443,-0.8993630615541972,-0.9084265544188905,0.13793956500325166,0.08434607287135157,0.41369818995709984,-1.1940087109380628,-1.0626074490612347,-1.0550952574217423,0.8798957347950636,0.8688608464347222
0.796780894039198,-0.5416648888458606,-1.0834726755175694,-0.7054689621240783,-0.010684955964216718,1.2487541592965246,1.2526767107082024,-0.8569976202127723,1.0904289836912913,-0.9524870121776169,-0.9267671161046349,0.12973908291227537,0.08966543005544843,0.41369818995709984,-1.1581126504126575,-1.034065225615098,-1.029599481515426,0.7314243663771409,0.7203218318258133
0.796780894039198,-0.5416648888458606,-0.9390096519346078,1.382427795888736,-0.010684955964216718,0.1293708608433486,0.13221389670990127,-0.7963355514589672,0.7913509727216809,-0.9769348526574226,-0.9425916466051837,0.124399392702517,0.09410102266324671,0.41369818995709984,-1.1258858255443462,-1.0090152944800246,-1.0067668611830005,0.8965501024731235,0.8855227079096012
0.796780894039198,-0.5416648888458606,-0.7945466283516462,-0.7054689621240783,-0.010684955964216718,1.2515458296778006,1.251138335432517,-0.8569976202127723,0.6717197683338367,-0.973926700675435,-0.9554908056435625,0.09940582358532106,0.07638799925308815,0.41369818995709984,-1.1089015547985734,-0.9923459613229894,-0.9917232503417296,0.7402036459416268,0.7291050906602312
0.796780894039198,-0.5416648888458606,-0.6500836047686848,1.364369001405525,-0.010684955964216718,0.13932760480072617,0.13995346083532628,-0.8569976202127723,1.0904289836912913,-0.9925247993090138,-0.9703053948745419,0.09109537660975682,0.07319001244663395,0.41369818995709984,-1.099347450063141,-0.9879793589058354,-0.9886271071499171,0.9012460296839402,0.8902207729639704
0.796780894039198,-0.5416648888458606,-0.5056205811857232,-0.7054689621240783,-0.010684955964216718,1.2529781401159084,1.2503633833417405,-0.7963355514589672,0.7913509727216809,-0.9752016701390037,-0.961050775819431,0.07569091591682205,0.0615996161106045,0.41369818995709984,-1.1015358163773714,-0.982595381367692,-0.9841379487388865,0.7448430499361213,0.7337466018959068
0.796780894039198,-0.5416648888458606,-0.3611575576027617,1.356028087069523,-0.010684955964216718,0.14389326513567352,0.1434128138491504,-0.7053423036984792,0.31282615517030443,-0.9434184072365879,-0.9059295787293472,0.12844592996715987,0.1138666605731955,0.41369818995709984,-1.1289305720602751,-0.996856919567207,-0.9986207127557428,0.9038781394580254,0.8928544187308844
0.796780894039198,-0.5416648888458606,-0.21669453401980013,-0.7054689621240783,-0.010684955964216718,1.252927894674149,1.2494385554746845,-0.40203167066989287,0.013748144200694123,-0.8599052316761654,-0.8040123188719193,0.2006357455967252,0.18025968398920386,0.41369818995709984,-1.1778723748298692,-1.0155969305714665,-1.0163218446973985,0.7463164337756021,0.7352206894744627
0.796780894039198,-0.5416648888458606,-0.0722315104368386,1.3037091273389025,-0.010684955964216718,0.10088600512115287,0.10051333588267718,0.02260324449608401,-0.9433014909020588,-0.7404086183645612,-0.6487594324429335,0.3496211153940622,0.32274785597525346,0.41369818995709984,-1.2208192748857418,-1.0265004209250261,-1.0262608392523151,0.9088347215007991,0.8929642478860285
0.796780894039198,-0.5416648888458606,0.07223151314612293,-0.7054689621240783,-0.010684955964216718,1.3063934595777535,1.3030865371898046,-0.09872103764130656,-0.5844078777385264,-0.6369976245127875,-0.5410725919574624,0.4271497687924201,0.40396028652741056,0.41369818995709984,-1.22892291430914,-1.0072245077371371,-1.008060189563258,0.7306271010106095,0.7253176240488844
0.796780894039198,-0.5416648888458606,0.21669453672908448,1.9278757988454114,-0.010684955964216718,0.20906643843319928,-0.6983308925851475,-0.1593831063951117,-0.6442234799324486,-0.5772814262170333,-0.4822913281839495,0.4814809461885184,0.4373462961426666,0.41369818995709984,-1.2250642567139411,-0.9954929613800485,-0.990955228260692,0.9144388003878748,0.90341973756957
0.796780894039198,-0.5416648888458606,0.361157560312046,-0.7054689621240783,-0.010684955964216718,1.1555833428762916,1.4682775216403379,-0.22004531977869715,-0.5844078777385264,-0.5258886513395297,-0.45635962163762606,0.48203332793435544,0.3367203919329757,0.41369818995709984,-1.193291079289753,-0.9636604577265926,-0.9315516242133992,0.7603804540559677,0.7553524145933879
0.796780894039198,-0.5416648888458606,0.5056205838950075,1.8713737335963418,-0.010684955964216718,0.26432854066967487,-0.6983308925851475,0.6595555449301591,-1.7807199216169676,-0.4804780652934506,-0.406921196806503,0.538556983494486,0.3581839646313539,0.41369818995709984,-1.1890407888212502,-0.9573526889493863,-0.9158325266829088,0.9104623741185859,0.8994415042727025
0.796780894039198,-0.5416648888458606,0.6500836074779691,-0.7054689621240783,-0.010684955964216718,1.0855107134272757,1.4953434099046483,-0.7053423036984792,0.31282615517030443,-0.528931587378236,-0.51090209626716,0.4402279180896923,0.15453073140502796,0.41369818995709984,-1.1152859186691109,-0.9169306908826037,-0.8440064255274572,0.7493348455313031,0.7435142250238169
0.796780894039198,-0.5416648888458606,0.7945466310609306,1.1884153762957965,-0.010684955964216718,0.12094224054617884,0.21880572694183667,-0.7356733380753817,0.7913509727216809,-0.6480174812508942,-0.6312481376976112,0.31198414187215107,0.050842675171957195,0.41369818995709984,-1.0247472995935745,-0.8598615186009432,-0.7907149249715817,0.9039757050097662,0.8890009726643952
0.796780894039198,-0.5416648888458606,0.9390096546438922,-0.7054689621240783,-0.010684955964216718,1.2130397413402367,1.2953527375173135,-0.8569976202127723,1.0904289836912913,-0.6926507774141469,-0.7215845965121569,0.21416142640104133,-0.007058158842958325,0.41369818995709984,-0.9462216509213506,-0.8103025066277237,-0.7503476063764615,0.7521914280784895,0.7410983934209291
0.796780894039198,-0.5416648888458606,1.0834726782268538,1.2848001125326545,-0.010684955964216718,0.16215285811184157,0.2000622413986786,-0.8569976202127723,1.0904289836912913,-0.7577290718379007,-0.7942975448847615,0.1557828592993344,-0.01725079849142638,0.41369818995709984,-0.8656434888663013,-0.7650939619196021,-0.7177025504324959,0.8970377502215845,0.8860107919535434
0.796780894039198,-0.5416648888458606,1.2279357018098151,-0.7054689621240783,-0.010684955964216718,1.2389079447994193,1.2721071094246021,-0.7963355514589672,0.910982177109525,-0.7931961001316454,-0.8399756852405066,0.0997161120968715,-0.03143379451428235,0.41369818995709984,-0.8036554612488546,-0.7253513613220698,-0.6892586446191719,0.7477559756893867,0.7366607627997466
0.796780894039198,-0.5416648888458606,1.3723987253927767,1.3099626153278832,-0.010684955964216718,0.1600147989373874,0.17693897692051716,-0.8569976202127723,1.0904289836912913,-0.8422830934032092,-0.8757153259749544,0.08216350017012589,-0.015728107342889198,0.41369818995709984,-0.7555266043512024,-0.7033920647795391,-0.6768963930354285,0.8988477532155954,0.8878215386774382
0.796780894039198,-0.5416648888458606,1.5168617489757383,-0.7054689621240783,-0.010684955964216718,1.247784989896895,1.2613604922241881,-0.8569976202127723,1.0904289836912913,-0.8675744472584401,-0.9061716541000406,0.04121053129126069,-0.03091980240301952,0.41369818995709984,-0.7151534296352327,-0.6782743660058295,-0.6590327282041628,0.7477059328418149,0.7366107659455392
0.796780894039198,-0.5416648888458606,1.6613247725587,1.3234364276259214,-0.010684955964216718,0.15757474153244128,0.16510686082854606,-0.7053423036984792,0.7913509727216809,-0.9090678133786753,-0.9310503680718024,0.013340826355462462,-0.039364198084141745,0.41369818995709984,-0.6642276432030957,-0.6487261696128229,-0.6349143643596619,0.9015561873327398,0.8905312042513643
0.796780894039198,-0.43158703683369687,-1.6613247698494156,-0.7054689621240783,-0.010684955964216718,1.2517096003854604,1.2560504877980179,-0.7053423036984792,0.6717197683338367,-0.9238022060198234,-0.9483866345607633,-0.02385969739196015,-0.062264936326899195,0.41369818995709984,-0.6224283746601217,-0.622400485788499,-0.612523833486976,0.7488734792783295,0.7377787252446453
0.796780894039198,-0.43158703683369687,-1.516861746266454,1.3171902954152157,-0.010684955964216718,0.1425920868912792,0.14558774194108293,-0.8569976202127723,1.0904289836912913,-0.9628051674638434,-0.9754920184874458,-0.04457742262471357,-0.07267893636259953,0.41369818995709984,-0.5729795967415369,-0.6012079316716833,-0.5942289147219448,0.8839288642909177,0.8728958384554234
0.796780894039198,-0.43158703683369687,-1.3723987226834924,-0.7054689621240783,-0.010684955964216718,1.252449196469603,1.2522163929393775,-0.7811699619556257,1.030613381497369,-0.9782165113626681,-0.9979570363432557,-0.08836731503775434,-0.10860891345839623,0.41369818995709984,-0.5261296395533809,-0.5717780597270896,-0.5667632401935541,0.7517178211289874,0.7406244478316601
0.796780894039198,-0.43158703683369687,-1.2279356991005308,1.329524679717557,-0.010684955964216718,0.15072380708332375,0.15139647635426415,-0.8569976202127723,1.0904289836912913,-1.0135470791262093,-1.0232704979195282,-0.11286220618995849,-0.12755115780674617,0.41369818995709984,-0.47042800726268774,-0.5466683209617278,-0.5430652947568446,0.9010132764396581,0.88998800072471
0.796780894039198,-0.43158703683369687,-1.0834726755175694,-0.7054689621240783,-0.010684955964216718,1.2540974151448951,1.2515508606461085,-0.8569976202127723,1.0904289836912913,-1.0241227702169866,-1.0395107205289353,-0.1504437710490928,-0.1608700885167803,0.41369818995709984,-0.42648308282974395,-0.5234963063906463,-0.5208628686150675,0.7535119832216087,0.7424194168597601
0.796780894039198,-0.43158703683369687,-0.9390096519346078,1.3364462876649654,-0.010684955964216718,0.15450456634375542,0.15400075138153155,-0.8266665858358697,0.910982177109525,-1.0558799450768634,-1.0574299440330355,-0.174904564562665,-0.18229676781728646,0.41369818995709984,-0.38265808540729446,-0.5103513207134266,-0.5084568415063891,0.9104517535142451,0.8994308492054125
0.796780894039198,-0.43158703683369687,-0.7945466283516462,-0.7054689621240783,-0.010684955964216718,1.2549524285827027,1.251231195528869,-0.8569976202127723,1.0904289836912913,-1.0669974647434493,-1.0748177309361673,-0.2243435832560488,-0.22905831113378983,0.41369818995709984,-0.3352393798011607,-0.48730085762116904,-0.48582142774669074,0.7552597026715193,0.7441680773261761
0.796780894039198,-0.43158703683369687,-0.6500836047686848,1.3376047330386411,-0.010684955964216718,0.15425644005657257,0.1531608705890731,-0.8569976202127723,1.0904289836912913,-1.0891294897548003,-1.0851443980614919,-0.22519261445798358,-0.2285694736119852,0.41369818995709984,-0.291256570980596,-0.4775225252043348,-0.47639473685982503,0.9128862120414458,0.9018665566068991
0.796780894039198,-0.43158703683369687,-0.5056205811857232,-0.7054689621240783,-0.010684955964216718,1.2551393248074905,1.2508218145623324,-0.7356733380753817,0.6717197683338367,-1.06864703174091,-1.0696854507738272,-0.2188120938289859,-0.2213584913006307,0.41369818995709984,-0.2709382328223498,-0.47591804568385715,-0.47508017084865867,0.7571870723440082,0.7460962346954021
0.796780894039198,-0.43158703683369687,-0.3611575576027617,1.3377744541666414,-0.010684955964216718,0.15383051007747287,0.15268048204321508,-0.7053423036984792,0.31282615517030443,-0.9983250407668336,-0.9968257045087905,-0.09132187542521004,-0.11812321767780778,0.41369818995709984,-0.3051393892799248,-0.5293204508768853,-0.5215858149080532,0.9142152276659891,0.903195981156478
0.796780894039198,-0.43158703683369687,-0.21669453401980013,-0.7054689621240783,-0.010684955964216718,1.3128454788564161,1.3120369508560386,-0.553686987184186,0.013748144200694123,-0.7796035610447007,-0.8285487396810388,0.19424499567613798,0.039798971913486254,0.21024198937960206,-0.40302516653560067,-0.6335447126107385,-0.5880227588650733,0.74781843924373,0.7425105996471464
0.796780894039198,-0.43158703683369687,-0.0722315104368386,1.265476841823074,-0.010684955964216718,0.0825744322894407,0.09178836473027341,-0.5233559528072834,-0.2853298667689162,-0.2974811496696134,-0.6486436879508235,0.5121867222175264,0.26958614661426533,-0.8494472684936439,-0.517075994817476,-0.7576285497661971,-0.6907004197052731,0.9062864964999818,0.8901888077621001
0.796780894039198,-0.43158703683369687,0.07223151314612293,-0.7054689621240783,-0.010684955964216718,1.2638326271597868,1.280207737920155,-0.553686987184186,-0.3451454689628382,0.15136295328832772,-0.5073260149164206,0.551150946323185,0.39188272964220705,-1.7567146032870116,-0.6130443877162357,-0.8011762494893244,-0.7608350952561823,0.7365481779357214,0.7322069446724887
0.796780894039198,-0.43158703683369687,0.21669453672908448,1.7702581554733974,-0.010684955964216718,0.18647932539050696,-0.6983308925851475,-0.40203167066989287,-1.4218263084534353,0.7484306179382294,-0.37740352828206486,0.7295489392044145,0.5667918134946326,-2.4999763653477207,-0.7285956307893652,-0.9164937509649194,-0.8792663105994699,0.9169222217011891,0.8992447953381163
0.796780894039198,-0.43158703683369687,0.361157560312046,-0.7054689621240783,-0.010684955964216718,1.1336340736423793,1.4612031753834764,-0.34136960191608773,-1.2423795018716692,0.8715762125844441,-0.3037067517265255,0.7299802743331083,0.9156440449642883,-2.54857832210722,-0.7948769006014074,-0.9579542074180449,-1.0138879688531173,0.7526610748026441,0.7482940472291234
0.796780894039198,-0.43158703683369687,0.5056205838950075,1.6719155263508456,-0.010684955964216718,0.30931240170270274,-0.6983308925851475,-0.40203167066989287,-1.4218263084534353,1.003750276721628,-0.2816369589657253,0.7814063329177671,1.2450467478648533,-2.251552064774842,-0.8513786897669475,-1.0328652005728312,-1.154765843093636,0.8681556467526572,0.8523262310519036
0.796780894039198,-0.43158703683369687,0.6500836074779691,-0.7054689621240783,-0.010684955964216718,2.856683558648529,-0.6983308925851475,-0.40203167066989287,-1.4218263084534353,0.8672308811912949,-0.29702391882537055,0.8182138813799569,1.4457577326108837,-1.4855196155924217,-0.8668224896173575,-1.0726009168388195,-1.229851595527848,0.5748795385577875,0.5768587273497914
0.796780894039198,-0.43158703683369687,0.7945466310609306,1.9341066812718886,-0.010684955964216718,0.035115562785807616,-0.6983308925851475,-0.7053423036984792,-0.5844078777385264,0.24459225238407847,-0.4058173895768688,0.9517973478072564,0.9138547151674941,0.41369818995709984,-0.8231999444319396,-1.117003134214848,-1.117312955919744,0.8156097567509917,0.7956004969457234
0.796780894039198,-0.43158703683369687,0.9390096546438922,-0.7054689621240783,-0.010684955964216718,0.7312049808598637,1.8266340662045562,-0.8569976202127723,-0.3451454689628382,0.0542860023801702,-0.5400788831471524,0.8191115017169421,-0.08329836554554193,0.41369818995709984,-0.7558723898764305,-1.0918275640290966,-0.8629319719041755,0.7714633247009465,0.7620388791282
0.796780894039198,-0.43158703683369687,1.0834726782268538,-0.7054689621240783,-0.010684955964216718,2.8956117927896625,-0.6983308925851475,-1.1603082532413587,-0.04606745799322794,-0.16061993388960377,-0.6650257681389753,0.7625588631639744,-0.11372032603630518,0.41369818995709984,-0.70072792351578,-1.0934804490057433,-0.8715561837374063,0.5251151668319505,0.5262703120027034
0.796780894039198,-0.43158703683369687,1.2279357018098151,1.2057660425631336,-0.010684955964216718,-0.4389948282309282,0.7737695244459395,-1.2513014286869564,0.25301055297638236,-0.43950512217565846,-0.7613442410701319,0.8622697353743266,-0.33015041373477294,0.41369818995709984,-0.6549220793546033,-1.1268688115881471,-0.8209048674403571,0.8788804770241813,0.8562120521305435
0.796780894039198,-0.43158703683369687,1.3723987253927767,-0.7054689621240783,-0.010684955964216718,0.9983029167144388,1.6268630718781176,-1.3119635697556518,0.31282615517030443,-0.5503545527718624,-0.8457438543503534,0.67273801103881,-0.4192228150063065,0.41369818995709984,-0.6337034440612382,-1.1085942459368716,-0.8262623849029446,0.7235811400765891,0.7177478134546956
0.796780894039198,-0.43158703683369687,1.5168617489757383,1.2417623508926339,-0.010684955964216718,0.008869046889611248,0.2678656233545721,-1.4636188862699449,1.0904289836912913,-0.7405444099705971,-0.9236342514675849,0.47999173182126936,-0.3382677997529384,0.41369818995709984,-0.6107911112092026,-1.0805107986475353,-0.8703469390387072,0.8833404108063407,0.8675222011538344
0.796780894039198,-0.43158703683369687,1.6613247725587,-0.7054689621240783,-0.010684955964216718,1.1968827834509226,1.429079660923262,-1.4636188862699449,0.910982177109525,-0.7848599671542092,-0.9713816774993451,0.26459268637861394,-0.3187520307649412,0.41369818995709984,-0.6040643400390848,-1.0443691337182457,-0.8944897911719093,0.7291020542313693,0.7232413202632981
0.796780894039198,-0.3215091848215331,-1.6613247698494156,1.2648446037098893,-0.010684955964216718,0.0699660324453974,0.17907905627425882,-1.4636188862699449,1.0904289836912913,-0.9063138525804001,-1.0133065909706946,0.14787817422348998,-0.2569882902955594,0.41369818995709984,-0.598040481105526,-1.0282062292004173,-0.9256564479519815,0.8938918912137939,0.8779264645523275
0.796780894039198,-0.3215091848215331,-1.516861746266454,-0.7054689621240783,-0.010684955964216718,1.2627272274410768,1.3630773036803663,-1.4636188862699449,0.6717197683338367,-0.930103471679224,-1.0509214336291437,0.003144779963553161,-0.27555573126098193,0.41369818995709984,-0.6027591384299028,-1.0131551442269475,-0.9433606138409099,0.7352760455479864,0.7295638732691256
0.796780894039198,-0.3215091848215331,-1.3723987226834924,1.326880187723135,-0.010684955964216718,0.1383888139213235,0.1872302547432766,-1.5546120617155428,0.910982177109525,-0.984255558748344,-1.0835677322360426,-0.03655680557752064,-0.2591046297553104,0.41369818995709984,-0.6014121916037882,-1.0176290991891161,-0.9630084563790554,0.896229324219983,0.8852020313651975
0.796780894039198,-0.3215091848215331,-1.2279356991005308,-0.7054689621240783,-0.010684955964216718,1.2332346247520427,1.2775657319282299,-1.615274202784238,1.0904289836912913,-1.0204436872948313,-1.1176689532239459,-0.11083765889618835,-0.27949913240171453,0.41369818995709984,-0.6057230488321181,-1.0185638623315774,-0.9780522839308458,0.7467963410836113,0.7357007822179374
0.796780894039198,-0.3215091848215331,-1.0834726755175694,1.3306104643546155,-0.010684955964216718,0.14710907852427116,0.16969809037798567,-1.766929519298531,1.0904289836912913,-1.0783544592620589,-1.1558148796038143,-0.16731954484899483,-0.29107778992933014,0.41369818995709984,-0.6120231983632946,-1.0292649103106708,-1.0007134862423623,0.9042179987969307,0.8931941514533261
0.796780894039198,-0.3215091848215331,-0.9390096519346078,-0.7054689621240783,-0.010684955964216718,1.2449449661616245,1.2641731260229545,-1.766929519298531,0.910982177109525,-1.1077797644734568,-1.1858523397041,-0.22990917032174363,-0.3191746278678392,0.41369818995709984,-0.622597044640676,-1.039111225501502,-1.019562100384665,0.7523410165904758,0.7412479741732707
0.796780894039198,-0.3215091848215331,-0.7945466283516462,1.3344932388283794,-0.010684955964216718,0.15085357276920694,0.16125107066522748,-1.615274202784238,1.0904289836912913,-1.1511902672582188,-1.2096657103170814,-0.2676688953427297,-0.3313444182477228,0.41369818995709984,-0.6324165813912866,-1.0475630332839485,-1.034687844512819,0.910669745918596,0.8996488682745789
0.796780894039198,-0.3215091848215331,-0.6500836047686848,-0.7054689621240783,-0.010684955964216718,1.250411417946694,1.2576163228313153,-1.615274202784238,1.0904289836912913,-1.1668772079141214,-1.2264080805248803,-0.31022274835536345,-0.3552035463488382,0.41369818995709984,-0.6371931511553388,-1.0459338131969844,-1.0377181077067095,0.7570230830125766,0.7459321056781066
0.796780894039198,-0.3215091848215331,-0.5056205811857232,1.2789386337029558,-0.010684955964216718,0.09485150654263445,0.1022801931110124,-1.1906392876182612,0.910982177109525,-0.9875674023024515,-1.1472007369303485,0.2129219772367711,-0.1948849628684917,0.41369818995709984,-0.6840484169837984,-1.1695000346744773,-1.075841822293652,0.9230188086132886,0.9068025165290335
0.796780894039198,-0.3215091848215331,-0.3611575576027617,-0.7054689621240783,-0.010684955964216718,1.2640148982811488,1.2947035553087296,-0.7963355514589672,-0.16569866238107206,-0.6332422842355184,-1.0085850626035253,1.022331723081242,-0.005191688305158894,0.24916263103186378,-0.7611320459081073,-1.346265465996769,-1.122968883767656,0.7524067203291943,0.748291383462301
0.796780894039198,-0.3215091848215331,-0.21669453401980013,-0.7054689621240783,-0.010684955964216718,1.2169784373710528,1.2971539718467813,-0.40203167066989287,-0.3451454689628382,-0.0730865240815171,-0.7740013247378172,1.5902313042597007,0.3171668910607912,-0.2582494255946481,-0.8815730293044879,-1.4495482953919778,-1.1901262818466876,0.6712784439133035,0.6627004573518449
0.796780894039198,-0.3215091848215331,-0.0722315104368386,-0.7054689621240783,-0.010684955964216718,-0.6991224441542135,-0.6983308925851475,-0.09872103764130656,-1.6610887172291235,0.6615360307102625,-0.5922090731789307,1.632137302138328,0.44836819875694045,-1.4027411540700685,-0.9788799234652428,-1.4607047849297803,-1.2244543116849358,-1.2740310493992413,-1.2860490588430924
0.796780894039198,-0.3215091848215331,0.07223151314612293,-0.7054689621240783,-0.010684955964216718,-0.6991224441542135,-0.6983308925851475,0.05293427887298657,-1.6012731150352015,0.992184577862707,-0.44512181951648444,1.3684022966120315,0.43299119822113463,-1.5821397253363734,-1.0533444623052364,-1.4068214446377942,-1.217271116450988,-1.2740310493992413,-1.2860490588430924
0.796780894039198,-0.3215091848215331,0.21669453672908448,-0.7054689621240783,-0.010684955964216718,2.8674087530284655,-0.6983308925851475,0.20458959538727972,-1.8405355238108898,1.2639992376965468,-0.31940142255299964,1.0419071774198263,0.39478556926568487,-1.8012369533058536,-1.11413925236354,-1.3325384316010387,-1.199039910578684,0.6458354361381183,0.6356769527476333
0.796780894039198,-0.3215091848215331,0.361157560312046,2.3605798146819605,-0.010684955964216718,-0.6991224441542135,-0.6983308925851475,0.11359634762679172,-1.7807199216169676,1.5635080269958688,-0.23287535710980636,1.0970984677504148,0.5279321652132694,-2.039421873840238,-1.1600944623587126,-1.3394520215541186,-1.2250197094302593,1.05491915409569,1.027101709621539
0.796780894039198,-0.3215091848215331,0.5056205838950075,-0.7054689621240783,-0.010684955964216718,0.8435628286090774,1.6954059807413033,0.05293427887298657,-1.8405355238108898,1.5327181164824348,-0.14956967043184385,1.074580387197896,1.1833643405680532,-1.2547170634358829,-1.2070513162584358,-1.3336000170386624,-1.3670536259369448,0.8232893537405981,0.821039879911095
0.796780894039198,-0.3215091848215331,0.6500836074779691,1.5341098644206241,-0.010684955964216718,0.44509503179457066,-0.6983308925851475,-0.09872103764130656,-1.8405355238108898,1.1910838277244347,-0.13886189339347413,0.9751593449159152,1.4210542487902875,-0.015142536159218976,-1.2242626520281024,-1.3224986021532121,-1.4247310223413188,0.8461027718851009,0.8334489352012465
0.796780894039198,-0.3215091848215331,0.7945466310609306,-0.7054689621240783,-0.010684955964216718,0.9558728485842312,1.5729335752433564,-0.4323627050467954,-1.3620107062595133,0.7819979015958067,-0.24835406565222168,0.7691848867911218,0.5693190112488677,0.40024496428723605,-1.181446296263331,-1.2840362720875065,-1.2488911316378126,0.7739739275609634,0.7668891887017334
0.796780894039198,-0.3215091848215331,0.9390096546438922,1.5942984304499774,-0.010684955964216718,0.414861046049616,-0.6983308925851475,-0.7053423036984792,-0.3451454689628382,0.1571290796135966,-0.38654593164055695,0.6249680717564586,0.4239648930372124,0.41369818995709984,-1.1099391526760891,-1.2404095101193031,-1.2029284557849755,0.8662880404808657,0.8518520805574946
0.796780894039198,-0.3215091848215331,1.0834726782268538,-0.7054689621240783,-0.010684955964216718,1.0245578418895906,1.5867787431080547,-0.7053423036984792,-0.9433014909020588,0.024195117621945796,-0.4853514996338817,0.5565844050391812,0.14362957082015357,0.41369818995709984,-1.0628614065585438,-1.228294269846316,-1.1394156952225605,0.7727480578056959,0.7658552373643142
0.796780894039198,-0.3215091848215331,1.2279357018098151,1.058777498798279,-0.010684955964216718,0.17675961798368958,0.31949814270755644,-0.9176596889665775,-0.4049610711567603,-0.19129278267369637,-0.591057980089715,0.44896117578429234,0.08377757914959595,0.41369818995709984,-1.0142509112042588,-1.2056579423235034,-1.1264520719472597,0.8807497033881603,0.8664880449112751
0.796780894039198,-0.3215091848215331,1.3723987253927767,-0.7054689621240783,-0.010684955964216718,1.253231679876419,1.3746173192209452,-1.3119635697556518,0.31282615517030443,-0.3206486692925092,-0.7069182166918061,0.25294408058098494,-0.02248043763978894,0.41369818995709984,-0.9696950105327405,-1.1700602471538717,-1.1100787253584588,0.7403424338390293,0.7340400260566646
0.796780894039198,-0.3215091848215331,1.5168617489757383,1.1678758904416986,-0.010684955964216718,0.15540409640203426,0.2103686640114187,-1.1603082532413587,0.31282615517030443,-0.527399751034284,-0.7763430334257497,0.2091661223414653,0.011092554423773165,0.41369818995709984,-0.9425198395169391,-1.1615265803666597,-1.1200943270820118,0.8832950482250885,0.8680135636800198
0.796780894039198,-0.3215091848215331,1.6613247725587,-0.7054689621240783,-0.010684955964216718,1.2894025114480203,1.3375894082046318,-1.372625710824347,0.5520885639459927,-0.5913268269654869,-0.8509523564953025,0.104920264193068,-0.03442886763244029,0.41369818995709984,-0.912163103846476,-1.140121902784144,-1.112051549572546,0.7350918950693317,0.7290440289284533
0.796780894039198,-0.21143133280936935,-1.6613247698494156,1.2232995268319846,-0.010684955964216718,0.1378149331905992,0.16132511768336835,-1.3119635697556518,0.31282615517030443,-0.7462730765424768,-0.913200308959329,0.05722448727474101,-0.039306342528387855,0.41369818995709984,-0.8927588170277716,-1.1374415313245527,-1.1196687076217529,0.8906536869513114,0.8749786992054959
0.796780894039198,-0.21143133280936935,-1.516861746266454,-0.7054689621240783,-0.010684955964216718,1.3037031210078922,1.3226869348636348,-1.4636188862699449,0.6717197683338367,-0.7920274896107354,-0.9817845666072788,-0.05478114098531505,-0.1206235838699542,0.41369818995709984,-0.8753430986064177,-1.122717989937826,-1.1117742684628713,0.7361841972242454,0.7303384146990591
0.796780894039198,-0.21143133280936935,-1.3723987226834924,1.2546586448914832,-0.010684955964216718,0.12574514766366027,0.1356161292355629,-1.4332878518930423,0.25301055297638236,-0.9148901293340279,-1.0164726262853616,-0.09089735982424267,-0.13597459132998654,0.41369818995709984,-0.8807931417835272,-1.1342137479395318,-1.128409509714464,0.8988499133385122,0.8829579102697923
0.796780894039198,-0.21143133280936935,-1.2279356991005308,-0.7054689621240783,-0.010684955964216718,1.3100258476226128,1.3159660019757344,-1.4636188862699449,0.6717197683338367,-0.9350280914015707,-1.0498077457721344,-0.1564270541880286,-0.18693359714075045,0.41369818995709984,-0.8798035629705755,-1.129523044101407,-1.126972610615051,0.7399066290405708,0.7342119414692875
0.796780894039198,-0.21143133280936935,-1.0834726755175694,1.3203807296850125,-0.010684955964216718,0.16423630953107798,0.1678157344745036,-1.4636188862699449,0.6717197683338367,-0.987520577610715,-1.0799987084762854,-0.17026984303162154,-0.19454453742449054,0.41369818995709984,-0.8767107973900826,-1.133524454243687,-1.132494936427703,0.899625937496362,0.8886001782101757
0.796780894039198,-0.21143133280936935,-0.9390096519346078,-0.7054689621240783,-0.010684955964216718,1.255341357734398,1.255596668139773,-1.4332878518930423,0.5520885639459927,-1.0181278718263764,-1.1070860955459632,-0.21162601648730917,-0.2295924269166192,0.41369818995709984,-0.8773980250075628,-1.1305023402635437,-1.1308258320066673,0.7498287936382714,0.7387344028185103
0.796780894039198,-0.21143133280936935,-0.7945466283516462,1.326507016532606,-0.010684955964216718,0.15997884926985234,0.16081554004401813,-1.4636188862699449,0.31282615517030443,-1.0657606239574373,-1.1330290942378582,-0.23115884877760343,-0.24411836384242216,0.41369818995709984,-0.8801090510898627,-1.137083008245862,-1.1386208010371075,0.9063770416522431,0.8953542614412519
0.796780894039198,-0.21143133280936935,-0.6500836047686848,-0.7054689621240783,-0.010684955964216718,1.2556871893314459,1.2532999004744665,-1.4636188862699449,0.31282615517030443,-1.0909770583058898,-1.1577419548215357,-0.27869095703049723,-0.2873062784832287,0.41369818995709984,-0.8895967978215004,-1.1423758759587275,-1.1448332414990439,0.7540907161530602,0.7429982738808083
0.796780894039198,-0.21143133280936935,-0.5056205811857232,1.3315398041464137,-0.010684955964216718,0.15744886513807504,0.1572963415279174,-1.129977218864456,-0.04606745799322794,-1.068677133328455,-1.1223668386613244,-0.19945145461378283,-0.2407468103687063,0.41369818995709984,-0.9209008844843185,-1.1656214668231857,-1.160720506392651,0.9114340694106466,0.9004135742577831
0.796780894039198,-0.21143133280936935,-0.3611575576027617,-0.7054689621240783,-0.010684955964216718,1.3128374900414084,1.3124488472202192,-0.7660043724522843,-0.46477667335068235,-0.9276505267563979,-0.9980381986395523,0.016530660449478398,-0.10060640006542328,0.3147721137990861,-0.9850632829097407,-1.2003871259851149,-1.1788351220054747,0.748224722362326,0.7428011551359416
0.796780894039198,-0.21143133280936935,-0.21669453401980013,1.291269609229999,-0.010684955964216718,0.1056809234236265,0.11106469534098731,-0.40203167066989287,-0.6442234799324486,-0.7601505773248465,-0.8052840967669326,0.24840653732004242,0.130412511032493,0.2864886343166132,-1.057623467691745,-1.2075784556889235,-1.187033064246888,0.9149372487509198,0.8989612066240877
0.796780894039198,-0.21143133280936935,-0.0722315104368386,-0.7054689621240783,-0.010684955964216718,1.3094462380706,1.3152455501672413,-0.068390003264404,-1.2423795018716692,-0.7068687605978581,-0.6835357120082952,0.2768090178594644,0.1988791111061734,0.41369818995709984,-1.0838109903092505,-1.158882459215355,-1.1471001418880657,0.7433655258610501,0.7380875172909177
0.796780894039198,-0.21143133280936935,0.07223151314612293,-0.7054689621240783,-0.010684955964216718,2.8618031276766813,-0.6983308925851475,0.05293427887298657,-1.8405355238108898,-0.550098354815647,-0.5005479045370044,0.6074452952635159,0.3179315905803209,0.07823330931979364,-1.1647062229715222,-1.2217256494441997,-1.1625734896894657,0.5460089557444162,0.5428776687102908
0.796780894039198,-0.21143133280936935,0.21669453672908448,1.3692736908318146,-0.010684955964216718,-0.436079672843989,0.5090471898587942,0.05293427887298657,-2.019982330392656,-0.16805770170986645,-0.33965176835855876,1.0410334254298834,0.41401876836543483,-0.6662428581888082,-1.249305438754693,-1.327619791848199,-1.198431712505763,0.8985118541020375,0.8754723156882234
0.796780894039198,-0.21143133280936935,0.361157560312046,-0.7054689621240783,-0.010684955964216718,1.0466039229474788,1.4719198174286345,-0.09872103764130656,-1.6012731150352015,0.024283415612077523,-0.24024418785444243,1.109501483802775,0.6738598080645719,-0.7896886928987834,-1.2968361084108655,-1.342672167633833,-1.2589210362556513,0.6840208289890914,0.6797122968061754
0.796780894039198,-0.21143133280936935,0.5056205838950075,-0.7054689621240783,-0.010684955964216718,-0.6991224441542135,-0.6983308925851475,-0.553686987184186,-0.6442234799324486,0.13484119527117974,-0.23117871223765762,1.0525345589404294,0.8657700404454887,-0.5723990337318022,-1.2973787962309895,-1.3251505757451842,-1.2954472692482462,-1.2740310493992413,-1.2860490588430924
0.796780894039198,-0.21143133280936935,0.6500836074779691,1.098095568951166,-0.010684955964216718,0.15534712353711025,0.28647610724731154,-0.553686987184186,0.013748144200694123,-0.056269770506429034,-0.30803799531237275,0.6891287459291731,0.8953887310462196,0.41369818995709984,-1.235647755064602,-1.207602658417008,-1.2630244499420074,0.9737804370857014,0.9549197758853814
0.796780894039198,-0.21143133280936935,0.7945466310609306,-0.7054689621240783,-0.010684955964216718,1.2716698649144058,1.3385578362975146,-0.7053423036984792,0.013748144200694123,-0.3049851409824749,-0.4556108112344024,0.3802237460662087,0.43657237327366893,0.41369818995709984,-1.1571486495938959,-1.1224244377380819,-1.1430964150406706,0.7718048041320393,0.7685585508788942
0.796780894039198,-0.21143133280936935,0.9390096546438922,1.2274539268742393,-0.010684955964216718,0.11924577363287915,0.14068067277498722,-0.8569976202127723,0.6717197683338367,-0.6651539805781259,-0.6019711330256701,0.2236550614371331,0.23106440831795738,0.41369818995709984,-1.0681951422526386,-1.0591145113440887,-1.0669844299414606,0.9186762415096069,0.9029630040120774
0.796780894039198,-0.21143133280936935,1.0834726782268538,-0.7054689621240783,-0.010684955964216718,1.3066324933320657,1.3185981559935545,-0.8569976202127723,0.6717197683338367,-0.7445833740949559,-0.70662532666604,0.11115757473981162,0.10849112480597531,0.41369818995709984,-0.9990703716525393,-1.008349235403141,-1.0128572936224698,0.7490363885483027,0.7436496673214852
0.796780894039198,-0.21143133280936935,1.2279357018098151,1.3132838389235912,-0.010684955964216718,0.1651831417834819,0.16981951071841908,-0.8873286545896748,0.6119041661399147,-0.8084856998319553,-0.7706729648305571,0.0797459775911229,0.07410899344817401,0.41369818995709984,-0.9480372059051712,-0.9797715146224802,-0.9831640516643428,0.9029239051595419,0.8918995607775801
0.796780894039198,-0.21143133280936935,1.3723987253927767,-0.7054689621240783,-0.010684955964216718,1.2535863412163701,1.2538092684973465,-0.8569976202127723,0.6717197683338367,-0.8468505076200231,-0.8274082329782966,0.020461265742772752,0.013407615140244068,0.41369818995709984,-0.8886721292013514,-0.9297473799993181,-0.9321274240636579,0.7497425687318436,0.7386483426596288
0.796780894039198,-0.21143133280936935,1.5168617489757383,1.32390396806944,-0.010684955964216718,0.16056797181868362,0.16095126670855095,-1.1603082532413587,1.0904289836912913,-0.9120124175647348,-0.8973101428626447,-0.03334992266418875,-0.04016076008365184,0.41369818995709984,-0.8247626150958447,-0.8896769131120019,-0.8915767683690575,0.903139917451219,0.8921157357004849
0.796780894039198,-0.21143133280936935,1.6613247725587,-0.7054689621240783,-0.010684955964216718,1.255263571904059,1.252175517727665,-1.1603082532413587,1.0904289836912913,-0.9411059363889713,-0.9466412923108366,-0.07716794562910086,-0.08304178873306815,0.41369818995709984,-0.7786529719282047,-0.8627643400235504,-0.8645213268540426,0.7499747819453965,0.7388805001834686
0.796780894039198,-0.10135348079720558,-1.6613247698494156,1.3308017145897615,-0.010684955964216718,0.157846781706654,0.15695503351011733,-1.1603082532413587,1.0904289836912913,-0.9798587201942847,-0.9756938655895401,-0.08256815914743088,-0.08779097522277884,0.41369818995709984,-0.7493294907022817,-0.8530105330378418,-0.8548547374221125,0.9055885967876217,0.8945653766515047
0.796780894039198,-0.10135348079720558,-1.516861746266454,-0.7054689621240783,-0.010684955964216718,1.2555795505608145,1.2514188022698063,-1.3119635697556518,1.0904289836912913,-1.006347448309635,-1.013274831811274,-0.1370340222161252,-0.14076150970388454,0.41369818995709984,-0.7237063730697783,-0.8414773414833653,-0.8434072209410947,0.751722141374821,0.7406287508396043
0.796780894039198,-0.10135348079720558,-1.3723987226834924,1.3349135946454032,-0.010684955964216718,0.15593388097623528,0.15459087414960257,-1.2816325353787492,0.910982177109525,-1.0400197530615358,-1.0387703792348906,-0.13871333091874719,-0.14188256590740558,0.41369818995709984,-0.7099811248667327,-0.8496548516808546,-0.8517999859395207,0.9085630860440151,0.8975412140025429
0.796780894039198,-0.10135348079720558,-1.2279356991005308,-0.7054689621240783,-0.010684955964216718,1.2555930054071436,1.2510190636609044,-1.3119635697556518,1.0904289836912913,-1.057249232848073,-1.066738200779612,-0.18162520913701605,-0.18366601597012852,0.41369818995709984,-0.6986867513190578,-0.8483717843893382,-0.8506299658448475,0.7539785697716312,0.7428861907691221
0.796780894039198,-0.10135348079720558,-1.0834726755175694,1.337454208697846,-0.010684955964216718,0.15462497670680053,0.153094841400922,-1.3119635697556518,1.0904289836912913,-1.0911690395420095,-1.0918956895951755,-0.1975078892117635,-0.19895749090177645,0.41369818995709984,-0.6851912224600576,-0.8512292122508271,-0.8536045344352317,0.9115555763247151,0.9005350830059182
0.796780894039198,-0.10135348079720558,-0.9390096519346078,-0.7054689621240783,-0.010684955964216718,1.2555284641911595,1.2507721354588663,-1.2816325353787492,1.0904289836912913,-1.0969291455497694,-1.107515197077688,-0.21783945868701043,-0.21871390546225722,0.41369818995709984,-0.6758024094795319,-0.8495296429008977,-0.8519625188291308,0.7563160027778203,0.7452247731341568
0.796780894039198,-0.10135348079720558,-0.7945466283516462,1.3389729077977635,-0.010684955964216718,0.1537694902470515,0.15215324421624032,-1.3119635697556518,1.0904289836912913,-1.1239757564209523,-1.1256207409837211,-0.22265915990763205,-0.2232744325310313,0.41369818995709984,-0.6619386540249296,-0.8495918170201546,-0.8520778088254942,0.9143336744059254,0.9033144163275102
0.796780894039198,-0.10135348079720558,-0.6500836047686848,-0.7054689621240783,-0.010684955964216718,1.2553533409569098,1.2505101148709652,-1.3119635697556518,1.0904289836912913,-1.1346277048668434,-1.1460782270846113,-0.265638380962199,-0.26541843170932194,0.41369818995709984,-0.6502232087804488,-0.8418445775441664,-0.8443119873599242,0.7583605591185438,0.7472701362435737
0.796780894039198,-0.10135348079720558,-0.5056205811857232,1.339900094678847,-0.010684955964216718,0.15322619826852807,0.15156804743522184,-1.2513014286869564,1.0904289836912913,-1.1365615646355618,-1.136615056215973,-0.23647126087645629,-0.2366340349922884,0.41369818995709984,-0.6509574902551652,-0.8496232267828243,-0.8521759786908187,0.9167036892661091,0.9056855786098358
0.796780894039198,-0.10135348079720558,-0.3611575576027617,-0.7054689621240783,-0.010684955964216718,1.3046920522130674,1.3054688283750022,-1.1603082532413587,1.0904289836912913,-0.834245969528719,-0.9847092323103505,0.387740570502615,-0.024716680642624108,0.22370808447136065,-0.7302895696498677,-1.0103981845789292,-0.9066000084214973,0.7512438541589993,0.7468021329033706
0.796780894039198,-0.10135348079720558,-0.21669453401980013,1.256447893104534,-0.010684955964216718,0.06554385543262949,0.09222017465913454,-0.40203167066989287,-0.6442234799324486,0.02066988725835335,-0.7596652401754389,1.153961394814933,0.2476706297919546,-1.4438753362882388,-0.8474406438690273,-1.1902184304561987,-0.9764683467439655,0.9164019920987334,0.9004934872624588
0.796780894039198,-0.10135348079720558,-0.0722315104368386,-0.7054689621240783,-0.010684955964216718,1.2067842889571607,1.2825569097030418,-0.12905207201820915,-1.2423795018716692,0.5242406831454385,-0.5859645166777776,1.2453319846159179,0.39156242786977247,-1.94428408750908,-0.9334285516952453,-1.2099635538658846,-1.0133312395285727,0.723022928312847,0.718664763957064
0.796780894039198,-0.10135348079720558,0.07223151314612293,-0.7054689621240783,-0.010684955964216718,-0.6991224441542135,-0.6983308925851475,-0.2503763541555997,-0.2853298667689162,1.1028687841894977,-0.46855231581867507,1.1166926757902464,0.45277695980265,-2.470687901010007,-0.9580775338320439,-1.1403542489737546,-0.984634215828496,-1.2740310493992413,-1.2860490588430924
0.796780894039198,-0.10135348079720558,0.21669453672908448,1.5467393769000906,-0.010684955964216718,0.49051007860604545,-0.6983308925851475,-0.40203167066989287,0.013748144200694123,1.451306031732647,-0.3919442829829304,0.8379461848562478,0.4737097706634599,-2.719941694321379,-0.9819673804054321,-1.0560477567765896,-0.9710670537564431,0.9578074081776395,0.9385630181642513
0.796780894039198,-0.10135348079720558,0.361157560312046,-0.7054689621240783,-0.010684955964216718,1.034516215144766,1.5499640120420577,-0.40203167066989287,0.013748144200694123,1.5512366131400617,-0.3237460755617133,0.7493323891386534,0.8444464949617612,-2.4448215329488696,-0.9944023877128784,-1.008291363991099,-1.0407123969543663,0.8105755902934573,0.806042257984872
0.796780894039198,-0.10135348079720558,0.5056205838950075,1.557211493434311,-0.010684955964216718,0.45921873114841455,-0.6983308925851475,-0.2503763541555997,-0.2853298667689162,1.5471581824898106,-0.24427054350985367,0.8238041892336598,1.2560418189170384,-1.6305603402419,-1.0009863081984638,-0.991826194291416,-1.1084440779100204,0.8769055846475236,0.8630896931611568
0.796780894039198,-0.10135348079720558,0.6500836074779691,-0.7054689621240783,-0.010684955964216718,1.081417707127625,1.5293608091742124,-0.2503763541555997,-0.2853298667689162,1.315654230847775,-0.2191772787722294,0.805003603732986,1.5921607972029466,-0.6068715351982372,-0.993865008533058,-0.9670802494210834,-1.1697832319620498,0.7685217773190338,0.7623599654828841
0.796780894039198,-0.10135348079720558,0.7945466310609306,1.5645215223564768,-0.010684955964216718,0.4360609434125997,-0.6983308925851475,-0.2503763541555997,-0.2853298667689162,0.6097231714554655,-0.2865659805077748,0.741153218071822,1.2441705296653922,0.41369818995709984,-0.9465802254436734,-0.9375208659893179,-1.0742513837911873,0.8463576663892798,0.8316863411852973
0.796780894039198,-0.10135348079720558,0.9390096546438922,-0.7054689621240783,-0.010684955964216718,1.0776377362370955,1.5072670235859145,-0.40203167066989287,-0.3451454689628382,0.3558376860875399,-0.4088514479401664,0.5873208689429579,0.586605245124552,0.41369818995709984,-0.8687220176387073,-0.8895990341114102,-0.8959300492843741,0.7529273099521361,0.7463722419192435
0.796780894039198,-0.10135348079720558,1.0834726782268538,1.647061428015482,-0.010684955964216718,0.3988188748180453,-0.6983308925851475,-0.553686987184186,-0.3451454689628382,-0.02058400400985791,-0.5058636820648847,0.535262299161677,0.462702960802861,0.41369818995709984,-0.8185488516205173,-0.8832482382620538,-0.8693925459109167,0.8725894790495724,0.8572671086974027
0.796780894039198,-0.10135348079720558,1.2279357018098151,-0.7054689621240783,-0.010684955964216718,1.0755583317833564,1.5547353021395032,-0.7053423036984792,0.4324573595581485,-0.10571463820769333,-0.5905300722842377,0.463475688108934,0.19695562349893533,0.41369818995709984,-0.7661619825957389,-0.8569670874574052,-0.7866882268091215,0.7556584253599067,0.7485559159982914
0.796780894039198,-0.10135348079720558,1.3723987253927767,1.092470013253941,-0.010684955964216718,0.17208327051448952,0.2837583249013653,-0.8569976202127723,0.31282615517030443,-0.31354268785940814,-0.6730438972539844,0.36364121195854116,0.09250706017791127,0.41369818995709984,-0.7166782159115169,-0.8352106635600623,-0.7620144339031931,0.873202233916963,0.8586993956273591
0.796780894039198,-0.10135348079720558,1.5168617489757383,-0.7054689621240783,-0.010684955964216718,1.2674763677312362,1.3602363716581065,-1.0086529367270654,0.6717197683338367,-0.3919225393571724,-0.7479256433354546,0.2471372527219693,0.036471019728164626,0.41369818995709984,-0.6748304457003148,-0.8133111746478203,-0.7564148507903464,0.7327568021963025,0.726456486818083
0.796780894039198,-0.10135348079720558,1.6613247725587,1.187311291917664,-0.010684955964216718,0.15037587316653697,0.1921232272017432,-1.0086529367270654,0.4922729617520706,-0.5663980300091302,-0.8062396945859382,0.206382902588135,0.053851164071159516,0.41369818995709984,-0.6422240530502984,-0.8140697419298267,-0.7741116485216124,0.8802525150968168,0.86482482988832
0.796780894039198,0.008724371214958183,-1.6613247698494156,-0.7054689621240783,-0.010684955964216718,1.2955902691355041,1.3312424310997841,-1.0086529367270654,0.31282615517030443,-0.6126574808239758,-0.8530541070898362,0.1266387551196682,0.01857352932864582,0.41369818995709984,-0.626230567626637,-0.8115199576342111,-0.7840985361013342,0.7311858528050809,0.725164150098879
0.796780894039198,0.008724371214958183,-1.516861746266454,-0.7054689621240783,-0.010684955964216718,1.2935081316661046,1.3134017636942983,-1.084480594984212,0.4922729617520706,-0.7284241729766822,-0.9019039288330342,0.14573172787161073,0.0695970985856858,0.41369818995709984,-0.607289580325335,-0.835862953973858,-0.8182755187075047,0.6658147730158178,0.6564979787581711
0.796780894039198,0.008724371214958183,-1.3723987226834924,1.3732242819930882,-0.010684955964216718,0.03941254665812445,0.0506836229826881,-1.1603082532413587,0.6119041661399147,-0.912395042188639,-0.9494699747765488,0.15897013607045293,0.10517071899749114,0.41369818995709984,-0.5910060500996331,-0.8604970284566004,-0.8497358182414726,0.8691390427105171,0.8518877340518883
0.796780894039198,0.008724371214958183,-1.2279356991005308,-0.7054689621240783,-0.010684955964216718,1.24519661383437,1.252511113696649,-1.236135911498505,0.6717197683338367,-0.937424846694313,-0.9826314775251567,0.11648447833508302,0.07293175866152962,0.41369818995709984,-0.5805412722503068,-0.8636526339280894,-0.855628177266137,0.7266004518835056,0.7154954961536827
0.796780894039198,0.008724371214958183,-1.0834726755175694,1.3749256196852933,-0.010684955964216718,0.13312965086250883,0.13744655265852296,-1.3119635697556518,0.6717197683338367,-0.9781061388750034,-1.010559070801279,0.08362884619033256,0.04974761204420964,0.41369818995709984,-0.580219375606445,-0.8764557695170765,-0.8711539690132512,0.890717230567113,0.8796872144220149
0.796780894039198,0.008724371214958183,-0.9390096519346078,-0.7054689621240783,-0.010684955964216718,1.2521048364963723,1.2530649204112367,-1.372625710824347,0.7913509727216809,-1.0036998464540188,-1.0435695411028654,0.0032078605950222098,-0.02177946308022006,0.41369818995709984,-0.5768549041631421,-0.8775062754836215,-0.8743350627286999,0.7372259165008582,0.72612597482695
0.796780894039198,0.008724371214958183,-0.7945466283516462,1.3600692798900356,-0.010684955964216718,0.14201368617311624,0.14327640593108903,-1.3119635697556518,-1.003117093095981,-1.0435269224726014,-1.0712162422578915,-0.04202180460925131,-0.06043452070065654,0.41369818995709984,-0.6005304747097318,-0.9197760711638906,-0.9186384944891374,0.8987431672643751,0.8877168321507991
0.796780894039198,0.008724371214958183,-0.6500836047686848,-0.7054689621240783,-0.010684955964216718,1.2538556483749224,1.2518845700668595,-1.3119635697556518,0.6717197683338367,-1.0546337393525045,-1.0897261861272114,-0.09713467037098628,-0.11230663810875359,0.41369818995709984,-0.6199190769093574,-0.9435141068691069,-0.9432364387132478,0.7446817607583357,0.7335853415505741
0.796780894039198,0.008724371214958183,-0.5056205811857232,1.2935233479297228,-0.010684955964216718,0.08819240876969094,0.09139889732841709,-0.9176596889665775,0.31282615517030443,-0.8934611436228925,-1.0312116992928302,0.35178205324236,-0.06803959158018971,0.23709696303175032,-0.6510472545366619,-1.0500435439934024,-0.9465523263718131,0.9122851578398543,0.8959667229052919
0.796780894039198,0.008724371214958183,-0.3611575576027617,-0.7054689621240783,-0.010684955964216718,1.2786871979708567,1.3060041888402019,-0.40203167066989287,-0.6442234799324486,-0.5454533453953839,-0.8907416429354033,1.0797521465373923,0.09902880673811072,-0.4597307548850139,-0.7242345827799833,-1.2085162307264352,-0.97704176277851,0.7411218781914974,0.7369777510516268
0.796780894039198,0.008724371214958183,-0.21669453401980013,-0.7054689621240783,-0.010684955964216718,-0.6991224441542135,-0.6983308925851475,0.05293427887298657,-1.122748297483825,0.10540652512143432,-0.6546475805994797,1.317210659292967,0.21343355656669563,-1.8695548644082125,-0.8198388512142845,-1.2189810600794244,-0.9588276770372449,-1.2740310493992413,-1.2860490588430924
0.796780894039198,0.008724371214958183,-0.0722315104368386,-0.7054689621240783,-0.010684955964216718,-0.6991224441542135,2.8436709608559174,0.20458959538727972,-1.3620107062595133,0.49696195558807604,-0.494013281046478,1.2153985201019228,0.3624468290582058,-2.5310653788032638,-0.8856047003132165,-1.170946604840164,-0.9697897619546273,0.6317031919756314,0.625155278703809
0.796780894039198,0.008724371214958183,0.07223151314612293,-0.7054689621240783,-0.010684955964216718,-0.6991224441542135,-0.6983308925851475,0.507900228415866,-1.7807199216169676,1.0339802977067265,-0.32558951832629424,0.9008162634067441,0.5924167937757145,-3.1367109027003592,-0.9435390984552243,-1.0630818225316898,-0.993745592909518,-1.2740310493992413,-1.2860490588430924
0.796780894039198,0.008724371214958183,0.21669453672908448,2.328209366814283,-0.010684955964216718,-0.6991224441542135,-0.6983308925851475,0.507900228415866,-1.9601667281987338,1.3801585883356724,-0.212654653186373,0.5637594006483024,0.7189318014557987,-3.6042230716631583,-0.9988206242564397,-0.9794759186368089,-1.0270878065946512,1.0454729365806512,1.0169326773239886
0.796780894039198,0.008724371214958183,0.361157560312046,-0.7054689621240783,-0.010684955964216718,2.8693798880156516,-0.6983308925851475,0.5685622971696711,-1.9003511260048118,1.5257506023520404,-0.1123782832323336,0.2785948816828111,0.9253461701183212,-3.437794537771939,-1.0262206885796468,-0.8803365962896558,-1.056446447510701,0.757228834720399,0.7625345446623294
0.796780894039198,0.008724371214958183,0.5056205838950075,2.373779669091567,-0.010684955964216718,-0.6991224441542135,-0.6983308925851475,0.507900228415866,-1.7807199216169676,1.5744041327629574,-0.046199958350255386,0.42476378652915164,1.168694183996023,-3.021364614152004,-1.0342772741458086,-0.8932376184677844,-1.0923428113784268,0.9490126477322502,0.931006321499035
0.796780894039198,0.008724371214958183,0.6500836074779691,-0.7054689621240783,-0.010684955964216718,2.8529304974506573,-0.6983308925851475,0.507900228415866,-1.7807199216169676,1.3966475690686049,-0.02715222604808293,0.5744796982341775,1.426825550098317,-2.2068542226392527,-1.032116657542256,-0.9217516591816629,-1.1442199507289152,0.6628651251729673,0.663874768710297
0.796780894039198,0.008724371214958183,0.7945466310609306,1.6635292214806108,-0.010684955964216718,0.3315373901703707,-0.6983308925851475,0.35624491190157287,-1.6012731150352015,0.7614846730702041,-0.10720859783778719,0.7978806070227783,0.9484582069125276,-0.11429675206900444,-0.9858344835647501,-0.9744380938941132,-1.0213211396712853,0.8062503041731098,0.7899514671357137
0.796780894039198,0.008724371214958183,0.9390096546438922,-0.7054689621240783,-0.010684955964216718,0.6504549848049712,1.877707119198254,-0.09872103764130656,-0.8834858887081368,0.5183902723750439,-0.2522597365018353,0.7460036071672124,-0.0644517086371332,0.41369818995709984,-0.9074902938701754,-0.9567102947621852,-0.7361253284040202,0.8101327650955192,0.7987437417963001
0.796780894039198,0.008724371214958183,1.0834726782268538,-0.7054689621240783,-0.010684955964216718,2.876190983505717,-0.6983308925851475,-0.2503763541555997,-0.5844078777385264,0.24804457001339547,-0.37012221166560955,0.7400348155246951,-0.219120571325165,0.41369818995709984,-0.8360743623754222,-0.9464937316155021,-0.6793348198006187,0.5400891388910058,0.5431995746855356
0.796780894039198,0.008724371214958183,1.2279357018098151,1.0628411177720685,-0.010684955964216718,-0.3864346798808713,0.8462426373194079,-0.31103842290940487,-0.3451454689628382,-0.13991873767288737,-0.4632450073999735,0.9004991553674674,-0.3671175984025633,0.41369818995709984,-0.7730610432738907,-0.9744809058309025,-0.6174362275425513,0.890198621056845,0.8675494535374803
0.796780894039198,0.008724371214958183,1.3723987253927767,-0.7054689621240783,-0.010684955964216718,0.9829221352727239,1.6282201289069753,-0.40203167066989287,-0.3451454689628382,-0.24388159396298428,-0.535741287729421,0.8063368214034939,-0.3301629910295021,0.41369818995709984,-0.7304543788011103,-0.9499606379539972,-0.6288165637625303,0.7350017099375565,0.7289407567377956
0.796780894039198,0.008724371214958183,1.5168617489757383,-0.7054689621240783,-0.010684955964216718,1.1465290722248274,1.4895164912626668,-0.553686987184186,0.013748144200694123,-0.3978699441318784,-0.6032584376208445,0.703794140304761,-0.13917844754064765,0.41369818995709984,-0.6825412457412487,-0.91682355347295,-0.6811549714537323,0.6843124455828555,0.6752142191686357
0.796780894039198,0.008724371214958183,1.6613247725587,1.329648472083646,-0.010684955964216718,0.0032504922714328113,0.1690592841846826,-0.553686987184186,0.25301055297638236,-0.6106085660984191,-0.6480572021401931,0.6637831186931026,0.06490996008330538,0.41369818995709984,-0.6454208197203748,-0.8957503994813508,-0.731576791310652,0.8749166514719068,0.8580936960329455
0.796780894039198,0.11880222322712194,-1.6613247698494156,-0.7054689621240783,-0.010684955964216718,1.2361793440103102,1.389060522875469,-0.553686987184186,0.31282615517030443,-0.6451906077183436,-0.691071101900114,0.5093745194713589,0.0918664566330421,0.41369818995709984,-0.6046881052747541,-0.8380818600846393,-0.7227347854053437,0.7155253216789785,0.709815935477784
0.796780894039198,0.11880222322712194,-1.516861746266454,-0.7054689621240783,-0.010684955964216718,-0.6991224441542135,2.641339920577449,-0.7053423036984792,0.6717197683338367,-0.7301747475234605,-0.7354746413244528,0.4192007567863542,0.17230328734357098,0.41369818995709984,-0.562213674205899,-0.7972715426917019,-0.7303729643749399,0.5317521444937289,0.5205583763146541
0.796780894039198,0.11880222322712194,-1.3723987226834924,-0.7054689621240783,-0.010684955964216718,1.7331574289178904,0.6607807969147229,-0.6143490559379912,0.25301055297638236,-0.8555672584488605,-0.7770713768151247,0.17736495967140692,0.46075683406511053,0.41369818995709984,-0.5195039738508629,-0.7157236236577609,-0.8029998108998706,0.6239690518823766,0.6094960180798995
0.796780894039198,0.11880222322712194,-1.2279356991005308,1.542044058040795,-0.010684955964216718,0.1420779645991329,-0.06195247724133108,-0.7053423036984792,0.31282615517030443,-0.9434933267433663,-0.8038034141788427,0.15983280632784047,0.5252657787306987,0.41369818995709984,-0.4999638341007535,-0.7120596533288182,-0.8228879854041196,0.866793329233147,0.8557524499010883
0.796780894039198,0.11880222322712194,-1.0834726755175694,-0.7054689621240783,-0.010684955964216718,1.3249157374052962,1.1513193914986246,-0.7053423036984792,0.31282615517030443,-0.9883473678819484,-0.8322363309692989,0.12312243613575168,0.4637888005811405,0.41369818995709984,-0.4807161521710044,-0.7056070984538267,-0.8094902909583002,0.711196795374256,0.7000849903699686
0.796780894039198,0.11880222322712194,-0.9390096519346078,1.4289222350902582,-0.010684955964216718,0.12965314982628845,0.05464794207351535,-0.7053423036984792,0.3726417573642265,-1.0088739748909044,-0.8548347372946745,0.1298584246474871,0.4042093169630469,0.41369818995709984,-0.4624674598256541,-0.7086740681566867,-0.7933427567307976,0.8781071530199773,0.8670714098454075
0.796780894039198,0.11880222322712194,-0.7945466283516462,-0.7054689621240783,-0.010684955964216718,1.2848324887996148,1.2105756618771817,-0.7053423036984792,0.31282615517030443,-1.0039272806710247,-0.8806323496123339,0.08491688448965327,0.2950912233522631,0.41369818995709984,-0.4421915907898365,-0.6965737797912717,-0.7626615315143608,0.7317559452448653,0.7206533683426473
0.796780894039198,0.11880222322712194,-0.6500836047686848,1.391974340224909,-0.010684955964216718,0.13568286562740087,0.10055457792321282,-0.7053423036984792,0.31282615517030443,-1.0077214185500183,-0.8942273871215691,0.08386326745592701,0.23834246953453378,0.41369818995709984,-0.4296195240418253,-0.6975066067154861,-0.7471064838471169,0.8909926462390013,0.8799628118355759
0.796780894039198,0.11880222322712194,-0.5056205811857232,-0.7054689621240783,-0.010684955964216718,1.2686040520391784,1.2307225296891384,-0.553686987184186,-0.2853298667689162,-0.975631788378812,-0.8781628985276216,0.07414885020969354,0.18603517772880965,0.41369818995709984,-0.4374039211415132,-0.7021589088917168,-0.7389939255503786,0.7393847793459275,0.7282856750045952
0.796780894039198,0.11880222322712194,-0.3611575576027617,1.3094111113664955,-0.010684955964216718,0.07970329422203455,0.06554852257138019,-0.09872103764130656,-1.122748297483825,-0.6333024874106082,-0.6880321032231287,0.5957898699381605,0.3476508995388847,-0.1395056096660611,-0.5592820982491691,-0.8689316254101866,-0.8054380209545414,0.9013252341908884,0.8850297061422944
0.796780894039198,0.11880222322712194,-0.21669453401980013,-0.7054689621240783,-0.010684955964216718,1.253651302896302,1.2604922608041187,0.05293427887298657,-0.5844078777385264,-0.16579406232648944,-0.4651307957104483,1.1642392755395587,0.5500212487028417,-0.8389750689135977,-0.653571513001009,-0.9785577209171256,-0.8213252858481485,0.7164237528021121,0.7121993920685212
0.796780894039198,0.11880222322712194,-0.0722315104368386,-0.7054689621240783,-0.010684955964216718,-0.6991224441542135,-0.6983308925851475,0.35624491190157287,-1.122748297483825,0.5425578336285982,-0.28462584874673613,1.286201414280135,0.6445077561120981,-2.061353708643896,-0.7397273669022854,-0.9939865835840731,-0.8313886722412468,-1.2740310493992413,-1.2860490588430924
0.796780894039198,0.11880222322712194,0.07223151314612293,-0.7054689621240783,-0.010684955964216718,-0.6991224441542135,-0.6983308925851475,0.6595555449301591,-1.3021951040655912,0.9560151791929143,-0.16210183473914225,1.1161130159335038,0.6087899160540656,-2.320941647736806,-0.7924383042874134,-0.934146037585224,-0.8035218665412983,-1.2740310493992413,-1.2860490588430924
0.796780894039198,0.11880222322712194,0.21669453672908448,-0.7054689621240783,-0.010684955964216718,-0.6991224441542135,-0.6983308925851475,0.8112108614444523,-1.3021951040655912,1.2859406193201135,-0.057161808663988484,0.8713865915035357,0.5736531470125179,-2.5090633471529067,-0.8194045079167198,-0.8308653595436226,-0.7532526108900924,-1.2740310493992413,-1.2860490588430924
0.796780894039198,0.11880222322712194,0.361157560312046,2.315735760952398,-0.010684955964216718,-0.6991224441542135,-0.6983308925851475,0.9628661779587454,-1.5414575128412795,1.633708942695598,0.026851048630402087,0.64912880605007,0.8160620562171133,-2.641648811303092,-0.8530048228126635,-0.7539865232440509,-0.8086943132202498,1.0224161445875255,0.9980541520424903
0.796780894039198,0.11880222322712194,0.5056205838950075,-0.7054689621240783,-0.010684955964216718,1.2483955035490695,1.2618151503483142,0.507900228415866,-1.062932695289903,1.6369525559846037,0.07364005380676376,0.36042921439941444,1.4306456937507044,-2.056510126221665,-0.8566173525392422,-0.6448442671634399,-0.9544176179658245,0.9167350110484023,0.9104074126604674
0.796780894039198,0.11880222322712194,0.6500836074779691,1.3124133453579918,-0.010684955964216718,0.7269533545359135,-0.6983308925851475,0.3714105014049143,-0.7040390821263706,1.3152749508447092,0.07508685995813853,0.31760684248255433,1.6437687914217323,-0.7067206998903428,-0.8450609252020366,-0.6157893761526344,-0.9958528860009427,0.9057986687412777,0.8950739512094664
0.796780894039198,0.11880222322712194,0.7945466310609306,0.5908000144046534,-0.010684955964216718,0.33561347279612336,0.6311477357383919,0.23492077439396258,-0.2853298667689162,0.6541591349892573,-0.041999280197580945,0.2954894091839607,0.7144249375112021,0.41369818995709984,-0.7757370805905535,-0.598582849999805,-0.7303222541133816,0.9336545338144958,0.9225285762286464
0.796780894039198,0.11880222322712194,0.9390096546438922,-0.7054689621240783,-0.010684955964216718,1.2463385939165366,1.324340179965056,-0.2503763541555997,0.3726417573642265,0.431140486414047,-0.19965739363334,0.20064086024252,0.2795188555049985,0.41369818995709984,-0.6755039191133722,-0.553234037036474,-0.5812297509214495,0.7975415886239052,0.7918093420418532
0.796780894039198,0.11880222322712194,1.0834726782268538,0.9716091939213565,-0.010684955964216718,0.2772324741110131,0.29293942149318747,-0.40203167066989287,0.7315353705277589,0.04739942807406313,-0.32703985327316015,0.21921725376918896,0.284815573558583,0.41369818995709984,-0.5884738286748308,-0.5435290657776557,-0.5673927842526438,0.8990679057428629,0.8850360582016403
0.796780894039198,0.11880222322712194,1.2279357018098151,-0.7054689621240783,-0.010684955964216718,1.3123636271722618,1.3160381100415248,-0.31103842290940487,0.4324573595581485,-0.08233038715447422,-0.4113597157752815,0.2234496231643758,0.25619971259091945,0.41369818995709984,-0.5333853443391998,-0.5384464928799239,-0.5517491019829325,0.7592514298114688,0.7529515410657341
0.796780894039198,0.11880222322712194,1.3723987253927767,1.1205452248367844,-0.010684955964216718,0.2113299009800784,0.211193085589191,-0.553686987184186,0.7315353705277589,-0.3052553863462114,-0.48547994778975984,0.2729406407566733,0.2817861225014988,0.41369818995709984,-0.4860204490415977,-0.5501535138058867,-0.5560287013216259,0.8894378977696555,0.8745662251582852
0.796780894039198,0.11880222322712194,1.5168617489757383,-0.7054689621240783,-0.010684955964216718,1.3159085587159831,1.3113309625839977,-0.553686987184186,0.7315353705277589,-0.36587262549580984,-0.5475112322106293,0.2513022792808581,0.25206262111135863,0.41369818995709984,-0.4497322730392242,-0.5436207134413354,-0.5467324701674873,0.7418035769819816,0.7357481153053222
0.796780894039198,0.11880222322712194,1.6613247725587,1.1968623214844922,-0.010684955964216718,0.1663340041665454,0.16445888391466645,-0.5233559528072834,0.910982177109525,-0.5100598987600822,-0.5977408129908699,0.28198418696282374,0.2783961223288469,0.41369818995709984,-0.4199266707530043,-0.5534642318724771,-0.5553939562100686,0.8892422266354447,0.8738273372227455
0.796780894039198,0.22888007523928572,-1.6613247698494156,-0.7054689621240783,-0.010684955964216718,1.3159285307535027,1.310495850566239,-0.7053423036984792,1.0904289836912913,-0.5493036729044614,-0.6531930110980244,0.23562844724273113,0.2308011236149614,0.41369818995709984,-0.3865097452493657,-0.5387883429681565,-0.5399715353807465,0.7351059358682906,0.7292518027406101
0.796780894039198,0.22888007523928572,-1.516861746266454,1.2219704632841775,-0.010684955964216718,0.12108099364894578,0.11924471607467421,-0.8569976202127723,1.0904289836912913,-0.6838885397419083,-0.7227208686603097,0.19138931844071483,0.18618275132029782,0.41369818995709984,-0.340285001107871,-0.5278263357964726,-0.5285781965295987,0.8651048331532045,0.8493538770882487
0.796780894039198,0.22888007523928572,-1.3723987226834924,-0.7054689621240783,-0.010684955964216718,1.3080605991306957,1.3027182410514508,-0.8266665858358697,0.910982177109525,-0.7123673172560611,-0.7776550395893622,0.10685189542156616,0.10237772108131418,0.41369818995709984,-0.3017927741721885,-0.5089307819263906,-0.5093425373995044,0.7292478625282512,0.7235222452105041
0.796780894039198,0.22888007523928572,-1.2279356991005308,1.3015022144472213,-0.010684955964216718,0.16235652033654682,0.16048864315855263,-1.0086529367270654,1.0904289836912913,-0.772104252201013,-0.8259084948945544,0.09565167357194689,0.09111349592192625,0.41369818995709984,-0.27280180687073446,-0.5183896383325103,-0.5187950168381882,0.877778634326385,0.8667427420005362
0.796780894039198,0.22888007523928572,-1.0834726755175694,-0.7054689621240783,-0.010684955964216718,1.2570158554064264,1.2519361357185586,-1.0086529367270654,1.0904289836912913,-0.8106429802726736,-0.8712034080599599,0.05450605303481135,0.050425947473266126,0.41369818995709984,-0.2476434365666253,-0.5239074300650405,-0.5242897120596066,0.7429182004070354,0.7318209033883631
0.796780894039198,0.22888007523928572,-0.9390096519346078,1.3171341403274102,-0.010684955964216718,0.159046102559699,0.15725195524032695,-1.0086529367270654,1.0904289836912913,-0.858089102560956,-0.9029964439170967,0.055173514311031145,0.050913108022440194,0.41369818995709984,-0.23086861581101137,-0.5380577432830476,-0.5384927027958142,0.8896375291292138,0.8786069545229119
0.796780894039198,0.22888007523928572,-0.7945466283516462,-0.7054689621240783,-0.010684955964216718,1.256414381729129,1.2514037098839432,-1.0086529367270654,1.0904289836912913,-0.8826573493909415,-0.9316756706328356,0.024180465676549214,0.02030248811074035,0.41369818995709984,-0.21528317178522885,-0.5379303831494833,-0.5383273526694509,0.7454178226422253,0.7343215657192913
0.796780894039198,0.22888007523928572,-0.6500836047686848,1.3299297857503525,-0.010684955964216718,0.15886293795244794,0.15712225504931587,-0.8569976202127723,1.0904289836912913,-0.908073123141358,-0.9378687067198179,0.047285025613536896,0.041133842127402113,0.41369818995709984,-0.20875450941916696,-0.5466422895830769,-0.5464875872804748,0.9004739657514377,0.889448485490579
0.796780894039198,0.22888007523928572,-0.5056205811857232,-0.7054689621240783,-0.010684955964216718,1.3049331882871185,1.3052948467046357,-0.462693739423698,0.910982177109525,-0.7328297075449213,-0.8313809509422423,0.6885439714266356,0.13774591234587746,0.41369818995709984,-0.27280615030371014,-0.7391555217446292,-0.5760553538478226,0.7392504917046017,0.7346141702594884
0.796780894039198,0.22888007523928572,-0.3611575576027617,-0.7054689621240783,-0.010684955964216718,1.2411357730267243,1.2729053289435843,-0.09872103764130656,0.3726417573642265,-0.40137778246711153,-0.6382386815655952,1.5576842557445691,0.4450955866684269,0.41369818995709984,-0.39179835750088027,-0.9740043810068401,-0.672340054363359,0.6645071786101993,0.6558322419576806
0.796780894039198,0.22888007523928572,-0.21669453401980013,-0.7054689621240783,-0.010684955964216718,-0.6991224441542135,-0.6983308925851475,0.20458959538727972,-0.2853298667689162,0.31739929664102895,-0.4464945209625449,1.8525683066020888,0.5866807088929267,-0.7761477211705459,-0.505635392359621,-1.046983028351365,-0.7151709381439291,-1.2740310493992413,-1.2860490588430924
0.796780894039198,0.22888007523928572,-0.0722315104368386,-0.7054689621240783,-0.010684955964216718,-0.6991224441542135,2.28182692194647,0.32591373289489,-0.7040390821263706,0.7198474882539211,-0.30151184093102523,1.7435896962115813,0.7026576205626499,-1.3397862820555135,-0.5595557345266348,-0.9900827373278935,-0.7148406713122414,0.3277099939496894,0.31265987938008083
0.796780894039198,0.22888007523928572,0.07223151314612293,-0.7054689621240783,-0.010684955964216718,-0.6991224441542135,-0.6983308925851475,0.35624491190157287,-0.8236702865142147,1.2386463428178909,-0.16249635407505372,1.369239393640445,0.8492099357188315,-1.7562864025221476,-0.6041162199329606,-0.8597915996086992,-0.721582102152229,-1.2740310493992413,-1.2860490588430924
0.796780894039198,0.22888007523928572,0.21669453672908448,2.304292861095124,-0.010684955964216718,-0.6991224441542135,-0.6983308925851475,0.20458959538727972,-0.5844078777385264,1.5779681607282745,-0.0880931126621845,0.9841474824592887,0.9142286800641062,-2.0662604682281565,-0.6257602703561072,-0.7325852878273071,-0.7198833083900243,1.035375982036935,1.0081891700867682
0.796780894039198,0.22888007523928572,0.361157560312046,-0.7054689621240783,-0.010684955964216718,1.4359510158067723,1.114363798164572,0.20458959538727972,-0.6442234799324486,1.725015084809313,-0.01097905055300775,0.561782590048617,1.327078379547033,-1.5252849592999616,-0.644678575285203,-0.584891420506279,-0.8184020776508811,0.8456628268510519,0.8429298960380252
0.796780894039198,0.22888007523928572,0.5056205838950075,1.4006288618883365,-0.010684955964216718,0.6359341572524505,-0.6983308925851475,0.05293427887298657,-0.2853298667689162,1.7340408786036114,0.03001214363138139,0.5281938586732803,1.7195293839519794,-0.7342448834810216,-0.6406558324442577,-0.5496941998106843,-0.9042304956015017,0.894402220252881,0.8817198734127398
0.796780894039198,0.22888007523928572,0.6500836074779691,0.6728893337920175,-0.010684955964216718,0.38269912798810946,0.559551448560276,-0.09872103764130656,0.013748144200694123,1.4337447655589484,0.0256696078999624,0.5979525126683899,1.977908103517279,0.41369818995709984,-0.629148389378944,-0.563599043582075,-0.9654718048539859,0.8961728010036608,0.8857171628876453
0.796780894039198,0.22888007523928572,0.7945466310609306,0.6967693297336419,-0.010684955964216718,0.43826722286258096,0.40999774798745003,-0.22004531977869715,0.31282615517030443,0.8131236120414083,-0.08009474480192587,0.4930391932437728,1.2661346786939889,0.41369818995709984,-0.5561405896986161,-0.5190774260808299,-0.7606396223676113,0.8736924018088269,0.8629337603494691
0.796780894039198,0.22888007523928572,0.9390096546438922,0.722805824574381,-0.010684955964216718,0.44957213191051715,0.3969422053664507,-0.40203167066989287,0.7315353705277589,0.38764369241165636,-0.22698579743506372,0.3282973046346265,0.6219030035386323,0.41369818995709984,-0.45968114757177636,-0.45603437510184786,-0.5550749583253939,0.8853016224045256,0.8742738255232283
0.796780894039198,0.22888007523928572,1.0834726782268538,0.7527508391128462,-0.010684955964216718,0.45635978653549397,0.40573509225523846,-0.40203167066989287,0.7315353705277589,0.255099713209754,-0.3328348412287398,0.2715093923750985,0.5446859602787547,0.41369818995709984,-0.3938359101701228,-0.43522992517582615,-0.5281265718070022,0.8869296350427985,0.8757716820980468
0.796780894039198,0.22888007523928572,1.2279357018098151,0.7634331335555786,-0.010684955964216718,0.44500389623388964,0.4040479940938604,-0.5385213976808445,1.030613381497369,0.08793422586203495,-0.4248608873244519,0.16957535412594524,0.34748907168003684,0.41369818995709984,-0.3383789579370578,-0.4014291481068634,-0.46329783661504403,0.8914712934753092,0.8802904551547461
0.796780894039198,0.22888007523928572,1.3723987253927767,0.7707940249933766,-0.010684955964216718,0.4357039695209357,0.40439721513341503,-0.553686987184186,0.9707977793034471,-0.023085780396923515,-0.5012748364081829,0.08988491043832374,0.20677345976447603,0.41369818995709984,-0.2914817055898337,-0.37456089290272654,-0.4157578332461709,0.8974130715783734,0.8862048371213072
0.796780894039198,0.22888007523928572,1.5168617489757383,0.7760106173594423,-0.010684955964216718,0.4285878274367569,0.40513506510894476,-0.553686987184186,1.0904289836912913,-0.12024434005353613,-0.5738205198745066,-0.011431108110626014,0.06721076653241663,0.41369818995709984,-0.2362573683227978,-0.3320127120656462,-0.35972732843458616,0.9036486263981185,0.8924343631934867
0.796780894039198,0.22888007523928572,1.6613247725587,0.7795367262914891,-0.010684955964216718,0.42342652736178765,0.4059481673973197,-0.6750112693215766,1.0904289836912913,-0.2017019116467252,-0.6419488571449986,-0.09393716430827816,-0.040199330454154435,0.41369818995709984,-0.18330826602950515,-0.29929750802703076,-0.3178304669929753,0.9098379185853961,0.8986302848226743
0.796780894039198,0.33895792725144946,-1.6613247698494156,0.7819504980209975,-0.010684955964216718,0.419734012972396,0.40663791039291075,-0.7053423036984792,1.0904289836912913,-0.2662377085705029,-0.6979113190801746,-0.15680298065394552,-0.1196484242852908,0.41369818995709984,-0.14183282454504884,-0.27781043360134755,-0.29002108958068906,0.9157525151417577,0.9045573709079273
0.796780894039198,0.33895792725144946,-1.516861746266454,-0.7054689621240783,-0.010684955964216718,1.3146261436752584,1.29983748189983,-0.7053423036984792,1.0904289836912913,-0.31347646436680937,-0.7386075059615029,-0.14992207717802444,-0.12487470948839226,0.41369818995709984,-0.1142030408777963,-0.28074531019270665,-0.28862547383523707,0.7764339475426791,0.7699006795471652
0.796780894039198,0.33895792725144946,-1.3723987226834924,1.0943731863256392,-0.010684955964216718,0.27275316655934073,0.2660369292674922,-0.7963355514589672,1.0904289836912913,-0.4062201245168356,-0.7733089750624521,-0.10337368579966148,-0.0844412223932601,0.41369818995709984,-0.09128226246164141,-0.2976342965530682,-0.3036458966509236,0.8845018368945912,0.8734689581325461
0.796780894039198,0.33895792725144946,-1.2279356991005308,-0.7054689621240783,-0.010684955964216718,1.2685819776819198,1.2590440206106714,-1.1603082532413587,1.0904289836912913,-0.4986728026539277,-0.824681885581828,-0.09009777019832418,-0.07643200110976496,0.41369818995709984,-0.05375741457036833,-0.2999418384324787,-0.30414758150352006,0.7648816101837889,0.7537943159073522
0.796780894039198,0.33895792725144946,-1.0834726755175694,1.2056253857297803,-0.010684955964216718,0.22599778579833474,0.22181361848270706,-0.9479908679732603,1.0904289836912913,-0.5965718613641451,-0.8597192960135354,-0.05093577978860049,-0.04211107925297865,0.41369818995709984,-0.030584234437961932,-0.3137057685425777,-0.31647710979882193,0.897294264817951,0.8862673331890664
0.796780894039198,0.33895792725144946,-0.9390096519346078,-0.7054689621240783,-0.010684955964216718,1.2635984287408741,1.2563766510258374,-0.7205078932018206,1.0904289836912913,-0.6639044302329284,-0.8842105482403682,-0.05844407981534885,-0.05274979362117235,0.41369818995709984,-0.010976288873066047,-0.31283748222658847,-0.31444674894181274,0.7555666201359439,0.7444750252261868
0.796780894039198,0.33895792725144946,-0.7945466283516462,1.2573847680838333,-0.010684955964216718,0.19127702926663465,0.18832204212894324,-0.7053423036984792,1.0904289836912913,-0.7416327495913874,-0.9083842088729966,-0.054868089963826444,-0.05164634563027206,0.41369818995709984,0.017155161302873752,-0.3142924426713445,-0.31506112326453883,0.8918509350779316,0.8808215692781292
0.796780894039198,0.33895792725144946,-0.6500836047686848,-0.7054689621240783,-0.010684955964216718,1.2599176873420204,1.2538264570479127,-0.7053423036984792,1.0904289836912913,-0.7801995724780899,-0.9202042622501794,-0.05158278248164114,-0.050133716317518166,0.41369818995709984,0.03299324834673974,-0.3177083619293418,-0.31789851409609204,0.7524025800936038,0.7413094457153289
0.796780894039198,0.33895792725144946,-0.5056205811857232,1.2938274465681585,-0.010684955964216718,0.17828054119879172,0.17592500964945718,-0.7356733380753817,1.0904289836912913,-0.8161161178125054,-0.9120365122063451,-0.01764540275129308,-0.01800292071622696,0.41369818995709984,0.037691877619062224,-0.33108182135967856,-0.33092910092191213,0.9010377578327149,0.8900125893415332
0.796780894039198,0.33895792725144946,-0.3611575576027617,-0.7054689621240783,-0.010684955964216718,1.2578929432014925,1.2524188824497076,-0.7053423036984792,0.6717197683338367,-0.794958046389274,-0.8602521441327002,0.030451873861924744,0.02461650020282394,0.41369818995709984,0.002029638568845905,-0.3608709693567257,-0.35928718936952203,0.7505893369152178,0.7394956254143312
0.796780894039198,0.33895792725144946,-0.21669453401980013,1.3124983853312182,-0.010684955964216718,0.16746841589765205,0.16571705437365034,-0.7053423036984792,1.0904289836912913,-0.7580882841159365,-0.7746626210128603,0.14109871122249887,0.1256817712417183,0.41369818995709984,-0.05370698248748443,-0.4058691116820334,-0.40195835749723535,0.901223168383071,0.8901980284934088
0.796780894039198,0.33895792725144946,-0.0722315104368386,-0.7054689621240783,-0.010684955964216718,1.2551992409200488,1.2509278804963146,-0.644680234944674,1.0904289836912913,-0.7036291608538584,-0.694407930916553,0.18741182889430158,0.16671729151121706,0.41369818995709984,-0.09252882772565219,-0.41584687457828334,-0.41048765012293387,0.7472143248680064,0.7361187887039333
0.796780894039198,0.33895792725144946,0.07223151314612293,1.3222647059695054,-0.010684955964216718,0.16115052461833088,0.1602832190176381,-0.553686987184186,1.0904289836912913,-0.6503888174252652,-0.6027679350475735,0.2981507298791819,0.27738155388736563,0.41369818995709984,-0.133493191929974,-0.43859679357157233,-0.43405881990574746,0.8975633801313321,0.8865365785432814
0.796780894039198,0.33895792725144946,0.21669453672908448,-0.7054689621240783,-0.010684955964216718,1.2537921583188079,1.2500353335656882,-0.7053423036984792,1.0904289836912913,-0.5912499006862055,-0.5427163048972438,0.3524256461715375,0.33830177712358206,0.41369818995709984,-0.1600851364178788,-0.45000757310578177,-0.44812593314624094,0.7421067142313018,0.7310088643177741
0.796780894039198,0.33895792725144946,0.361157560312046,1.3277034966622396,-0.010684955964216718,0.15825478940997967,0.15698223124714147,-0.7053423036984792,1.0904289836912913,-0.5702690941674052,-0.5132896792964775,0.4102441595587151,0.4047207936153639,0.41369818995709984,-0.17628300449322756,-0.47066164341463884,-0.4721372419941186,0.8921609127164882,0.8811317956603829
0.796780894039198,0.33895792725144946,0.5056205838950075,-0.7054689621240783,-0.010684955964216718,1.2542819988179699,1.24920692927498,-0.7053423036984792,1.0904289836912913,-0.577682780717632,-0.5221490732565787,0.4045754271361588,0.4055659878211599,0.41369818995709984,-0.16680129030738947,-0.4704176799155477,-0.4740360595658034,0.737138791543215,0.7260386852372273
0.796780894039198,0.33895792725144946,0.6500836074779691,1.3331668664189653,-0.010684955964216718,0.15627944978331582,0.15398471572155198,-0.7053423036984792,0.6717197683338367,-0.6407181807333381,-0.5768651646242776,0.37370513000075173,0.3734242918977701,0.41369818995709984,-0.13450762483161963,-0.4721985704318408,-0.47524162018567134,0.8885711484493013,0.8775402183630616
0.796780894039198,0.33895792725144946,0.7945466310609306,-0.7054689621240783,-0.010684955964216718,1.2553895008564186,1.2495745965639227,-0.7660043724522843,1.0904289836912913,-0.7200438910041801,-0.6683047249093592,0.2779240106427281,0.27634518480168724,0.41369818995709984,-0.08084523432299287,-0.45489910580316717,-0.45688493892258836,0.7352456238169085,0.7241447470264136
0.796780894039198,0.33895792725144946,0.9390096546438922,1.3375125166963662,-0.010684955964216718,0.15486243372130848,0.152598469599202,-0.7053423036984792,1.0904289836912913,-0.7830926695032393,-0.7429034615924386,0.23529940502993313,0.23236909302452338,0.41369818995709984,-0.026379791317535324,-0.4433480580137483,-0.4445720973372865,0.8896225882790394,0.8785922013528179
0.796780894039198,0.33895792725144946,1.0834726782268538,-0.7054689621240783,-0.010684955964216718,1.2560347027842849,1.2504763666192433,-0.8569976202127723,1.0904289836912913,-0.8185382922236188,-0.8062347542722506,0.16879451820127434,0.16553502580668103,0.41369818995709984,0.01458626199961034,-0.42868550750179424,-0.429333230317964,0.7374322082394098,0.7263323143031253
0.796780894039198,0.33895792725144946,1.2279357018098151,1.3404749218396428,-0.010684955964216718,0.15351363793482822,0.1514671695088799,-0.8873286545896748,1.0904289836912913,-0.8705270785345116,-0.860891561875698,0.1233543000784487,0.11984171405583645,0.41369818995709984,0.04923599856283687,-0.42500927445728875,-0.425294829787452,0.8935990145483284,0.8825704346496853
0.796780894039198,0.33895792725144946,1.3723987253927767,-0.7054689621240783,-0.010684955964216718,1.2559871903581858,1.2506926908166147,-0.8569976202127723,1.0904289836912913,-0.8911593755619586,-0.8971209994243187,0.07550508378627808,0.07208907991467947,0.41369818995709984,0.06756552702190056,-0.42196661505019367,-0.4219984460756399,0.7410203524144092,0.7299220474541849
0.796780894039198,0.33895792725144946,1.5168617489757383,1.34184381423567,-0.010684955964216718,0.1527140206221403,0.15082375175322973,-0.8569976202127723,1.0904289836912913,-0.929654623562721,-0.9293628980679307,0.04769334483615412,0.04425384970653584,0.41369818995709984,0.08326462421054584,-0.4250660701925269,-0.42495871177173833,0.8980528279822237,0.8870263018283452
0.796780894039198,0.33895792725144946,1.6613247725587,-0.7054689621240783,-0.010684955964216718,1.2557481566038737,1.2506214212167055,-0.8569976202127723,1.0904289836912913,-0.9445823352883242,-0.9562311469376075,0.0008781394354964077,-0.0021286977954637796,0.41369818995709984,0.0954969379791286,-0.42095633939610905,-0.4207075015110968,0.7446281177059025,0.733531451498703
0.796780894039198,0.44903577926361327,-1.6613247698494156,1.3422930549381145,-0.010684955964216718,0.15233970259263038,0.1505399310524152,-0.8569976202127723,1.0904289836912913,-0.9643202807036036,-0.9651589995302371,0.02203146200177258,0.01845111032661585,0.41369818995709984,0.09882617935496228,-0.43311600512109116,-0.4328779642851003,0.9020976581438771,0.8910729734420374
0.796780894039198,0.44903577926361327,-1.516861746266454,-0.7054689621240783,-0.010684955964216718,1.2485645300560766,1.2435514769057208,-0.8569976202127723,1.0904289836912913,-0.9663223707374238,-0.9752400624893772,0.006718212492178174,0.0032241988412440243,0.41369818995709984,0.10515962853895201,-0.4291469728506042,-0.42882439401822464,0.7415913449054089,0.7304935278901861
0.796780894039198,0.44903577926361327,-1.3723987226834924,1.3323997125676663,-0.010684955964216718,0.14334724014148953,0.1416216935143755,-0.8266665858358697,1.0904289836912913,-0.9877011871359844,-0.9861510981480376,0.009862867215006819,0.0063391755024861125,0.41369818995709984,0.11284509188752798,-0.4299941759012399,-0.4296851682015997,0.8919297795643938,0.8809004577571039
0.796780894039198,0.44903577926361327,-1.2279356991005308,-0.7054689621240783,-0.010684955964216718,1.2543009196956199,1.2493159298395466,-0.8569976202127723,1.0904289836912913,-0.9906370953078644,-0.9983656708611318,-0.01578622900488775,-0.019029227966122064,0.41369818995709984,0.12154136861026986,-0.4210832692589519,-0.420661992302006,0.7508238902619305,0.7397300368947132
0.796780894039198,0.44903577926361327,-1.0834726755175694,1.3379630132633944,-0.010684955964216718,0.14722896330738156,0.14551369492294203,-0.8569976202127723,1.0904289836912913,-1.0117383081768443,-1.0099972865590867,-0.015782819241024558,-0.018986465164043103,0.41369818995709984,0.1297654176478261,-0.4209068582631364,-0.42049794243875954,0.9011590847365402,0.8901338931845281
0.796780894039198,0.44903577926361327,-0.9390096519346078,-0.7054689621240783,-0.010684955964216718,1.2545061061021359,1.2495418963945526,-0.8569976202127723,1.0904289836912913,-1.0183385829391909,-1.0272926190203502,-0.059403928342837344,-0.06200835951442542,0.41369818995709984,0.14021957821654524,-0.40903741013980677,-0.408502581764496,0.7522769329439449,0.74118383886439
0.796780894039198,0.44903577926361327,-0.7945466283516462,1.3431353812551978,-0.010684955964216718,0.1513147166039331,0.1495980718471456,-0.8569976202127723,1.0904289836912913,-1.0352081815235243,-1.0348230685984812,-0.05029730150521782,-0.0529912776799712,0.41369818995709984,0.14442788216628352,-0.4139104411961676,-0.41343209595111025,0.9097633943447675,0.8987421630292203
0.796780894039198,0.44903577926361327,-0.6500836047686848,-0.7054689621240783,-0.010684955964216718,1.2548149368717791,1.24986030381297,-0.8569976202127723,1.0904289836912913,-1.0375554364278594,-1.0471286842352472,-0.08785329313537818,-0.09003224914350565,0.41369818995709984,0.15467307534850766,-0.402734374340537,-0.4021410444651571,0.753378235611012,0.7422856138032133
0.796780894039198,0.44903577926361327,-0.5056205811857232,1.343545151927875,-0.010684955964216718,0.1510754726176471,0.14936492592803113,-0.8873286545896748,0.9707977793034471,-1.0377387216497995,-1.0328822310783443,-0.06817725076282986,-0.07074622540589347,0.41369818995709984,0.143892674702951,-0.4141812966153526,-0.4136485897600709,0.9110681085864971,0.9000474087722563
0.796780894039198,0.44903577926361327,-0.3611575576027617,-0.7054689621240783,-0.010684955964216718,1.2542449979905652,1.2497144107496267,-0.7053423036984792,1.0904289836912913,-0.9445462133832704,-0.933060369983566,0.028192905302560172,-0.004649187659176758,0.41369818995709984,0.07464508147037371,-0.4465262526981163,-0.4364751421979508,0.7539076457358639,0.7428152935906149
0.796780894039198,0.44903577926361327,-0.21669453401980013,1.294929916263255,-0.010684955964216718,0.10480141796086062,0.10689138862925009,-0.4930249184303809,0.910982177109525,-0.6406954373116375,-0.7258473814654757,0.3930410484279467,0.2057924307756057,0.12840182570812547,-0.048882876262532134,-0.5422216881903745,-0.48448345699942047,0.9151991636545782,0.8994404797470016
0.796780894039198,0.44903577926361327,-0.0722315104368386,-0.7054689621240783,-0.010684955964216718,1.2738262142705885,1.2849456989988193,-0.28070738853250227,0.851166574915603,-0.1265128284287211,-0.5001096281370025,0.7656839117445897,0.4772540523181221,-0.5409929645186687,-0.17681772935289616,-0.6316525971129374,-0.5467266189834613,0.7433734463117448,0.7392157249928262
0.796780894039198,0.44903577926361327,0.07223151314612293,1.7968074915872747,-0.010684955964216718,0.14072396557129888,-0.6983308925851475,-0.09872103764130656,0.7315353705277589,0.3428217596331221,-0.313033358209656,0.8873869084315632,0.5778531249657243,-1.2090540146581819,-0.26836860961359044,-0.6311433717140408,-0.5402777473447719,0.9117444070696894,0.8937644024584862
0.796780894039198,0.44903577926361327,0.21669453672908448,-0.7054689621240783,-0.010684955964216718,1.1235435695916147,1.4561872628651666,-0.2503763541555997,0.7315353705277589,0.3648193308867725,-0.19130544046486733,0.9040640634864343,0.6639052985296416,-0.8101229949728629,-0.326097659896583,-0.6159776195932912,-0.5469591493708634,0.7477809971131727,0.7436328650999893
0.796780894039198,0.44903577926361327,0.361157560312046,2.3274203250373855,-0.010684955964216718,-0.6991224441542135,-0.6983308925851475,-0.2503763541555997,0.3726417573642265,0.33718674244471547,-0.14935300238868676,0.8763997968233934,0.7260832512387687,0.025595033875101918,-0.33066116014299646,-0.5860701471478312,-0.5448369032535947,0.9963364405826223,0.9743941653145639
0.796780894039198,0.44903577926361327,0.5056205838950075,-0.7054689621240783,-0.010684955964216718,1.2535140214173521,1.3358191971127715,-0.40203167066989287,0.7315353705277589,0.22419675451198479,-0.17343209130215223,0.6910134929045523,0.6070726960803849,0.41369818995709984,-0.30813249720380975,-0.5186800710695235,-0.4965249770143333,0.7868848022242595,0.7835610905284819
0.796780894039198,0.44903577926361327,0.6500836074779691,1.627455946593064,-0.010684955964216718,0.4168393289239143,-0.6983308925851475,-0.553686987184186,1.0904289836912913,-0.04605596739035824,-0.2822954322043754,0.5477633459251039,0.48367350354785815,0.41369818995709984,-0.2302829762647949,-0.46407548948062133,-0.44683498858169785,0.8941408453799518,0.8796540197893035
0.796780894039198,0.44903577926361327,0.7945466310609306,-0.7054689621240783,-0.010684955964216718,1.1018163053221297,1.5267921689468995,-0.6143490559379912,0.910982177109525,-0.18130373807796088,-0.431440679397265,0.39888794101235486,0.154056148150583,0.41369818995709984,-0.13169163245240828,-0.41614806408333416,-0.33423913739645145,0.774785773757183,0.7683138941415025
0.796780894039198,0.44903577926361327,0.9390096546438922,1.1022314898431205,-0.010684955964216718,0.1750601027067685,0.2686163647430265,-0.7053423036984792,1.0904289836912913,-0.3853282849123348,-0.5567785549295082,0.31967742158847756,0.08588385677356368,0.41369818995709984,-0.04922842048592807,-0.39509556308636706,-0.31568459942908317,0.8911152332145281,0.876667322465835
0.796780894039198,0.44903577926361327,1.0834726782268538,-0.7054689621240783,-0.010684955964216718,1.221281465412619,1.2987529262823896,-0.7053423036984792,1.0904289836912913,-0.44616961365810087,-0.6299509524750616,0.26525929521386793,0.06469279212764947,0.41369818995709984,0.003080508047120577,-0.37908648035147524,-0.3105600457749368,0.7507851880596716,0.7396913098232165
0.796780894039198,0.44903577926361327,1.2279357018098151,1.2320715615385833,-0.010684955964216718,0.1921324631683902,0.2272869141392572,-0.7963355514589672,1.0904289836912913,-0.5361539616165106,-0.6964334595284776,0.23262274039732755,0.07361512500847775,0.41369818995709984,0.04477698200967093,-0.3781381636812868,-0.3241633985037428,0.886320120359783,0.8752883108723291
0.796780894039198,0.44903577926361327,1.3723987253927767,-0.7054689621240783,-0.010684955964216718,1.2435736229959446,1.2740129423727602,-0.7053423036984792,1.0904289836912913,-0.6010917819650548,-0.7459424602694239,0.17848762442336283,0.05712461464598834,0.41369818995709984,0.07683754991574769,-0.3679140707969774,-0.3266876426346472,0.7439446188129877,0.7328476830458754
0.796780894039198,0.44903577926361327,1.5168617489757383,1.2788792492490784,-0.010684955964216718,0.17769840886309224,0.19316082872983187,-0.7053423036984792,1.0904289836912913,-0.6759778425351068,-0.785196781313065,0.1574391520958798,0.0664284588002662,0.41369818995709984,0.10363049882969218,-0.36663423053587235,-0.3360055448407339,0.889310270507323,0.878279721014022
0.796780894039198,0.44903577926361327,1.6613247725587,-0.7054689621240783,-0.010684955964216718,1.2505997857952988,1.2627315935565573,-0.6750112693215766,1.0904289836912913,-0.7097351006563009,-0.8039410372029979,0.15329969876596497,0.08484329525630893,0.41369818995709984,0.11678120737079238,-0.367484015210837,-0.34481396061552283,0.7429246807757858,0.7318272554477091
0.796780894039198,0.559113631275777,-1.6613247698494156,1.3050545171262955,-0.010684955964216718,0.16800655719281518,0.17478464364679366,-0.8569976202127723,1.0904289836912913,-0.7666725879595764,-0.8354087181158499,0.15376257421039324,0.10229974185399372,0.41369818995709984,0.13883981434128126,-0.36800700927282165,-0.35133478014667957,0.8930575437371912,0.8820286654590123
0.796780894039198,0.559113631275777,-1.516861746266454,-0.7054689621240783,-0.010684955964216718,1.2395546183511028,1.2432121078402711,-1.1603082532413587,1.0904289836912913,-0.8192125677846248,-0.8961597555325272,0.07761231785373063,0.040047163862807295,0.41369818995709984,0.16761554040860877,-0.3632456334686903,-0.35094253410642057,0.7313655030276589,0.7202628191454374
0.796780894039198,0.559113631275777,-1.3723987226834924,1.3088949510226724,-0.010684955964216718,0.15381111617788157,0.15641479946198267,-0.9783219023501628,1.0904289836912913,-0.8761714606612655,-0.9387586689426879,0.04389401545159265,0.016089094376489612,0.41369818995709984,0.1803321469539762,-0.3782016286127082,-0.3692853458962568,0.8842284013353766,0.8731956146755272
0.796780894039198,0.559113631275777,-1.2279356991005308,-0.7054689621240783,-0.010684955964216718,1.2538405116728024,1.2532437232604206,-1.0086529367270654,1.0904289836912913,-0.909052428122819,-0.9753663933679606,-0.016126352950241132,-0.03632384670495903,0.41369818995709984,0.18568904762394123,-0.38800298051314275,-0.38148441445883163,0.7470388148810189,0.7359433899039272
0.796780894039198,0.559113631275777,-1.0834726755175694,1.323675580124467,-0.010684955964216718,0.15423977917264187,0.15472319454649267,-0.8569976202127723,0.6717197683338367,-0.951377935907629,-0.9992859807252258,-0.041525683967156904,-0.056528851444111274,0.41369818995709984,0.17796063254927277,-0.4135094288837286,-0.40887597398956027,0.8952259471251429,0.8841982010833869
0.796780894039198,0.559113631275777,-0.9390096519346078,-0.7054689621240783,-0.010684955964216718,1.2548027434172937,1.2520776268360252,-0.8569976202127723,0.6717197683338367,-0.9684622591497829,-1.0152714243001713,-0.08296539663749272,-0.09389767105691778,0.41369818995709984,0.16334691100087537,-0.43304178342163224,-0.429736745305236,0.749505495241728,0.738411062507284
0.796780894039198,0.559113631275777,-0.7945466283516462,1.333498952896691,-0.010684955964216718,0.15632407151977384,0.15572468963756855,-0.8569976202127723,0.6717197683338367,-1.0008609322864501,-1.0298538187878326,-0.09348792791930265,-0.10180208155100369,0.41369818995709984,0.14844410985776543,-0.45958927180289,-0.45733352969791224,0.9057452056990877,0.8947221290837533
0.796780894039198,0.559113631275777,-0.6500836047686848,-0.7054689621240783,-0.010684955964216718,1.2552864871892129,1.2514980372955877,-0.8569976202127723,1.0904289836912913,-1.0044022168300666,-1.0365084213250582,-0.116479965648805,-0.12446133573496228,0.41369818995709984,0.14183533528348605,-0.46400664616518117,-0.4617689439001118,0.7516753387116243,0.74058203246764
0.796780894039198,0.559113631275777,-0.5056205811857232,1.278916386958905,-0.010684955964216718,0.0970250949206759,0.1001248117549373,-0.7053423036984792,1.0904289836912913,-0.782323406710425,-0.958521335211369,0.5352921345954799,0.014542925611124764,0.3780990291011459,0.09049571620950268,-0.6588123607308912,-0.49775480921238296,0.9154175160794151,0.8992974559591461
0.796780894039198,0.559113631275777,-0.3611575576027617,-0.7054689621240783,-0.010684955964216718,1.2634621984217937,1.2952313695809976,-0.2503763541555997,0.3726417573642265,-0.3921192030624658,-0.7457907220633041,1.2855458871774363,0.2062267666869175,-0.16914622818471473,-0.03765679113330766,-0.8490174056069507,-0.5345561562094578,0.7444693486715199,0.7403488504180992
0.796780894039198,0.559113631275777,-0.21669453401980013,-0.7054689621240783,-0.010684955964216718,-0.6991224441542135,-0.6983308925851475,0.20458959538727972,-0.2853298667689162,0.262558886603382,-0.5450001413391212,1.5159368118855803,0.3133090155242165,-1.4264056810397472,-0.13821064274519096,-0.8674738682057408,-0.5189649178854606,-1.2740310493992413,-1.2860490588430924
0.796780894039198,0.559113631275777,-0.0722315104368386,-0.7054689621240783,-0.010684955964216718,-0.6991224441542135,2.816093398787553,0.6595555449301591,-1.062932695289903,0.6814171258974221,-0.3634534939464192,1.437405687911444,0.5121283751429891,-1.9174419832788268,-0.23069729151030527,-0.8171440262349522,-0.5499859451964423,0.6210843877372723,0.614525004935682
0.796780894039198,0.559113631275777,0.07223151314612293,-0.7054689621240783,-0.010684955964216718,-0.6991224441542135,-0.6983308925851475,0.8112108614444523,-1.5414575128412795,1.240197577962705,-0.191145938908667,1.118027598342686,0.7387913498330582,-2.3605747873830625,-0.32142605642944233,-0.7056791687996782,-0.598751229842456,-1.2740310493992413,-1.2860490588430924
0.796780894039198,0.559113631275777,0.21669453672908448,-0.7054689621240783,-0.010684955964216718,-0.6991224441542135,-0.6983308925851475,1.1145214944730386,-2.1396135347805,1.474537099151471,-0.04776039171644544,0.8537521452440735,0.9031589837298617,-2.3413127726488563,-0.40848148356034164,-0.630450635852424,-0.6528413086626158,-1.2740310493992413,-1.2860490588430924
0.796780894039198,0.559113631275777,0.361157560312046,1.2438607212024546,-0.010684955964216718,0.7673869547260813,-0.6983308925851475,1.1145214944730386,-2.259244739168344,1.719835604979086,0.047561549368008174,0.5275690194453504,1.1270247680721774,-2.1376588509531564,-0.4725094768653507,-0.5458378984692306,-0.7353052957983075,0.999065395867476,0.9732999718659276
0.796780894039198,0.559113631275777,0.5056205838950075,-0.7054689621240783,-0.010684955964216718,2.848099787154629,-0.6983308925851475,1.1145214944730386,-2.3190603413622664,1.674388897027953,0.1416124183165467,0.607841680312612,1.5399038145761388,-1.6266702649873304,-0.5381901464175937,-0.5906561876329508,-0.8703025133822138,0.6523296656771468,0.6614534046686239
0.796780894039198,0.559113631275777,0.6500836074779691,1.7269028395029746,-0.010684955964216718,0.22886787270587142,-0.6983308925851475,0.6595555449301591,-1.062932695289903,1.2945530179787952,0.14283126427919265,0.7856685377467568,1.6985051780828047,-0.1088202280790373,-0.5137494077617941,-0.6071312535592284,-0.8794203917788203,0.8345158725595422,0.8168378902011356
0.796780894039198,0.559113631275777,0.7945466310609306,-0.7054689621240783,-0.010684955964216718,0.7668497069168072,1.7427323489444846,0.35624491190157287,-0.7040390821263706,0.9467833567549752,0.041240770884246034,0.9202314588437583,0.9729067908932805,0.41369818995709984,-0.44525033281202014,-0.6354493059594631,-0.6588383388681891,0.7852618298727924,0.7761547942361681
0.796780894039198,0.559113631275777,0.9390096546438922,1.5528550786033373,-0.010684955964216718,0.390307738471124,-0.6983308925851475,0.20458959538727972,-0.5844078777385264,0.314044641940191,-0.09728139036206161,0.7818248814319739,0.6089869603381549,0.41369818995709984,-0.3472868563664465,-0.5752475476899138,-0.5260834250293436,0.8381362385680501,0.8246531771532768
0.796780894039198,0.559113631275777,1.0834726782268538,-0.7054689621240783,-0.010684955964216718,0.9673393209041012,1.6141026692473301,0.20458959538727972,-0.8236702865142147,0.18126854605210904,-0.21150214857896082,0.6692208396139276,0.09865316486886806,0.41369818995709984,-0.2768976641667699,-0.5447542616571301,-0.3585880812336792,0.7748718186533677,0.7676985640054999
0.796780894039198,0.559113631275777,1.2279357018098151,-0.7054689621240783,-0.010684955964216718,2.8284393134204495,-0.6983308925851475,-0.007727789880818559,-0.46477667335068235,-0.0030769206937399773,-0.30925754703411695,0.7053148949877446,0.09879235359720351,0.41369818995709984,-0.2111817645470579,-0.5560867319200263,-0.3586030342595233,0.538312977822691,0.536681542175963
0.796780894039198,0.559113631275777,1.3723987253927767,1.183900543118074,-0.010684955964216718,-0.3641385016110451,0.7231730344975165,-0.2503763541555997,0.3726417573642265,-0.2942127861864042,-0.40015720160905144,0.882396719017782,-0.10093257124206478,0.41369818995709984,-0.14138955307970083,-0.5977464037172069,-0.2725492373686434,0.889584786127996,0.8678967677501092
0.796780894039198,0.559113631275777,1.5168617489757383,-0.7054689621240783,-0.010684955964216718,1.035167408683888,1.574926608643168,-0.2503763541555997,0.013748144200694123,-0.3686011671757138,-0.4676581190412156,0.7969923635364169,-0.11425108787387347,0.41369818995709984,-0.09153900761086857,-0.5692738841279531,-0.2652112024685271,0.7252179732167723,0.7194505751697082
0.796780894039198,0.559113631275777,1.6613247725587,1.2196271993805718,-0.010684955964216718,0.02667007137273326,0.2464563403501074,-0.4323627050467954,0.25301055297638236,-0.5342481966628342,-0.5429703781726072,0.6554240825824879,-0.03071940417366909,0.41369818995709984,-0.04908484589589973,-0.5408170694200342,-0.3130179764868803,0.8724377304146692,0.8568009495034612
0.796780894039198,0.6691914832879408,-1.6613247698494156,-0.7054689621240783,-0.010684955964216718,1.2150562864337828,1.4106153845185716,-0.40203167066989287,0.013748144200694123,-0.5682001117168187,-0.6032570261026481,0.4737689127709443,-0.01572139945236701,0.41369818995709984,-0.027967316070134418,-0.5140210996971095,-0.3518221621049904,0.7299851844838424,0.7242230207899678
0.796780894039198,0.6691914832879408,-1.516861746266454,-0.7054689621240783,-0.010684955964216718,-0.6991224441542135,2.473786139273458,-0.553686987184186,0.31282615517030443,-0.665869729437527,-0.6613304135006346,0.398001402407925,0.1487829077138262,0.41369818995709984,-0.01372978407779447,-0.5220090756417777,-0.4426758802918354,0.3543844517976769,0.37685942602226885
0.796780894039198,0.6691914832879408,-1.3723987226834924,-0.7054689621240783,-0.010684955964216718,1.448438164359875,0.4611276070446047,-0.59918361106443,0.6119041661399147,-0.7858452924531791,-0.7106163943665397,0.13288629495800142,0.42386679013832534,0.41369818995709984,0.008771611754378475,-0.4490663559024981,-0.5468982537148895,0.5342200849261395,0.4946362368389854
0.796780894039198,0.6691914832879408,-1.2279356991005308,1.4526591521739753,-0.010684955964216718,0.1726513173079384,-0.011026260585093154,-0.553686987184186,0.013748144200694123,-0.8727351972119725,-0.7376420275151221,0.11127265427019434,0.4609371086228944,0.41369818995709984,0.010707093748693318,-0.4631663274460895,-0.5792800063776868,0.8872558136032309,0.8762243175527354
0.796780894039198,0.6691914832879408,-1.0834726755175694,-0.7054689621240783,-0.010684955964216718,1.3092046815326013,1.1526112578052126,-0.8569976202127723,1.0904289836912913,-0.9304927855448047,-0.7820385093484786,0.07014493499334057,0.3827423903194076,0.41369818995709984,0.02692233555594468,-0.46601342881026236,-0.5700899633780934,0.7223892922572609,0.711282646471293
0.796780894039198,0.6691914832879408,-0.9390096519346078,1.3939358212951272,-0.010684955964216718,0.14979547524462208,0.0821174468514288,-0.8266665858358697,0.851166574915603,-0.9767662837671712,-0.8246056635992189,0.05620326299771507,0.30569052886363896,0.41369818995709984,0.03885567635470372,-0.4783006698041696,-0.5617138850896674,0.8944787246061833,0.8834505022268188
0.796780894039198,0.6691914832879408,-0.7945466283516462,-0.7054689621240783,-0.010684955964216718,1.2826088652117877,1.2152727477441334,-0.8569976202127723,0.6717197683338367,-0.9816534437361287,-0.862101232970067,0.021399803246116296,0.21247097427676134,0.41369818995709984,0.047916560145568006,-0.4857122981173869,-0.549978143617741,0.7411814615819516,0.7300833077995176
0.796780894039198,0.6691914832879408,-0.6500836047686848,1.3702600827575495,-0.010684955964216718,0.14511571150584632,0.11328511020697948,-0.7053423036984792,0.6717197683338367,-0.9882670969818287,-0.8765205971060367,0.03310978479328276,0.1718840441859341,0.41369818995709984,0.04564253168098465,-0.501333922067567,-0.5484587861656659,0.8964348959175623,0.8854075512208122
0.796780894039198,0.6691914832879408,-0.5056205811857232,-0.7054689621240783,-0.010684955964216718,1.3197133369794316,1.2904992777635023,-0.34136960191608773,0.1931949507824603,-0.7990123957694891,-0.7726773206695348,0.6140619420400396,0.1772838960562972,0.2340656292017984,-0.018474743301857194,-0.6647098663751462,-0.5324583983808903,0.7368950576741061,0.7324372580500668
0.796780894039198,0.6691914832879408,-0.3611575576027617,-0.7054689621240783,-0.010684955964216718,1.2432528090037895,1.2558620425911995,0.05293427887298657,-0.5844078777385264,-0.4600096546870815,-0.5812500459015905,1.4683007058348592,0.4557275931460984,-0.36871001361275285,-0.1379560693124516,-0.8921557027385698,-0.6078110298198418,0.656290071034803,0.647548746760196
0.796780894039198,0.6691914832879408,-0.21669453401980013,-0.7054689621240783,-0.010684955964216718,-0.6991224441542135,-0.6983308925851475,0.35624491190157287,-1.122748297483825,0.2157877088002731,-0.38642101228016995,1.7299020516237635,0.5945876348459583,-1.7195804713832394,-0.26156438055540693,-0.9546467163818658,-0.6448956174658772,-1.2740310493992413,-1.2860490588430924
0.796780894039198,0.6691914832879408,-0.0722315104368386,-0.7054689621240783,-0.010684955964216718,-0.6991224441542135,-0.6983308925851475,0.6747211344335006,-1.3021951040655912,0.6223497840443025,-0.2351768375291396,1.6388579467126791,0.5809295312564637,-2.2758050753093473,-0.3263700896648889,-0.8916002232371119,-0.5950220752232421,-1.2740310493992413,-1.2860490588430924
0.796780894039198,0.6691914832879408,0.07223151314612293,-0.7054689621240783,-0.010684955964216718,-0.6991224441542135,-0.6983308925851475,0.8112108614444523,-1.3021951040655912,1.005383789539065,-0.10628334766000558,1.2886044453627195,0.46805250349430766,-2.7089207893896354,-0.37064366719298997,-0.7503586956557143,-0.5071015339175605,-1.2740310493992413,-1.2860490588430924
0.796780894039198,0.6691914832879408,0.21669453672908448,-0.7054689621240783,-0.010684955964216718,-0.6991224441542135,-0.6983308925851475,0.9628661779587454,-0.22551426457499413,1.2771623274678507,-0.0008605823616614039,0.9658174443717353,0.4020896235580348,-2.6990686619554305,-0.2909163353975036,-0.4571698595358893,-0.2698267031124147,-1.2740310493992413,-1.2860490588430924
0.796780894039198,0.6691914832879408,0.361157560312046,2.3045330900490266,-0.010684955964216718,-0.6991224441542135,-0.6983308925851475,1.0538594257192335,-1.4218263084534353,1.5552260768760133,0.08035041131274975,0.6799002200334444,0.6415663461181177,-2.6531330154230486,-0.2502120945680567,-0.2650884040433635,-0.2563397239325695,1.0279318384452567,1.0003486798023833
0.796780894039198,0.6691914832879408,0.5056205838950075,-0.7054689621240783,-0.010684955964216718,1.1999307266083696,1.2796631543302612,0.9628661779587454,-1.3021951040655912,1.554818033133738,0.14110427176581994,0.37104039954166734,1.282526247671276,-2.1027476191948526,-0.25722070627792765,-0.12425627905347422,-0.45059903359454806,0.922162499887032,0.915515697805505
0.796780894039198,0.6691914832879408,0.6500836074779691,1.2908146274323156,-0.010684955964216718,0.7228001167757434,-0.6983308925851475,0.8112108614444523,-1.062932695289903,1.235050206492526,0.1475789057329966,0.3361806786863259,1.4973850120149208,-0.9839210278200323,-0.23385496728360086,-0.08958657026243998,-0.5018196484262716,0.9013198338835965,0.890914171958387
0.796780894039198,0.6691914832879408,0.7945466310609306,-0.7054689621240783,-0.010684955964216718,1.0567327943334783,1.4686409965998743,0.6595555449301591,-0.8236702865142147,0.8974408344513636,0.056602323416354884,0.23325013694815486,0.9376903656517818,0.2144327411275325,-0.15014832697692565,-0.032870865378492584,-0.29679546041963756,0.8171416439194683,0.8103612485298821
0.796780894039198,0.6691914832879408,0.9390096546438922,1.4689579421480088,-0.010684955964216718,0.5210850606126486,-0.6983308925851475,0.35624491190157287,-0.5844078777385264,0.266222584269681,-0.08703588553303358,0.32406152547557643,0.5847547058267427,0.41369818995709984,-0.036099429109706115,-0.07619891189829367,-0.1764641272415483,0.8795918775047711,0.8660765953897654
0.796780894039198,0.6691914832879408,1.0834726782268538,-0.7054689621240783,-0.010684955964216718,1.0653589275701172,1.5311928571248172,0.20458959538727972,-0.2853298667689162,0.12700073510198295,-0.21467030117092245,0.2904540403989922,0.17201233259217097,0.3429736969604102,0.06842528544924675,-0.06877953871208928,-0.022924290768845116,0.797221350401494,0.7904993834805926
0.796780894039198,0.6691914832879408,1.2279357018098151,1.604312694638895,-0.010684955964216718,0.4297372707539966,-0.6983308925851475,0.20458959538727972,-0.2853298667689162,-0.07136203757727776,-0.29947643169172533,0.31223731683899303,0.10822448615771825,0.41369818995709984,0.14551663603217913,-0.08173412959504471,-0.0022327703688833646,0.8864020250203772,0.87202642594558
0.796780894039198,0.6691914832879408,1.3723987253927767,-0.7054689621240783,-0.010684955964216718,1.0602973825667583,1.5699876253694658,0.05293427887298657,-0.2853298667689162,-0.16758544124749525,-0.380064240082398,0.27873468200120194,-0.0783814817927765,0.3957125878853705,0.19522336560915107,-0.11928579167869338,0.020569727201334223,0.7900119401667713,0.7830504669191183
0.796780894039198,0.6691914832879408,1.5168617489757383,1.0592057486212563,-0.010684955964216718,0.17084232373061445,0.2944241349524707,0.05293427887298657,0.013748144200694123,-0.31998242082151523,-0.44211740303531255,0.2656863681377327,-0.050834690877087044,0.36502720629834673,0.2540266916481204,-0.1257613660372851,-0.002413940363168744,0.8861104084266131,0.8718565595843591
0.796780894039198,0.6691914832879408,1.6613247725587,-0.7054689621240783,-0.010684955964216718,1.2614643639739238,1.3658851163003154,-0.03805896888750143,0.07356374639461619,-0.3756997904429705,-0.5030300592854848,0.19043799432288433,-0.04716379778881844,0.3741024886290827,0.31021768405406985,-0.10811574861316381,-0.01487414510171714,0.7541250981094855,0.7480575866973395
0.796780894039198,0.7792693353001046,-1.6613247698494156,1.2137327092532493,-0.010684955964216718,0.1972654870428713,0.2446721897629707,-0.09872103764130656,0.3726417573642265,-0.45095108360856745,-0.5425137520360513,0.20519204255891527,0.01078315297343714,0.41369818995709984,0.3537359868480723,-0.10542591119769962,-0.02940653582753443,0.8902178821528529,0.8791876556902218
0.796780894039198,0.7792693353001046,-1.516861746266454,-0.7054689621240783,-0.010684955964216718,1.196921886598066,1.2389673743162721,-0.09872103764130656,0.013748144200694123,-0.520267681558644,-0.5820736667692268,0.17464737787244305,0.0244228098639957,0.41369818995709984,0.3763039819858718,-0.1193866901628854,-0.06097020627929427,0.7114200080756556,0.7003083369727802
0.796780894039198,0.7792693353001046,-1.3723987226834924,-0.7054689621240783,-0.010684955964216718,-0.6991224441542135,2.4900035367327784,-0.09872103764130656,0.07356374639461619,-0.600899800728935,-0.6112469248537279,0.15510943093635401,0.12711474435452122,0.41369818995709984,0.3825425995498932,-0.1429065786123006,-0.13210348390396798,0.4127311718820874,0.40148308162452784
0.796780894039198,0.7792693353001046,-1.2279356991005308,-0.7054689621240783,-0.010684955964216718,2.1064816918872107,-0.6983308925851475,-0.09872103764130656,0.013748144200694123,-0.7145700845401807,-0.6412353346966865,0.026547694238570126,0.31602068026781194,0.3883325594024154,0.3898419799673005,-0.1222892964501319,-0.2299760223957351,0.25751985994335375,0.2064153347586255
0.796780894039198,0.7792693353001046,-1.0834726755175694,1.3718076667428876,-0.010684955964216718,-0.008128365873318921,0.23858304091661764,-0.09872103764130656,0.3726417573642265,-0.8011569666510219,-0.6609316596101338,0.07083541217563691,0.28792551930193344,0.41369818995709984,0.4182074929202613,-0.12043160261005084,-0.2016077485537096,0.9070823217845688,0.89605974983894
0.796780894039198,0.7792693353001046,-0.9390096519346078,-0.7054689621240783,-0.010684955964216718,1.2058516999209878,1.227318148594656,-0.12905207201820915,0.4324573595581485,-0.8453527864086221,-0.6808488871213276,0.08769669447912039,0.20650514414358842,0.41369818995709984,0.4476376295559197,-0.10599924693409984,-0.15061056226757014,0.7268139440317798,0.715709212214905
0.796780894039198,0.7792693353001046,-0.7945466283516462,1.3372660084195456,-0.010684955964216718,0.11692665217091283,0.11614820917097567,0.05293427887298657,0.3726417573642265,-0.8648111215218176,-0.684095378973193,0.12464148593680362,0.1874916284584402,0.41369818995709984,0.485455417871217,-0.07604616579216078,-0.09962291124428775,0.8767264744556746,0.8656901442953594
0.796780894039198,0.7792693353001046,-0.6500836047686848,-0.7054689621240783,-0.010684955964216718,1.2243270960183532,1.2159971822655624,0.05293427887298657,0.3726417573642265,-0.8586509988617943,-0.6825003634111895,0.1281774110629335,0.16369538683097035,0.41369818995709984,0.5237239580086537,-0.03152820559204837,-0.04447290127335074,0.727193045603673,0.7160884916294042
0.796780894039198,0.7792693353001046,-0.5056205811857232,1.3230894501824197,-0.010684955964216718,0.1266279642800149,0.12215503114861019,0.05293427887298657,0.3726417573642265,-0.8450812031965502,-0.6690154243212785,0.16830777440980368,0.18812971654436356,0.41369818995709984,0.5505089439621428,-0.00972423677997959,-0.016653555177168395,0.8751387841118481,0.8641017196485752
0.796780894039198,0.7792693353001046,-0.3611575576027617,-0.7054689621240783,-0.010684955964216718,1.2248909381723243,1.2167998037304213,0.05293427887298657,0.3726417573642265,-0.790851520923981,-0.6238976566895292,0.2139585454511814,0.2201691171372899,0.41369818995709984,0.5402314163344333,-0.00468340014223333,-0.006468160761602808,0.7269647926154676,0.7158600223980879
0.796780894039198,0.7792693353001046,-0.21669453401980013,1.3153863356456152,-0.010684955964216718,0.12969929574455713,0.1265535183535897,0.05293427887298657,0.7315353705277589,-0.7237644472247305,-0.5549506388650884,0.2895811408500151,0.28245104214951094,0.41369818995709984,0.528584259508403,0.008096500827792657,0.011224302759273578,0.8724352102712662,0.8613969717980138
0.796780894039198,0.7792693353001046,-0.0722315104368386,-0.7054689621240783,-0.010684955964216718,1.2234228882986553,1.2176384792281756,0.05293427887298657,1.0904289836912913,-0.6324884066985604,-0.47246998457295863,0.3696125609239558,0.3543269275810945,0.41369818995709984,0.5100107748972071,0.025335512420095404,0.03133547238806757,0.7240968694229682,0.7129907357199506
0.796780894039198,0.7792693353001046,0.07223151314612293,1.3102159411552998,-0.010684955964216718,0.13123567100974012,0.12957707872561655,0.05293427887298657,1.0904289836912913,-0.5531245677501616,-0.39751695682256705,0.478297079181263,0.4614100149047088,0.41369818995709984,0.4739747593092532,0.005826177365792047,0.011589893405636539,0.8669295969871467,0.8558889167244575
0.796780894039198,0.7792693353001046,0.21669453672908448,-0.7054689621240783,-0.010684955964216718,1.222602983600487,1.2179610789759994,0.05293427887298657,-0.2853298667689162,-0.4865224640724679,-0.34084732427096304,0.5194588960967487,0.508158980926483,0.41369818995709984,0.42367008379263377,-0.0272975687228887,-0.024273747173647817,0.7189026738593497,0.7077943413646296
0.796780894039198,0.7792693353001046,0.361157560312046,1.886966010037537,-0.010684955964216718,0.20499235301119856,-0.6983308925851475,0.20458959538727972,0.013748144200694123,-0.44048844070212545,-0.295385851958375,0.5862655470273,0.556226885922183,0.41369818995709984,0.38789950021985825,-0.06517042790013795,-0.05555634408164194,0.8912273795959571,0.8801978380313785
0.796780894039198,0.7792693353001046,0.5056205838950075,-0.7054689621240783,-0.010684955964216718,1.0636217807698698,1.372642941686992,0.20458959538727972,0.7315353705277589,-0.41102968928234407,-0.28671066112291227,0.5930782552259573,0.48987578682193833,0.41369818995709984,0.40201034875040853,-0.04821302849505769,-0.009665941187051443,0.7437916101063831,0.7326946189061505
0.796780894039198,0.7792693353001046,0.6500836074779691,1.8235260106014735,-0.010684955964216718,0.2538819036551418,-0.6983308925851475,0.35624491190157287,0.3726417573642265,-0.4257553859093126,-0.3135831445471784,0.5817518721133998,0.42243130156657666,0.41369818995709984,0.46017567274562166,-0.0020957520231256505,0.06010921161204036,0.8825462056139413,0.8715125238539734
0.796780894039198,0.7792693353001046,0.7945466310609306,-0.7054689621240783,-0.010684955964216718,1.0887346207468682,1.4919878694477506,0.11359634762679172,0.4922729617520706,-0.45446226656463895,-0.39120394168888545,0.48222512715166,0.22207667350453775,0.41369818995709984,0.5557114114596404,0.06502970756145886,0.1721834405768981,0.7508759132221761,0.7450870768799464
0.796780894039198,0.7792693353001046,0.9390096546438922,1.8095444701932444,-0.010684955964216718,0.2822049858734297,-0.6983308925851475,-0.068390003264404,0.5520885639459927,-0.521049653910644,-0.47756627102128896,0.4180533712463902,0.1353042401958002,0.41369818995709984,0.6298349908110458,0.0828809943904577,0.20103151150905257,0.8850280068350679,0.8739953594377046
0.796780894039198,0.7792693353001046,1.0834726782268538,-0.7054689621240783,-0.010684955964216718,1.0859818432807617,1.5412112667073365,-0.2503763541555997,0.7315353705277589,-0.5783925092595242,-0.5815154113225256,0.29425081246065626,-0.06775366774668135,0.41369818995709984,0.7087725417104602,0.1026811924524958,0.2573786303895978,0.7757880707905647,0.7697609342415529
0.796780894039198,0.7792693353001046,1.2279357018098151,1.195255532454503,-0.010684955964216718,0.15503897602138203,0.2697718755356707,-0.31103842290940487,0.4324573595581485,-0.6157512550994245,-0.6376917182644657,0.2632867468190115,-0.07247350721535745,0.41369818995709984,0.737002443033848,0.07911504990051922,0.2214803161271966,0.8874208829961208,0.8763894710957318
0.796780894039198,0.7792693353001046,1.3723987253927767,-0.7054689621240783,-0.010684955964216718,1.20783397720279,1.306419019834967,-0.40203167066989287,0.7315353705277589,-0.6483479297897204,-0.6900202266028471,0.20532502334957975,-0.0711352830561805,0.41369818995709984,0.7545228864502814,0.0538278244625382,0.17015069590417461,0.7561383326679159,0.7450469154724684
0.796780894039198,0.7792693353001046,1.5168617489757383,1.2700566211406865,-0.010684955964216718,0.1660354747636226,0.21188261896831173,-0.40203167066989287,0.7315353705277589,-0.7038960615967566,-0.7310918773244347,0.17594394058142174,-0.03741304042849967,0.41369818995709984,0.7586645910943931,0.018971808449093977,0.10762927761312134,0.898633901046835,0.8876076177110757
0.796780894039198,0.7792693353001046,1.6613247725587,-0.7054689621240783,-0.010684955964216718,1.235459930195661,1.2765669094471506,-0.5840180215610886,0.7913509727216809,-0.7412441046499743,-0.7739970901832279,0.12682543969117796,-0.03350569419932386,0.41369818995709984,0.7640137701057348,-0.008147939991760273,0.05815925035775824,0.7500239247417531,0.7389298823222554
0.796780894039198,0.8893471873122684,-1.6613247698494156,1.3006010419039389,-0.010684955964216718,0.1628148260396255,0.18368480176426816,-0.553686987184186,0.7315353705277589,-0.7922014098943282,-0.8094911267514912,0.10641715052900921,-0.012240842757665552,0.41369818995709984,0.755119384578937,-0.05036373669648099,-0.0018793155116112908,0.8990630454663002,0.8880370988849223
0.796780894039198,0.8893471873122684,-1.516861746266454,-0.7054689621240783,-0.010684955964216718,1.2184979940783247,1.2361109306752085,-0.7053423036984792,1.0904289836912913,-0.824878355484744,-0.8495111964167136,0.0527363855898148,-0.03396434621377861,0.41369818995709984,0.7470792075373498,-0.07930159407103818,-0.04376945892711827,0.7238432349904907,0.7127370631563904
0.796780894039198,0.8893471873122684,-1.3723987226834924,1.2933868175085723,-0.010684955964216718,0.14387077031446738,0.15342378204697316,-0.7053423036984792,1.0904289836912913,-0.8700407706646195,-0.8826585839833568,0.032761136438271395,-0.03064394040529445,0.41369818995709984,0.7309872709662404,-0.11755007958815791,-0.09169000596819853,0.8752991732384183,0.8642621603733471
0.796780894039198,0.8893471873122684,-1.2279356991005308,-0.7054689621240783,-0.010684955964216718,1.23552636349941,1.2418994895031215,-0.7053423036984792,0.31282615517030443,-0.8926738198775512,-0.9112488850527186,-0.013021762952804992,-0.05902837914994241,0.41369818995709984,0.6974593466198908,-0.16532432860859073,-0.14656479357939578,0.7392087293282107,0.7281096614891684
0.796780894039198,0.8893471873122684,-1.0834726755175694,1.3073690755537064,-0.010684955964216718,0.1463818335685946,0.15036238590205336,-0.8569976202127723,0.31282615517030443,-0.934195949736996,-0.9439587019784583,-0.030703093465386105,-0.06437792184138912,0.41369818995709984,0.6557363294558226,-0.23654704113866956,-0.2232103199775658,0.8853669661227579,0.8743344774447258
0.796780894039198,0.8893471873122684,-0.9390096519346078,-0.7054689621240783,-0.010684955964216718,1.2451072652454669,1.2458975044415528,-0.553686987184186,-0.2853298667689162,-0.9443027249862405,-0.9559551951301989,-0.06428585775396221,-0.0887451726495604,0.41369818995709984,0.5867273837350739,-0.3092451519727757,-0.299886619269502,0.7469459295955977,0.7358503629702791
0.796780894039198,0.8893471873122684,-0.7945466283516462,-0.7054689621240783,-0.010684955964216718,1.2801325427913457,1.2788561309195257,-0.40203167066989287,-0.8834858887081368,-0.9949269059950975,-0.9625448678303873,-0.06241560227500151,-0.08053387616408429,0.41369818995709984,0.466316804369523,-0.43689722422164295,-0.43107536618406467,0.675427500005691,0.6642993321607791
0.796780894039198,0.8893471873122684,-0.6500836047686848,-0.7054689621240783,-0.010684955964216718,1.2949503230069852,1.2925107574127022,-0.40203167066989287,-0.3451454689628382,-1.069710621167497,-0.9527729273562726,0.034817224047776055,0.01837816201718703,0.41369818995709984,0.35235284474716055,-0.5545932622456959,-0.5509971164803364,0.6433998975494593,0.6322570859577945
0.796780894039198,0.8893471873122684,-0.5056205811857232,-0.7054689621240783,-0.010684955964216718,1.2629563802926163,1.2659462717453993,-0.09872103764130656,-1.4816419106473573,-0.9214108021204225,-0.804465416212984,1.0323129543497704,0.42781522219694956,0.3539302547826795,0.16693362143143212,-0.9088885008270264,-0.7465683916272478,0.6283823630115825,0.6183708695119841
0.796780894039198,0.8893471873122684,-0.3611575576027617,-0.7054689621240783,-0.010684955964216718,-0.6991224441542135,-0.6983308925851475,0.05293427887298657,-1.8405355238108898,-0.5814260803598832,-0.6248229068673108,1.4476366843829511,0.5378732589671552,-0.5334292542868513,-0.08085440379260812,-1.1059579772262342,-0.8814433844781672,-1.2740310493992413,-1.2860490588430924
0.796780894039198,0.8893471873122684,-0.21669453401980013,-0.7054689621240783,-0.010684955964216718,-0.6991224441542135,2.5008101042437043,0.20458959538727972,-2.019982330392656,-0.12745534258096053,-0.45542731386886215,1.597724260349065,0.6635455879003892,-1.5797378232318224,-0.3019583072289271,-1.2114114148437358,-0.9957913402134104,0.4176440114357965,0.4033352191867418
0.796780894039198,0.8893471873122684,-0.0722315104368386,-0.7054689621240783,-0.010684955964216718,-0.6991224441542135,-0.6983308925851475,0.20458959538727972,-2.019982330392656,0.48190447257394586,-0.31978817853883057,1.4099519741669553,0.8050300917670561,-2.7847579527209025,-0.4444093959275684,-1.2040274314243748,-1.0701746254987274,-1.2740310493992413,-1.2860490588430924
0.796780894039198,0.8893471873122684,0.07223151314612293,-0.7054689621240783,-0.010684955964216718,-0.6991224441542135,-0.6983308925851475,0.20458959538727972,-2.019982330392656,0.7877546629827283,-0.22286275278319476,0.9906959339585486,0.7785062541560006,-3.199146318049342,-0.5495557040057027,-1.1348023582865454,-1.0919071148790118,-1.2740310493992413,-1.2860490588430924
0.796780894039198,0.8893471873122684,0.21669453672908448,-0.7054689621240783,-0.010684955964216718,2.8593093560024063,-0.6983308925851475,0.05293427887298657,-1.8405355238108898,1.0362158422750616,-0.16279206713721275,0.5175920503816512,0.702829510257281,-3.4198335045965544,-0.6244538622377652,-1.043522791209053,-1.0962382913213415,0.7091417984394346,0.6923442888888581
0.796780894039198,0.8893471873122684,0.361157560312046,2.3741948220410305,-0.010684955964216718,-0.6991224441542135,-0.6983308925851475,0.20458959538727972,-2.019982330392656,1.3979961201906166,-0.10396422326321657,0.6455903236010426,0.8055315065835899,-3.6974105556035286,-0.7314140361868964,-1.11226563843576,-1.1582560743651231,1.0992871787549472,1.0733412182731483
0.796780894039198,0.8893471873122684,0.5056205838950075,-0.7054689621240783,-0.010684955964216718,1.0264774700431738,1.55207505951466,0.20458959538727972,-2.199429136974422,1.3863942994266418,-0.04334445703881036,0.7334130541023767,1.40729552684296,-3.0144326755404776,-0.8187274149761827,-1.1658615578857834,-1.3251778937709833,0.837054377007234,0.8357285048859053
0.796780894039198,0.8893471873122684,0.6500836074779691,1.533879502974163,-0.010684955964216718,0.46031193741263887,-0.6983308925851475,0.05293427887298657,-1.6012731150352015,1.0932309247817862,-0.042112201653298,0.751135301781316,1.6940511387760702,-1.5927488087674824,-0.8460116544200393,-1.1718474841633069,-1.3865897542022985,0.8768110792699148,0.8636376095060356
0.796780894039198,0.8893471873122684,0.7945466310609306,-0.7054689621240783,-0.010684955964216718,1.0560758194150743,1.5140001142290935,-0.18971428540179458,-1.003117093095981,0.7676414511093891,-0.13816248612712662,0.6597425485152202,1.1681592297268784,-0.14535300699608797,-0.7957067376015879,-1.1415188842491777,-1.2666008236449877,0.7812546218519394,0.7751472756618338
0.796780894039198,0.8893471873122684,0.9390096546438922,1.5988236693628204,-0.010684955964216718,0.40926298904889175,-0.6983308925851475,-0.2503763541555997,-0.8834858887081368,0.16951621735040967,-0.2603943158680526,0.6037670124960978,0.8023368737223967,0.41369818995709984,-0.7308822069492116,-1.1266840103132625,-1.181622019285989,0.8787184678054234,0.8639386151569807
0.796780894039198,0.8893471873122684,1.0834726782268538,-0.7054689621240783,-0.010684955964216718,1.0757218922590424,1.535501314055794,-0.40203167066989287,-0.8834858887081368,0.04355110733748869,-0.37362489407013294,0.5334636487238432,0.3921468528315183,0.41369818995709984,-0.6694194934199862,-1.108813361301796,-1.0811438618632525,0.7704495070120086,0.7640910041072434
0.796780894039198,0.8893471873122684,1.2279357018098151,1.0794592561687661,-0.010684955964216718,0.18628685801841133,0.2850855115832024,-0.7660043724522843,-0.10588306018714999,-0.19805426816045016,-0.49650884521782496,0.4337774973014992,0.2661114593237708,0.41369818995709984,-0.6117029908322565,-1.0800962328073689,-1.0445356039390346,0.8817417398376872,0.8673896275281289
0.796780894039198,0.8893471873122684,1.3723987253927767,-0.7054689621240783,-0.010684955964216718,1.2745399518219427,1.3529679205497278,-0.7053423036984792,-0.3451454689628382,-0.29166017156259605,-0.5756554935299086,0.3296143259267843,0.17730485821417907,0.41369818995709984,-0.5809131183733887,-1.0523074133945804,-1.0194327242045356,0.7381349682283326,0.7319389287491149
0.796780894039198,0.8893471873122684,1.5168617489757383,1.1805550992768268,-0.010684955964216718,0.15819844724097734,0.19227509433449072,-0.8569976202127723,-0.04606745799322794,-0.48433307527170166,-0.652393386039728,0.2914471341241468,0.1750652612660828,0.41369818995709984,-0.5503404175633031,-1.0427693871757047,-1.0188166161976535,0.8823607950635851,0.8670378054024157
0.796780894039198,0.8893471873122684,1.6613247725587,-0.7054689621240783,-0.010684955964216718,1.2994274231229317,1.3273117030483257,-0.8266665858358697,-0.04606745799322794,-0.5325364197177804,-0.7108401200006791,0.21906807660017433,0.13412700540915581,0.41369818995709984,-0.5275108512396368,-1.0234745420760696,-1.0069965743336493,0.7321287464582513,0.7261452359101281
0.796780894039198,0.999425039324432,-1.6613247698494156,1.2315430219581514,-0.010684955964216718,0.13773530783048862,0.151445054971261,-1.0086529367270654,0.31282615517030443,-0.6732098343293107,-0.7736223321020669,0.19381025078358102,0.1327015786731904,0.41369818995709984,-0.5011136373301401,-1.0163477529804859,-1.0058820321319633,0.8880667597482352,0.8723786578815735
0.796780894039198,0.999425039324432,-1.516861746266454,-0.7054689621240783,-0.010684955964216718,1.3083414690478117,1.3178491963450978,-1.0086529367270654,-0.04606745799322794,-0.710576607259223,-0.8334777612230883,0.09146789331181053,0.048810184343733555,0.41369818995709984,-0.4879366268893541,-0.9998853800404927,-0.9935928119932845,0.7323215374285731,0.7265128357316363
0.796780894039198,0.999425039324432,-1.3723987226834924,-0.7054689621240783,-0.010684955964216718,1.3090024383737198,1.3129133573184504,-1.129977218864456,0.25301055297638236,-0.8130684993046254,-0.8901657435112463,0.1165356247930309,0.08539921168333545,0.41369818995709984,-0.48022775726307604,-1.0182983852964111,-1.0153704855168806,0.672271920444775,0.6630133475009212
0.796780894039198,0.999425039324432,-1.2279356991005308,-0.7054689621240783,-0.010684955964216718,1.3193950457709633,1.3202038181562128,-1.1603082532413587,0.31282615517030443,-0.9496574629483956,-0.9360351445826122,0.2058884868279722,0.18157862296312952,0.41369818995709984,-0.47767285346606747,-1.051196884662386,-1.0507723159791529,0.6486560166366919,0.6385956215645573
0.796780894039198,0.999425039324432,-1.0834726755175694,-0.7054689621240783,-0.010684955964216718,1.3209345745157546,1.3197374215097488,-1.1603082532413587,0.31282615517030443,-1.0876371199367405,-0.9719004104365453,0.30786599956638117,0.2875280767884936,0.41369818995709984,-0.4799632904552255,-1.0855087157808117,-1.086852450367398,0.6273856462957358,0.6169941118750203
0.796780894039198,0.999425039324432,-0.9390096519346078,1.601186847690536,-0.010684955964216718,-0.07719955531471309,-0.0762148866902032,-1.2209703943100538,0.6119041661399147,-1.2510379020688431,-0.9988674655799744,0.3324367579645413,0.3154588944365785,0.41369818995709984,-0.48371143181137716,-1.0958331693109113,-1.0982192421799093,0.8772278029826085,0.8583682689208055
0.796780894039198,0.999425039324432,-0.7945466283516462,-0.7054689621240783,-0.010684955964216718,1.240779219599008,1.2378463454329958,-1.3119635697556518,1.0904289836912913,-1.242418145244317,-1.0257180704721953,0.25644249830461974,0.24229593251104967,0.41369818995709984,-0.47496255128926357,-1.0736443233384598,-1.076249888201833,0.7044568518534449,0.693341972016463
0.796780894039198,0.999425039324432,-0.6500836047686848,1.4967021437084838,-0.010684955964216718,0.07130205663946389,0.07081267339466761,-1.0086529367270654,0.31282615517030443,-1.2186064516479602,-1.026822583460928,0.22363119309009075,0.20993706863200398,0.41369818995709984,-0.4848088725432241,-1.0618996537243655,-1.064397773180946,0.8900814343886102,0.8790511888668526
0.796780894039198,0.999425039324432,-0.5056205811857232,-0.7054689621240783,-0.010684955964216718,1.3040788055452324,1.305792056972237,-0.6143490559379912,0.3726417573642265,-0.972833678585471,-0.9277587076376503,0.8447452539994523,0.2587621267703961,0.41369818995709984,-0.5336481220342264,-1.188166254249999,-1.0549459438738205,0.7175803186137998,0.7133222722367846
0.796780894039198,0.999425039324432,-0.3611575576027617,-0.7054689621240783,-0.010684955964216718,1.247078610464627,1.2818125616169322,0.20458959538727972,-0.8236702865142147,-0.5743361531068061,-0.6702279184520403,1.7270361450967509,0.5626270519666677,-0.05548232406224552,-0.668005223382749,-1.3567659002519625,-1.1079675314776836,0.6528054327495656,0.6440051172656801
0.796780894039198,0.999425039324432,-0.21669453401980013,-0.7054689621240783,-0.010684955964216718,-0.6991224441542135,-0.6983308925851475,0.6595555449301591,-1.9601667281987338,0.19356002763294608,-0.43290512952609556,1.986204624369268,0.7026718748300096,-1.583494524477664,-0.7943491734948662,-1.3948621775013512,-1.1264137141853119,-1.2740310493992413,-1.2860490588430924
0.796780894039198,0.999425039324432,-0.0722315104368386,-0.7054689621240783,-0.010684955964216718,-0.6991224441542135,-0.6983308925851475,0.7202176136839643,-2.079797932586578,0.6264335660878949,-0.26607920540430813,1.8816237569213121,0.6846460960242539,-2.0656322064502,-0.8793923846488809,-1.3650420500123561,-1.1112864530835216,-1.2740310493992413,-1.2860490588430924
0.796780894039198,0.999425039324432,0.07223151314612293,-0.7054689621240783,-0.010684955964216718,-0.6991224441542135,-0.6983308925851475,0.8112108614444523,-2.498507147944032,1.0389263230024386,-0.12304936079759529,1.5085273950108644,0.5674927880542014,-2.4892877254903527,-0.9631738285234701,-1.2965240192376333,-1.0916809774519345,-1.2740310493992413,-1.2860490588430924
0.796780894039198,0.999425039324432,0.21669453672908448,-0.7054689621240783,-0.010684955964216718,-0.6991224441542135,-0.6983308925851475,0.8112108614444523,-2.1396135347805,1.3532765328097351,-0.01292906294142164,1.189561034428587,0.5112722806150946,-2.1575479575178735,-1.0181460053760865,-1.2191469294425632,-1.0682318156915882,-1.2740310493992413,-1.2860490588430924
0.796780894039198,0.999425039324432,0.361157560312046,-0.7054689621240783,-0.010684955964216718,-0.6991224441542135,-0.6983308925851475,0.6595555449301591,-2.079797932586578,1.5015796964776478,0.04607169191164129,0.8496970835697726,0.7341494895917025,-2.0186775356932376,-1.046070901183851,-1.130508148918284,-1.1117463128058584,-1.2740310493992413,-1.2860490588430924
0.796780894039198,0.999425039324432,0.5056205838950075,-0.7054689621240783,-0.010684955964216718,2.874177802123753,-0.6983308925851475,0.4320725701587194,-1.5414575128412795,1.439798529276313,0.0713710383059492,0.49057904861647994,1.0270931305315332,-1.0358596746926239,-1.0449208566526325,-1.0114706343522708,-1.151434894053967,0.7513255788093505,0.7331335257164462
0.796780894039198,0.999425039324432,0.6500836074779691,1.8251392583636066,-0.010684955964216718,0.18366074531657314,-0.6983308925851475,0.20458959538727972,-1.122748297483825,0.9955633138335809,0.052714296544197035,0.5736298145912769,1.2292655969250856,0.41369818995709984,-1.0188397481430302,-0.9981167522397623,-1.1671430477032234,0.9281156186354093,0.9118294543334141
0.796780894039198,0.999425039324432,0.7945466310609306,-0.7054689621240783,-0.010684955964216718,0.7521445059231856,1.8174566379009647,-0.068390003264404,-0.2853298667689162,0.6729298160580937,-0.057583146845632746,0.6591748228319988,0.659615602540701,0.41369818995709984,-0.9540557561984264,-1.0027909982227896,-1.010424501330786,0.8574236160714106,0.8489184536653364
0.796780894039198,0.999425039324432,0.9390096546438922,1.613395645534526,-0.010684955964216718,0.39143226929945785,-0.6983308925851475,-0.2503763541555997,-0.2853298667689162,0.06716613722855208,-0.2027182708423704,0.548995123120682,0.3157900965311116,0.41369818995709984,-0.8780517116703977,-0.9712319316128477,-0.9155735576121301,0.911513633938081,0.8982850196614474
0.796780894039198,0.999425039324432,1.0834726782268538,-0.7054689621240783,-0.010684955964216718,0.9591614022357945,1.6522553822433856,-0.40203167066989287,0.013748144200694123,-0.0547907791717226,-0.33282919515595394,0.4616676608204766,-0.15568321217049672,0.41369818995709984,-0.8084433721990097,-0.9460245213937051,-0.779211930597577,0.8170512787774501,0.8102419937382892
0.796780894039198,0.999425039324432,1.2279357018098151,-0.7054689621240783,-0.010684955964216718,1.1949490697550889,1.4385983448405362,-0.40203167066989287,-0.3451454689628382,-0.21963175503680718,-0.42519612289611186,0.4630426480983087,-0.02919084362092499,0.41369818995709984,-0.7587146841553276,-0.9458278876739791,-0.8154619660330944,0.731556133875064,0.7234355703362021
0.796780894039198,0.999425039324432,1.3723987253927767,1.2358911839647193,-0.010684955964216718,0.08565564465675572,0.19875171922623205,-0.553686987184186,-0.3451454689628382,-0.4737868168443016,-0.5045248570555394,0.45856477570497206,0.09490261558064846,0.41369818995709984,-0.7124602598884994,-0.9427979212531683,-0.8489589110291363,0.8986270606575986,0.8825980968436116
0.796780894039198,0.999425039324432,1.5168617489757383,-0.7054689621240783,-0.010684955964216718,1.2628975153399271,1.3629167374641005,-0.553686987184186,-0.3451454689628382,-0.536907170229301,-0.5681956198616007,0.3789825920200069,0.11703362338598457,0.41369818995709984,-0.6773518085426781,-0.9218510517183297,-0.8552437328045793,0.7394254616608601,0.7337392253108598
0.796780894039198,0.999425039324432,1.6613247725587,1.2515815972526547,-0.010684955964216718,0.10865118586672146,0.15615602792937147,-0.6143490559379912,-0.46477667335068235,-0.6645686719314193,-0.6256190031301161,0.35564361081742474,0.17076550344135885,0.41369818995709984,-0.6453040296336963,-0.9156517111629416,-0.8703493228544215,0.8979838840591301,0.8822266038244397
0.796780894039198,1.1095028913365959,-1.6613247698494156,-0.7054689621240783,-0.010684955964216718,1.2919753303444776,1.3336201107226344,-0.553686987184186,-0.6442234799324486,-0.6915095927841112,-0.6834481978801146,0.23003046742033598,0.10246240819915683,0.41369818995709984,-0.6226264834641776,-0.8927116125107493,-0.8621780360069041,0.7363132645685225,0.7306980232200997
0.796780894039198,1.1095028913365959,-1.516861746266454,-0.7054689621240783,-0.010684955964216718,1.2762667972554693,1.3000877639653932,-0.7053423036984792,0.31282615517030443,-0.7830217635414669,-0.7422612208130479,0.23704690900981892,0.14805174764690746,0.41369818995709984,-0.5869340816849637,-0.8853959345684266,-0.865591226688716,0.6564016773855028,0.6470987750723298
0.796780894039198,1.1095028913365959,-1.3723987226834924,-0.7054689621240783,-0.010684955964216718,1.2976278374264392,1.3115535752754786,-0.644680234944674,0.07356374639461619,-0.8984031553735986,-0.7864989068493023,0.3025143751831016,0.23932182155077356,0.41369818995709984,-0.5541438170389782,-0.8864569821676483,-0.874224540363765,0.639072451306195,0.6290290103791775
0.796780894039198,1.1095028913365959,-1.2279356991005308,-0.7054689621240783,-0.010684955964216718,1.2938348321535285,1.3013538474461317,-0.7053423036984792,0.31282615517030443,-1.0176094555964363,-0.8242852489686218,0.394073354437528,0.3473876148358887,0.41369818995709984,-0.52205260380024,-0.8926042599657347,-0.8854882863242636,0.6114932619765667,0.6010799492567093
0.796780894039198,1.1095028913365959,-1.0834726755175694,-0.7054689621240783,-0.010684955964216718,1.2962464031260126,1.2995373111143305,-0.8569976202127723,0.31282615517030443,-1.1341300252861009,-0.8631132915169311,0.4834790678123488,0.447356145774405,0.41369818995709984,-0.5008675094615201,-0.9162588231509797,-0.9127346498069405,0.5957121239876113,0.5851100524402656
0.796780894039198,1.1095028913365959,-0.9390096519346078,-0.7054689621240783,-0.010684955964216718,1.305421977626411,1.3058916247956396,-0.9176596889665775,0.6119041661399147,-1.242970676606808,-0.8998508756162784,0.5491170221787911,0.5200344626097056,0.41369818995709984,-0.48116859310596766,-0.9340830029245241,-0.9329461564062538,0.5891183487841685,0.5784190799923691
0.796780894039198,1.1095028913365959,-0.7945466283516462,1.7943892346271109,-0.010684955964216718,-0.08589143860118571,-0.08402959832023826,-1.0086529367270654,0.31282615517030443,-1.3108771824114476,-0.9310235492260697,0.5468145791301708,0.5211991201016208,0.41369818995709984,-0.47632397622529704,-0.9495809240422726,-0.9495076077259634,0.8485617118053582,0.8375126139415748
0.796780894039198,1.1095028913365959,-0.6500836047686848,-0.7054689621240783,-0.010684955964216718,1.2375555225113894,1.2355131045018533,-1.0086529367270654,0.31282615517030443,-1.3107320258670645,-0.9466596420473906,0.4707836645087199,0.447735980075224,0.41369818995709984,-0.48452703200347097,-0.9495445661663057,-0.9498185873214174,0.6880215566411941,0.6768991541364513
0.796780894039198,1.1095028913365959,-0.5056205811857232,1.4956357352678566,-0.010684955964216718,-0.04259111521506337,-0.037764832730997476,-0.553686987184186,-0.3451454689628382,-0.9825083288224041,-0.8209710042433263,1.0796677548817781,0.4841564716654559,-0.049446565193576326,-0.5641551887460133,-1.1050081546085206,-0.9635370133360674,0.8873987417362239,0.8697556671819495
0.796780894039198,1.1095028913365959,-0.3611575576027617,-0.7054689621240783,-0.010684955964216718,1.2389556674574922,1.2750341938161638,-0.09872103764130656,-0.5844078777385264,-0.5198375633188357,-0.6193271607693814,1.7347149333166587,0.5860401053480575,-0.7953980364303023,-0.6525399476692927,-1.2227720678388905,-0.9549693629484209,0.6888218821818577,0.6850556081470156
0.796780894039198,1.1095028913365959,-0.21669453401980013,-0.7054689621240783,-0.010684955964216718,-0.6991224441542135,-0.6983308925851475,0.35624491190157287,-1.122748297483825,0.20260053775893314,-0.40832283437559097,1.9363956462967278,0.6763568203114573,-2.0507762137938013,-0.7447647839467083,-1.237562839025852,-0.9449347990544135,-1.2740310493992413,-1.2860490588430924
0.796780894039198,1.1095028913365959,-0.0722315104368386,-0.7054689621240783,-0.010684955964216718,-0.6991224441542135,-0.6983308925851475,0.8112108614444523,-1.7807199216169676,0.6509248866385989,-0.23024922750528662,1.8202352207693726,0.6499570786750624,-2.540415598783571,-0.8238217792529531,-1.1929070846271788,-0.9153685494607019,-1.2740310493992413,-1.2860490588430924
0.796780894039198,1.1095028913365959,0.07223151314612293,-0.7054689621240783,-0.010684955964216718,-0.6991224441542135,-0.6983308925851475,1.1145214944730386,-2.4386915457501104,1.0721022860219322,-0.07005673314777792,1.4629635729479982,0.5454439519077622,-2.6518753219196913,-0.8970655721249579,-1.1005767964477806,-0.8748174603450626,-1.2740310493992413,-1.2860490588430924
0.796780894039198,1.1095028913365959,0.21669453672908448,-0.7054689621240783,-0.010684955964216718,-0.6991224441542135,-0.6983308925851475,1.1145214944730386,-2.4386915457501104,1.377967192762403,0.0495948413300134,1.1592090214003852,0.49220090937419253,-2.7820565440704357,-0.9547253687821721,-1.0224681388584784,-0.8549206174200344,-1.2740310493992413,-1.2860490588430924
0.796780894039198,1.1095028913365959,0.361157560312046,-0.7054689621240783,-0.010684955964216718,-0.6991224441542135,-0.6983308925851475,1.1145214944730386,-2.1396135347805,1.5358165732270574,0.13816831391717652,0.8688744479773292,0.7572858424890518,-2.6114723568546356,-0.9805617972341462,-0.9213917377231272,-0.8997994156096917,-1.2740310493992413,-1.2860490588430924
0.796780894039198,1.1095028913365959,0.5056205838950075,-0.7054689621240783,-0.010684955964216718,-0.6991224441542135,-0.6983308925851475,1.1145214944730386,-2.1396135347805,1.5026814145817913,0.18925186320627743,0.6112412148842142,1.0930786495983185,-1.616416845579496,-0.9833913025159484,-0.8224879885959959,-0.9609869806533449,-1.2740310493992413,-1.2860490588430924
0.796780894039198,1.1095028913365959,0.6500836074779691,1.175453239110926,-0.010684955964216718,0.894956347178029,-0.6983308925851475,0.507900228415866,-1.062932695289903,1.047090542468785,0.14387719926277187,0.1711361735343213,1.2273194701873351,0.41369818995709984,-0.9340103304121501,-0.6599497813831794,-0.9641327505541183,1.0452860859483504,1.020200299594663
0.796780894039198,1.1095028913365959,0.7945466310609306,-0.7054689621240783,-0.010684955964216718,1.0175473413722913,1.5671569645542518,0.35624491190157287,-1.122748297483825,0.7047645861214196,0.026371838202702835,-0.04265431580587339,0.7001161685410551,0.41369818995709984,-0.8615394273079785,-0.5797548486329986,-0.8067551874919416,0.9349849895209835,0.9299469619242317
0.796780894039198,1.1095028913365959,0.9390096546438922,1.4794196529471086,-0.010684955964216718,0.5671391075087598,-0.6983308925851475,0.05293427887298657,-0.5844078777385264,0.05377026184690079,-0.13666839411617035,-0.03661221424029751,0.3078898784686021,0.41369818995709984,-0.7547363408514667,-0.557028809664753,-0.6673518116259656,0.9670574145277383,0.9546230732423804
0.796780894039198,1.1095028913365959,1.0834726782268538,-0.7054689621240783,-0.010684955964216718,1.04573209095176,1.565804519087741,-0.2503763541555997,0.7315353705277589,-0.0885212803262101,-0.29214924073388493,-0.033258711480848364,-0.2338267828087518,0.41369818995709984,-0.6362790998157971,-0.5116836540025548,-0.4457087440119597,0.854829848479098,0.8484590563410214
0.796780894039198,1.1095028913365959,1.2279357018098151,1.0046825671373478,-0.010684955964216718,0.22425748551847913,0.3357689923668087,-0.2503763541555997,0.013748144200694123,-0.2863495825955068,-0.3959395852380194,0.020664999133598462,-0.16789408837982875,0.41369818995709984,-0.571548918179725,-0.5269941922210895,-0.4659668433729612,0.942661706346701,0.9290949663513048
0.796780894039198,1.1095028913365959,1.3723987253927767,-0.7054689621240783,-0.010684955964216718,1.2690772842124032,1.3583227829005466,-0.40203167066989287,-0.3451454689628382,-0.40285342918097966,-0.4926878654599991,-0.02177547923058416,-0.1902481335450277,0.41369818995709984,-0.5153552714536238,-0.5274922305812271,-0.472950773284247,0.789666140489845,0.7838301309775567
0.796780894039198,1.1095028913365959,1.5168617489757383,1.1372695734954017,-0.010684955964216718,0.18151963777849758,0.22031014434933008,-0.2503763541555997,-0.8834858887081368,-0.5658782759308548,-0.5515340590705493,0.029556810847836897,-0.09845149023516966,0.41369818995709984,-0.49604436844389577,-0.5817831448141549,-0.5424394347765861,0.9223156886038797,0.9073977659612973
0.796780894039198,1.1095028913365959,1.6613247725587,-0.7054689621240783,-0.010684955964216718,1.2970972119243427,1.3294900374079008,-0.5233559528072834,-0.4049610711567603,-0.608019829569557,-0.6216893364711625,0.0037977497433543924,-0.08887765348737366,0.41369818995709984,-0.46831854664751504,-0.6068887960076624,-0.5793725417695048,0.7649784556945574,0.7592615948580099
0.796780894039198,1.2195807433487595,-1.6613247698494156,1.2057884687164104,-0.010684955964216718,0.15192996047552013,0.16773660425695744,-0.7053423036984792,0.013748144200694123,-0.7327788693081787,-0.6955491433783935,0.005226440802031759,-0.060307909267050194,0.41369818995709984,-0.4403946160470784,-0.6378923831161465,-0.6195723431330669,0.9141725652383829,0.8987251559025842
0.796780894039198,1.2195807433487595,-1.516861746266454,-0.7054689621240783,-0.010684955964216718,1.2997339413408622,1.3113150317322533,-0.7053423036984792,0.013748144200694123,-0.7517228017364402,-0.7484846045412541,-0.023098467609502578,-0.06922185728472574,0.41369818995709984,-0.42218501459850893,-0.6530351157532959,-0.6408788879873132,0.7473887547935357,0.7417206903316984
0.796780894039198,1.2195807433487595,-1.3723987226834924,-0.7054689621240783,-0.010684955964216718,1.3005918980263045,1.3058002320145796,-0.8266665858358697,-0.04606745799322794,-0.8382889471980839,-0.803112476021674,0.03795676412480991,0.004486959232046336,0.41369818995709984,-0.41012161211231246,-0.7031926343001234,-0.6958804512524064,0.6830971964319289,0.6739909354816772
0.796780894039198,1.2195807433487595,-1.2279356991005308,-0.7054689621240783,-0.010684955964216718,1.3112321586887896,1.312907068824341,-0.8418320307094308,0.013748144200694123,-0.9577889051305265,-0.8436519843831949,0.16323319334040848,0.137174903165176,0.41369818995709984,-0.4102552933272296,-0.7711805715459568,-0.7674467164950013,0.6562607293651835,0.6463232091166954
0.796780894039198,1.2195807433487595,-1.0834726755175694,-0.7054689621240783,-0.010684955964216718,1.3129264181663634,1.3123123868980404,-0.8569976202127723,-0.04606745799322794,-1.0679245936398323,-0.8751408380689939,0.2963188342436821,0.27451644614807513,0.41369818995709984,-0.410816802690248,-0.8336261916281344,-0.8323666868156605,0.6322993859006601,0.6220081406555686
0.796780894039198,1.2195807433487595,-0.9390096519346078,-0.7054689621240783,-0.010684955964216718,1.311542881546198,1.3094471393652234,-0.7205078932018206,-0.22551426457499413,-1.1553496377327572,-0.891307661732185,0.3734374635374912,0.3531530467397112,0.41369818995709984,-0.4152113916542752,-0.8709633637571148,-0.870828469812992,0.608257397847244,0.5970986423827389
0.796780894039198,1.2195807433487595,-0.7945466283516462,-0.7054689621240783,-0.010684955964216718,1.3135316760191906,1.3104639888627503,-1.0086529367270654,0.6717197683338367,-1.2563585248984475,-0.9253266617851442,0.44299579390563826,0.4241753531023461,0.41369818995709984,-0.40814776312671275,-0.9026704434952532,-0.9035337712813731,0.5938412775314448,0.5826757793747602
0.796780894039198,1.2195807433487595,-0.6500836047686848,1.7924605854452902,-0.010684955964216718,-0.07744027092481634,-0.0773687729552024,-0.8569976202127723,0.31282615517030443,-1.3147388816313754,-0.9370140324518594,0.48640379276600154,0.4669557633939296,0.41369818995709984,-0.41163433329699767,-0.9217520894523844,-0.9228036706735453,0.859504174460747,0.8484598759615821
0.796780894039198,1.2195807433487595,-0.5056205811857232,-0.7054689621240783,-0.010684955964216718,1.3036438355912554,1.305685571805314,-0.5233559528072834,0.013748144200694123,-1.0677647207637604,-0.8108913528023827,1.1158964959281912,0.5133483727317125,0.10710410241964823,-0.47627426804790907,-1.0635095116288618,-0.9167149719182319,0.6820030941745845,0.678163828661729
0.796780894039198,1.2195807433487595,-0.3611575576027617,-0.7054689621240783,-0.010684955964216718,1.224211678664688,1.2597351261133194,-0.09872103764130656,-0.5844078777385264,-0.49625731748449087,-0.6112984452678988,1.8831368396356034,0.7371814561077324,-1.0745720656996787,-0.5708093280647051,-1.2117794038782996,-0.9442497771023368,0.607167255815247,0.5978828143542616
0.796780894039198,1.2195807433487595,-0.21669453401980013,-0.7054689621240783,-0.010684955964216718,-0.6991224441542135,-0.6983308925851475,0.35624491190157287,-1.3620107062595133,0.12100316101470215,-0.3991310278802227,2.1184045791090775,0.8634449178932344,-2.0995209041415883,-0.6843616267617089,-1.2531609056540298,-0.9664381170603478,-1.2740310493992413,-1.2860490588430924
0.796780894039198,1.2195807433487595,-0.0722315104368386,-0.7054689621240783,-0.010684955964216718,-0.6991224441542135,-0.6983308925851475,0.6595555449301591,-1.8405355238108898,0.5546640232149922,-0.2324222597687417,2.0109305270232034,0.8405332793283784,-2.488706261610196,-0.7732350218947486,-1.2278219401617883,-0.9578550802258182,-1.2740310493992413,-1.2860490588430924
0.796780894039198,1.2195807433487595,0.07223151314612293,-0.7054689621240783,-0.010684955964216718,-0.6991224441542135,-0.6983308925851475,0.9628661779587454,-2.1396135347805,0.9850672247187556,-0.08327348378036095,1.637761707630663,0.7161203568406856,-2.5567550848002085,-0.8431606732751908,-1.1305166467650336,-0.9090065787403241,-1.2740310493992413,-1.2860490588430924
0.796780894039198,1.2195807433487595,0.21669453672908448,-0.7054689621240783,-0.010684955964216718,-0.6991224441542135,-0.6983308925851475,0.9628661779587454,-2.1396135347805,1.2808581334941977,0.06249047157290106,1.3055825120785172,0.6566767080056664,-2.692842201653229,-0.912151280056709,-1.0414239306295705,-0.8816952021018031,-1.2740310493992413,-1.2860490588430924
0.796780894039198,1.2195807433487595,0.361157560312046,-0.7054689621240783,-0.010684955964216718,-0.6991224441542135,-0.6983308925851475,0.598893476176354,-1.2423795018716692,1.0936884689124688,0.1578575812396415,0.9983977380845331,0.6790735159729443,-1.4289936047880503,-0.9284116453065406,-0.9173852718998696,-0.8386326547759086,-1.2740310493992413,-1.2860490588430924
0.796780894039198,1.2195807433487595,0.5056205838950075,-0.7054689621240783,-0.010684955964216718,1.20466262787667,1.3410170567273199,0.35624491190157287,-0.8236702865142147,0.8065139723407144,0.16495963504514602,0.5064583189273641,0.5950018470857036,0.020488213277749513,-0.8867499188077955,-0.7196345693808452,-0.7516474360723032,0.9147264567562915,0.889178215610663
0.796780894039198,1.2195807433487595,0.6500836074779691,1.6029032557577432,-0.010684955964216718,0.3738865189906309,-0.6983308925851475,0.05293427887298657,-0.2853298667689162,0.28463137736381083,0.07617796352400456,0.2847904226222306,0.5528821640105559,0.41369818995709984,-0.8246458250091662,-0.6321192257104054,-0.7180707416050925,0.986925325064981,0.9735753643743486
0.796780894039198,1.2195807433487595,0.7945466310609306,-0.7054689621240783,-0.010684955964216718,1.088068395621613,1.4968807370979822,0.05293427887298657,-0.6442234799324486,0.04982695387851797,-0.07848420253976136,0.2455824004003538,0.05825237874003158,0.41369818995709984,-0.7249937183433937,-0.6021618418612513,-0.5457891292761903,0.8482477739414542,0.8439335214146956
0.796780894039198,1.2195807433487595,0.9390096546438922,-0.7054689621240783,-0.010684955964216718,1.2452594731945628,1.3517817009441817,-0.09872103764130656,-0.2853298667689162,-0.20930155911556275,-0.24637370562258382,0.23168505533494982,0.09712125037086287,0.41369818995709984,-0.6192036169775356,-0.5836214764717684,-0.5437719877608693,0.7479208650720336,0.7405015047475437
0.796780894039198,1.2195807433487595,1.0834726782268538,1.2611014096141213,-0.010684955964216718,0.1036532885934577,0.1499542102302209,-0.2503763541555997,0.3726417573642265,-0.46901270505967935,-0.36501110427621636,0.2780987610407167,0.15163124572681122,0.41369818995709984,-0.5414209366459793,-0.5837023673674107,-0.5467591255613833,0.9241879751419908,0.9081001807818825
0.796780894039198,1.2195807433487595,1.2279357018098151,-0.7054689621240783,-0.010684955964216718,1.2940875309861435,1.330949806507216,-0.17454869589845315,-0.4049610711567603,-0.5670876908259924,-0.4493027364144084,0.2139201856077205,0.11911558490680936,0.41369818995709984,-0.47768926199064216,-0.5566323151948898,-0.5290033825688187,0.7539035055002734,0.7485866517693205
0.796780894039198,1.2195807433487595,1.3723987253927767,1.265200013387023,-0.010684955964216718,0.11533682542636849,0.13278594005740713,-0.2503763541555997,-0.5844078777385264,-0.7016250640475352,-0.5204637205300017,0.2184594337505946,0.14876278404225962,0.41369818995709984,-0.4375187808135359,-0.5773967499438118,-0.5582664541457776,0.9137128190775968,0.8979315582946126
0.796780894039198,1.2195807433487595,1.5168617489757383,-0.7054689621240783,-0.010684955964216718,1.3061870117793941,1.3189723213930773,-0.553686987184186,0.013748144200694123,-0.7405738426339743,-0.6005370305380635,0.1481219723397082,0.09803771591345711,0.41369818995709984,-0.3961849835044521,-0.5772044189313008,-0.5639670243607021,0.7457945840809588,0.7403922903078204
0.796780894039198,1.2195807433487595,1.6613247725587,1.2789027518577125,-0.010684955964216718,0.11247588360969597,0.11931923472987331,-0.462693739423698,0.4922729617520706,-0.8211323801458222,-0.6572073688487657,0.14385721018782105,0.10755537407812978,0.41369818995709984,-0.3440432771409659,-0.5610451717146051,-0.5520095880273476,0.9094969791850325,0.8935873644173585
0.796780894039198,1.3296585953609235,-1.6613247698494156,-0.7054689621240783,-0.010684955964216718,1.2487453295536213,1.2519074182621246,-0.553686987184186,0.7315353705277589,-0.8262509878767917,-0.7016723093146507,0.10712638141255311,0.07745119990085529,0.41369818995709984,-0.2992829938177603,-0.5333916724437288,-0.5259893726638892,0.7503250818783995,0.7392310928783407
0.796780894039198,1.3296585953609235,-1.516861746266454,-0.7054689621240783,-0.010684955964216718,1.2792577675479924,1.2793296545259807,-0.553686987184186,1.0904289836912913,-0.8790719158522593,-0.7457377901309367,0.11580508288534205,0.09187064906461846,0.41369818995709984,-0.22830816207186727,-0.49049217556254276,-0.48457100804929043,0.6713956305815383,0.6602655695709191
0.796780894039198,1.3296585953609235,-1.3723987226834924,-0.7054689621240783,-0.010684955964216718,1.294223340841276,1.2926195483607987,-0.5233559528072834,0.7913509727216809,-0.955123242322383,-0.7755836366360526,0.19590725555944397,0.17555158332894158,0.41369818995709984,-0.1716123662334148,-0.47995570613442357,-0.4755497825443721,0.6390625507428266,0.6279178098039052
0.796780894039198,1.3296585953609235,-1.2279356991005308,-0.7054689621240783,-0.010684955964216718,1.300461764434467,1.2977662615565888,-0.553686987184186,1.0904289836912913,-1.0458026024909963,-0.8021702876255349,0.29466509877003405,0.27645754196793393,0.41369818995709984,-0.11103523042755752,-0.47418556062373296,-0.4709711226887961,0.6162779342372141,0.6051227276727379
0.796780894039198,1.3296585953609235,-1.0834726755175694,1.6655565457368502,-0.010684955964216718,-0.026423908517022036,-0.02633266486439873,-0.553686987184186,1.0904289836912913,-1.1130502179904862,-0.8170004035566752,0.3818075813806613,0.3648968860714358,0.41369818995709984,-0.06577979574512814,-0.47366880548721013,-0.47134798228217206,0.8547996067582632,0.8437532048913248
0.796780894039198,1.3296585953609235,-0.9390096519346078,-0.7054689621240783,-0.010684955964216718,1.2287053871065716,1.2251305911103867,-0.34136960191608773,0.7913509727216809,-1.1199729142016472,-0.8190781583418691,0.36072415897358057,0.3461198235271948,0.41369818995709984,-0.0272803297544862,-0.43451675145493807,-0.4325245094278282,0.6946862558804043,0.6835667673983656
0.796780894039198,1.3296585953609235,-0.7945466283516462,-0.7054689621240783,-0.010684955964216718,1.2773949020273592,1.2732386191313947,-0.40203167066989287,1.0904289836912913,-1.1328249542349873,-0.8284252318388483,0.3646973863151648,0.3514366652523458,0.41369818995709984,0.026823401804832715,-0.3950030548812443,-0.3931696623797191,0.6318261389716443,0.6206781013905691
0.796780894039198,1.3296585953609235,-0.6500836047686848,1.6096696747244748,-0.010684955964216718,-0.0004647797291323371,-0.0012660460898918288,-0.40203167066989287,1.0904289836912913,-1.1498584392403985,-0.8342145737216421,0.3893806669208103,0.3767237355483724,0.41369818995709984,0.07216667035410296,-0.3682640960289185,-0.36656497874522287,0.8622471705445598,0.8512041705042009
0.796780894039198,1.3296585953609235,-0.5056205811857232,-0.7054689621240783,-0.010684955964216718,1.2364715664540162,1.2322625818965864,-0.12905207201820915,0.5520885639459927,-1.0681841362168862,-0.7665492144195899,0.43853923253644655,0.40921759572417715,0.41369818995709984,0.05808622585438226,-0.35778399206531597,-0.3504542853060319,0.7081081796237598,0.6969948159507022
0.796780894039198,1.3296585953609235,-0.3611575576027617,1.3954767671390953,-0.010684955964216718,-0.0030018591900283866,-0.0011610282382610365,0.20458959538727972,0.013748144200694123,-0.6874947099297882,-0.5643859322493466,0.800611827877195,0.5930775209921503,0.07556699909267654,-0.03577922157866811,-0.44134062996258494,-0.37615636962689347,0.8750552593590663,0.8580311999651863
0.796780894039198,1.3296585953609235,-0.21669453401980013,-0.7054689621240783,-0.010684955964216718,1.2494090318951898,1.2602277248185736,0.35624491190157287,-0.5844078777385264,-0.38982412424320856,-0.34053184995405356,1.1013998848638311,0.7567701734051585,-0.1711889564236557,-0.1727110134744216,-0.534940431905772,-0.4291254049297826,0.6902205617704668,0.6861655792914467
0.796780894039198,1.3296585953609235,-0.0722315104368386,-0.7054689621240783,-0.010684955964216718,-0.6991224441542135,-0.6983308925851475,0.5230658179192075,-0.4049610711567603,0.07201516851995278,-0.13000885126525702,1.2276353101659525,0.8655939583192811,-0.7635263281340653,-0.28057968882095896,-0.5481908339097594,-0.4382255130637917,-1.2740310493992413,-1.2860490588430924
0.796780894039198,1.3296585953609235,0.07223151314612293,1.085515394008909,-0.010684955964216718,0.13998573599498662,0.1709932581439812,0.507900228415866,-0.5245922755446044,0.4569134656699964,0.03806838373769502,1.1209855684940049,0.8729307135779267,-1.2115483426108864,-0.3704310802790152,-0.5036068271538966,-0.429120637298354,0.9309632006704425,0.9113739502067627
0.796780894039198,1.3296585953609235,0.21669453672908448,-0.7054689621240783,-0.010684955964216718,-0.6991224441542135,2.655152388272777,0.4320725701587194,-0.2853298667689162,0.6633949709722023,0.16653347783420247,1.014025538310507,1.0715932762557432,-0.8178867662177726,-0.4134091082712135,-0.43650825948940597,-0.46221991849114996,0.5161060141870717,0.5516666648886341
0.796780894039198,1.3296585953609235,0.361157560312046,-0.7054689621240783,-0.010684955964216718,-0.6991224441542135,-0.6983308925851475,0.35624491190157287,-0.16569866238107206,0.7353370962803625,0.23723642429504344,0.8191532713242662,1.3532408295562055,-0.04416776232181137,-0.42663486168205966,-0.3451738328949222,-0.5284644235068716,-1.2740310493992413,-1.2860490588430924
0.796780894039198,1.3296585953609235,0.5056205838950075,0.9699586290401705,-0.010684955964216718,0.5388351564000959,0.005221740878894095,0.507900228415866,-0.5245922755446044,0.6655703123654476,0.272527202243016,0.586274071436958,1.5416118112003514,0.41369818995709984,-0.4311785751782507,-0.2502064154634438,-0.5752860315036682,0.967070375265239,0.9450906812154131
0.796780894039198,1.3296585953609235,0.6500836074779691,-0.7054689621240783,-0.010684955964216718,1.4542615900366085,1.0920010746448525,0.35624491190157287,-0.5844078777385264,0.5308590188603121,0.2191337034254031,0.41040186113738775,1.5715876969713891,0.41369818995709984,-0.38336630628415697,-0.17853622138300382,-0.5773304785444436,0.759717476330762,0.755616537319098
0.796780894039198,1.3296585953609235,0.7945466310609306,1.6420542959210234,-0.010684955964216718,0.330374597122789,-0.6983308925851475,0.20458959538727972,0.013748144200694123,0.15446207895711783,0.0781957287858487,0.47175203744586636,1.3368517760378642,0.41369818995709984,-0.29801953742551085,-0.1995801169655409,-0.5014815800158826,0.9235111366280693,0.9066185117131392
0.796780894039198,1.3296585953609235,0.9390096546438922,-0.7054689621240783,-0.010684955964216718,1.23175122794428,1.3636818375807718,-0.09872103764130656,0.3726417573642265,-0.026524719542887227,-0.10934775366452715,0.3703933968486267,0.7645890582950865,0.41369818995709984,-0.17450581650069188,-0.1612726843595755,-0.3063671306440354,0.768822394424951,0.7648091966236236
0.796780894039198,1.3296585953609235,1.0834726782268538,1.151470531387293,-0.010684955964216718,0.18930799659918748,0.16510314013619787,-0.2503763541555997,0.7315353705277589,-0.24345950281318793,-0.24933013048507596,0.3723386671325776,0.6222031816395003,0.41369818995709984,-0.07445773352863952,-0.15805856206996222,-0.25158877921400685,0.8878385067600298,0.8730525908876718
0.796780894039198,1.3296585953609235,1.2279357018098151,-0.7054689621240783,-0.010684955964216718,1.3311116941397616,1.294908979449644,-0.22004531977869715,0.851166574915603,-0.348788302253656,-0.3543407324700529,0.29592671139941507,0.4320940178637917,0.41369818995709984,0.019771355765205324,-0.1171806921737492,-0.1692621865476655,0.742911360017799,0.7372396198207947
0.796780894039198,1.3296585953609235,1.3723987253927767,1.2279778018147895,-0.010684955964216718,0.15648221852213207,0.13669340068065983,-0.2503763541555997,0.7315353705277589,-0.5242397532662364,-0.44363760813290337,0.27000142430660196,0.35061662563600804,0.41369818995709984,0.11727056748604864,-0.09793618874852979,-0.12906238518410346,0.8938899111011201,0.8783659860780437
0.796780894039198,1.3296585953609235,1.5168617489757383,-0.7054689621240783,-0.010684955964216718,1.3247801377821375,1.3011004211335138,-0.40203167066989287,1.0904289836912913,-0.5722203459644829,-0.5214044974079444,0.21203373375040963,0.2623282090692555,0.41369818995709984,0.19953880757228867,-0.07563611779457022,-0.09487239994676407,0.734434317651418,0.7287479410008729
0.796780894039198,1.3296585953609235,1.6613247725587,1.2587561722090275,-0.010684955964216718,0.1335767091549844,0.12268373629087719,-0.4930249184303809,1.030613381497369,-0.6731529757750592,-0.5862164726758462,0.21642636204716648,0.24681285829142952,0.41369818995709984,0.2602353877849763,-0.09285684288120917,-0.10447224253869437,0.8941446255950561,0.8783442661331831
0.796780894039198,1.4397364473730871,-1.6613247698494156,-0.7054689621240783,-0.010684955964216718,1.3199035969158015,1.3057392336217162,-0.553686987184186,0.7315353705277589,-0.6894372657126863,-0.6438656988557957,0.16561065119401897,0.18435065872142462,0.41369818995709984,0.289549699541284,-0.11631176045167771,-0.1232324387890493,0.7329308721013456,0.7273006959956824
0.796780894039198,1.4397364473730871,-1.516861746266454,-0.7054689621240783,-0.010684955964216718,1.2859914976716667,1.2752840566487864,-0.7053423036984792,0.6717197683338367,-0.7851810507546882,-0.7190170449127904,0.16124700589009927,0.1715184641524747,0.41369818995709984,0.2983075082311809,-0.20257178929213812,-0.20667053970980415,0.6478209491191169,0.6384491143893185
0.796780894039198,1.4397364473730871,-1.3723987226834924,-0.7054689621240783,-0.010684955964216718,1.2924729494266736,1.2836303556475555,-0.6598456798182352,0.6119041661399147,-0.8733914118204514,-0.751717686970253,0.24810733054104736,0.25343690018209236,0.41369818995709984,0.29909994344740454,-0.2775671155083387,-0.28076971750408275,0.6265183569446523,0.6153677797773001
0.796780894039198,1.4397364473730871,-1.2279356991005308,-0.7054689621240783,-0.010684955964216718,1.2961993111638614,1.288574369716545,-0.7053423036984792,-0.3451454689628382,-0.9770706442634586,-0.7839673489639456,0.3494463649960736,0.3497982629923008,0.41369818995709984,0.2608082383340978,-0.4022580646518353,-0.4050079079273596,0.6053842543576957,0.5942242330760968
0.796780894039198,1.4397364473730871,-1.0834726755175694,-0.7054689621240783,-0.010684955964216718,1.285998225094831,1.2792208635778841,-0.8569976202127723,1.0904289836912913,-1.1150636797351567,-0.8405953417287539,0.4368531043060982,0.4319103893607467,0.41369818995709984,0.2581384748650665,-0.48578114143282713,-0.4877469007122716,0.5836852796280037,0.5730591713351731
0.796780894039198,1.4397364473730871,-0.9390096519346078,1.7251625700086806,-0.010684955964216718,-0.05573944332604785,-0.05775527425197726,-0.553686987184186,-0.9433014909020588,-1.1806677485546948,-0.8517159878395891,0.4688946553285116,0.46195503100963675,0.41369818995709984,0.19433296184914337,-0.5819014692625677,-0.5840240163596261,0.8454298935965268,0.8343792045377275
0.796780894039198,1.4397364473730871,-0.7945466283516462,-0.7054689621240783,-0.010684955964216718,1.2208599503049709,1.2151077795819907,-0.553686987184186,-0.9433014909020588,-1.191801991325472,-0.863234682081827,0.40941814426285694,0.4022279738000549,0.41369818995709984,0.0950647663980517,-0.6838689610621477,-0.6863046635281383,0.6773827712658548,0.6662555615342116
0.796780894039198,1.4397364473730871,-0.6500836047686848,-0.7054689621240783,-0.010684955964216718,1.2787145281274623,1.2731176704280194,-0.7053423036984792,-0.6442234799324486,-1.2111131631217815,-0.8820318699041272,0.38280237998774747,0.3751415118714508,0.41369818995709984,0.012097233602732443,-0.7761934405868055,-0.7789991208674475,0.6233436962979714,0.6121917501042924
0.796780894039198,1.4397364473730871,-0.5056205811857232,-0.7054689621240783,-0.010684955964216718,1.3070992083141,1.3016032910458137,-0.7053423036984792,-0.3451454689628382,-1.2248655750847979,-0.8721124257784821,0.4332285253195253,0.42405544955926194,0.41369818995709984,-0.07408902432937346,-0.8578749586797726,-0.8610578593317114,0.6114977622326433,0.6003404466057489
0.796780894039198,1.4397364473730871,-0.3611575576027617,-0.7054689621240783,-0.010684955964216718,1.3126924299794247,1.307378434419626,-0.553686987184186,0.013748144200694123,-1.2104315293949313,-0.8071070725176648,0.5639188071089067,0.5464912213155392,0.41369818995709984,-0.15978664605171902,-0.9077338693458783,-0.9096001488531801,0.5942857228215703,0.5831206284341215
0.796780894039198,1.4397364473730871,-0.21669453401980013,1.7911300866236735,-0.010684955964216718,-0.08428474074073675,-0.08503848239189297,-0.553686987184186,0.013748144200694123,-1.156225928392398,-0.717059269174296,0.6843465521110466,0.6565576429488975,0.41369818995709984,-0.23753288980664625,-0.9261436475713856,-0.9258933125497734,0.851287786926323,0.8402399013575577
0.796780894039198,1.4397364473730871,-0.0722315104368386,-0.7054689621240783,-0.010684955964216718,1.3050837143804233,1.3010916172417601,-0.553686987184186,0.31282615517030443,-1.0239334646775375,-0.6055923829586963,0.7180682642770477,0.6839417675194239,0.2595810130294407,-0.3115227879431344,-0.9021575607952239,-0.9001125623103405,0.6726794636350724,0.6678734925211839
0.796780894039198,1.4397364473730871,0.07223151314612293,1.5052640902111838,-0.010684955964216718,-0.03517534001009879,-0.03517014765724726,-0.40203167066989287,0.013748144200694123,-0.8310458363106116,-0.5072752002613479,0.7601558320813899,0.7315795290353884,-0.01055283233254922,-0.36644960005133853,-0.8763783207872063,-0.8758099945242815,0.8739546767329716,0.8565644889716773
0.796780894039198,1.4397364473730871,0.21669453672908448,-0.7054689621240783,-0.010684955964216718,1.3053790903037377,1.3017049550339193,-0.40203167066989287,0.013748144200694123,-0.7458891140702373,-0.4419416690198529,0.7181748193977724,0.7033653030127409,0.10525675540401948,-0.40450724238762437,-0.8403506775991145,-0.8431339489760302,0.695385955695195,0.6904972739551489
0.796780894039198,1.4397364473730871,0.361157560312046,1.3890505080652689,-0.010684955964216718,0.007029201770119056,0.00307306724986927,-0.28070738853250227,-0.10588306018714999,-0.09988295731399334,-0.3018844817348915,0.8652191811159875,1.0984164534813512,-1.1874041371887647,-0.4778412821447898,-0.8565432707967267,-0.9277487880175621,0.8759171484028578,0.8589807303848456
0.796780894039198,1.4397364473730871,0.5056205838950075,-0.7054689621240783,-0.010684955964216718,1.3027135591067953,1.2771817145546018,-0.40203167066989287,0.013748144200694123,-0.03048541953962933,-0.243299418990687,0.8276913200376985,1.1905535222352104,-1.0135932349197005,-0.5124999468757996,-0.8407861115692737,-0.9469352538597344,0.6958727033924407,0.6916773226575265
0.796780894039198,1.4397364473730871,0.6500836074779691,1.8929663516083268,-0.010684955964216718,0.10339901302103859,-0.6983308925851475,-0.40203167066989287,0.013748144200694123,-0.14993922170450308,-0.2816828333071104,0.7768270200495005,1.1706671422958623,-0.42065568017001437,-0.4883724179979107,-0.8187566808991383,-0.9339855000576804,0.9118560134203892,0.8935664640930587
0.796780894039198,1.4397364473730871,0.7945466310609306,-0.7054689621240783,-0.010684955964216718,1.186841473682048,1.423178538050787,-0.37170063629299027,0.13337934858853825,-0.3154384189505696,-0.40477357187058427,0.5675527629461034,0.6732024347933974,0.20988983519866206,-0.40177594695143815,-0.7327464242125094,-0.769346834329803,0.7347390749929258,0.7308406371976748
0.796780894039198,1.4397364473730871,0.9390096546438922,1.251059157585914,-0.010684955964216718,0.11693479865990104,0.14817378033543238,-0.40203167066989287,0.3726417573642265,-0.5124125050577586,-0.52683390215064,0.48431445995883077,0.5140241927018232,0.41369818995709984,-0.31662246086020834,-0.6907827661505883,-0.704675647685507,0.8821915854351048,0.8667115964192268
0.796780894039198,1.4397364473730871,1.0834726782268538,-0.7054689621240783,-0.010684955964216718,1.3041389318897647,1.3213575472088592,-0.40203167066989287,0.3726417573642265,-0.6017252531518331,-0.6191471921993323,0.3156172452683819,0.3046088815169358,0.41369818995709984,-0.2355974078123314,-0.6041918591252935,-0.6043046536146536,0.7217441355461186,0.7160657471588427
0.796780894039198,1.4397364473730871,1.2279357018098151,1.3264716729150414,-0.010684955964216718,0.15932045528562452,0.16527680738185876,-0.34136960191608773,0.1931949507824603,-0.6654175367001858,-0.66984892581629,0.28422354937997496,0.26805087817099904,0.41369818995709984,-0.1854983214565593,-0.5699197204809263,-0.5679616493662791,0.8784779741206896,0.867442493054299
0.796780894039198,1.4397364473730871,1.3723987253927767,-0.7054689621240783,-0.010684955964216718,1.2541995878842052,1.2555736103280377,-0.40203167066989287,0.3726417573642265,-0.6997848536622899,-0.7126645072696077,0.2351502278609185,0.21945388831036136,0.41369818995709984,-0.1388896661003838,-0.5286972037367909,-0.5262992687067458,0.7304393503270935,0.71933623810148
0.796780894039198,1.4397364473730871,1.5168617489757383,1.3316356086732128,-0.010684955964216718,0.15720194768474208,0.15817353405209297,-0.40203167066989287,0.3726417573642265,-0.7426996836388124,-0.7407261947743942,0.23301060103676563,0.2180527776775389,0.41369818995709984,-0.10386301607560389,-0.5096026496580146,-0.5072857378591186,0.8849794040694405,0.8739467969194786
0.796780894039198,1.4397364473730871,1.6613247725587,-0.7054689621240783,-0.010684955964216718,1.2553911827122097,1.2529093849902586,-0.37170063629299027,0.13337934858853825,-0.7640283307247983,-0.7654397611171698,0.19304816856015763,0.17996705226517332,0.41369818995709984,-0.08213740563324795,-0.492109132933944,-0.4900576849814881,0.7348886635049121,0.7237875973670554
0.796780894039198,1.5498142993852508,-1.6613247698494156,1.3359170304476284,-0.010684955964216718,0.15539079922968577,0.15482396766459947,-0.2503763541555997,0.3726417573642265,-0.7994525478718125,-0.7823829197884157,0.17384864068749037,0.16246784286540955,0.41369818995709984,-0.04495617155071497,-0.457647890307477,-0.45578773356246055,0.8902279627264644,0.8791979009472315
0.796780894039198,1.5498142993852508,-1.516861746266454,-0.7054689621240783,-0.010684955964216718,1.2349028154648543,1.231131072189794,-0.40203167066989287,0.7315353705277589,-0.8163836874795712,-0.8064556568699971,0.1306443752179528,0.12115394513923991,0.41369818995709984,0.0013378262165580784,-0.4085716420837818,-0.4067311899782655,0.720307473796223,0.7091997857212206
0.796780894039198,1.5498142993852508,-1.3723987226834924,-0.7054689621240783,-0.010684955964216718,1.2747476610121453,1.2704567989537654,-0.37170063629299027,0.6717197683338367,-0.8689571135130029,-0.8254271671895606,0.1538682768901522,0.14494012493092648,0.41369818995709984,0.046843249596919156,-0.3828089674985421,-0.38109953657623497,0.6583924106635503,0.6472565520302793
0.796780894039198,1.5498142993852508,-1.2279356991005308,-0.7054689621240783,-0.010684955964216718,1.289059833330581,1.2845061332605563,-0.40203167066989287,0.7315353705277589,-0.959582959748203,-0.8403751448901057,0.23754814429770812,0.22797123230091243,0.41369818995709984,0.07963544465756052,-0.3889020311857193,-0.3874933637429764,0.6280048815318767,0.6168549812848285
0.796780894039198,1.5498142993852508,-1.0834726755175694,-0.7054689621240783,-0.010684955964216718,1.2946349750461512,1.2899180112913025,-0.40203167066989287,0.3726417573642265,-1.0452902065785652,-0.8521676736624574,0.3419448844970517,0.3311956056016368,0.41369818995709984,0.10126863649826795,-0.4174053151315604,-0.41639929638383205,0.606676727902897,0.5955171845107212
0.796780894039198,1.5498142993852508,-0.9390096519346078,-0.7054689621240783,-0.010684955964216718,1.297896093425122,1.293069804539048,-0.462693739423698,0.6717197683338367,-1.1356237329524959,-0.8671036534583325,0.4359759425522921,0.4240797656624049,0.41369818995709984,0.11893627403220938,-0.44835339731697077,-0.44771418315922873,0.5904981272972558,0.5793311127713728
0.796780894039198,1.5498142993852508,-0.7945466283516462,1.73171100676556,-0.010684955964216718,-0.06676006618729222,-0.06769444880871509,-0.40203167066989287,0.3726417573642265,-1.1970383297099505,-0.8717122603697849,0.5014945551835227,0.48880336282470316,0.41369818995709984,0.1251285616444906,-0.4742776385581342,-0.473925753911388,0.8403636853157269,0.8293106709898875
0.796780894039198,1.5498142993852508,-0.6500836047686848,-0.7054689621240783,-0.010684955964216718,1.2261592676707984,1.221438616218624,-0.40203167066989287,0.3726417573642265,-1.1851435201605387,-0.8586401903523393,0.48399990924245134,0.47179131397411345,0.41369818995709984,0.11575060724640406,-0.4740655150924341,-0.47377839075814154,0.6840935531272894,0.6729694833578098
0.796780894039198,1.5498142993852508,-0.5056205811857232,-0.7054689621240783,-0.010684955964216718,1.278267364719,1.2733520216418384,-0.068390003264404,0.3726417573642265,-1.146471007255345,-0.8072249342870695,0.5051771001557699,0.4927652106643718,0.41369818995709984,0.10717570534514832,-0.4541381720321924,-0.45375282178454224,0.6226873789517592,0.6115352340351107
0.796780894039198,1.5498142993852508,-0.3611575576027617,-0.7054689621240783,-0.010684955964216718,1.277296723695553,1.2750815671384563,0.20458959538727972,0.013748144200694123,-0.9357813000143611,-0.5926247652877891,0.9960731315708021,0.7962041848124843,0.3858370615022659,0.00948731298803236,-0.5557990959427028,-0.49822875511848597,0.5981888849219321,0.5881344523095297
0.796780894039198,1.5498142993852508,-0.21669453401980013,-0.7054689621240783,-0.010684955964216718,1.4908547776437537,-0.6983308925851475,0.507900228415866,-0.5245922755446044,-0.4653168990333324,-0.34051914629028535,1.61882302669353,0.9379938976979109,-0.6320499741617243,-0.09351020227631651,-0.6786917286056856,-0.4760863577906048,-0.19053607563762465,-0.1983679053725208
0.796780894039198,1.5498142993852508,-0.0722315104368386,-0.7054689621240783,-0.010684955964216718,-0.6991224441542135,-0.6983308925851475,0.8718729301982574,-1.122748297483825,0.07682339543712592,-0.11830524813928253,1.7949859193624371,0.9413914442474002,-1.779051239906634,-0.16440347400300015,-0.6668177626397802,-0.40713622193917387,-1.2740310493992413,-1.2860490588430924
0.796780894039198,1.5498142993852508,0.07223151314612293,-0.7054689621240783,-0.010684955964216718,-0.6991224441542135,-0.6983308925851475,0.9628661779587454,-1.3021951040655912,0.2895031520769121,0.06389916673297132,1.6617127414466881,0.8314751116644759,-1.878322450560918,-0.25887169341233757,-0.6129880986203015,-0.3533326344257668,-1.2740310493992413,-1.2860490588430924
0.796780894039198,1.5498142993852508,0.21669453672908448,-0.7054689621240783,-0.010684955964216718,-0.6991224441542135,-0.6983308925851475,1.1145214944730386,-1.9003511260048118,0.2671102466401719,0.19143477609710777,1.3984235625455037,0.6922721290616689,-1.5787527274831463,-0.34160226780865205,-0.5568506775860516,-0.33130032604178156,-1.2740310493992413,-1.2860490588430924
0.796780894039198,1.5498142993852508,0.361157560312046,-0.7054689621240783,-0.010684955964216718,-0.6991224441542135,-0.6983308925851475,1.1448526734797215,-1.7209043194230456,0.002450399703672619,0.15613835207634935,1.018797502837044,0.3987784410990186,-0.6033254244924926,-0.29407763069827897,-0.4175111617290497,-0.2055484126399361,-1.2740310493992413,-1.2860490588430924
0.796780894039198,1.5498142993852508,0.5056205838950075,-0.7054689621240783,-0.010684955964216718,-0.6991224441542135,2.7846494609241197,0.9628661779587454,-1.3021951040655912,-0.2133425300124246,0.08935730892438133,0.6371682068589589,0.067214958963993,0.41369818995709984,-0.20432517299133462,-0.24761381923103887,-0.03574011746986039,0.7377625270354327,0.709556115760018
0.796780894039198,1.5498142993852508,0.6500836074779691,-0.7054689621240783,-0.010684955964216718,-0.6991224441542135,-0.6983308925851475,0.8112108614444523,-1.062932695289903,-0.4543572454703156,-0.05310863416284445,0.18129726984663289,0.11162790211141452,0.41369818995709984,-0.06830815634061885,-0.04284045313103407,-0.015138965356521844,-1.2740310493992413,-1.2860490588430924
0.796780894039198,1.5498142993852508,0.7945466310609306,0.9686066011114076,-0.010684955964216718,0.4598734986310928,0.02863343762021715,0.35624491190157287,-0.3451454689628382,-0.817000435562158,-0.22933032915938908,-0.533262222174466,-0.0755289513482151,0.41369818995709984,0.0729026409416432,0.26566881743392023,0.07731255949045011,1.0798271714284882,1.058966303067975
0.796780894039198,1.5498142993852508,0.9390096546438922,-0.7054689621240783,-0.010684955964216718,1.4375178747081694,1.1836470724009314,0.20458959538727972,0.3726417573642265,-0.8910262596525933,-0.3799146191535729,-0.5832732287559002,-0.19505852953575337,0.41369818995709984,0.2172421577773632,0.33112310553619445,0.16898067580950143,0.873757025486087,0.870703353455347
0.796780894039198,1.5498142993852508,1.0834726782268538,1.195580621972406,-0.010684955964216718,0.2160031475276636,0.11385987856859951,0.11359634762679172,0.3726417573642265,-0.9764204499724886,-0.47763684693111214,-0.5056985435453891,-0.20602089962164274,0.41369818995709984,0.33136972004180837,0.33562287674165303,0.21103616935137176,1.0047742407160152,0.989964292202489
0.796780894039198,1.5498142993852508,1.2279357018098151,-0.7054689621240783,-0.010684955964216718,1.2938802422598885,1.1977592916488184,0.02260324449608401,0.7315353705277589,-0.9823384220838173,-0.5376990634679154,-0.45771975622641725,-0.21151382347300127,0.41369818995709984,0.4106672932745376,0.34599541302488035,0.2441488865963755,0.8250082715516185,0.8139483179141191
0.796780894039198,1.5498142993852508,1.3723987253927767,1.2799948158176886,-0.010684955964216718,0.20055614301417354,0.1558552806985785,0.03776868936964514,0.6717197683338367,-0.9869626948548827,-0.5859871009689209,-0.3635582747034097,-0.1735748331658086,0.41369818995709984,0.4814005818866182,0.33282611705189585,0.25539096150492613,0.9642604153710063,0.9532641423526135
0.796780894039198,1.5498142993852508,1.5168617489757383,-0.7054689621240783,-0.010684955964216718,1.2728683973975488,1.2262551834736586,0.05293427887298657,0.7315353705277589,-0.9770371980550754,-0.6211706035339624,-0.296428548646821,-0.15504680105720392,0.41369818995709984,0.5461080811504841,0.3334050463076756,0.27694607332501614,0.7960143817217483,0.784941331552829
0.796780894039198,1.5498142993852508,1.6613247725587,1.3060279915877429,-0.010684955964216718,0.1778367415019114,0.1555528041319054,-0.022893379384159997,0.851166574915603,-0.9747387746149798,-0.6519918091128342,-0.21281687651652892,-0.11052066225722043,0.41369818995709984,0.6069957724141002,0.32295742778354636,0.2833227803607187,0.9431057916163404,0.9320999002322505
0.796780894039198,1.6598921513974148,-1.6613247698494156,-0.7054689621240783,-0.010684955964216718,1.2630434163298063,1.2377186890025702,0.20458959538727972,0.7315353705277589,-0.9523913560216408,-0.6627878060384829,-0.15237454983662516,-0.0793407101374497,0.41369818995709984,0.6641577633919388,0.3389568294272044,0.3118267149879387,0.7790359956061726,0.7679551052410227
0.796780894039198,1.6598921513974148,-1.516861746266454,-0.7054689621240783,-0.010684955964216718,1.2580638617962645,1.239903311856255,0.20458959538727972,0.7315353705277589,-0.9535793653434131,-0.6694473488893962,-0.044933742948417114,0.0054378027135668005,0.41369818995709984,0.7184752883743923,0.33619578220733176,0.31843486885844596,0.669444319546722,0.6583134383002903
0.796780894039198,1.6598921513974148,-1.3723987226834924,-0.7054689621240783,-0.010684955964216718,1.2289814216882884,1.2150507639020633,0.26525166414108486,0.6119041661399147,-0.9959878197250135,-0.6740877149602689,0.15078840768072418,0.17618631746960384,0.41369818995709984,0.7824313737334713,0.30209467617476127,0.29398883870849113,0.6374710801838956,0.6273270682847257
0.796780894039198,1.6598921513974148,-1.2279356991005308,-0.7054689621240783,-0.010684955964216718,-0.6991224441542135,1.864033417606278,0.23492077439396258,0.6717197683338367,-1.0517025136497982,-0.6774908853319417,0.2226167883407912,0.38535679065043127,0.41369818995709984,0.8496595119342045,0.3184169959949059,0.24982171786480656,0.02893466283432884,0.032057760222416055
0.796780894039198,1.6598921513974148,-1.0834726755175694,-0.7054689621240783,-0.010684955964216718,1.176390632028037,0.2697607658627437,0.20458959538727972,1.0904289836912913,-1.1081383078273253,-0.6725802135264463,0.11837945460205186,0.5814703549298154,0.41369818995709984,0.9089517154847662,0.4178540656813378,0.21724579257655507,0.28439124899725354,0.24356893968375057
0.796780894039198,1.6598921513974148,-0.9390096519346078,1.5147681145607435,-0.010684955964216718,0.10333452436304805,-0.08935679129697471,0.14392752663347458,0.7913509727216809,-1.1445993574342195,-0.680076080908764,0.0971400354982301,0.560177833439753,0.41369818995709984,0.9413276648852413,0.44227494102157633,0.24043641868716156,0.9004701855363333,0.8894447971980555
0.796780894039198,1.6598921513974148,-0.7945466283516462,-0.7054689621240783,-0.010684955964216718,1.2826870715060745,1.1128644115523663,0.05293427887298657,1.0904289836912913,-1.1405383188123277,-0.693466448279512,0.057031835616470676,0.4464983742738799,0.41369818995709984,0.9922906117995033,0.4821066076584594,0.3104594883205386,0.722597024077757,0.7114904202834498
0.796780894039198,1.6598921513974148,-0.6500836047686848,1.4245168415405274,-0.010684955964216718,0.09899528386397946,0.023450513179179094,0.05293427887298657,1.0904289836912913,-1.1209783072256472,-0.7034225918782651,0.06056776074260058,0.3621726440331113,0.41369818995709984,1.041483368474357,0.49921632289895107,0.3659345640706958,0.8868475503719612,0.8758157367031886
0.796780894039198,1.6598921513974148,-0.5056205811857232,-0.7054689621240783,-0.010684955964216718,1.2510427445642835,1.175301821484514,0.08326531324988914,0.9707977793034471,-1.0567087421206,-0.6804056704076381,0.08460233377327384,0.31063424417849317,0.41369818995709984,1.0556994246036506,0.5016946822547975,0.402317226344135,0.7311842327128932,0.7200814780963657
0.796780894039198,1.6598921513974148,-0.3611575576027617,1.3740002268964717,-0.010684955964216718,0.10705741727266668,0.07094745678508398,0.05293427887298657,0.7315353705277589,-0.9651223207806335,-0.6200590329542476,0.16825066086509524,0.325790722813382,0.41369818995709984,1.0182841277440966,0.4539929338509376,0.38604616712052875,0.8803758221133158,0.869341144083337
0.796780894039198,1.6598921513974148,-0.21669453401980013,-0.7054689621240783,-0.010684955964216718,1.3008618358807782,1.2623718916934865,0.05293427887298657,1.0904289836912913,-0.8171950924949484,-0.5089040922600664,0.2957519610014265,0.3744287985034681,0.41369818995709984,0.9498610628713965,0.4027483363262376,0.369992901969,0.7215562048523596,0.716440928470538
0.796780894039198,1.6598921513974148,-0.0722315104368386,1.3018273039651242,-0.010684955964216718,0.06498994673942465,0.04793183036443234,-0.007727789880818559,0.851166574915603,-0.6601584548940067,-0.43050484283300994,0.4179263575424863,0.45159385561179866,0.41369818995709984,0.8980506639232193,0.331822940864716,0.31836530478169284,0.8772755056970205,0.8611715761438002
0.796780894039198,1.6598921513974148,0.07223151314612293,-0.7054689621240783,-0.010684955964216718,1.2239631844715508,1.2047263142728757,-0.09872103764130656,1.0904289836912913,-0.6004362362807435,-0.3848542270820958,0.43969855224993176,0.463725914107495,0.41369818995709984,0.8717391121640757,0.314196900758423,0.30478102257860107,0.7255671930883169,0.7144619546265439
0.796780894039198,1.6598921513974148,0.21669453672908448,1.3295252179452357,-0.010684955964216718,0.1233623259136055,0.11499196472068535,-0.09872103764130656,0.7315353705277589,-0.566903067755717,-0.35911589852868786,0.47944531716219285,0.5003853742975799,0.41369818995709984,0.8457209834326204,0.26781199589771726,0.25931840624946434,0.8700516946428528,0.8590122857764354
0.796780894039198,1.6598921513974148,0.361157560312046,-0.7054689621240783,-0.010684955964216718,1.2246291993648322,1.2128479044154608,-0.1593831063951117,0.9707977793034471,-0.5522195133513114,-0.3625818814601032,0.4663697251878181,0.4879573301325919,0.41369818995709984,0.8420585042268217,0.24316028031539338,0.23438477743067923,0.7190333612958143,0.7079250708440734
0.796780894039198,1.6598921513974148,0.5056205838950075,1.3239784228983196,-0.010684955964216718,0.13274429565436974,0.1271007745534801,-0.2503763541555997,1.0904289836912913,-0.5884283785469961,-0.40533394459458016,0.43163190339058577,0.4521891808956431,0.41369818995709984,0.8584887459663676,0.21465914772315983,0.2064540421274841,0.8695746674987326,0.8585350617049234
0.796780894039198,1.6598921513974148,0.6500836074779691,-0.7054689621240783,-0.010684955964216718,1.239569755053223,1.2299989336335906,-0.2503763541555997,1.0904289836912913,-0.6353286587144643,-0.4698544413549124,0.36854189507091356,0.3830693999823644,0.41369818995709984,0.8923351887309314,0.20193152464579622,0.19665894335750222,0.7276122894597696,0.7165079324513814
0.796780894039198,1.6598921513974148,0.7945466310609306,1.3265936711888682,-0.010684955964216718,0.13931146949673015,0.13501101888986394,-0.31103842290940487,1.0904289836912913,-0.7207823832852818,-0.5643760516219714,0.29269425525710924,0.30083401612557326,0.41369818995709984,0.9447734550459216,0.18949713106513563,0.18738633364998689,0.8732564170001254,0.8622186414101919
0.796780894039198,1.6598921513974148,0.9390096546438922,-0.7054689621240783,-0.010684955964216718,1.2545670733745637,1.246881234536769,-0.40203167066989287,0.7315353705277589,-0.7860687131251791,-0.6552206569872437,0.21291260038614732,0.2172025525538513,0.41369818995709984,0.9846394133110685,0.16605684269919813,0.16598551971976672,0.7396772959909069,0.7285784844499325
0.796780894039198,1.6598921513974148,1.0834726782268538,1.3369441482677145,-0.010684955964216718,0.14844951758978933,0.14533609736846262,-0.553686987184186,1.0904289836912913,-0.8431085458261073,-0.7356355543988496,0.14430985634065976,0.14623055537013283,0.41369818995709984,0.9963541346500533,0.11796139658516473,0.11905512304219114,0.888035257955699,0.8770039816111739
0.796780894039198,1.6598921513974148,1.2279357018098151,-0.7054689621240783,-0.010684955964216718,1.2556340006420519,1.2492543025972724,-0.553686987184186,0.910982177109525,-0.8729940708648587,-0.7997452993640111,0.05568242156761252,0.056647515932597564,0.41369818995709984,0.9673081505309078,0.056158600960909716,0.05784133602568091,0.7415535427543655,0.73045541553411
0.796780894039198,1.6598921513974148,1.3723987253927767,1.3415434831909845,-0.010684955964216718,0.15299983099064277,0.15056225520650438,-0.553686987184186,-1.4218263084534353,-0.9327209719472955,-0.8775630032941247,-0.008238716693712686,-0.007905030021384842,0.41369818995709984,0.8362344432101426,-0.15824637523989746,-0.15733812363431093,0.898241478716955,0.8872150194624638
0.796780894039198,1.6598921513974148,1.5168617489757383,-0.7054689621240783,-0.010684955964216718,1.256121949053449,1.2504472299298688,-0.553686987184186,1.0904289836912913,-0.9441542238210189,-0.9075986989966649,-0.052348274468927695,-0.05245464643819598,0.41369818995709984,0.7335402443485931,-0.2627918340673513,-0.2621701037486626,0.7449607766350853,0.7338644223515184
0.796780894039198,1.6598921513974148,1.6613247725587,1.3409360035510176,-0.010684955964216718,0.15327470929650303,0.15119734070745924,-0.553686987184186,0.910982177109525,-0.9676495162860703,-0.9233067792460055,-0.056523530319406066,-0.057381592026744706,0.41369818995709984,0.6824918765858101,-0.28786779658107525,-0.2871221529616035,0.9023997153317388,0.8913750036186834
0.796780894039198,1.7699700034095784,-1.6613247698494156,-0.7054689621240783,-0.010684955964216718,1.2558000839014245,1.2504908301556956,-0.553686987184186,1.0904289836912913,-0.9739648293529919,-0.9407616132634692,-0.09842782331610177,-0.09918348878840368,0.41369818995709984,0.6679075938609144,-0.25007819478843646,-0.24885020837933658,0.7483399289178871,0.7372449473544398
0.796780894039198,1.7699700034095784,-1.516861746266454,-0.7054689621240783,-0.010684955964216718,1.2832624764186096,1.2780034111182599,-0.553686987184186,1.0904289836912913,-1.0272566799424954,-0.9651639398439248,-0.10642201469335497,-0.10746941055593916,0.41369818995709984,0.6632268209241584,-0.21373860532725644,-0.2120928536177162,0.6716215434365839,0.6604915799405531
0.796780894039198,1.7699700034095784,-1.3723987226834924,-0.7054689621240783,-0.010684955964216718,1.2970955300685516,1.2918716367946936,-0.644680234944674,0.7913509727216809,-1.1298723229589156,-1.0034019677861123,-0.07936212867506479,-0.08115435603738688,0.3743189289064046,0.6324748328529114,-0.24445864403027123,-0.24292144198739948,0.6408703936139206,0.6297263025712578
0.796780894039198,1.7699700034095784,-1.2279356991005308,-0.7054689621240783,-0.010684955964216718,1.3077093015023267,1.302507366882308,-0.7053423036984792,1.0904289836912913,-1.2626684865720275,-1.0332943943917114,-0.010316115327362294,-0.01353630411476354,0.22044276115241204,0.5890149251022482,-0.2977014187856224,-0.29644027187820965,0.6251830409616018,0.6148335920768142
0.796780894039198,1.7699700034095784,-1.0834726755175694,-0.7054689621240783,-0.010684955964216718,1.3081177822275936,1.3029523826487992,-0.7053423036984792,0.6717197683338367,-1.3694107227787709,-1.0506828870539415,0.10672999636345706,0.10142939305873955,0.043386424670964006,0.5014513163131982,-0.41205059600247906,-0.4115634011416332,0.6094472655538986,0.5988528352879402
0.796780894039198,1.7699700034095784,-0.9390096519346078,-0.7054689621240783,-0.010684955964216718,1.315886274126751,1.3107241229024185,-0.7356733380753817,0.910982177109525,-1.4399755332257096,-1.0577778832684637,0.18745359850162568,0.18077619155941252,0.048775202602557396,0.45648182430166556,-0.46501799749606954,-0.46489781038036576,0.5967934455176982,0.5856292820655172
0.796780894039198,1.7699700034095784,-0.7945466283516462,1.7991134383718272,-0.010684955964216718,-0.08688289259004764,-0.08791022803528989,-0.7053423036984792,1.0904289836912913,-1.4815632176535856,-1.0582105135956796,0.24614160167391727,0.23845566518709574,0.11337970051453901,0.41729971542835104,-0.4907391509566844,-0.4907903832478504,0.8598497941274303,0.8488057558382297
0.796780894039198,1.7699700034095784,-0.6500836047686848,-0.7054689621240783,-0.010684955964216718,1.238912149438897,1.2340007216684876,-0.7053423036984792,1.0904289836912913,-1.461692156328941,-1.0562816739802128,0.20009700290634092,0.19312793346971055,0.15630039248119887,0.4036594054701626,-0.4606554826507698,-0.46047474867777655,0.6974366323841827,0.6863186434311718
0.796780894039198,1.7699700034095784,-0.5056205811857232,1.5650208182330354,-0.010684955964216718,0.028665067688955752,0.027313273090135853,-0.7053423036984792,0.851166574915603,-1.3952057765322532,-1.0364441972471192,0.1650650889759083,0.1586418298088153,0.06223427800964607,0.36830772187770505,-0.4498264291320298,-0.44955730612740713,0.8896344689550817,0.8786040858509492
0.796780894039198,1.7699700034095784,-0.3611575576027617,-0.7054689621240783,-0.010684955964216718,1.314022777910196,1.3090105082575447,-0.7053423036984792,1.0904289836912913,-1.2632725250954286,-0.9631264133273302,0.12206029469236743,0.1079285004884266,-0.18849715892473964,0.30449786542880625,-0.42586594346379747,-0.4225462902688856,0.7164950368583656,0.7115289424498062
0.796780894039198,1.7699700034095784,-0.21669453401980013,1.4216093356204729,-0.010684955964216718,0.0304822077552679,0.02963346539600079,-0.7053423036984792,0.6717197683338367,-1.1075817629198281,-0.8752572883202021,0.2041418352890522,0.17908328768887474,-0.38400824640335535,0.21829905980143738,-0.47171150397510153,-0.46556722917503984,0.9099122628157816,0.8930511276654708
0.796780894039198,1.7699700034095784,-0.0722315104368386,-0.7054689621240783,-0.010684955964216718,1.2440874299401299,1.2405470440366106,-0.644680234944674,0.6717197683338367,-1.030145094498471,-0.8122689945621308,0.18692338022089935,0.1614172195123715,-0.5001898774274288,0.15633805798917247,-0.4755402679903792,-0.46918629485035784,0.737214215835059,0.7261142952339589
0.796780894039198,1.7699700034095784,0.07223151314612293,1.4122558356117085,-0.010684955964216718,0.11284841466742782,0.11254327751851367,-0.7053423036984792,1.0904289836912913,-0.9570457303802511,-0.7469686339982525,0.21871260871743659,0.1974528458838927,-0.46031221876517064,0.09949892886252365,-0.4849582486779562,-0.480291842131636,0.9036446661727711,0.8926206219659231
0.796780894039198,1.7699700034095784,0.21669453672908448,-0.7054689621240783,-0.010684955964216718,1.2490558421790559,1.2456945956982821,-0.553686987184186,0.31282615517030443,-0.8844714717336479,-0.7011860412959692,0.2189870947084235,0.20700068955591522,-0.39566677269261463,0.050292659285079075,-0.4958511973988391,-0.4943643731351165,0.7396949369947272,0.7285961062919891
0.796780894039198,1.7699700034095784,0.361157560312046,1.3798170328288428,-0.010684955964216718,0.1305072697782072,0.1294348539505038,-0.5233559528072834,0.25301055297638236,-0.8652807062875182,-0.691933539518153,0.20611353124294285,0.20451206217218262,-0.3274412874384095,0.013954775105317615,-0.5146979155420308,-0.5167065775619584,0.9000541818646118,0.8890286348583214
0.796780894039198,1.7699700034095784,0.5056205838950075,-0.7054689621240783,-0.010684955964216718,1.2519063775130208,1.2468615305885589,-0.553686987184186,0.31282615517030443,-0.8532099696820105,-0.7100637849926243,0.16738117107998132,0.17278960940642976,-0.1797705209326087,0.004650659067817085,-0.5196455985685721,-0.5237800089177894,0.739980073219741,0.7288813342471393
0.796780894039198,1.7699700034095784,0.6500836074779691,1.3620517518397208,-0.010684955964216718,0.14109681197699156,0.1387973735973887,-0.7053423036984792,1.0904289836912913,-0.893408298613647,-0.7646994198231248,0.12005023889501586,0.12473679716440478,0.1549959010800424,0.036318387591429746,-0.49668721341071576,-0.5001986537405603,0.89816011408709,0.8871336721218068
0.796780894039198,1.7699700034095784,0.7945466310609306,-0.7054689621240783,-0.010684955964216718,1.2542376398714792,1.2483173169749378,-0.7053423036984792,0.7913509727216809,-0.9295281968950324,-0.8407597835986419,0.031179858446716197,0.033662929058312745,0.41369818995709984,0.08328006752779259,-0.4621545458444796,-0.4642366265854319,0.7415170006750235,0.7304189424191554
0.796780894039198,1.7699700034095784,0.9390096546438922,1.3530721406583903,-0.010684955964216718,0.1466716909025945,0.14438705879908456,-0.7205078932018206,0.3726417573642265,-0.9811149597811588,-0.9107555594430548,-0.020121743756936133,-0.01917428609866443,0.41369818995709984,0.11095835286327317,-0.4667235906360999,-0.4680385959391911,0.9001953098951743,0.8891698144999151
0.796780894039198,1.7699700034095784,1.0834726782268538,-0.7054689621240783,-0.010684955964216718,1.2553543921167791,1.2497751995260198,-0.7508389275787232,0.3726417573642265,-1.00092113546154,-0.9609731423186255,-0.08204305551249934,-0.08150316634454077,0.41369818995709984,0.10436405639891261,-0.48902387672542025,-0.49001672669330637,0.7454399639021223,0.7343439003795724
0.796780894039198,1.7699700034095784,1.2279357018098151,1.347960592394274,-0.010684955964216718,0.1495088765062175,0.1474745521945593,-0.7811699619556257,0.31282615517030443,-1.0323806390668062,-0.9968856940321401,-0.10719262132643631,-0.10716587850981005,0.41369818995709984,0.08542089738112275,-0.5265708058311324,-0.5275199990629773,0.904342205864645,0.893318528873424
0.796780894039198,1.7699700034095784,1.3723987253927767,-0.7054689621240783,-0.010684955964216718,1.2555206856081256,1.2502365653771963,-0.7963355514589672,0.3726417573642265,-1.0499572904963612,-1.0281578796747821,-0.16989221168377305,-0.16946457324833655,0.41369818995709984,0.054569975558763764,-0.552391351828414,-0.5533193864070854,0.7495715590009326,0.7384772468675668
0.796780894039198,1.7699700034095784,1.5168617489757383,1.344573166794092,-0.010684955964216718,0.15120965317498192,0.14933233056689624,-0.7811699619556257,0.4324573595581485,-1.0738693227178677,-1.045138443578234,-0.18311186618136768,-0.18289712401902247,0.41369818995709984,0.02210064234931219,-0.5794601131887704,-0.5804428750252171,0.9084007168047712,0.8973789291315093
0.796780894039198,1.7699700034095784,1.6613247725587,-0.7054689621240783,-0.010684955964216718,1.2555221572319428,1.2504071931840375,-0.7660043724522843,0.4922729617520706,-1.0773403702238793,-1.0598288192079248,-0.22307259377604408,-0.2225005096620336,0.41369818995709984,-0.005925117624220189,-0.5842899020376204,-0.5852115900063771,0.7532484482257626,0.7421559088494705
1.1211813689851602,-1.5323655569553345,-1.6613247698494156,1.3413314214855974,-0.010684955964216718,0.15148200869715553,0.14969161319702634,-0.7356733380753817,0.5520885639459927,-1.0894813438669917,-1.0660091516311387,-0.19982056155197334,-0.1998345475875528,0.41369818995709984,-0.02876240560650986,-0.5969652472223216,-0.5979123434215484,0.9083825357702218,0.897360692574032
1.1211813689851602,-1.5323655569553345,-1.516861746266454,-0.7054689621240783,-0.010684955964216718,1.2423946420863734,1.2374074085441435,-0.7053423036984792,0.5520885639459927,-1.0736030908991372,-1.061332086087158,-0.18914800066018297,-0.18948175705286746,0.41369818995709984,-0.04465575076989936,-0.5965513267882375,-0.5974487996203804,0.7367053268779165,0.7256051059605766
1.1211813689851602,-1.5323655569553345,-1.3723987226834924,1.3272469001815204,-0.010684955964216718,0.1426178928660741,0.14089883111647375,-0.7053423036984792,0.4922729617520706,-1.0687179377026825,-1.046868964887098,-0.15029970852587293,-0.1513733925099895,0.41369818995709984,-0.060178697621198936,-0.6033278755165192,-0.6042413741429653,0.8765164025020187,0.8654799116215204
1.1211813689851602,-1.5323655569553345,-1.2279356991005308,-0.7054689621240783,-0.010684955964216718,1.2441927561590485,1.2392463738382693,-0.7356733380753817,0.4324573595581485,-1.0440179128116671,-1.0289412722738192,-0.14279993290878254,-0.1440701767039549,0.41369818995709984,-0.08050596394722842,-0.6055493632516296,-0.6064552888099742,0.7259731161864267,0.7148680766144085
1.1211813689851602,-1.5323655569553345,-1.0834726755175694,1.3271232872246574,-0.010684955964216718,0.14397336351772536,0.14227360073707365,-0.7811699619556257,0.31282615517030443,-1.0361426685857518,-1.0101454959697154,-0.10684567785335655,-0.10875732553619968,0.41369818995709984,-0.10295234296170983,-0.6227823510538313,-0.6237973314208513,0.8674253451965456,0.8563847871637271
1.1211813689851602,-1.5323655569553345,-0.9390096519346078,-0.7054689621240783,-0.010684955964216718,1.2521014727847901,1.2471552032634785,-0.8266665858358697,0.25301055297638236,-1.0107268948353354,-0.9923307248121535,-0.09559430954578937,-0.0977278765450884,0.41369818995709984,-0.12891376576264982,-0.6389471917899064,-0.6400681739339381,0.7258714103990954,0.7147662387597321
1.1211813689851602,-1.5323655569553345,-0.7945466283516462,1.3332935293326738,-0.010684955964216718,0.14833572953392174,0.14663503823092391,-1.0086529367270654,0.6717197683338367,-1.0087582510098985,-0.9818494964443161,-0.061891351081035766,-0.0646026361738825,0.41369818995709984,-0.1455650399802898,-0.6598568429073352,-0.661122684454029,0.8680083983738306,0.8569681520978596
1.1211813689851602,-1.5323655569553345,-0.6500836047686848,-0.7054689621240783,-0.010684955964216718,1.252713037596834,1.2482871322032114,-0.7053423036984792,0.31282615517030443,-0.9559680935461434,-0.9398871777407602,0.03178594397339854,-0.023053962279436204,0.41369818995709984,-0.17691014795454466,-0.6916897768315126,-0.6776891201156867,0.7209720716136162,0.7098647029011502
1.1211813689851602,-1.5323655569553345,-0.5056205811857232,1.2639920510669114,-0.010684955964216718,0.07276611210562896,0.08178373743067786,-0.4930249184303809,-0.2853298667689162,-0.5870738071074754,-0.7982321518574026,1.1380915013546724,0.23607268707908766,0.15285372730827787,-0.27057241924506753,-0.9971938215421424,-0.7581719396822911,0.8698175013166262,0.8540375987828043
1.1211813689851602,-1.5323655569553345,-0.3611575576027617,-0.7054689621240783,-0.010684955964216718,1.19931075251737,1.2600269122400063,-0.09872103764130656,-2.079797932586578,-0.1738793487410515,-0.5526293971910047,1.9289248536724746,0.4464883124380966,-0.5173424769183299,-0.4548025071327965,-1.2212523516505485,-0.8633877141266422,0.6760098331420038,0.671559940898415
1.1211813689851602,-1.5323655569553345,-0.21669453401980013,-0.7054689621240783,-0.010684955964216718,-0.6991224441542135,-0.6983308925851475,0.05293427887298657,-2.5583227501379544,0.5029441444195005,-0.3498154051321919,2.1443980614791545,0.561163893346515,-1.5935747916636407,-0.5875788401800154,-1.2837199155395227,-0.9148571126347288,-1.2740310493992413,-1.2860490588430924
1.1211813689851602,-1.5323655569553345,-0.0722315104368386,-0.7054689621240783,-0.010684955964216718,-0.6991224441542135,-0.6983308925851475,0.06809986837632802,-2.6779539545257984,0.8524617044934282,-0.20780255938603082,1.9569215723121767,0.5311326674786694,-1.9362886666700638,-0.6977304721589194,-1.277210780064654,-0.9468877942559684,-1.2740310493992413,-1.2860490588430924
1.1211813689851602,-1.5323655569553345,0.07223151314612293,-0.7054689621240783,-0.010684955964216718,-0.6991224441542135,-0.6983308925851475,0.20458959538727972,-2.199429136974422,1.1983690808344698,-0.06599226650106217,1.5544850447999294,0.4346153462138199,-1.8921348500963915,-0.8101358632485204,-1.2240348048388159,-0.9609163330239944,-1.2740310493992413,-1.2860490588430924
1.1211813689851602,-1.5323655569553345,0.21669453672908448,-0.7054689621240783,-0.010684955964216718,-0.6991224441542135,-0.6983308925851475,0.05293427887298657,-2.5583227501379544,1.4255584715950689,0.024325136817831217,1.1672876044332523,0.39830218087194313,-1.9621889632071057,-0.9019953685523177,-1.1889611794079724,-1.0096079360933847,-1.2740310493992413,-1.2860490588430924
1.1211813689851602,-1.5323655569553345,0.361157560312046,1.3005366339917275,-0.010684955964216718,0.7435885901658259,-0.6983308925851475,0.3107484326511092,-2.7377695567197207,1.6797215604925753,0.12576600928395273,0.7688405006409395,0.7396818222998789,-1.68717994684187,-0.9963009505269003,-1.1438581585942988,-1.1441514702047595,0.9584817265481581,0.9370122960632626
1.1211813689851602,-1.5323655569553345,0.5056205838950075,-0.7054689621240783,-0.010684955964216718,2.8753130547827555,-0.6983308925851475,0.20458959538727972,-2.7377695567197207,1.6038180662635053,0.2192812070769335,0.7940360982670296,1.1653276614401988,-1.0154885497805735,-1.0789260760226393,-1.1917272823088227,-1.283327083314762,0.6136809264605263,0.6219679792480906
1.1211813689851602,-1.5323655569553345,0.6500836074779691,1.7771345522957993,-0.010684955964216718,0.1980112849702436,-0.6983308925851475,0.05293427887298657,-2.5583227501379544,1.2429548833818185,0.24828084842326964,1.1583310072056132,1.3520895878453345,0.2314063386593512,-1.1225406582476019,-1.3024029156731831,-1.3533526451191131,0.7963486607431186,0.778640498491862
1.1211813689851602,-1.5323655569553345,0.7945466310609306,-0.7054689621240783,-0.010684955964216718,0.6175966733299565,1.8916552087498797,-0.09872103764130656,-1.8405355238108898,0.95816175684695,0.1736221222168406,1.1617254271314206,0.8940790154217619,0.41369818995709984,-1.08307743274003,-1.2960778284994365,-1.246802584006323,0.7649467738917781,0.7545153770956952
1.1211813689851602,-1.5323655569553345,0.9390096546438922,1.5532244822001158,-0.010684955964216718,0.3899575971186114,-0.6983308925851475,-0.2503763541555997,-2.079797932586578,0.38122603394708215,0.03322758208292453,0.9952513784797729,0.5357661428568722,0.41369818995709984,-1.044052170057503,-1.2864714968035222,-1.1917226798884377,0.7923850152010872,0.779784074079285
1.1211813689851602,-1.5323655569553345,1.0834726782268538,-0.7054689621240783,-0.010684955964216718,0.901564989277239,1.679847617464672,-0.40203167066989287,-1.6610887172291235,0.26008921857636425,-0.08995419940422121,0.8822347552342804,0.0756920556114109,0.41369818995709984,-0.9935146382730224,-1.2684932801116806,-1.087188351672592,0.7438553337324278,0.7360722752371093
1.1211813689851602,-1.5323655569553345,1.2279357018098151,1.6354213574185963,-0.010684955964216718,0.3765360725575578,-0.6983308925851475,-0.35653504678964887,-1.6012731150352015,0.06864445963909085,-0.1776624113369524,0.8144316008147113,0.11983584465162954,0.41369818995709984,-0.9679557069278258,-1.2652668951065047,-1.1109662632909896,0.8164664254977344,0.8025916554240041
1.1211813689851602,-1.5323655569553345,1.3723987253927767,-0.7054689621240783,-0.010684955964216718,0.9876420533185125,1.6433200609630148,-0.2503763541555997,-1.6610887172291235,0.02017086982927556,-0.2353377506035364,0.7280452333407469,0.0380867828576972,0.41369818995709984,-0.9660313248177821,-1.2612842017406098,-1.107149557621906,0.7418024969205232,0.7343064027389169
1.1211813689851602,-1.5323655569553345,1.5168617489757383,1.6854646905238944,-0.010684955964216718,0.3472215363504079,-0.6983308925851475,-0.2503763541555997,-1.6610887172291235,-0.11319923071969254,-0.2861989857766944,0.6803920784707098,0.06857917619894344,0.41369818995709984,-0.972053977242181,-1.2658948752245356,-1.1312095179814068,0.8352688554062798,0.8207462508451968
1.1211813689851602,-1.5323655569553345,1.6613247725587,-0.7054689621240783,-0.010684955964216718,1.013880685515688,1.6161219047059319,-0.4778593289270394,-1.062932695289903,-0.13667846900472003,-0.3428820277511647,0.6214636869460632,-0.00390628878384419,0.41369818995709984,-0.9638982166230753,-1.2560937384594617,-1.1168710831705242,0.7369863228673397,0.7297874247770774
1.1211813689851602,-1.4222877049431708,-1.6613247698494156,1.7207761938369288,-0.010684955964216718,0.33486988230447695,-0.6983308925851475,-0.553686987184186,-0.9433014909020588,-0.24231631141064913,-0.3955549465294832,0.5838446146844338,0.02323299778262221,0.41369818995709984,-0.9501150559803544,-1.2444625527481632,-1.1200149026766224,0.8544948494167555,0.8396360459094058
1.1211813689851602,-1.4222877049431708,-1.516861746266454,-0.7054689621240783,-0.010684955964216718,0.9967884055745403,1.5723933935993393,-0.40203167066989287,-1.182563899677747,-0.2566888160770907,-0.4397912210475412,0.48841129124045574,-0.0870950315811016,0.41369818995709984,-0.9525734390445708,-1.2204507572963919,-1.0897495449470678,0.7120738052784649,0.7048687057729389
1.1211813689851602,-1.4222877049431708,-1.3723987226834924,-0.7054689621240783,-0.010684955964216718,-0.6991224441542135,-0.6983308925851475,-0.6143490559379912,-0.5245922755446044,-0.3211945114133235,-0.46692271806085833,0.48009487717813093,-0.039903344784862786,0.41369818995709984,-0.944503823179482,-1.2129677040434053,-1.0955550030534207,-1.2740310493992413,-1.2860490588430924
1.1211813689851602,-1.4222877049431708,-1.2279356991005308,0.9311635367817026,-0.010684955964216718,0.23713282741136835,0.39036915689836177,-0.7053423036984792,0.31282615517030443,-0.48760478337574925,-0.5256108216334047,0.20377358079182747,-0.19396514338063636,0.41369818995709984,-0.8962721717014063,-1.091767756398808,-0.9956628308753587,0.9369498013240297,0.9194619659005022
1.1211813689851602,-1.4222877049431708,-1.0834726755175694,-0.7054689621240783,-0.010684955964216718,1.247553314261669,1.3610069218030063,-0.7053423036984792,0.013748144200694123,-0.5403788866594803,-0.562311706259644,0.049528650235517106,-0.2308786649242492,0.41369818995709984,-0.8595228678981183,-1.0095606626195273,-0.9396813026411764,0.7602693877359971,0.7554079438863804
1.1211813689851602,-1.4222877049431708,-0.9390096519346078,1.1809132000923537,-0.010684955964216718,0.19277577300849144,0.24532042869743823,-0.8721632097161137,0.013748144200694123,-0.6153177922387778,-0.6094295951757815,0.02299301541119267,-0.2015995612812041,0.41369818995709984,-0.8328339200737573,-0.9838496205208678,-0.9280484986660031,0.8729224979992412,0.8618844411265354
1.1211813689851602,-1.4222877049431708,-0.7945466283516462,-0.7054689621240783,-0.010684955964216718,1.2311779253514838,1.2784301902518334,-1.0086529367270654,-0.6442234799324486,-0.6592895224002103,-0.6458368840171564,0.00708646698940289,-0.16592448402525065,0.41369818995709984,-0.8371105124419461,-0.9987671064353112,-0.9574162414238709,0.7394429226544373,0.7283440729695505
1.1211813689851602,-1.4222877049431708,-0.6500836047686848,1.2538568650595243,-0.010684955964216718,0.18392321993597394,0.20760612854905902,-1.0086529367270654,-1.2423795018716692,-0.6998002389181462,-0.6637010583115945,0.040703328916610916,-0.08914429213563071,0.41369818995709984,-0.871114284000961,-1.0595013247227183,-1.0313832258012667,0.8718462167559601,0.8608076646148156
1.1211813689851602,-1.4222877049431708,-0.5056205811857232,-0.7054689621240783,-0.010684955964216718,1.2929449202080552,1.317231456607062,-0.9328252784699188,-1.003117093095981,-0.5722925897745907,-0.5864401983099856,0.5676576131848965,0.126648545963229,0.41369818995709984,-0.9406533698465707,-1.217060761849365,-1.1204645770045436,0.7166595662205263,0.7117619195942069
1.1211813689851602,-1.4222877049431708,-0.3611575576027617,1.7736735689128689,-0.010684955964216718,0.15303672670206034,-0.6983308925851475,-0.8569976202127723,-1.2423795018716692,-0.0014293604687820654,-0.4280565645212445,1.546707373427989,0.2489744760122053,-0.9010361010801855,-1.063779801331061,-1.4607907315064,-1.1969953551826489,0.8779393834734414,0.8607576677606084
1.1211813689851602,-1.4222877049431708,-0.21669453401980013,-0.7054689621240783,-0.010684955964216718,1.025757635764577,1.462985334614145,-0.553686987184186,-1.4218263084534353,0.594123859865527,-0.2646380453257192,2.0061491856460427,0.396295683119493,-1.8791472635096311,-1.1775323805486086,-1.5679617022764536,-1.260166254900584,0.708837581128656,0.7044382000733912
1.1211813689851602,-1.4222877049431708,-0.0722315104368386,-0.7054689621240783,-0.010684955964216718,-0.6991224441542135,-0.6983308925851475,-0.5688525766875274,-1.8405355238108898,1.069938985263705,-0.15644799860320896,1.8946081377123465,0.46286395017539356,-2.6864776875525194,-1.2717491634490226,-1.5885665065876988,-1.323476066061506,-1.2740310493992413,-1.2860490588430924
1.1211813689851602,-1.4222877049431708,0.07223151314612293,-0.7054689621240783,-0.010684955964216718,-0.6991224441542135,-0.6983308925851475,-0.40203167066989287,-2.079797932586578,1.3423349401992453,-0.04810550791548069,1.5630205361904643,0.4502531159936759,-2.8029167070144894,-1.3387195912932006,-1.5456129031632841,-1.338269484608037,-1.2740310493992413,-1.2860490588430924
1.1211813689851602,-1.4222877049431708,0.21669453672908448,2.339188135003337,-0.010684955964216718,-0.6991224441542135,-0.6983308925851475,-0.553686987184186,-1.9003511260048118,1.7335465436437074,0.01705158355145642,1.2076413073131615,0.4601145535476108,-2.8433103124999852,-1.4021484321494024,-1.5103455483400847,-1.3730579159449208,0.9473354922976207,0.9264580421021477
1.1211813689851602,-1.4222877049431708,0.361157560312046,-0.7054689621240783,-0.010684955964216718,1.1654228299502325,1.3899870276742876,-0.59918361106443,-1.6610887172291235,1.8540819961876949,0.07736222729083718,0.7835962537589021,0.980764246153711,-2.4401417431689363,-1.440727286442766,-1.4387727030103845,-1.4864356586844514,0.850640290082021,0.8441701868516197
1.1211813689851602,-1.4222877049431708,0.5056205838950075,1.3362844605429187,-0.010684955964216718,0.6939950777573143,-0.6983308925851475,-0.553686987184186,-1.9003511260048118,1.8774408281225425,0.12136489554738053,0.7898344167466115,1.5826288847709142,-2.0421174327534795,-1.4795539577175734,-1.4583103283646266,-1.6137842951938264,0.8339726016459743,0.823235233583134
1.1211813689851602,-1.4222877049431708,0.6500836074779691,1.2806812355171906,-0.010684955964216718,0.8217448492428591,-0.6983308925851475,-0.8569976202127723,-1.7209043194230456,1.5433018346632243,0.14390966418129053,0.8443846714709198,1.9464707360987192,-0.814481049205426,-1.5081885222131923,-1.4872080629944038,-1.6913202851165403,0.8062944066826606,0.7968125108499712
1.1211813689851602,-1.4222877049431708,0.7945466310609306,1.2841126163777954,-0.010684955964216718,0.8176286123100935,-0.6983308925851475,-1.0693150777957607,-1.3620107062595133,0.968756177814422,0.04371022196895837,0.8052576311407937,1.3086601891457292,0.41369818995709984,-1.4892041005821337,-1.4994606671952302,-1.6014951834104076,0.7799257862376392,0.7696498756555678
1.1211813689851602,-1.4222877049431708,0.9390096546438922,0.47664335903730337,-0.010684955964216718,0.19629516136738526,0.9228172108594108,-1.0086529367270654,-1.4816419106473573,0.7042468388156472,-0.09311388288700405,0.7363147631499528,0.33444557855963797,0.41369818995709984,-1.4269064827142561,-1.4821271036118775,-1.412076644977316,0.8519905469152458,0.8385375494528255
1.1211813689851602,-1.4222877049431708,1.0834726782268538,-0.7054689621240783,-0.010684955964216718,1.1251678218218835,1.4862422819962537,-1.1603082532413587,-1.2423795018716692,0.5547369359492677,-0.22039330169848242,0.6394084217170759,0.20237476055454978,0.41369818995709984,-1.3730235423311994,-1.4642651675825216,-1.3853162548345734,0.7396893566771923,0.732906285915971
1.1211813689851602,-1.4222877049431708,1.2279357018098151,1.559493758201003,-0.010684955964216718,0.5276897083043548,-0.6983308925851475,-1.2664669458754076,-1.003117093095981,0.27200008230580014,-0.3376827004744926,0.579093108741076,0.15375932399497608,0.41369818995709984,-1.3346705465525694,-1.4639755953869513,-1.3871393320796999,0.819663047394069,0.8059621400750561
1.1211813689851602,-1.4222877049431708,1.3723987253927767,-0.7054689621240783,-0.010684955964216718,1.0150683910521756,1.617982670112971,-1.3119635697556518,-1.003117093095981,0.16275339401532055,-0.4110181283717374,0.5606479911231399,0.0376071686853606,0.41369818995709984,-1.3086746175896562,-1.4656806506885798,-1.3683160730681763,0.7341475613342167,0.7260294645059185
1.1211813689851602,-1.4222877049431708,1.5168617489757383,1.6435279633051605,-0.010684955964216718,0.42706154330632057,-0.6983308925851475,-1.615274202784238,-0.04606745799322794,-0.06606014462436813,-0.4949117123785268,0.5293446539771076,0.04016958286483727,0.41369818995709984,-1.2707217002484499,-1.4594782982381413,-1.3686372380580458,0.8323726706056194,0.8181443653750128
1.1211813689851602,-1.4222877049431708,1.6613247725587,-0.7054689621240783,-0.010684955964216718,1.0206372258085292,1.6108502600938304,-1.8124261070213301,0.6119041661399147,-0.1434426301881445,-0.6001848567480459,0.4051380381735854,-0.14826176979400849,0.41369818995709984,-1.2316600009892937,-1.4400907297980228,-1.3332312900959036,0.7326864181912643,0.7250373138170989
1.1211813689851602,-1.312209852931007,-1.6613247698494156,1.0662278257353455,-0.010684955964216718,0.16496528890053913,0.3222327991793634,-1.615274202784238,-0.04606745799322794,-0.32749510814855637,-0.6445806328223043,0.336374182785562,-0.11705079368057263,0.41369818995709984,-1.233082475288818,-1.439555688155836,-1.353875350892099,0.8399590222893185,0.8257559766178011
1.1211813689851602,-1.312209852931007,-1.516861746266454,-0.7054689621240783,-0.010684955964216718,1.2454324941090738,1.3822423279453397,-1.766929519298531,0.31282615517030443,-0.3965160416165252,-0.6997738173404078,0.2253573860458316,-0.1079029079809357,0.41369818995709984,-1.2287542443285857,-1.4303440222792188,-1.3691934256062916,0.7046266015126544,0.6981334738147605
1.1211813689851602,-1.312209852931007,-1.3723987226834924,1.1715684911356736,-0.010684955964216718,0.14919147878363814,0.21213258660916945,-1.7062673782298359,0.07356374639461619,-0.5631905386251784,-0.7483759176401263,0.17603174200089894,-0.05840622230400926,0.41369818995709984,-1.2350913130400551,-1.437814597681282,-1.397596698197213,0.8428687078582088,0.8277025754496447
1.1211813689851602,-1.312209852931007,-1.2279356991005308,-0.7054689621240783,-0.010684955964216718,1.285259469938584,1.3414021221832995,-0.553686987184186,-1.9003511260048118,-0.5541968531909279,-0.7199980500593323,0.20581688178684515,0.04069363681188338,0.41369818995709984,-1.2738950606408244,-1.4577388212787927,-1.432622644263447,0.6987890493403244,0.692581773946343
1.1211813689851602,-1.312209852931007,-1.0834726755175694,-0.7054689621240783,-0.010684955964216718,2.6537714416261085,-0.6983308925851475,-1.615274202784238,-0.04606745799322794,-0.6500637202797802,-0.7644065297973588,0.24069024169763936,0.014570595659528798,0.41369818995709984,-1.2767412157490332,-1.4759470176712766,-1.4392646049749933,0.5163493880356945,0.5051486901515009
1.1211813689851602,-1.312209852931007,-0.9390096519346078,1.3233872694979383,-0.010684955964216718,-0.3698375487962264,0.5594107959086907,-1.6304397199726892,0.07356374639461619,-0.8109031917738951,-0.8084981237002793,0.4561523677717638,-0.1715062874260282,0.41369818995709984,-1.2819987000642223,-1.5265088831286349,-1.4122354937880952,0.8560128757965162,0.8345652584050237
1.1211813689851602,-1.312209852931007,-0.7945466283516462,-0.7054689621240783,-0.010684955964216718,1.0325893339880836,1.4609463952073332,-1.615274202784238,-0.04606745799322794,-0.850346974244406,-0.8453182816141197,0.4084651152630948,-0.2518609464776602,0.41369818995709984,-1.2864888445537137,-1.5261909130654454,-1.4048535750077842,0.6987996699446651,0.6876820822340229
1.1211813689851602,-1.312209852931007,-0.6500836047686848,1.3494096807144194,-0.010684955964216718,0.062461644463438486,0.23283640538276898,-1.615274202784238,0.31282615517030443,-0.8815268675475884,-0.8582633149938836,0.36107025000569454,-0.21481075166465777,0.41369818995709984,-1.3015156748384615,-1.5201463624021174,-1.4155000210535436,0.8506863727042454,0.839638299865948
1.1211813689851602,-1.312209852931007,-0.5056205811857232,-0.7054689621240783,-0.010684955964216718,1.2353115064220952,1.3893200280657263,-1.3119635697556518,0.31282615517030443,-0.7412621656025012,-0.7712149878179989,0.6713493847055252,-0.046430122262953885,0.3273642581494421,-1.3449664131195096,-1.5566407417553576,-1.4284310293956626,0.6945319871020983,0.6888309853550909
1.1211813689851602,-1.312209852931007,-0.3611575576027617,1.291484003255327,-0.010684955964216718,0.04638741285584969,0.13558416272383897,-0.7053423036984792,-0.9433014909020588,-0.39609127477005823,-0.6071083535016979,1.117205845251657,0.27967146001437837,-0.3048109940100962,-1.4135407742408614,-1.6146773777543133,-1.472087146834413,0.8544293256882801,0.8384740288593654
1.1211813689851602,-1.312209852931007,-0.21669453401980013,-0.7054689621240783,-0.010684955964216718,1.2194949140985076,1.3350916183442876,-0.2503763541555997,-1.6610887172291235,-0.08390369679682136,-0.34683639597855637,1.4063819514021934,0.5595112368191104,-0.7876377750277276,-1.522477692797576,-1.649604280869125,-1.5114056948705092,0.6764663391184147,0.6718935264666509
1.1211813689851602,-1.312209852931007,-0.0722315104368386,-0.7054689621240783,-0.010684955964216718,-0.6991224441542135,-0.6983308925851475,-0.068390003264404,-2.1396135347805,0.36522068538737124,-0.12927203876670323,1.4705733134496766,0.7046758571235139,-1.3903104624671203,-1.6159761201441842,-1.653131962947032,-1.531041726685343,-1.2740310493992413,-1.2860490588430924
1.1211813689851602,-1.312209852931007,0.07223151314612293,1.6290986174682964,-0.010684955964216718,0.34696053335482435,-0.6983308925851475,-0.2503763541555997,-2.4386915457501104,0.6125935250589143,0.034108369437517556,1.2383897053904593,0.6809869417443991,-2.064457579215437,-1.7236971187695496,-1.6554059437101656,-1.570676238658841,0.9040707504181041,0.8839176859464613
1.1211813689851602,-1.312209852931007,0.21669453672908448,-0.7054689621240783,-0.010684955964216718,2.8634715286214667,-0.6983308925851475,0.05293427887298657,-2.259244739168344,0.8646521785249478,0.17561659742844307,1.2930200895655528,0.6758637903580763,-2.1899789006928123,-1.7903784670190153,-1.6634020947985422,-1.5687881482578707,0.5559044788261434,0.5629249729114559
1.1211813689851602,-1.312209852931007,0.361157560312046,2.3525821101957094,-0.010684955964216718,-0.6991224441542135,-0.6983308925851475,-0.08355544813796513,-2.199429136974422,0.9476542960212745,0.2370282253610651,1.4144110928590443,0.6562381796627782,-1.9729840682819673,-1.823694769658718,-1.6771560211143663,-1.5588279160720449,0.9500430263635499,0.9218120229533878
1.1211813689851602,-1.312209852931007,0.5056205838950075,-0.7054689621240783,-0.010684955964216718,0.7881507258592317,1.7606193415899112,-0.2503763541555997,-2.259244739168344,0.8943363573892321,0.23578538358907927,1.3325358429760825,0.6909506746287974,-1.7869741240040615,-1.8518452826793843,-1.6815097154098753,-1.5843390784252445,0.7593092130994924,0.7552790585531983
1.1211813689851602,-1.312209852931007,0.6500836074779691,-0.7054689621240783,-0.010684955964216718,-0.6991224441542135,-0.6983308925851475,-0.553686987184186,-2.3190603413622664,0.6973040748794563,0.1465851969226865,1.1726068360598314,0.7527563394139429,-1.2150090471531472,-1.8545760955119066,-1.6904106182578884,-1.6323055680964544,-1.2740310493992413,-1.2860490588430924
1.1211813689851602,-1.312209852931007,0.7945466310609306,1.470288799788078,-0.010684955964216718,0.5826511788181687,-0.6983308925851475,-0.7053423036984792,-2.199429136974422,0.2558923883484366,0.006829368772670031,0.7912920907981259,0.5117326096021799,0.3426028236203505,-1.8239066326671969,-1.6468022503630293,-1.6094315560548085,0.8938922512342801,0.8784807329565524
1.1211813689851602,-1.312209852931007,0.9390096546438922,-0.7054689621240783,-0.010684955964216718,0.9359695569202097,1.6488772032076933,-1.0086529367270654,-1.4816419106473573,0.007820522921684035,-0.23237709118645486,0.3763425823489306,-0.16091033585991346,0.04022873651695389,-1.7669294788926553,-1.5950524074436065,-1.5048199705387681,0.7917828809380373,0.7851404993490976
1.1211813689851602,-1.312209852931007,1.0834726782268538,1.6459905343441996,-0.010684955964216718,0.42285816522037795,-0.6983308925851475,-1.3119635697556518,0.6717197683338367,-0.23509861964154807,-0.4148941573392253,0.27200210325332974,-0.24920294485824235,0.41369818995709984,-1.655415215468558,-1.5020191644729561,-1.4071451803960267,0.872989281799418,0.8592608357114908
1.1211813689851602,-1.312209852931007,1.2279357018098151,-0.7054689621240783,-0.010684955964216718,1.0048437590020696,1.6259667518510252,-1.1148116293611146,-0.5844078777385264,-0.3088515226715763,-0.5277655041603058,0.18498322458274322,-0.39667256404333345,0.41369818995709984,-1.5971080059961402,-1.4505534077974045,-1.338060250601479,0.7635934568844212,0.756294568428
1.1211813689851602,-1.312209852931007,1.3723987253927767,1.0646822152514956,-0.010684955964216718,0.1599198266431829,0.32869946728876454,-1.0086529367270654,-1.2423795018716692,-0.44842589487563356,-0.5650641667427472,0.1668969846114081,-0.3101449687386559,0.4056372520611644,-1.598454228916759,-1.4612100303245028,-1.3719276622305723,0.8671216679164963,0.8530548737304336
1.1211813689851602,-1.312209852931007,1.5168617489757383,-0.7054689621240783,-0.010684955964216718,1.2400133445181294,1.3871624457367129,-1.0086529367270654,-1.7807199216169676,-0.4900242820901921,-0.6093237313110468,0.09916884499682922,-0.25087572505721356,0.41369818995709984,-1.622421292076381,-1.4967944946694485,-1.4357962614659736,0.7241193707033512,0.7178975991121775
1.1211813689851602,-1.312209852931007,1.6613247725587,1.2116513828199191,-0.010684955964216718,0.1877898063997459,0.2556232878301829,-1.0693150777957607,-1.9003511260048118,-0.5580204237332987,-0.6438522894329293,0.1039254655859818,-0.17981484832407607,0.41369818995709984,-1.647630094463374,-1.5419702312350556,-1.4964377160005369,0.8549326343278877,0.843886393232451
1.1211813689851602,-1.2021320009188432,-1.6613247698494156,-0.7054689621240783,-0.010684955964216718,1.2279992179062775,1.2898565936654984,-1.3119635697556518,-1.3021951040655912,-0.6089456206176048,-0.6836923905281027,0.08758161494873767,-0.13156331482533118,0.41369818995709984,-1.6737442613239575,-1.5821685960943381,-1.5505449149517356,0.7167411108606344,0.7056317725150216
1.1211813689851602,-1.2021320009188432,-1.516861746266454,-0.7054689621240783,-0.010684955964216718,1.2746293004108455,1.3118388632915854,-1.1603082532413587,-1.5414575128412795,-0.6864431611382195,-0.7097955965352963,0.13461589767760546,-0.030077123656169373,0.41369818995709984,-1.6943454052292848,-1.6174674682478873,-1.5972006310458702,0.6523984295899973,0.6412597981973602
1.1211813689851602,-1.2021320009188432,-1.3723987226834924,-0.7054689621240783,-0.010684955964216718,1.2925210925486943,1.3160731159920684,-1.6911018610413846,-0.5844078777385264,-0.8283821802749711,-0.7569727692156855,0.26238401183623145,0.15659676168586253,0.41369818995709984,-1.6956281657680927,-1.6536680802660224,-1.6451632199277295,0.6125951046743628,0.6026292370217164
1.1211813689851602,-1.2021320009188432,-1.2279356991005308,1.482434983812119,-0.010684955964216718,-0.012376470811706496,0.0013123937074085098,-1.9185848358128244,0.31282615517030443,-1.0144668498567482,-0.8116352228919187,0.2893126219457887,0.2208566759158144,0.41369818995709984,-1.6841132423459877,-1.6605349858458194,-1.6586881234484836,0.841378763076366,0.8236495517766064
1.1211813689851602,-1.2021320009188432,-1.0834726755175694,-0.7054689621240783,-0.010684955964216718,1.2390134812503117,1.2487554153979086,-1.766929519298531,0.6717197683338367,-1.0193459827356937,-0.8417076180675669,0.24236614063639814,0.18792177193817564,0.41369818995709984,-1.6725908385670913,-1.644418227862872,-1.6446241525105227,0.6813759384877487,0.6702505970525751
1.1211813689851602,-1.2021320009188432,-0.9390096519346078,1.428228100794029,-0.010684955964216718,0.1037582994644154,0.10939001695547572,-1.6304397199726892,0.6119041661399147,-1.028234647075621,-0.8646765479195141,0.20362184629991545,0.16112710324728677,0.41369818995709984,-1.6576627007316234,-1.6180405888489269,-1.6199034417771268,0.8471167695842816,0.8360670081775059
1.1211813689851602,-1.2021320009188432,-0.7945466283516462,-0.7054689621240783,-0.010684955964216718,1.2480193985477814,1.2502317441983788,-1.766929519298531,0.6717197683338367,-1.0247669441904477,-0.8958407524201265,0.12117460852890335,0.08943400783243287,0.41369818995709984,-1.636716736508396,-1.582387281188541,-1.5855368374664112,0.693967835000335,0.6828481650717051
1.1211813689851602,-1.2021320009188432,-0.6500836047686848,1.390185809648763,-0.010684955964216718,0.12482627626378363,0.12735724030491777,-1.615274202784238,0.6717197683338367,-1.006611004431695,-0.89349269190031,0.18258530814595358,0.08016370313076597,0.41369818995709984,-1.6276372724764694,-1.5697706679573247,-1.5599776737331468,0.8528646766555658,0.8418174660319117
1.1211813689851602,-1.2021320009188432,-0.5056205811857232,-0.7054689621240783,-0.010684955964216718,1.271952837151261,1.2866027171967063,-1.0086529367270654,-0.04606745799322794,-0.7601940573957447,-0.7749964450663238,1.2075100314044287,0.21412111534522013,0.1804048196901912,-1.6418497090782833,-1.6924346117318296,-1.5313556318728099,0.6939368732385279,0.6893776722691287
1.1211813689851602,-1.2021320009188432,-0.3611575576027617,-0.7054689621240783,-0.010684955964216718,2.8935506785176517,-0.6983308925851475,-0.7053423036984792,0.013748144200694123,-0.40162127086414146,-0.6456611500016969,2.0212416529454953,0.2725091099093097,-0.7403531790912797,-1.607075943373419,-1.718007967199609,-1.4215405017182727,0.4977757511460837,0.49721968084655194
1.1211813689851602,-1.2021320009188432,-0.21669453401980013,2.359935376741393,-0.010684955964216718,-0.6991224441542135,-0.6983308925851475,-0.553686987184186,-1.4218263084534353,0.5696439110256732,-0.46772516615554766,2.348425544438065,0.2511008773077396,-2.806267436496922,-1.6585924366902438,-1.75450266925589,-1.400477539487922,1.0480568036095952,1.0117211199882932
1.1211813689851602,-1.2021320009188432,-0.0722315104368386,-0.7054689621240783,-0.010684955964216718,-0.6991224441542135,2.8281052610028246,-0.40203167066989287,-1.6610887172291235,0.8807250884255928,-0.3110791112666527,2.241832916310826,0.2486038650608543,-3.2420202121182022,-1.7085105466720307,-1.7329073817437493,-1.3923161129690411,0.6463743868058527,0.655702741909078
1.1211813689851602,-1.2021320009188432,0.07223151314612293,-0.7054689621240783,-0.010684955964216718,-0.6991224441542135,-0.6983308925851475,-0.40203167066989287,-1.9003511260048118,1.3502362724676995,-0.18615692784326787,1.8141931192037966,0.42978901898310407,-3.7946214888071967,-1.7618618991192347,-1.6827251226304356,-1.4488074527003003,-1.2740310493992413,-1.2860490588430924
1.1211813689851602,-1.2021320009188432,0.21669453672908448,-0.7054689621240783,-0.010684955964216718,-0.6991224441542135,-0.6983308925851475,-0.2503763541555997,-2.079797932586578,1.4921665955902714,-0.08474499150017382,1.4120046520125966,0.5905637390189595,-3.730662801884846,-1.8012889293520093,-1.6238537614317676,-1.4879955410036694,-1.2740310493992413,-1.2860490588430924
1.1211813689851602,-1.2021320009188432,0.361157560312046,2.351323733883031,-0.010684955964216718,-0.6991224441542135,-0.6983308925851475,-0.35653504678964887,-2.259244739168344,1.6408383364745673,-0.03595445352122736,1.0021604125075652,0.8721827837847025,-3.6837093010753286,-1.8356063932925988,-1.5789385537880292,-1.567652476780535,0.9345338838518646,0.9125953897474595
1.1211813689851602,-1.2021320009188432,0.5056205838950075,-0.7054689621240783,-0.010684955964216718,2.8978604339823826,-0.6983308925851475,-0.40203167066989287,-1.9003511260048118,1.605489707758499,-0.001286860856993286,0.5771154457004248,1.2419535718478083,-3.1308599955279974,-1.8563026101197264,-1.5159528363826873,-1.6454150375513654,0.6951852442741784,0.6977486619614761
1.1211813689851602,-1.2021320009188432,0.6500836074779691,1.5993846820131976,-0.010684955964216718,0.43811964001691067,-0.6983308925851475,-1.3119635697556518,-0.4049610711567603,1.0227778246708474,-0.15491932439643932,0.5071965328037452,1.2294517408870764,-2.1507997006552095,-1.8068451453351901,-1.5114007872845663,-1.6508708332345372,0.7997036916533498,0.7850628403009641
1.1211813689851602,-1.2021320009188432,0.7945466310609306,0.5425497868107697,-0.010684955964216718,0.14255203770025326,0.9210452180275527,-1.4636188862699449,1.0904289836912913,0.5724801494965711,-0.24776122800970712,0.5742896038988046,0.9865254856259571,-0.5567720457091594,-1.7476866229995456,-1.485825710733901,-1.5727232862258504,0.8700059720411144,0.8567505428389735
1.1211813689851602,-1.2021320009188432,0.9390096546438922,0.6467294054036419,-0.010684955964216718,0.3166856574909482,0.5977466088915715,-1.4636188862699449,0.6717197683338367,0.28547087719422987,-0.39072331974298974,0.3681003306506302,0.029891417612211285,0.41369818995709984,-1.6935944739281619,-1.4478074200527844,-1.3880954588916463,0.8561345627208276,0.8452979847432477
1.1211813689851602,-1.2021320009188432,1.0834726782268538,0.7013518001896477,-0.010684955964216718,0.3741941934844179,0.5232979655935636,-1.3119635697556518,0.31282615517030443,0.1135473322419125,-0.5115090490916392,0.19139528552747542,-0.05155662759453777,0.41369818995709984,-1.6345739762404101,-1.3976698015268263,-1.3549561946080062,0.855726659510044,0.8445490564558384
1.1211813689851602,-1.2021320009188432,1.2279357018098151,0.7339184320461922,-0.010684955964216718,0.39811932792492866,0.4867837197377717,-1.615274202784238,1.0904289836912913,0.003441076395983893,-0.6032125632794595,0.0996768998124448,-0.1148262894861513,0.41369818995709984,-1.5930058748524734,-1.3735857205938429,-1.3356718839662887,0.858464615307051,0.8472779831129428
1.1211813689851602,-1.2021320009188432,1.3723987253927767,0.749824495224039,-0.010684955964216718,0.4046653208959197,0.46088099326727217,-1.615274202784238,1.0904289836912913,-0.12457294834249376,-0.6465369970426023,-0.02484256182552519,-0.1875205375614421,0.41369818995709984,-1.5688117466689577,-1.3390804827861025,-1.3108271064604904,0.8629729718445948,0.8517863060074923
1.1211813689851602,-1.2021320009188432,1.5168617489757383,0.7605414156474312,-0.010684955964216718,0.4079565024471567,0.4446009204833258,-1.766929519298531,1.0904289836912913,-0.2296783271109618,-0.7101209514795811,-0.1541817246841168,-0.27198629501686145,0.41369818995709984,-1.536936498569842,-1.3067717770116252,-1.2870876609593005,0.8681302653083851,0.8569314740777648
1.1211813689851602,-1.2021320009188432,1.6613247725587,0.7678917219408824,-0.010684955964216718,0.4097780573849205,0.433852521542914,-1.766929519298531,1.0904289836912913,-0.3071410835748579,-0.7620005970314873,-0.24546025086079568,-0.3286562311209551,0.41369818995709984,-1.5130500302221015,-1.2857598290301595,-1.2730378845603654,0.8734616286772185,0.8622631058256139
1.1211813689851602,-1.0920541489066795,-1.6613247698494156,0.77299349240217,-0.010684955964216718,0.41083846746121816,0.426566253034558,-1.766929519298531,1.0904289836912913,-0.3748422296600245,-0.8098983497511708,-0.3314178405289637,-0.38865076546510924,0.41369818995709984,-1.4903152955184036,-1.265478265598442,-1.2579535321414324,0.8786120817517724,0.867421387824859
1.1211813689851602,-1.0920541489066795,-1.516861746266454,-0.7054689621240783,-0.010684955964216718,1.2641086617415034,1.2754743884038378,-1.766929519298531,1.0904289836912913,-0.41918320596200787,-0.842100725885282,-0.3390667933150687,-0.3849060855810965,0.41369818995709984,-1.474940990595604,-1.2629248240016937,-1.257926118260718,0.7562713602375404,0.7451801038135945
1.1211813689851602,-1.0920541489066795,-1.3723987226834924,1.0927827235352354,-0.010684955964216718,0.27942613964256097,0.28517407454191296,-1.857922694744129,1.0904289836912913,-0.515838065720369,-0.8775439477984724,-0.30377147512620456,-0.3389796746346059,0.41369818995709984,-1.459582611593715,-1.2726745434155482,-1.2703465566189418,0.8614410846761181,0.8503978687775374
1.1211813689851602,-1.0920541489066795,-1.2279356991005308,-0.7054689621240783,-0.010684955964216718,1.2634632495816633,1.266171399834524,-1.766929519298531,1.0904289836912913,-0.6044069701400006,-0.9120456870746221,-0.30224731067935784,-0.3279804111508444,0.41369818995709984,-1.4407929205410646,-1.2718626225640755,-1.2716617727616666,0.7321985904325602,0.7210961683506066
1.1211813689851602,-1.0920541489066795,-1.0834726755175694,1.1988943103806131,-0.010684955964216718,0.22664403888607043,0.22852700517767588,-1.766929519298531,1.0904289836912913,-0.7022819475801819,-0.9405590604022768,-0.27302137216697503,-0.2918642900930569,0.41369818995709984,-1.423375271705055,-1.2758050856175098,-1.2772970047549679,0.8593261443303565,0.8482818133947535
1.1211813689851602,-1.0920541489066795,-0.9390096519346078,-0.7054689621240783,-0.010684955964216718,1.2609368919514357,1.2597770494073837,-1.3119635697556518,0.31282615517030443,-0.7494732097605842,-0.9426509303694351,-0.24285178150545395,-0.2567669299083271,0.41369818995709984,-1.410936886171961,-1.2710721076809977,-1.2737281075649096,0.7228738798315898,0.7117674520329922
1.1211813689851602,-1.0920541489066795,-0.7945466283516462,1.2556692570627572,-0.010684955964216718,0.1974646818381314,0.19753447638307836,-1.4636188862699449,-0.04606745799322794,-0.8168853806053197,-0.9560017752306822,-0.22129866412621854,-0.23156790067540425,0.41369818995709984,-1.405295008038427,-1.2802974346530225,-1.2839198949408,0.8599813816151103,0.8489375098433745
1.1211813689851602,-1.0920541489066795,-0.6500836047686848,-0.7054689621240783,-0.010684955964216718,1.2582080809303524,1.2563158622494444,-1.1603082532413587,-0.7040390821263706,-0.8155241199241222,-0.9374565434064507,-0.0923354277335438,-0.2105126708125644,0.2898300042194857,-1.4206724498850423,-1.324750639109549,-1.305492018536669,0.7183343815219959,0.707225729600591
1.1211813689851602,-1.0920541489066795,-0.5056205811857232,1.2202824018747123,-0.010684955964216718,0.10433896017629764,0.11779050181182267,-0.9024942440930163,-1.003117093095981,-0.5220965202330391,-0.8125082468964312,1.047253687157311,0.04775285310017332,-0.4580858087773673,-1.4756574157347537,-1.552891685391238,-1.3683184568838906,0.8666289798812294,0.8510830715663463
1.1211813689851602,-1.0920541489066795,-0.3611575576027617,-0.7054689621240783,-0.010684955964216718,1.236892030401795,1.3069302744060798,-0.7053423036984792,-1.182563899677747,-0.20166578974167132,-0.674926156768968,1.7394485379997349,0.2103236108233452,-1.2321242083258088,-1.5247406213778882,-1.6633657369225754,-1.3943920913904009,0.6973358266480668,0.6926832019907391
1.1211813689851602,-1.0920541489066795,-0.21669453401980013,-0.7054689621240783,-0.010684955964216718,-0.6991224441542135,-0.6983308925851475,-0.553686987184186,-1.6610887172291235,0.25338124702302367,-0.4967502148294201,1.8776266612326855,0.3077490127676361,-2.22359032083974,-1.6068124417728962,-1.6986494420331917,-1.4306980381399441,-1.2740310493992413,-1.2860490588430924
1.1211813689851602,-1.0920541489066795,-0.0722315104368386,-0.7054689621240783,-0.010684955964216718,-0.6991224441542135,-0.6983308925851475,-0.5385213976808445,-1.9003511260048118,0.6238802825399191,-0.37178498010104316,1.6412609777952636,0.26858247849488265,-2.937711031940803,-1.6738526058465169,-1.6844606195856102,-1.4507730171119848,-1.2740310493992413,-1.2860490588430924
1.1211813689851602,-1.0920541489066795,0.07223151314612293,-0.7054689621240783,-0.010684955964216718,-0.6991224441542135,-0.6983308925851475,-0.553686987184186,-1.9003511260048118,0.9203929604922714,-0.27923032044075563,1.1818720169170893,0.13049635966402037,-3.4598047590544114,-1.7375799370688783,-1.641200986110528,-1.4600726072791754,-1.2740310493992413,-1.2860490588430924
1.1211813689851602,-1.0920541489066795,0.21669453672908448,1.415392088295188,-0.010684955964216718,0.6644428743036827,-0.6983308925851475,-0.40203167066989287,-2.079797932586578,1.2787349681860303,-0.18773218215052076,0.6682780399057552,0.09257833151470954,-3.9985444984152427,-1.7854411902348641,-1.5677387144750357,-1.4688631444361073,0.9722798716995179,0.9510698132062754
1.1211813689851602,-1.0920541489066795,0.361157560312046,-0.7054689621240783,-0.010684955964216718,2.9052660654946068,-0.6983308925851475,-0.8266665858358697,-1.4816419106473573,1.340227160146934,-0.17821008039718012,0.5620962883240307,0.24827853237052808,-3.9205593115749866,-1.8098377706554112,-1.5674284892848334,-1.5189515551588069,0.6137057678740692,0.6211305319401176
1.1211813689851602,-1.0920541489066795,0.5056205838950075,2.3869361064684296,-0.010684955964216718,-0.6991224441542135,-0.6983308925851475,-0.553686987184186,-1.8405355238108898,1.3400492263183352,-0.12497820041306223,0.7402496306480761,0.625023011117766,-3.64315073300009,-1.8421422947136201,-1.60762513306123,-1.597920109970544,0.9295115980703724,0.9051349984981344
1.1211813689851602,-1.0920541489066795,0.6500836074779691,-0.7054689621240783,-0.010684955964216718,0.807169676725088,1.7770541113289544,-0.553686987184186,-1.9003511260048118,1.1864147370341358,-0.0971113024193878,0.7725094065577339,1.2957483383768282,-3.2130956014358785,-1.8636866874801588,-1.623249984041821,-1.7211326095051216,0.8283665426462248,0.8215064489153168
1.1211813689851602,-1.0920541489066795,0.7945466310609306,1.4698009861019972,-0.010684955964216718,0.5822448004126407,-0.6983308925851475,-0.7053423036984792,-1.9003511260048118,0.6828974550804638,-0.15671195250594758,0.6807398743847554,1.2066658752695114,-1.910611830095014,-1.8576681371869035,-1.6253370121764623,-1.7234962711410913,0.8170204970258861,0.8057441210058895
1.1211813689851602,-1.0920541489066795,0.9390096546438922,0.618913798971133,-0.010684955964216718,0.2086860236764466,0.7389961433761632,-0.8569976202127723,-1.7209043194230456,0.2515858545570119,-0.2912225790379068,0.505450733705791,0.17724700265842516,-0.6009855296025259,-1.8218391585707887,-1.607082884384458,-1.5579517554417868,0.8628863869176809,0.850695186135959
1.1211813689851602,-1.0920541489066795,1.0834726782268538,-0.7054689621240783,-0.010684955964216718,1.1731341387524918,1.4381158077258573,-0.8569976202127723,-1.4816419106473573,0.17330701060856496,-0.4010838633050295,0.37992368684624783,0.08180378236344148,-0.30289462009521345,-1.7827168925518053,-1.581750910791441,-1.5364885288819563,0.7372205161935662,0.7309363278981454
1.1211813689851602,-1.0920541489066795,1.2279357018098151,1.6181176963685278,-0.010684955964216718,0.4583458479928262,-0.6983308925851475,-1.0541495606073095,-0.8834858887081368,-0.019825444003726253,-0.4813936026109989,0.38443821420111374,0.06468608423712728,0.41369818995709984,-1.7486733061905135,-1.5746276714293097,-1.5249597459561335,0.8413292602595235,0.8268684066239146
1.1211813689851602,-1.0920541489066795,1.3723987253927767,-0.7054689621240783,-0.010684955964216718,1.0481452386640484,1.5829683349105605,-1.0086529367270654,-0.9433014909020588,-0.10577350353444781,-0.5519977427980874,0.313912363336786,-0.10857369703315473,0.39494393241401643,-1.7199207450990561,-1.5504577514873865,-1.4792224490435557,0.7371170103038043,0.7296263693368849
1.1211813689851602,-1.0920541489066795,1.5168617489757383,1.0594719919129605,-0.010684955964216718,0.1807079846853045,0.3145887153561696,-1.0086529367270654,-1.2423795018716692,-0.27344001508374766,-0.5895518901740887,0.32022213136562244,-0.04403037442864033,0.41369818995709984,-1.7085899349747522,-1.5511642560120915,-1.4914301860269097,0.8425990525140985,0.8284576508912597
1.1211813689851602,-1.0920541489066795,1.6613247725587,-0.7054689621240783,-0.010684955964216718,1.2565155033085698,1.371128881921864,-1.1906392876182612,-0.9433014909020588,-0.3298229642520292,-0.6271843768099937,0.2789145470449853,0.004562423000420975,0.41369818995709984,-1.7004066659468007,-1.548473235352143,-1.5058683076767532,0.7065532511441709,0.7000899080933334
1.1211813689851602,-0.9819762968945157,-1.6613247698494156,1.2091258391424782,-0.010684955964216718,0.19790764060711616,0.2503584557533669,-1.3119635697556518,-0.7040390821263706,-0.41923471312291805,-0.6630058855998364,0.27274287445260814,0.04876155213744768,0.41369818995709984,-1.6918257314997454,-1.5516131359422975,-1.5187808956247164,0.8371208007869247,0.8260664079051951
1.1211813689851602,-0.9819762968945157,-1.516861746266454,-0.7054689621240783,-0.010684955964216718,1.2368470407593826,1.283843745214342,-1.615274202784238,-0.04606745799322794,-0.4834066152994862,-0.695739698334916,0.2684755549778236,0.09322815840904672,0.41369818995709984,-1.6822542530324105,-1.5534159702653871,-1.5298967366556697,0.703445734318153,0.692330355339325
1.1211813689851602,-0.9819762968945157,-1.3723987226834924,1.2627245248836962,-0.010684955964216718,0.1822929760944494,0.20580384613723954,-1.6911018610413846,0.31282615517030443,-0.5656729162113818,-0.7313283066223423,0.26815418473371777,0.13516002054957313,0.41369818995709984,-1.6692379496117236,-1.554017273598685,-1.538486599871563,0.8399412012752552,0.8288881565908074
1.1211813689851602,-0.9819762968945157,-1.2279356991005308,-0.7054689621240783,-0.010684955964216718,1.2473418208959364,1.2674649430728746,-2.0702401523271172,1.0904289836912913,-0.6324208453576263,-0.779370034198065,0.21894447266013362,0.12001444223678286,0.41369818995709984,-1.6504663561964716,-1.5450720528663573,-1.5355852794367633,0.7011349428279374,0.6900184106425155
1.1211813689851602,-0.9819762968945157,-1.0834726755175694,1.2505103447629198,-0.010684955964216718,0.12769363015565977,0.138483734953671,-2.2218954688414105,1.0904289836912913,-0.7557209614865715,-0.8368216478305096,0.1668100356328967,0.10419807487177356,0.41369818995709984,-1.627874713479138,-1.5355598428907713,-1.5325860058471583,0.8498253837116692,0.8342599497461345
1.1211813689851602,-0.9819762968945157,-0.9390096519346078,-0.7054689621240783,-0.010684955964216718,1.3093097975195458,1.3164120658245773,-2.146067810584264,1.0904289836912913,-0.8042085987039078,-0.8933465997669761,0.0225224679980722,-0.016258030694142226,0.41369818995709984,-1.6089342087815,-1.5119558365153027,-1.5127303379208314,0.6963862726159029,0.6904589566939326
1.1211813689851602,-0.9819762968945157,-0.7945466283516462,1.2719126095858897,-0.010684955964216718,0.11815545805829579,0.12248255688348665,-2.2218954688414105,1.0904289836912913,-0.9198394992505784,-0.9432564716757179,-0.023811108256909668,-0.05024607348376485,0.41369818995709984,-1.5963676919756244,-1.5105639107312467,-1.5135475532897908,0.8548089672909025,0.8390088312752718
1.1211813689851602,-0.9819762968945157,-0.6500836047686848,-0.7054689621240783,-0.010684955964216718,1.3113387462995514,1.314072326782855,-1.766929519298531,1.0904289836912913,-0.8678172667313023,-0.9215233260047742,0.21057605969889512,-0.02427982927236647,0.41369818995709984,-1.6033729254598477,-1.5482134594040369,-1.5129436894272597,0.6988923752198433,0.6930690383697244
1.1211813689851602,-0.9819762968945157,-0.5056205811857232,1.2601957518401836,-0.010684955964216718,0.07816896871859698,0.09577631807812935,-1.1451427360529072,0.013748144200694123,-0.5372677203556722,-0.7957020054902423,1.2842723403745342,0.20470072159311922,0.20093505745475937,-1.6398440082508623,-1.710832449944815,-1.5367608256496832,0.8590071661796467,0.8431042703123303
1.1211813689851602,-0.9819762968945157,-0.3611575576027617,-0.7054689621240783,-0.010684955964216718,1.2408851765138482,1.3176877916629506,-0.7053423036984792,-1.4816419106473573,-0.1884786187003314,-0.6471248943714292,2.0108486926904865,0.3683589960672012,-0.14438312056419675,-1.6973558868850724,-1.8143006184533106,-1.562131776296779,0.6934960281532636,0.6889695012298621
1.1211813689851602,-0.9819762968945157,-0.21669453401980013,-0.7054689621240783,-0.010684955964216718,-0.6991224441542135,-0.6983308925851475,-0.553686987184186,-1.9003511260048118,0.31589087264294524,-0.4365157930726484,2.178519568458115,0.48315531900501896,-0.771211712900161,-1.7802671963535401,-1.840377390665246,-1.5865247123694612,-1.2740310493992413,-1.2860490588430924
1.1211813689851602,-0.9819762968945157,-0.0722315104368386,-0.7054689621240783,-0.010684955964216718,-0.6991224441542135,2.8435640564560534,-0.32620401241274627,-2.5583227501379544,0.7564282752868274,-0.28318962898183486,1.9702597161040172,0.6530997253847085,-1.1452719898000236,-1.8499694022375686,-1.8268986224758221,-1.6351117526132026,0.5892598368352169,0.5823919857555915
1.1211813689851602,-0.9819762968945157,0.07223151314612293,-0.7054689621240783,-0.010684955964216718,-0.6991224441542135,-0.6983308925851475,-0.2503763541555997,-2.6181383523318766,1.2915522241626518,-0.14006238961956607,1.5249556373037227,0.8558549397673761,-1.723000227764926,-1.9175810897002346,-1.781318216296643,-1.6898720087148547,-1.2740310493992413,-1.2860490588430924
1.1211813689851602,-0.9819762968945157,0.21669453672908448,1.405485290232774,-0.010684955964216718,0.6272046950006451,-0.6983308925851475,-0.09872103764130656,-2.7975851589136425,1.6795416198914734,-0.018469271862539643,1.0327221260133534,1.0329751120331787,-2.0616906535080513,-1.9686827851678854,-1.7174809931334503,-1.729630154039716,0.9510964463059618,0.9266090571904706
1.1211813689851602,-0.9819762968945157,0.361157560312046,-0.7054689621240783,-0.010684955964216718,2.902235361359019,-0.6983308925851475,-0.007727789880818559,-2.7377695567197207,1.769671793318434,0.08848851947445824,1.0194402433252556,1.329393440263504,-1.60839802579158,-2.0183878256320336,-1.7289909500689657,-1.7889014563148664,0.5989605888339485,0.6074004532111349
1.1211813689851602,-0.9819762968945157,0.5056205838950075,1.8123152662829223,-0.010684955964216718,0.16687666544914714,-0.6983308925851475,0.05293427887298657,-2.917216363301487,1.8127063607209686,0.18509847091318452,1.3981968132486013,1.7465127120638049,-0.930411141528828,-2.063272017445961,-1.7993058989443578,-1.8626193319501196,0.7895223123056366,0.7714651302925468
1.1211813689851602,-0.9819762968945157,0.6500836074779691,-0.7054689621240783,-0.010684955964216718,2.852398610556717,-0.6983308925851475,-0.09872103764130656,-2.9770319654954087,1.602095586531769,0.24560108112728427,1.54680455169809,2.0671725181550102,-0.1839846716294388,-2.102384631391665,-1.8429632101337874,-1.927394647999026,0.49402073747576375,0.4967184828736373
1.1211813689851602,-0.9819762968945157,0.7945466310609306,1.9020597082390784,-0.010684955964216718,0.014609220704684643,-0.6983308925851475,-0.31103842290940487,-2.6779539545257984,0.982543373834157,0.18387186160045801,1.7245504272404841,1.6199364948827057,0.41369818995709984,-2.093578200382624,-1.8754005668539937,-1.8755801379886672,0.7125398517977583,0.6930046981557035
1.1211813689851602,-0.9819762968945157,0.9390096546438922,-0.7054689621240783,-0.010684955964216718,0.5399376128711714,1.932865597198507,-0.8569976202127723,-1.2423795018716692,0.7308733653095366,0.020965723510248835,1.5550612948928089,0.4857588190139441,0.41369818995709984,-2.0354561900662516,-1.8437414623013026,-1.6945465629753005,0.7094609566003875,0.6982998567885982
1.1211813689851602,-0.9819762968945157,1.0834726782268538,-0.7054689621240783,-0.010684955964216718,2.8624783927768136,-0.6983308925851475,-1.0086529367270654,-2.019982330392656,0.4439283097272912,-0.1304880616929563,1.4012016676530392,0.2727715561259904,0.41369818995709984,-2.0023195366404583,-1.8389016696581777,-1.6779938884316299,0.46733817916683834,0.468985801579214
1.1211813689851602,-0.9819762968945157,1.2279357018098151,1.1318191212029636,-0.010684955964216718,-0.45832707729587296,0.8346838611047352,-1.1906392876182612,-1.4218263084534353,0.01820690847301229,-0.26132380060042365,1.4574823775379173,0.037575306205380195,0.41369818995709984,-1.962507026731095,-1.8474977257000074,-1.6386279891470272,0.8171105021474182,0.7943294703610997
1.1211813689851602,-0.9819762968945157,1.3723987253927767,-0.7054689621240783,-0.010684955964216718,0.9591124181858783,1.6505654542596582,-1.3119635697556518,-1.003117093095981,-0.07663316001847481,-0.3704990870240652,1.223604116838694,-0.004769091202260909,0.41369818995709984,-1.9322393314366324,-1.8165098434728582,-1.6332973437888554,0.6732859181439558,0.6676765786814574
1.1211813689851602,-0.9819762968945157,1.5168617489757383,1.2078993976720664,-0.010684955964216718,0.014908065455568281,0.30263030534083013,-1.3119635697556518,-1.003117093095981,-0.25596838474851596,-0.4581430748788573,1.0535071940824048,0.08939711443456082,0.41369818995709984,-1.909041417866448,-1.7942765720484115,-1.6523030730577812,0.8168878294767478,0.8014898804851808
1.1211813689851602,-0.9819762968945157,1.6613247725587,-0.7054689621240783,-0.010684955964216718,1.1832053014616588,1.442843497597476,-1.2967980525672005,-1.062932695289903,-0.3302049199517657,-0.5347193485551816,0.7794695870434741,0.11563167426684681,0.41369818995709984,-1.8901895915920628,-1.7549048648128132,-1.6583446372751076,0.6739794976104823,0.6676894877052896
1.1211813689851602,-0.8718984448823519,-1.6613247698494156,1.2457493621268292,-0.010684955964216718,0.07492493168750469,0.19714469455651656,-1.1603082532413587,-1.2423795018716692,-0.47504573212784634,-0.5752270977572821,0.6495891241716009,0.18997522492428112,0.41369818995709984,-1.8834519618395058,-1.7351199413613885,-1.6711547211473567,0.8250790155771427,0.8094834349092908
1.1211813689851602,-0.8718984448823519,-1.516861746266454,-0.7054689621240783,-0.010684955964216718,1.241413699696206,1.3543706739691155,-1.3119635697556518,-1.003117093095981,-0.5117649864634592,-0.6245144901413836,0.4838439125457103,0.16571781582341072,0.41369818995709984,-1.8753256400439018,-1.7103286029299374,-1.6682664033437258,0.6659425802883934,0.6597133502180961
1.1211813689851602,-0.8718984448823519,-1.3723987226834924,-0.7054689621240783,-0.010684955964216718,1.2693661429445269,1.337260310346228,-1.4636188862699449,-0.7040390821263706,-0.6147632541037839,-0.672192751781517,0.45987156770554033,0.24062399079839375,0.41369818995709984,-1.8645293134774343,-1.7062214537578486,-1.6806326640720795,0.6172013867841336,0.6077600617321754
1.1211813689851602,-0.8718984448823519,-1.2279356991005308,1.4036115402741753,-0.010684955964216718,0.016384524608192823,0.05216299122197816,-1.4636188862699449,-0.7040390821263706,-0.7852051320247242,-0.717269585385569,0.4300753461870387,0.2793595431050965,0.41369818995709984,-1.854667066302563,-1.7009309525339513,-1.6865838600027827,0.8212044751054282,0.8040733244927473
1.1211813689851602,-0.8718984448823519,-1.0834726755175694,-0.7054689621240783,-0.010684955964216718,1.296864695361221,1.3275181752715919,-1.615274202784238,-0.4049610711567603,-0.8009997694716207,-0.7595424380923467,0.3213720742284839,0.21699796189292447,0.41369818995709984,-1.8470156265122963,-1.6841742744204513,-1.6768885564270215,0.669096719767365,0.6633252131242966
1.1211813689851602,-0.8718984448823519,-0.9390096519346078,1.3959134491957046,-0.010684955964216718,0.11894934654969525,0.1345902662298122,-1.6001086855957867,-0.3451454689628382,-0.8384555093158323,-0.7906748834335386,0.29275818832954403,0.2084085080792599,0.41369818995709984,-1.8383466168965683,-1.6774558122395722,-1.673346422986119,0.8336518233928338,0.8225957246405883
1.1211813689851602,-0.8718984448823519,-0.7945466283516462,-0.7054689621240783,-0.010684955964216718,1.2460959862186682,1.2580305249766697,-1.615274202784238,-0.04606745799322794,-0.8462866045466818,-0.813492075079366,0.25002361783216115,0.18456447273181945,0.41369818995709984,-1.8298863333655033,-1.6648195141228472,-1.6635922825043188,0.6870525615027793,0.6759297479181933
1.1211813689851602,-0.8718984448823519,-0.6500836047686848,1.3693020374895568,-0.010684955964216718,0.13391491984297882,0.14152579397920367,-1.4636188862699449,-0.04606745799322794,-0.8356159262240961,-0.8091954136893321,0.3606832418072222,0.19033661252616413,0.41369818995709984,-1.8237596798515208,-1.6679880277159813,-1.649195552563696,0.8420723425428926,0.8310201945745265
1.1211813689851602,-0.8718984448823519,-0.5056205811857232,-0.7054689621240783,-0.010684955964216718,1.2819802716098587,1.3025897461551441,-0.993487347223724,-0.8236702865142147,-0.6361587936065362,-0.7081603527046938,1.1961572226219315,0.2769899807781328,0.08020116092225567,-1.840075061919044,-1.7666996609659624,-1.6297145771255503,0.686337200796842,0.6815955799496989
1.1211813689851602,-0.8718984448823519,-0.3611575576027617,-0.7054689621240783,-0.010684955964216718,2.879108582839353,-0.6983308925851475,-0.553686987184186,-1.4218263084534353,-0.3298356738112148,-0.5531516589236961,1.9259506871428056,0.39128069646784047,-0.6263347808929806,-1.874620073487191,-1.844304471540387,-1.6185428247805709,0.48853996560518703,0.4876102444868716
1.1211813689851602,-0.8718984448823519,-0.21669453401980013,-0.7054689621240783,-0.010684955964216718,-0.6991224441542135,-0.6983308925851475,-0.09872103764130656,-1.8405355238108898,0.2283333815648227,-0.3041323244627591,2.248343007966625,0.41490001748278754,-1.793698981917826,-1.915791715965184,-1.8378972026588334,-1.559836270119186,-1.2740310493992413,-1.2860490588430924
1.1211813689851602,-0.8718984448823519,-0.0722315104368386,-0.7054689621240783,-0.010684955964216718,-0.6991224441542135,-0.6983308925851475,0.14392752663347458,-2.1396135347805,0.5561022101754711,-0.11698547862558945,2.1850262503500506,0.3342300875766126,-2.398440136439949,-1.9512668254446994,-1.8003921173807873,-1.5081442015523334,-1.2740310493992413,-1.2860490588430924
1.1211813689851602,-0.8718984448823519,0.07223151314612293,-0.7054689621240783,-0.010684955964216718,-0.6991224441542135,-0.6983308925851475,0.20458959538727972,-2.199429136974422,0.8787129645292577,0.043216896359294495,1.842703859745875,0.22724929558346169,-2.7658176735340665,-1.9886302424103777,-1.734043834286914,-1.4670165540996172,-1.2740310493992413,-1.2860490588430924
1.1211813689851602,-0.8718984448823519,0.21669453672908448,-0.7054689621240783,-0.010684955964216718,-0.6991224441542135,-0.6983308925851475,0.507900228415866,-2.5583227501379544,1.09399751187793,0.1760866329878653,1.4844570194596278,0.22454433873038848,-2.938072545701303,-1.99527533291037,-1.643161944923769,-1.4247012246448902,-1.2740310493992413,-1.2860490588430924
1.1211813689851602,-0.8718984448823519,0.361157560312046,-0.7054689621240783,-0.010684955964216718,-0.6991224441542135,-0.6983308925851475,0.6443899554268178,-2.5583227501379544,1.1970064823049371,0.26869634185781494,1.1708993968053383,0.5846037782899934,-2.581389498201778,-1.9959735397612055,-1.5602981504557973,-1.4632149098116372,-1.2740310493992413,-1.2860490588430924
1.1211813689851602,-0.8718984448823519,0.5056205838950075,-0.7054689621240783,-0.010684955964216718,-0.6991224441542135,-0.6983308925851475,0.6595555449301591,-2.6779539545257984,1.1827557218370104,0.3032863010212435,0.8807003614958441,0.9630092984277887,-1.8238964954202916,-1.9882535702506563,-1.4914958183018427,-1.5190939339701053,-1.2740310493992413,-1.2860490588430924
1.1211813689851602,-0.8718984448823519,0.6500836074779691,1.2921779581423298,-0.010684955964216718,0.7713930301045289,-0.6983308925851475,0.507900228415866,-2.5583227501379544,0.9154282053198647,0.282937148941932,0.4449896533246397,1.354587438578535,-0.41024197796221745,-1.970927736761715,-1.3996409792697033,-1.5834486149007008,0.9927085141439057,0.9603761948636087
1.1211813689851602,-0.8718984448823519,0.7945466310609306,-0.7054689621240783,-0.010684955964216718,0.9463275811577484,1.6493842654493998,0.4320725701587194,-2.498507147944032,0.6678205732654714,0.21662684710848445,0.29687633063531393,1.4750670217612785,0.41369818995709984,-1.94118607946097,-1.3644937775454833,-1.6002004464117736,0.8714717954503866,0.866151180860796
1.1211813689851602,-0.8718984448823519,0.9390096546438922,1.5008538526123452,-0.010684955964216718,0.4811856598681334,-0.6983308925851475,-0.553686987184186,0.31282615517030443,0.0797037829030897,0.026921624540225245,0.23805193690849472,0.8300035681811703,0.41369818995709984,-1.827032215296839,-1.2820313180929916,-1.4156638542062705,0.8934348452066538,0.8807572290641082
1.1211813689851602,-0.8718984448823519,1.0834726782268538,0.6947472083449628,-0.010684955964216718,0.23292072469850933,0.6466614507068449,-0.553686987184186,0.7315353705277589,-0.06682271817550578,-0.11518720444329535,0.2100901683483903,0.028480245143605514,0.41369818995709984,-1.754824572491358,-1.2477577810687794,-1.213871795242423,0.9268382659506255,0.9155906930868161
1.1211813689851602,-0.8718984448823519,1.2279357018098151,-0.7054689621240783,-0.010684955964216718,1.216892242261758,1.4105942132550693,-0.5688525766875274,0.851166574915603,-0.13248899694263663,-0.22279499990976454,0.1851162053734077,0.0032317452180814885,0.41369818995709984,-1.6914425441905605,-1.2111959567799442,-1.1759678251222332,0.7766395192402585,0.7706588285658833
1.1211813689851602,-0.8718984448823519,1.3723987253927767,1.0521077814044777,-0.010684955964216718,0.21515433593308556,0.2887709883643852,-0.8569976202127723,1.0904289836912913,-0.288754364978261,-0.3107099992582776,0.23778597532716575,0.056845398703002176,0.41369818995709984,-1.6444702469735906,-1.2058745836317792,-1.170951084951528,0.8794730707443487,0.8654336030598365
1.1211813689851602,-0.8718984448823519,1.5168617489757383,0.8988616232384397,-0.010684955964216718,0.31789238902107275,0.3663290823831341,-0.553686987184186,1.0904289836912913,-0.34096857873365677,-0.3841491737429624,0.140385218134126,0.0005443965776290273,0.41369818995709984,-1.5374994557438524,-1.0854631070843326,-1.0567975185522587,0.8867463846153592,0.8755007975027103
1.1211813689851602,-0.8718984448823519,1.6613247725587,0.8562235853544279,-0.010684955964216718,0.352208343887049,0.3835636437646869,-0.5688525766875274,0.6717197683338367,-0.3456068989122431,-0.4421922134997251,0.05349335316744338,-0.04927762178962364,0.41369818995709984,-1.4152120307291578,-0.9533847323557031,-0.9309513360744394,0.8882017674305335,0.877121392256505
1.1211813689851602,-0.7618205928701882,-1.6613247698494156,0.8336714868006402,-0.010684955964216718,0.3713808692098313,0.3918215894212156,-0.8569976202127723,1.0904289836912913,-0.3660739716702769,-0.5171424182137238,-0.064873189579397,-0.13767923400893814,0.41369818995709984,-1.2962852163284544,-0.8428514110324791,-0.8260402566204774,0.8889702311581746,0.8779065887537286
1.1211813689851602,-0.7618205928701882,-1.516861746266454,-0.7054689621240783,-0.010684955964216718,1.3064666203046669,1.3215904311073858,-0.8569976202127723,1.0904289836912913,-0.3711751873728872,-0.5493264446112809,-0.030502769838423587,-0.08373605540211485,0.41369818995709984,-1.242273903370784,-0.8209753718745588,-0.8095914947708974,0.7484225536194535,0.7421499666004049
1.1211813689851602,-0.7618205928701882,-1.3723987226834924,1.137637900636823,-0.010684955964216718,0.25509904166797387,0.26263139528242296,-0.9328252784699188,1.0904289836912913,-0.4202829172936485,-0.5730251293707995,0.03994124669318754,-0.004830300703275895,0.41369818995709984,-1.2185184619178087,-0.8325399731917049,-0.8240759924719097,0.8624111598759913,0.8513682995214964
1.1211813689851602,-0.7618205928701882,-1.2279356991005308,-0.7054689621240783,-0.010684955964216718,1.2587736049401146,1.2630613202643721,-0.8569976202127723,1.0904289836912913,-0.47541029579922356,-0.6131680011191143,0.044598131689341756,0.009409712389018691,0.41369818995709984,-1.1648360433571276,-0.810008201454217,-0.8040129325784402,0.7265630097529482,0.7154582034181673
1.1211813689851602,-0.7618205928701882,-1.0834726755175694,1.225198035263801,-0.010684955964216718,0.21111788203441104,0.21378101053177334,-0.8569976202127723,1.0904289836912913,-0.5525800634776826,-0.647075491234553,0.05251901314353632,0.025382038208668904,0.41369818995709984,-1.087748312301675,-0.7720495032680282,-0.7679551193737016,0.8552370316489093,0.8441908822707793
1.1211813689851602,-0.7618205928701882,-0.9390096519346078,-0.7054689621240783,-0.010684955964216718,1.257949075138521,1.257506274184397,-0.9176596889665775,0.13337934858853825,-0.6008014688762883,-0.67646188856672,0.044419971527489985,0.023613670569756502,0.41369818995709984,-1.033187555072585,-0.7714550842662745,-0.7690941498640892,0.7149964515848558,0.7038861856257085
1.1211813689851602,-0.7618205928701882,-0.7945466283516462,1.271950106114169,-0.010684955964216718,0.18798479655552824,0.18842747921351466,-1.0086529367270654,-0.04606745799322794,-0.665012168654581,-0.7093396761578388,0.04746403821635447,0.03120616415456057,0.41369818995709984,-1.0079715136306326,-0.8204368880666002,-0.819783173791528,0.8525892609836775,0.8415418686183507
1.1211813689851602,-0.7618205928701882,-0.6500836047686848,-0.7054689621240783,-0.010684955964216718,1.2572620370478507,1.254571853216374,-1.0086529367270654,-0.04606745799322794,-0.6922728352594165,-0.7275969582699918,0.03926781833020716,0.02645530069221934,0.41369818995709984,-1.0058111383289121,-0.8796696766713291,-0.8804005734584289,0.7097093707358162,0.6985967643367393
1.1211813689851602,-0.7618205928701882,-0.5056205811857232,1.2984432871402405,-0.010684955964216718,0.17459097005703453,0.17398380392193252,-0.9024942440930163,-0.22551426457499413,-0.6918828524696681,-0.699351067640567,0.11188811664750047,0.09743903668435164,0.41369818995709984,-1.026094729023353,-0.9477996032552579,-0.9489374423492113,0.8520434699267067,0.8409960013248737
1.1211813689851602,-0.7618205928701882,-0.3611575576027617,-0.7054689621240783,-0.010684955964216718,1.255880602747424,1.2524299921226347,-0.8569976202127723,-0.3451454689628382,-0.6333412850123328,-0.6334148181291822,0.20974578219820791,0.18519669141353587,0.3717953522675755,-1.0661720676933149,-1.0088412499731776,-1.0082504613993615,0.7063700007167315,0.6952559909310155
1.1211813689851602,-0.7618205928701882,-0.21669453401980013,1.2471848153457823,-0.010684955964216718,0.10234296525819916,0.1091670898392894,-1.0086529367270654,-0.04606745799322794,-0.05313586078092038,-0.4705496140666705,0.974193529301666,0.4398726554105865,-0.9704022850932494,-1.151270778268685,-1.2175328763985322,-1.100651275984775,0.8550804227374434,0.8395172009280932
1.1211813689851602,-0.7618205928701882,-0.0722315104368386,-0.7054689621240783,-0.010684955964216718,1.2614567956228637,1.2971407660091512,-0.6295146454413326,-0.3451454689628382,0.30257259246474305,-0.2342812292334837,1.1440219331537287,0.6985549070220153,-1.581180368431487,-1.2369828781009495,-1.2335463694083193,-1.14057466308074,0.6926071375730124,0.6879990704859031
1.1211813689851602,-0.7618205928701882,0.07223151314612293,2.3395526945510077,-0.010684955964216718,-0.6991224441542135,-0.6983308925851475,-0.7508389275787232,-0.3451454689628382,0.6907840710172295,-0.06520605086563218,1.1352827083723682,0.7978090476199183,-2.2302332824323554,-1.3151403001775712,-1.241398057101952,-1.1745117471418463,0.9659940940219579,0.9426855046798153
1.1211813689851602,-0.7618205928701882,0.21669453672908448,-0.7054689621240783,-0.010684955964216718,1.273323970084967,1.320338391930159,-0.8569976202127723,-0.6442234799324486,0.8230578048553953,0.04912762880698408,1.0335327973718273,0.955806700979587,-2.111586572141702,-1.380860060626595,-1.2524780660190076,-1.2452921116855467,0.7347136935486537,0.7331714331673821
1.1211813689851602,-0.7618205928701882,0.361157560312046,1.6041585821135758,-0.010684955964216718,0.40583820507824814,-0.6983308925851475,-0.6295146454413326,-1.062932695289903,1.3323204764851384,0.11563130863334707,1.0613129960062166,1.2846266558910369,-2.867445158342547,-1.4305233558738104,-1.2953687423504028,-1.353468476891775,0.8248797442380706,0.8102362563943637
1.1211813689851602,-0.7618205928701882,0.5056205838950075,-0.7054689621240783,-0.010684955964216718,2.9162208331900303,-0.6983308925851475,-0.7053423036984792,-1.4816419106473573,1.3400331721383114,0.08073010970759835,1.1006898015393214,1.6898159443976224,-2.59041681268727,-1.4533833262283062,-1.3580502583556433,-1.4863653361208802,0.5445879548856672,0.5495444623516443
1.1211813689851602,-0.7618205928701882,0.6500836074779691,1.8953218153393152,-0.010684955964216718,0.08168120919037854,-0.6983308925851475,-0.7053423036984792,-1.182563899677747,0.5445137678948495,-0.05522661721663746,1.2349381719199435,1.0605428651067499,-0.09331842443300767,-1.4173323499267696,-1.4128190957924787,-1.3893194399056699,0.7581850491315563,0.7389446354923493
1.1211813689851602,-0.7618205928701882,0.7945466310609306,-0.7054689621240783,-0.010684955964216718,0.7603646812182441,1.8513610538930256,-1.0238184539155166,0.013748144200694123,0.4663874386566301,-0.1518245707506938,1.1810451491802654,0.8806749731857954,0.41369818995709984,-1.3735852929960497,-1.3966530718119192,-1.3460877500193213,0.7179959622650351,0.7084486034772691
1.1211813689851602,-0.7618205928701882,0.9390096546438922,1.6811690954206078,-0.010684955964216718,0.3278757798811408,-0.6983308925851475,-1.3119635697556518,0.6717197683338367,0.09937416697743495,-0.3169609075913148,0.9579766923683258,0.5639208363511352,0.41369818995709984,-1.2971056425571876,-1.3451220215543798,-1.2703682276708899,0.7921790834830217,0.7779665654857638
1.1211813689851602,-0.7618205928701882,1.0834726782268538,-0.7054689621240783,-0.010684955964216718,0.9588951434408638,1.6522949997562764,-1.3119635697556518,0.31282615517030443,0.005011710341660375,-0.4610578599545538,0.7303459715074356,0.0906414281264271,0.41369818995709984,-1.2361776538876308,-1.3022539344358635,-1.1659271933336803,0.7128339885349252,0.7053549456706194
1.1211813689851602,-0.7618205928701882,1.2279357018098151,1.0803554052537143,-0.010684955964216718,0.1371404039023754,0.3331953213442081,-1.372625710824347,0.6717197683338367,-0.18169104517103868,-0.559779442615189,0.6258452335102647,0.07998762100455847,0.41369818995709984,-1.188145076420939,-1.2767208092805447,-1.1599453328644707,0.8215536949769727,0.8072444364423904
1.1211813689851602,-0.7618205928701882,1.3723987253927767,-0.7054689621240783,-0.010684955964216718,1.2283812094028344,1.3991933830507834,-1.3119635697556518,0.31282615517030443,-0.26472393317907794,-0.5997522264208299,0.4785425821794128,0.07375347525049793,0.41369818995709984,-1.1750250132125002,-1.2494245422761945,-1.1636399221558273,0.6884759024946883,0.681890233541298
1.1211813689851602,-0.7618205928701882,1.5168617489757383,1.1813753582590856,-0.010684955964216718,0.1356539587309911,0.21394671235156207,-1.3119635697556518,0.31282615517030443,-0.4478104846413821,-0.6511159620719288,0.38085455238089916,0.09447750301880464,0.41369818995709984,-1.1600587496875796,-1.2363925026633689,-1.1776316201355417,0.8280626853559324,0.8128383467696879
1.1211813689851602,-0.7618205928701882,1.6613247725587,-0.7054689621240783,-0.010684955964216718,1.2230919831717535,1.2940587750460222,-1.569777578903994,0.31282615517030443,-0.48618398844362964,-0.6824375508514469,0.3566801790318351,0.1231210340348722,0.41369818995709984,-1.1514230397246648,-1.2382730008516893,-1.1919653956702556,0.6932207924916184,0.6821006711202773
1.1211813689851602,-0.6517427408580244,-1.6613247698494156,1.2714669570679695,-0.010684955964216718,0.17260091419219842,0.20739997075049837,-1.766929519298531,1.0904289836912913,-0.5667184446854415,-0.729822216706716,0.31476821406644717,0.13443640685949185,0.41369818995709984,-1.1381724322251245,-1.2394836750943132,-1.2055029767563994,0.8313635331830013,0.8203065244143404
1.1211813689851602,-0.6517427408580244,-1.516861746266454,-0.7054689621240783,-0.010684955964216718,1.2423145437043215,1.2733251907336371,-1.1603082532413587,-0.04606745799322794,-0.6075515826521918,-0.7473299826565472,0.26671611682441665,0.13164257045699962,0.41369818995709984,-1.137283717577941,-1.2357377381929244,-1.2119913980648938,0.6943420762956655,0.6832225267628397
1.1211813689851602,-0.6517427408580244,-1.3723987226834924,1.2959157699613113,-0.010684955964216718,0.1619598651598112,0.17806797122966575,-1.327129086944103,0.4324573595581485,-0.673310841878628,-0.774750135141041,0.22472828461307273,0.1252281501451552,0.41369818995709984,-1.1325488930308212,-1.230675925857505,-1.2149098386307327,0.8311089986993084,0.8200520322302194
1.1211813689851602,-0.6517427408580244,-1.2279356991005308,-0.7054689621240783,-0.010684955964216718,1.2491588558462616,1.2620348284092104,-1.4636188862699449,0.31282615517030443,-0.7178431304925635,-0.8075898117408552,0.1592378025337135,0.08645151200900403,0.41369818995709984,-1.125789546113386,-1.2247311980015654,-1.214790431134499,0.6972197200412904,0.686101443982566
1.1211813689851602,-0.6517427408580244,-1.0834726755175694,1.3164005360014135,-0.010684955964216718,0.16210292801804285,0.16931077154495014,-1.615274202784238,0.31282615517030443,-0.7756676112421622,-0.839087134535833,0.13195116721852104,0.07828297832560688,0.41369818995709984,-1.128894135483646,-1.238108960139117,-1.2326770672808296,0.8434681419676127,0.8324166231049489
1.1211813689851602,-0.6517427408580244,-0.9390096519346078,-0.7054689621240783,-0.010684955964216718,1.2528980417338567,1.2569430347286445,-1.7820950364869825,0.4922729617520706,-0.8101406182227575,-0.8710170876580268,0.08534054764965486,0.045836911869772734,0.41369818995709984,-1.1309201056649536,-1.2487391210168433,-1.2465034151341807,0.7001571271876126,0.6890401935032291
1.1211813689851602,-0.6517427408580244,-0.7945466283516462,1.3262249852289947,-0.010684955964216718,0.15896947300521633,0.16177526905338258,-1.9185848358128244,0.6717197683338367,-0.862554840304285,-0.8991147688768228,0.06247126141922741,0.033065926801837814,0.41369818995709984,-1.1340729554016096,-1.264063750601507,-1.2642045470758363,0.8484571258541379,0.8374079074149358
1.1211813689851602,-0.6517427408580244,-0.6500836047686848,-0.7054689621240783,-0.010684955964216718,1.3118508713879458,1.3135983839434593,-1.1603082532413587,-0.7040390821263706,-0.8222996528183969,-0.8697537788721922,0.279970721401609,0.022964682161734598,0.41369818995709984,-1.1727053787016726,-1.3360180309258183,-1.2878059479761172,0.6957668573695189,0.6899161629775586
1.1211813689851602,-0.6517427408580244,-0.5056205811857232,1.2600879268952279,-0.010684955964216718,0.06684766157669744,0.08686447384243445,-0.993487347223724,-1.3021951040655912,-0.49833967841843074,-0.7669959599287705,1.4217608388661542,0.17905813309941654,-0.4812718272420477,-1.2647091825009942,-1.5958753001984776,-1.369549264279278,0.8570049122460431,0.8410613660645956
1.1211813689851602,-0.6517427408580244,-0.3611575576027617,-0.7054689621240783,-0.010684955964216718,1.2145891509878008,1.2993056849146258,-0.8569976202127723,-1.4816419106473573,-0.1792441205657216,-0.6238524881072424,1.957725424142924,0.34084658309043797,-1.2019044658218885,-1.3546254841518532,-1.7026270797181087,-1.4263230861726794,0.6731318293758928,0.6685449666655998
1.1211813689851602,-0.6517427408580244,-0.21669453401980013,-0.7054689621240783,-0.010684955964216718,-0.6991224441542135,-0.6983308925851475,-0.7053423036984792,-1.6610887172291235,0.2786545399257276,-0.43987591213932903,2.0788555805008815,0.4309872159276303,-2.1255323456859037,-1.4761031002184215,-1.7490693181524544,-1.4790162489842704,-1.2740310493992413,-1.2860490588430924
1.1211813689851602,-0.6517427408580244,-0.0722315104368386,-0.7054689621240783,-0.010684955964216718,-0.6991224441542135,-0.6983308925851475,-0.5840180215610886,-1.8405355238108898,0.6710815785828363,-0.3107918673136725,1.8320415281456741,0.3922919109640607,-2.7412897253499904,-1.5487431559068114,-1.724621228189081,-1.4872488649088007,-1.2740310493992413,-1.2860490588430924
1.1211813689851602,-0.6517427408580244,0.07223151314612293,-0.7054689621240783,-0.010684955964216718,-0.6991224441542135,-0.6983308925851475,-0.40203167066989287,-2.259244739168344,0.997258367674443,-0.19284540681720866,1.3848765707170427,0.27509584019192934,-3.095556831375624,-1.6411103602650954,-1.6883419841965914,-1.5043505755535742,-1.2740310493992413,-1.2860490588430924
1.1211813689851602,-0.6517427408580244,0.21669453672908448,-0.7054689621240783,-0.010684955964216718,-0.6991224441542135,-0.6983308925851475,-0.40203167066989287,-2.259244739168344,1.2184187449118808,-0.11302122977082259,0.9847910753884662,0.23289566243051532,-3.1306786536740248,-1.709835293729603,-1.6512566280073695,-1.5278836042849593,-1.2740310493992413,-1.2860490588430924
1.1211813689851602,-0.6517427408580244,0.361157560312046,1.3337718343297653,-0.010684955964216718,0.7631826305962562,-0.6983308925851475,-0.4323627050467954,-2.378875943556188,1.388302740076989,-0.06597109372811523,0.5107520640720884,0.4320562859796044,-3.20416773248321,-1.7568681577064,-1.5972809946456217,-1.5925976996121123,0.9831314291821591,0.9610148841855936
1.1211813689851602,-0.6517427408580244,0.5056205838950075,-0.7054689621240783,-0.010684955964216718,2.91608838704648,-0.6983308925851475,-0.40203167066989287,-2.259244739168344,1.3654061347419972,-0.025763997901861388,0.5471350969333109,0.9246820889566243,-2.8526441532160622,-1.787279186289059,-1.6115623252983258,-1.685607579112525,0.627296721235662,0.6356867881943625
1.1211813689851602,-0.6517427408580244,0.6500836074779691,1.7909483450775168,-0.010684955964216718,0.20735441435383178,-0.6983308925851475,-0.553686987184186,-2.3190603413622664,1.0748294898535007,-0.003255222981961198,0.889067069575151,1.355028482380369,-1.7297718835764897,-1.832179424674813,-1.697897113676647,-1.7822710896161125,0.8145012536742021,0.7965709276896824
1.1211813689851602,-0.6517427408580244,0.7945466310609306,-0.7054689621240783,-0.010684955964216718,0.6824402028924238,1.929712546251939,-0.6598456798182352,-2.3190603413622664,0.8080779170447142,-0.05329213152838466,0.9125202778671501,1.2460705396558027,-0.6566516290348345,-1.8304403623717302,-1.7153547027954723,-1.7789144603798848,0.7922406469861496,0.78207020072843
1.1211813689851602,-0.6517427408580244,0.9390096546438922,1.583344241324915,-0.010684955964216718,0.41328714437709374,-0.6983308925851475,-1.0086529367270654,-2.019982330392656,0.23425603614532506,-0.19615824002430776,0.7775899547138897,0.6846796354768648,0.41369818995709984,-1.7861257635321925,-1.7014148995279597,-1.6973562148603603,0.81755530745803,0.8047484869296867
1.1211813689851602,-0.6517427408580244,1.0834726782268538,-0.7054689621240783,-0.010684955964216718,0.9222603299028885,1.662403963653974,-1.3119635697556518,-1.3021951040655912,0.11957099437173224,-0.3427895733092964,0.6144412782698196,-0.11045609881094436,0.41369818995709984,-1.7495820488897518,-1.6877122829956746,-1.572009766840462,0.7528500855578615,0.7451876853037817
1.1211813689851602,-0.6517427408580244,1.2279357018098151,1.0247430303574492,-0.010684955964216718,0.1672172938048413,0.3694878977826355,-1.372625710824347,-1.2423795018716692,-0.10209241383978951,-0.45731521945663167,0.5310188480339347,0.006638515117038852,0.41369818995709984,-1.7180542754286878,-1.6829117525558865,-1.6028095327110545,0.8451523178017216,0.8313619763483702
1.1211813689851602,-0.6517427408580244,1.3723987253927767,-0.7054689621240783,-0.010684955964216718,1.227027735954935,1.400624853926605,-1.3119635697556518,-1.3021951040655912,-0.20613420318167086,-0.5408206359593937,0.3886185846973869,0.0045968009393472006,0.41369818995709984,-1.707963032815267,-1.673299289502191,-1.616976224435249,0.7091709600988111,0.7026997848639849
1.1211813689851602,-0.6517427408580244,1.5168617489757383,1.149795028623663,-0.010684955964216718,0.15441395636300914,0.23294289054969203,-1.3119635697556518,-1.6012731150352015,-0.40491706023822494,-0.5969115460504478,0.3268004182986853,0.051188970020165266,0.41369818995709984,-1.7156043379285906,-1.685305241011917,-1.6483970826546714,0.8410216227541266,0.8260543185019237
1.1211813689851602,-0.6517427408580244,1.6613247725587,-0.7054689621240783,-0.010684955964216718,1.2782833423490154,1.348529920640093,-1.4939499206468474,-1.3620107062595133,-0.4642981275259792,-0.6554930799991612,0.22343939387278622,0.029163611490553645,0.41369818995709984,-1.7282010174634639,-1.694958579784155,-1.6720384666457966,0.698171614206614,0.6919131684738898
1.1211813689851602,-0.5416648888458606,-1.6613247698494156,1.2123485670729939,-0.010684955964216718,0.13920498700195524,0.1730613866442852,-1.4636188862699449,-1.6012731150352015,-0.6069702875504913,-0.7033244913636109,0.19116853623057317,0.056032905463501884,0.41369818995709984,-1.7503206737974437,-1.7209112188929376,-1.7085814947036513,0.8439052068377726,0.8285027300221024
1.1211813689851602,-0.5416648888458606,-1.516861746266454,-0.7054689621240783,-0.010684955964216718,1.2986796279918074,1.327520900285706,-1.615274202784238,-1.3620107062595133,-0.6428152579989665,-0.751211657696821,0.1119188045222692,0.0181073309373536,0.41369818995709984,-1.7701858471152307,-1.736300496653507,-1.7308638870271165,0.6955067425682911,0.6894237759256724
1.1211813689851602,-0.5416648888458606,-1.3723987226834924,-0.7054689621240783,-0.010684955964216718,1.3103964865925797,1.3262774553837622,-1.5394465445270915,-1.2423795018716692,-0.7364071139935915,-0.7860585131720058,0.16000926160776063,0.09380252153500926,0.41369818995709984,-1.7869126488062805,-1.7601836411595495,-1.7597593092077775,0.6428899285308582,0.6335979851952244
1.1211813689851602,-0.5416648888458606,-1.2279356991005308,-0.7054689621240783,-0.010684955964216718,1.3153588021042626,1.3240886402006709,-1.615274202784238,-1.062932695289903,-0.8689530999679969,-0.8210062921982378,0.25627371499339174,0.20809742965629333,0.41369818995709984,-1.7991939468467555,-1.7848122296905928,-1.7878487849664917,0.6134713945375996,0.6033611581824896
1.1211813689851602,-0.5416648888458606,-1.0834726755175694,1.505695569400233,-0.010684955964216718,-0.02235581470627717,-0.016470891189326906,-1.615274202784238,-1.062932695289903,-1.0319197503152853,-0.8527287521455514,0.29134398876728523,0.2557989161322186,0.41369818995709984,-1.8130574609995258,-1.7990034186271424,-1.8042657987249677,0.8340224644833031,0.8161100671431664
1.1211813689851602,-0.5416648888458606,-0.9390096519346078,-0.7054689621240783,-0.010684955964216718,1.2426279995773906,1.2445983015585036,-1.660770790507037,-1.122748297483825,-1.0342268697695605,-0.8762629950351821,0.24268836332146976,0.2134545187245775,0.41369818995709984,-1.8233892815394308,-1.7999558228691852,-1.806081507812432,0.6747000786134685,0.66357171400795
1.1211813689851602,-0.5416648888458606,-0.7945466283516462,1.4409733322244045,-0.010684955964216718,0.09941411851396041,0.1012267655394145,-1.615274202784238,-1.062932695289903,-1.0478642267757385,-0.9024417172658866,0.18716462101422018,0.16410624512545452,0.41369818995709984,-1.836996533146638,-1.7994207812269984,-1.8063650735271717,0.8429119103165442,0.8318601007441818
1.1211813689851602,-0.5416648888458606,-0.6500836047686848,-0.7054689621240783,-0.010684955964216718,1.3118508713879458,1.3123903642249997,-1.3119635697556518,-1.3021951040655912,-0.962468698607508,-0.8639736118576754,0.4079289298956079,0.15500028374158129,0.41369818995709984,-1.866084262482716,-1.829695920003981,-1.8032910348083462,0.6822169463433447,0.6766106476990581
1.1211813689851602,-0.5416648888458606,-0.5056205811857232,-0.7054689621240783,-0.010684955964216718,1.2554193537967109,1.2778638065490262,-0.6901767141951377,-2.019982330392656,-0.7375957922395315,-0.7306578354790222,1.6708415317494183,0.4007832618788382,-0.1250567587205165,-1.914720939085771,-1.9792202665419554,-1.8229479791883099,0.6331502943196248,0.624259843241161
1.1211813689851602,-0.5416648888458606,-0.3611575576027617,-0.7054689621240783,-0.010684955964216718,-0.6991224441542135,-0.6983308925851475,-0.2503763541555997,-2.4386915457501104,-0.3967187256393276,-0.5630174653578756,2.0434383632539084,0.5443337960263397,-0.9628128360176423,-1.970375879471976,-2.0085513375721247,-1.8269237503786921,-1.2740310493992413,-1.2860490588430924
1.1211813689851602,-0.5416648888458606,-0.21669453401980013,-0.7054689621240783,-0.010684955964216718,-0.6991224441542135,2.8299968400310007,0.05293427887298657,-2.5583227501379544,0.101192971789315,-0.3289933944570652,2.128904946925777,0.7374061704402258,-2.060886899613348,-2.03385249809091,-1.9833320411243005,-1.8129913227260557,0.5581081642217357,0.5491180547549005
1.1211813689851602,-0.5416648888458606,-0.0722315104368386,-0.7054689621240783,-0.010684955964216718,-0.6991224441542135,-0.6983308925851475,0.416906980655378,-2.917216363301487,0.725788872711118,-0.13096586060245907,1.8732638683697316,0.95691853383364,-3.2272929136807513,-2.091793290731465,-1.937804880946907,-1.8283764693460272,-1.2740310493992413,-1.2860490588430924
1.1211813689851602,-0.5416648888458606,0.07223151314612293,-0.7054689621240783,-0.010684955964216718,-0.6991224441542135,-0.6983308925851475,0.507900228415866,-2.9770319654954087,1.0163086590453632,0.017153918620700002,1.4291097324322983,1.0007470520193158,-3.584337474940776,-2.1326509995260516,-1.866317229220064,-1.8195959008729914,-1.2740310493992413,-1.2860490588430924
1.1211813689851602,-0.5416648888458606,0.21669453672908448,-0.7054689621240783,-0.010684955964216718,-0.6991224441542135,-0.6983308925851475,0.6595555449301591,-2.9770319654954087,1.2741180535808092,0.14440863586374025,1.0819369527327323,1.032495497860842,-3.7282398407262853,-2.1584292742365183,-1.7961956870339868,-1.8020057247173096,-1.2740310493992413,-1.2860490588430924
1.1211813689851602,-0.5416648888458606,0.361157560312046,1.3283624667501306,-0.010684955964216718,0.7262796661755853,-0.6983308925851475,0.7657143821939886,-3.096663169883253,1.5537256799679418,0.2275604670582883,0.6765049476666711,1.2556502458078056,-3.7427811175199834,-2.1701569052235143,-1.7083551662657726,-1.8094672846135296,0.9858987266487856,0.9585732345350413
1.1211813689851602,-0.5416648888458606,0.5056205838950075,-0.7054689621240783,-0.010684955964216718,2.8888208795690904,-0.6983308925851475,0.6595555449301591,-2.9770319654954087,1.5362045492443028,0.2938806495191111,0.7117695779807667,1.7540917898675645,-3.2471867000352486,-2.1798320228276844,-1.69697504352047,-1.8654907463332313,0.6261693170833507,0.6352177603284583
1.1211813689851602,-0.5416648888458606,0.6500836074779691,1.781857320766706,-0.010684955964216718,0.188925269290722,-0.6983308925851475,0.6595555449301591,-2.9770319654954087,1.3155920209001821,0.3422674932938691,1.164466877277427,2.2122843138215513,-2.0920624891798196,-2.182596497265768,-1.7495049672579743,-1.9118322321741197,0.8120941567039471,0.7942450494433397
1.1211813689851602,-0.5416648888458606,0.7945466310609306,-0.7054689621240783,-0.010684955964216718,2.852372121328007,-0.6983308925851475,0.35624491190157287,-2.8574007611075647,1.0562073099498859,0.29440996884278475,1.2785209211782953,2.085795299217241,-0.9865124614106704,-2.1685726380456467,-1.7667773248311933,-1.8951512650029168,0.5136927968685525,0.5169608567682672
1.1211813689851602,-0.5416648888458606,0.9390096546438922,1.9099524583279932,-0.010684955964216718,-0.01011395430870987,-0.6983308925851475,-0.022893379384159997,-2.498507147944032,0.47177896744800685,0.15703184309471052,1.4433625453804402,1.2451398198458488,0.41369818995709984,-2.126385718109596,-1.7896145887809471,-1.7733563773315184,0.747566244893197,0.7278064018816813
1.1211813689851602,-0.5416648888458606,1.0834726782268538,-0.7054689621240783,-0.010684955964216718,0.525465454020606,1.9621886356152332,-0.40203167066989287,-2.079797932586578,0.3492387491735286,0.008075739340147024,1.3125648560293681,0.06349459518312324,0.41369818995709984,-2.078642702841281,-1.7681982938889507,-1.5728707577343566,0.7434414901836232,0.7324003751248319
1.1211813689851602,-0.5416648888458606,1.2279357018098151,-0.7054689621240783,-0.010684955964216718,2.8533934282571614,-0.6983308925851475,-0.6143490559379912,-1.7807199216169676,0.1672345170145057,-0.11903853184234515,1.2505557428543277,0.016618179241427368,0.41369818995709984,-2.036828473584724,-1.756991247541372,-1.5619282851189873,0.48238595542555,0.48403301054936393
1.1211813689851602,-0.5416648888458606,1.3723987253927767,1.1536993322045728,-0.010684955964216718,-0.46015943290129535,0.8579072698515925,-0.7053423036984792,-1.4816419106473573,-0.08096711970077376,-0.2191285813944514,1.3501592075029893,-0.1336192832703825,0.41369818995709984,-1.9999374049551475,-1.7661391257835268,-1.5268470778702858,0.8397021476724659,0.8175005534245231
1.1211813689851602,-0.5416648888458606,1.5168617489757383,-0.7054689621240783,-0.010684955964216718,0.9480927939265099,1.6616992330807552,-0.7053423036984792,-1.4816419106473573,-0.17625068491542248,-0.30281396646726255,1.164845361066241,-0.12821272350949717,0.41369818995709984,-1.961641718361613,-1.7266821173773907,-1.5141709210990755,0.6829249266293164,0.6768684183654222
1.1211813689851602,-0.5416648888458606,1.6613247725587,-0.7054689621240783,-0.010684955964216718,1.126139093541252,1.5096685994863817,-0.7660043724522843,-1.5414575128412795,-0.3126550254889172,-0.37604353049977257,1.030399224381554,0.07334680938759014,0.41369818995709984,-1.9314350724306417,-1.700636539792764,-1.5465316528414832,0.6352643346141712,0.6260279696958955
1.1211813689851602,-0.43158703683369687,-1.6613247698494156,1.3672470842124802,-0.010684955964216718,-0.029595835981070292,0.15653737269300286,-0.7053423036984792,-1.6610887172291235,-0.5025224612388375,-0.4276246399531268,0.9364636397144829,0.26325473644763303,0.41369818995709984,-1.9109037854056727,-1.6846210029970499,-1.5803736009845375,0.822818266934499,0.8060199233245908
1.1211813689851602,-0.43158703683369687,-1.516861746266454,-0.7054689621240783,-0.010684955964216718,1.1883820535867087,1.360631708321132,-0.7053423036984792,-1.6610887172291235,-0.5213239128193864,-0.47127301714235786,0.7700799498052097,0.30051958375734555,0.41369818995709984,-1.8933863582621393,-1.6570849676331432,-1.5865937346699157,0.637360013863925,0.6312550998222457
1.1211813689851602,-0.43158703683369687,-1.3723987226834924,-0.7054689621240783,-0.010684955964216718,2.690764069983643,-0.6983308925851475,-0.8721632097161137,-1.4816419106473573,-0.6005907577634739,-0.5182222296340181,0.798860914133446,0.3156567772069831,0.41369818995709984,-1.8766494218941463,-1.6636692929165944,-1.5912914769559459,0.3919443090540018,0.4246578529804747
1.1211813689851602,-0.43158703683369687,-1.2279356991005308,1.4957118047797722,-0.010684955964216718,-0.35566581143634884,0.6337855494009106,-1.0086529367270654,-1.2423795018716692,-0.6828811399454054,-0.5627732727098874,0.8979597337303552,0.1939387497365803,0.41369818995709984,-1.8605369746673186,-1.68082601523341,-1.570287351631634,0.8205701190088698,0.8095082284312543
1.1211813689851602,-0.43158703683369687,-1.0834726755175694,-0.7054689621240783,-0.010684955964216718,0.9912341819403719,1.4642864240454272,-1.1603082532413587,-0.7040390821263706,-0.7207991063894734,-0.6154158438469819,0.8519901497677691,0.09734764167598679,0.41369818995709984,-1.8362979643430546,-1.668106890002796,-1.546559716853756,0.6585632403842182,0.6474272380120609
1.1211813689851602,-0.43158703683369687,-0.9390096519346078,-0.7054689621240783,-0.010684955964216718,1.1651467953685157,1.4092836910826227,-1.2816325353787492,-0.5245922755446044,-0.7842866991425207,-0.6528683619128378,0.7814591842576466,0.12775367092675982,0.41369818995709984,-1.8156229820771415,-1.6491811096145286,-1.544161923310968,0.6140128653487368,0.6028566817273319
1.1211813689851602,-0.43158703683369687,-0.7945466283516462,-0.7054689621240783,-0.010684955964216718,1.23439447455199,1.3843682581873347,-1.4636188862699449,-0.04606745799322794,-0.8873097169770489,-0.6932293132225061,0.7466472000963899,0.2317511286101666,0.41369818995709984,-1.792807652561562,-1.6350218682790505,-1.5544727931173128,0.5922163250673039,0.5810500619924607
1.1211813689851602,-0.43158703683369687,-0.6500836047686848,1.5739860766762688,-0.010684955964216718,-0.10039318760207602,-0.02102019744470233,-1.0086529367270654,-0.6442234799324486,-0.9183618457642072,-0.6659157303618453,1.048815359006653,0.43744439904155363,0.41369818995709984,-1.784801257776452,-1.6659982407643994,-1.5718089845441638,0.8276393012642453,0.8094578217667665
1.1211813689851602,-0.43158703683369687,-0.5056205811857232,-0.7054689621240783,-0.010684955964216718,1.2238969613997757,1.3195621821405605,-0.4778593289270394,-1.3620107062595133,-0.6507500364758041,-0.5373504184733889,1.9439320768753474,0.6261096893823608,0.005235608437501338,-1.8077032146497125,-1.7782325298173978,-1.577070390891362,0.6479019537284958,0.6436993987965106
1.1211813689851602,-0.43158703683369687,-0.3611575576027617,-0.7054689621240783,-0.010684955964216718,-0.6991224441542135,-0.6983308925851475,0.05293427887298657,-1.8405355238108898,-0.06907833046887081,-0.3075566676073788,2.3392848199618137,0.742787575611653,-1.1435486572135631,-1.8639670802089199,-1.808195399618251,-1.5661659509721613,-1.2740310493992413,-1.2860490588430924
1.1211813689851602,-0.43158703683369687,-0.21669453401980013,-0.7054689621240783,-0.010684955964216718,-0.6991224441542135,-0.6983308925851475,0.507900228415866,-2.378875943556188,0.3518990605883307,-0.10847120086452351,2.4235051349416854,0.7376417850948178,-1.8496435288420405,-1.9089615469600625,-1.7973972180237787,-1.537133567743189,-1.2740310493992413,-1.2860490588430924
1.1211813689851602,-0.43158703683369687,-0.0722315104368386,-0.7054689621240783,-0.010684955964216718,-0.6991224441542135,-0.6983308925851475,0.6443899554268178,-2.498507147944032,0.7975503884940087,0.052703710157723564,2.1509550373880724,0.6380128411139874,-2.321156918066683,-1.9248265391581945,-1.721276196032451,-1.4736742263238256,-1.2740310493992413,-1.2860490588430924
1.1211813689851602,-0.43158703683369687,0.07223151314612293,-0.7054689621240783,-0.010684955964216718,-0.6991224441542135,-0.6983308925851475,0.8112108614444523,-2.6779539545257984,1.1866234413744472,0.19471655590388467,1.7281008438630325,0.5122390553366053,-2.743910407626753,-1.956383872093676,-1.6394930264815293,-1.4308989287915022,-1.2740310493992413,-1.2860490588430924
1.1211813689851602,-0.43158703683369687,0.21669453672908448,-0.7054689621240783,-0.010684955964216718,-0.6991224441542135,-0.6983308925851475,0.8112108614444523,-2.6779539545257984,1.4444549104074262,0.3539019320282169,1.3960691205979698,0.5373022497864538,-2.8828089081900687,-1.9919277525953059,-1.567969554717121,-1.4183641756342527,-1.2740310493992413,-1.2860490588430924
1.1211813689851602,-0.43158703683369687,0.361157560312046,-0.7054689621240783,-0.010684955964216718,-0.6991224441542135,-0.6983308925851475,0.8870385197015989,-2.8574007611075647,1.3406666433250898,0.4744942833839509,1.127638017791092,0.7535202004471573,-1.9736813569591773,-2.0128346259217524,-1.5066245671405432,-1.4472202648556278,-1.2740310493992413,-1.2860490588430924
1.1211813689851602,-0.43158703683369687,0.5056205838950075,-0.7054689621240783,-0.010684955964216718,2.8456295614614295,-0.6983308925851475,0.9628661779587454,-2.917216363301487,1.2472293088131954,0.5351507490814652,0.8487440545700105,1.0549543538154502,-1.0488121628560347,-2.0172179943505926,-1.4445685571966849,-1.496057497394109,0.7056663406765934,0.6887809885008837
1.1211813689851602,-0.43158703683369687,0.6500836074779691,2.337469035797737,-0.010684955964216718,-0.6991224441542135,-0.6983308925851475,0.8112108614444523,-2.7975851589136425,1.009316394720765,0.5178173056288973,0.8593901897918611,1.484951098445726,-0.041354038716626365,-2.0041657369569403,-1.4423771884120797,-1.5714550962658527,0.9974638447349335,0.9749562201141162
1.1211813689851602,-0.43158703683369687,0.7945466310609306,-0.7054689621240783,-0.010684955964216718,0.8708934056786339,1.6636765452452926,0.507900228415866,-2.7975851589136425,0.7930237786514224,0.4162373986204241,0.83514421140167,1.4968399959099927,0.41369818995709984,-1.9753216018202462,-1.4495979916603112,-1.5845419194714778,0.8307430378751589,0.825914163386031
1.1211813689851602,-0.43158703683369687,0.9390096546438922,1.488334138579323,-0.010684955964216718,0.46798298679189854,-0.6983308925851475,0.05293427887298657,-2.4386915457501104,0.3088798784416526,0.23562658779197718,0.6817585413388839,0.9300425319701696,0.41369818995709984,-1.9177526553027728,-1.4290116889900906,-1.4884431565816556,0.8407778888850177,0.8287361169767834
1.1211813689851602,-0.43158703683369687,1.0834726782268538,-0.7054689621240783,-0.010684955964216718,0.9745042368062224,1.6103075630521695,-0.09872103764130656,-2.259244739168344,0.1873330125561563,0.07678562210758197,0.586421543724041,0.15740925492536284,0.41369818995709984,-1.8669425730990703,-1.427193687624068,-1.34863106467594,0.7859212073931366,0.7791097312629064
1.1211813689851602,-0.43158703683369687,1.2279357018098151,-0.7054689621240783,-0.010684955964216718,2.8540657501096596,-0.6983308925851475,-0.2958729780358437,-1.8405355238108898,0.014581339484270154,-0.051174854233689886,0.6680265698208447,0.14771383766185214,0.41369818995709984,-1.8187140585448105,-1.4444203289331277,-1.3479123442380843,0.5409431074841026,0.5396219309377476
1.1211813689851602,-0.43158703683369687,1.3723987253927767,1.1702218454836972,-0.010684955964216718,-0.3531311496431525,0.7282547665875071,-0.553686987184186,-0.9433014909020588,-0.2603725814684197,-0.16815301324737994,0.8803338118805509,-0.05521997430596891,0.41369818995709984,-1.7545753076989223,-1.4647748232521396,-1.2808016472760004,0.8641680598482983,0.8429800977973727
1.1211813689851602,-0.43158703683369687,1.5168617489757383,-0.7054689621240783,-0.010684955964216718,1.0462652392375433,1.578319041598842,-0.553686987184186,0.013748144200694123,-0.3296604156792867,-0.25627056545708543,0.8127880946326529,-0.06705269318711247,0.41369818995709984,-1.6560628695855932,-1.3753248748501503,-1.1917460846245416,0.7058522912576788,0.7001007680657636
1.1211813689851602,-0.43158703683369687,1.6613247725587,1.2223161848630955,-0.010684955964216718,0.04202940915311149,0.25766254166170016,-0.6143490559379912,0.013748144200694123,-0.44253534865517913,-0.3283539767140674,0.7340046481326404,0.06479173351285178,0.41369818995709984,-1.5619300597227086,-1.2863645745292294,-1.1425277666375546,0.8500806382363343,0.8347343051456838
1.1211813689851602,-0.3215091848215331,-1.6613247698494156,-0.7054689621240783,-0.010684955964216718,1.216966454148541,1.4083953364814026,-0.7053423036984792,0.31282615517030443,-0.4690608675997512,-0.40003016497136973,0.580097284198786,0.09983878451866518,0.41369818995709984,-1.4649257580592572,-1.184945570331883,-1.0780087107779337,0.6960957360835973,0.6901905309602785
1.1211813689851602,-0.3215091848215331,-1.516861746266454,-0.7054689621240783,-0.010684955964216718,-0.6991224441542135,2.8281346073086695,-0.7053423036984792,0.6717197683338367,-0.5502207679383295,-0.4533488533245701,0.5233110768211897,0.30262250743605223,0.41369818995709984,-1.364491350854204,-1.0944618965214872,-1.0479045856748725,0.5109570011944623,0.506713755612303
1.1211813689851602,-0.3215091848215331,-1.3723987226834924,-0.7054689621240783,-0.010684955964216718,2.830487813774027,-0.6983308925851475,-0.7660043724522843,0.6119041661399147,-0.6713575833090474,-0.5050428842336414,0.3368165996468112,0.4888310328731072,0.41369818995709984,-1.2659458543898938,-0.9827139209514656,-1.0293123400771147,0.5677887550732442,0.5382779581232148
1.1211813689851602,-0.3215091848215331,-1.2279356991005308,1.5092927243858612,-0.010684955964216718,-0.14049204593181866,0.31420899512018324,-0.8569976202127723,0.6717197683338367,-0.7613238703149302,-0.5423648368663244,0.4299398080734768,0.4743671439346345,0.41369818995709984,-1.204033354245857,-0.9740183648052888,-0.9929918737227662,0.8399635225453951,0.8289104912510885
1.1211813689851602,-0.3215091848215331,-1.0834726755175694,-0.7054689621240783,-0.010684955964216718,1.176489230823791,1.3011641445404913,-0.8569976202127723,0.9707977793034471,-0.8040728070978719,-0.5768644588651793,0.456932351255469,0.39735469133568374,0.41369818995709984,-1.1287479065734658,-0.9400751681275092,-0.9310950151488546,0.6763385318458391,0.6652107502243622
1.1211813689851602,-0.3215091848215331,-0.9390096519346078,1.4034319516387332,-0.010684955964216718,0.08400605947363333,0.12559756244069104,-0.8569976202127723,1.0904289836912913,-0.8134170087959787,-0.601904085911338,0.45641747691212703,0.3674483999288139,0.41369818995709984,-1.0640297900289928,-0.9034343891612784,-0.885712365001406,0.8302211881805156,0.8191637684474782
1.1211813689851602,-0.3215091848215331,-0.7945466283516462,-0.7054689621240783,-0.010684955964216718,1.232751932139993,1.2632049075465421,-0.8569976202127723,1.0904289836912913,-0.798418391108603,-0.6249386513594208,0.40924850851066313,0.32562218706401197,0.41369818995709984,-1.0051178781656323,-0.8584287170983445,-0.8411003374612288,0.6909935257541846,0.679872327720667
1.1211813689851602,-0.3215091848215331,-0.6500836047686848,1.3281674489212338,-0.010684955964216718,0.07049255842400315,0.0867583031002169,-0.8569976202127723,1.0904289836912913,-0.7343180638179749,-0.6054477023435589,0.7164767569939029,0.36793891442324905,0.41369818995709984,-0.9738178936339578,-0.9150405116030493,-0.8261310583281396,0.8456621068100796,0.8297583887212114
1.1211813689851602,-0.3215091848215331,-0.5056205811857232,-0.7054689621240783,-0.010684955964216718,1.2616550443742414,1.296829695167195,-0.35653504678964887,0.013748144200694123,-0.4873124635144798,-0.43132211186876207,1.7002473353055845,0.5313850518595667,0.2787295428614835,-1.0271127814524783,-1.13686174152733,-0.848717278799916,0.6878212052406636,0.6834196455077063
1.1211813689851602,-0.3215091848215331,-0.3611575576027617,-0.7054689621240783,-0.010684955964216718,-0.6991224441542135,-0.6983308925851475,0.05293427887298657,-0.8834858887081368,-0.0539914147913634,-0.23830829064799317,2.1053758713878215,0.6399824454685654,-0.3023260256369515,-1.0816810190383597,-1.2099720517126342,-0.8575644857576918,-1.2740310493992413,-1.2860490588430924
1.1211813689851602,-0.3215091848215331,-0.21669453401980013,-0.7054689621240783,-0.010684955964216718,-0.6991224441542135,2.112467085134194,0.35624491190157287,-1.3620107062595133,0.43026887822358,-0.06141965330361969,2.222555816310271,0.7971676055887339,-0.8846369477438536,-1.1361384990833618,-1.2236606844464706,-0.886666974839716,0.2209812908010538,0.20835691341453422
1.1211813689851602,-0.3215091848215331,-0.0722315104368386,-0.7054689621240783,-0.010684955964216718,-0.6991224441542135,-0.6983308925851475,0.6140590656796955,-1.6610887172291235,1.0398119786004265,0.12458386279441483,2.006473113213046,0.9700098206740095,-1.9216245453946423,-1.195199776780718,-1.1615242138776916,-0.9169670062523873,-1.2740310493992413,-1.2860490588430924
1.1211813689851602,-0.3215091848215331,0.07223151314612293,-0.7054689621240783,-0.010684955964216718,-0.6991224441542135,-0.6983308925851475,0.9628661779587454,-1.9601667281987338,1.3351613974252101,0.3053252390560346,1.6753679932778054,1.0318473479391355,-2.0970628445596784,-1.2523308811240632,-1.06539216117079,-0.9124802316570709,-1.2740310493992413,-1.2860490588430924
1.1211813689851602,-0.3215091848215331,0.21669453672908448,-0.7054689621240783,-0.010684955964216718,-0.6991224441542135,-0.6983308925851475,0.9628661779587454,-2.1396135347805,1.5337656517289977,0.46578027579808545,1.3817540794593248,1.1033425605835847,-2.075266723659638,-1.3162437734552177,-0.9954396078105824,-0.9338975155867716,-1.2740310493992413,-1.2860490588430924
1.1211813689851602,-0.3215091848215331,0.361157560312046,2.2925211041261955,-0.010684955964216718,-0.6991224441542135,-0.6983308925851475,1.1145214944730386,-2.1396135347805,1.6890604107973408,0.5860091612182302,1.1406718401581428,1.3933531763925877,-1.4650127767767533,-1.3465177425973116,-0.9195090881811991,-0.9955980344300341,0.9600935382645553,0.9355009157491914
1.1211813689851602,-0.3215091848215331,0.5056205838950075,-0.7054689621240783,-0.010684955964216718,2.808843801366202,-0.6983308925851475,1.1145214944730386,-2.1396135347805,1.7057674608089317,0.6479007053376498,0.8884337059375631,1.8212637670704621,-1.0289546448723321,-1.3506155303080027,-0.8360557152570904,-1.0877337036948638,0.7058292499465666,0.7092208909506605
1.1211813689851602,-0.3215091848215331,0.6500836074779691,1.5481028870193312,-0.010684955964216718,0.428659726771827,-0.6983308925851475,0.9628661779587454,-2.1396135347805,1.538954496497572,0.6606947062703921,1.0145387077719172,2.228245739319103,-0.1679891501616262,-1.3488489595960742,-0.8722064158715316,-1.1852395679876706,0.8022398559678817,0.7883204222197691
1.1211813689851602,-0.3215091848215331,0.7945466310609306,-0.7054689621240783,-0.010684955964216718,2.5015620209064395,-0.6983308925851475,0.35624491190157287,-0.5844078777385264,1.2639878659856965,0.5506132251646211,1.182928191273713,2.091528868641083,0.41369818995709984,-1.2728299543544628,-0.8894008944441589,-1.1290340694316057,0.3653933382327563,0.41630100174280066
1.1211813689851602,-0.3215091848215331,0.9390096546438922,1.7791019538704826,-0.010684955964216718,0.13231868102323086,-0.6983308925851475,0.05293427887298657,0.3726417573642265,0.6398889757204683,0.3728374486337705,1.3419161033637232,1.2846861884194212,0.41369818995709984,-1.1582123080692655,-0.8928740397081159,-0.8875147463919222,0.7553691488993024,0.737478539214261
1.1211813689851602,-0.3215091848215331,1.0834726782268538,-0.7054689621240783,-0.010684955964216718,0.5571257585924126,1.930674476234242,-0.09872103764130656,0.7315353705277589,0.516407581142086,0.20928554096867943,1.2492924253430153,0.16092502804530578,0.41369818995709984,-1.034716684781845,-0.8198465566367007,-0.4975779734284872,0.7605912460505959,0.7494702027338372
1.1211813689851602,-0.3215091848215331,1.2279357018098151,2.327158746385563,-0.010684955964216718,-0.6991224441542135,-0.6983308925851475,0.14392752663347458,-0.04606745799322794,0.28699669322067284,0.10465604889674757,1.1544055165581135,0.015736930124074625,0.41369818995709984,-0.9468743723768576,-0.7609743348965897,-0.4108781624790371,0.8757817807000735,0.8596278208175784
1.1211813689851602,-0.3215091848215331,1.3723987253927767,-0.7054689621240783,-0.010684955964216718,1.058834062912502,1.5414426832905708,0.05293427887298657,0.3726417573642265,0.25633521614743054,0.011989173539841205,0.8736506747086951,-0.006254888952926045,0.41369818995709984,-0.8559516007848083,-0.6362268051532157,-0.3541461657158952,0.7802431442961615,0.7732082583201776
1.1211813689851602,-0.3215091848215331,1.5168617489757383,1.550541955449736,-0.010684955964216718,0.5062859910426853,-0.6983308925851475,-0.09872103764130656,0.7315353705277589,0.12514781515755202,-0.07269415489786939,0.711780659713322,0.0242341504430591,0.41369818995709984,-0.7285637789475438,-0.5110870836471935,-0.28140749656291275,0.8302897720831232,0.8176402987301354
1.1211813689851602,-0.3215091848215331,1.6613247725587,-0.7054689621240783,-0.010684955964216718,0.9874419124793699,1.6450267582643678,-0.2655419436589411,0.910982177109525,0.07806759438898209,-0.15818275446666222,0.6296522348635183,-0.05191298427852912,0.41369818995709984,-0.6049417135001656,-0.42647821870049357,-0.1894236330169789,0.7529400906793936,0.7450499890495713
1.1211813689851602,-0.21143133280936935,-1.6613247698494156,1.026507878915735,-0.010684955964216718,0.17618941631250834,0.3583258207380453,-0.40203167066989287,0.7315353705277589,-0.07484980818748098,-0.2316226347104453,0.6002421691025233,0.0564546640800846,0.41369818995709984,-0.5166667469104372,-0.40045114275689137,-0.21196607796382033,0.8468645752337487,0.8330776470872149
1.1211813689851602,-0.21143133280936935,-1.516861746266454,-0.7054689621240783,-0.010684955964216718,1.1881041269172272,1.3487156408327972,-0.40203167066989287,0.7315353705277589,-0.12833029539226581,-0.2900665456350035,0.5307912462960667,0.13411107416916562,0.41369818995709984,-0.44906869300127805,-0.3753403283147258,-0.23857141172987506,0.6741989300967776,0.6674817138931328
1.1211813689851602,-0.21143133280936935,-1.3723987226834924,2.327430730772506,-0.010684955964216718,-0.6991224441542135,-0.6983308925851475,-0.553686987184186,0.7315353705277589,-0.2490911753807562,-0.3461560442078611,0.5044499680119442,0.18453847965604595,0.41369818995709984,-0.39743323788128676,-0.37835846229069536,-0.2693982664154025,0.9269671532846595,0.906511551229958
1.1211813689851602,-0.21143133280936935,-1.2279356991005308,-0.7054689621240783,-0.010684955964216718,1.241153222280557,1.3355139955319841,-0.553686987184186,1.0904289836912913,-0.23345707973409915,-0.3988564875910106,0.2965404688947896,0.0817710813971458,0.41369818995709984,-0.34274893411422297,-0.3099071234778052,-0.2347068130359861,0.7516026145734264,0.7471937066262814
1.1211813689851602,-0.21143133280936935,-1.0834726755175694,1.0481945073622572,-0.010684955964216718,0.25148588984872544,0.290032041049836,-0.7053423036984792,1.0904289836912913,-0.27920212786401055,-0.44920181286336125,0.25223570213840685,0.07950632985959133,0.41369818995709984,-0.3019628919637347,-0.30948997601330985,-0.24928666336556954,0.8297148193667759,0.8186570380357784
1.1211813689851602,-0.21143133280936935,-0.9390096519346078,-0.7054689621240783,-0.010684955964216718,1.2367787153678687,1.2707722717415983,-0.6750112693215766,1.0904289836912913,-0.3326384660737295,-0.49794083042813686,0.21039193245028276,0.07742604531139707,0.41369818995709984,-0.2540519306203609,-0.31233471088851444,-0.26630060624995366,0.7190000594008474,0.7078916713062218
1.1211813689851602,-0.21143133280936935,-0.7945466283516462,1.1895982213242378,-0.010684955964216718,0.2084381601792311,0.22552728867914804,-0.7053423036984792,1.0904289836912913,-0.40828576234658387,-0.5373094844456916,0.2170333000148146,0.11674350712089984,0.41369818995709984,-0.21370964253888464,-0.33318132734524325,-0.29935264454950294,0.8348049690099033,0.823749545485021
1.1211813689851602,-0.21143133280936935,-0.6500836047686848,-0.7054689621240783,-0.010684955964216718,1.3048459420179543,1.3214042916817408,-0.553686987184186,1.0904289836912913,-0.3994231860491956,-0.5086034388842198,0.5707511214497772,0.19227351591444655,0.41369818995709984,-0.1984236540865898,-0.44550715649424094,-0.31917060484544035,0.7039987257848463,0.6979463954217634
1.1211813689851602,-0.21143133280936935,-0.5056205811857232,1.1771691089504546,-0.010684955964216718,0.08999173167621596,0.11938589276743537,-0.14421766152155058,0.3726417573642265,-0.09179633305109598,-0.3411479776468097,1.7851717665232054,0.4805878739076507,-0.03915921730983757,-0.25879085729862417,-0.7799241028775808,-0.38382813872700916,0.8287233229479781,0.8133348319243782
1.1211813689851602,-0.21143133280936935,-0.3611575576027617,-0.7054689621240783,-0.010684955964216718,-0.6991224441542135,1.7859340938611605,0.20458959538727972,-0.5844078777385264,0.2908951832698221,-0.147647182648261,2.1180124562648106,0.733057780409216,-0.5965303697320292,-0.3761846811607561,-0.8777177535432393,-0.47843094890086024,0.020406137538431516,0.05005068548799564
1.1211813689851602,-0.21143133280936935,-0.21669453401980013,-0.7054689621240783,-0.010684955964216718,-0.6991224441542135,-0.6983308925851475,0.507900228415866,-0.8236702865142147,0.9046946481255185,0.042607826257520624,2.272380138320196,0.9176019105104526,-1.524055344535284,-0.4690144611309465,-0.9009850730791333,-0.5184604157961109,-1.2740310493992413,-1.2860490588430924
1.1211813689851602,-0.21143133280936935,-0.0722315104368386,-0.7054689621240783,-0.010684955964216718,-0.6991224441542135,-0.6983308925851475,0.7657143821939886,-1.3620107062595133,1.265945138100283,0.20389707025368123,2.065723727422764,0.9560305768257651,-1.8856568510935185,-0.5545812972603588,-0.8456789350788236,-0.5298498538579081,-1.2740310493992413,-1.2860490588430924
1.1211813689851602,-0.21143133280936935,0.07223151314612293,-0.7054689621240783,-0.010684955964216718,-0.6991224441542135,-0.6983308925851475,0.9628661779587454,-1.7209043194230456,1.586481558610142,0.34087785362945106,1.657140248106148,0.8826169074919694,-1.8273466704355474,-0.6128233552381416,-0.7287418946074985,-0.5013012768636751,-1.2740310493992413,-1.2860490588430924
1.1211813689851602,-0.21143133280936935,0.21669453672908448,-0.7054689621240783,-0.010684955964216718,-0.6991224441542135,-0.6983308925851475,1.2661768109873317,-2.259244739168344,1.8540779826426887,0.4773490789362977,1.343845177269324,0.9102810864917972,-1.863820951980349,-0.691490406783906,-0.6504569335900612,-0.5241969599572691,-1.2740310493992413,-1.2860490588430924
1.1211813689851602,-0.21143133280936935,0.361157560312046,2.268721752631755,-0.010684955964216718,-0.6991224441542135,-0.6983308925851475,0.8112108614444523,-1.5414575128412795,2.0584945190393142,0.5235283082517873,1.0294027208925363,1.3278036702097449,-1.467433398040424,-0.7060732416978099,-0.555660979041101,-0.655721174755987,0.9042982833653374,0.880880581958505
1.1211813689851602,-0.21143133280936935,0.5056205838950075,-0.7054689621240783,-0.010684955964216718,2.8235381754131685,-0.6983308925851475,0.507900228415866,-1.062932695289903,2.020419355415845,0.5444858246737744,0.7223782058001221,1.7826305100942228,-0.8134000177662614,-0.7115466911526216,-0.45710639460446784,-0.7882977358373005,0.7223613906695859,0.7231829222983428
1.1211813689851602,-0.21143133280936935,0.6500836074779691,1.4790554522178905,-0.010684955964216718,0.5388389405756259,-0.6983308925851475,0.35624491190157287,-0.5844078777385264,1.753305894632352,0.5486723876444842,0.8673912006968407,2.2931194255318355,0.41369818995709984,-0.7005956901118547,-0.4928483380334829,-0.9182232771338135,0.8063336489156486,0.7933377294825605
1.1211813689851602,-0.21143133280936935,0.7945466310609306,0.48259741302772957,-0.010684955964216718,0.17166443586450855,0.9046639004884414,0.0074376549927425714,0.3726417573642265,1.2548323009028712,0.45835286704829614,0.947027940603617,2.0299864885589334,0.41369818995709984,-0.6238933180820748,-0.48798305185010904,-0.8209867840167205,0.8589155409659269,0.8459842120577576
1.1211813689851602,-0.21143133280936935,0.9390096546438922,1.2458318903708885,-0.010684955964216718,0.773350605129399,-0.6983308925851475,-0.09872103764130656,0.7315353705277589,0.8028088013760202,0.2986021778862804,0.8061757100609582,1.3621312999570532,0.41369818995709984,-0.5143975444824935,-0.42059555739613036,-0.6055292847602357,0.7896231180417526,0.7804442784409902
1.1211813689851602,-0.21143133280936935,1.0834726782268538,0.5364466437533582,-0.010684955964216718,0.23485265142256503,0.81223571887336,0.05293427887298657,0.3726417573642265,0.5732072700668226,0.1710531590992776,0.7433627450551703,0.39649775832147394,0.41369818995709984,-0.4113635926415156,-0.3705316227312294,-0.25220792116816154,0.8677130015649622,0.8553067812211662
1.1211813689851602,-0.21143133280936935,1.2279357018098151,-0.7054689621240783,-0.010684955964216718,1.1476477165578922,1.436994778842581,0.20458959538727972,-0.2853298667689162,0.4982482967624951,0.07839898740613939,0.7228146555746107,0.34697088713719765,0.41369818995709984,-0.3465600552485215,-0.3585647182894798,-0.2287880153279451,0.7272556891682594,0.7201964298800145
1.1211813689851602,-0.21143133280936935,1.3723987253927767,1.5506372217488567,-0.010684955964216718,0.4791039428626816,-0.6983308925851475,0.20458959538727972,0.3726417573642265,0.27628253482718895,0.000978625848330127,0.7184245846007512,0.3481330291701671,0.41369818995709984,-0.26068121585035864,-0.31693581084888656,-0.18689852204399654,0.8079364601198925,0.7940487503190339
1.1211813689851602,-0.21143133280936935,1.5168617489757383,-0.7054689621240783,-0.010684955964216718,1.0379557153535819,1.5935474685511881,0.20458959538727972,0.7315353705277589,0.20932188779562705,-0.06513900375130018,0.6757522422938715,0.2131820106721135,0.41369818995709984,-0.10439122578580899,-0.1773602915011413,-0.0027392228529084027,0.7373074611409662,0.7296693994163256
1.1211813689851602,-0.21143133280936935,1.6613247725587,1.6353305763501311,-0.010684955964216718,0.39270164995780144,-0.6983308925851475,0.1894240058839383,1.030613381497369,0.07219109557604857,-0.10343419818044464,0.7279923820008675,0.2635322754179886,0.41369818995709984,0.03326640202054156,-0.08021075610557003,0.10125907189300325,0.8194412747746139,0.8050611721736228
1.1211813689851602,-0.10135348079720558,-1.6613247698494156,-0.7054689621240783,-0.010684955964216718,1.035114640458442,1.595186040499687,0.20458959538727972,1.0904289836912913,0.05007713151722453,-0.13551377223146346,0.7276582251422746,0.2096838457647913,0.41369818995709984,0.14889823990555257,0.010358003740002494,0.2209725633800547,0.7315849355139542,0.7242793697035211
1.1211813689851602,-0.10135348079720558,-1.516861746266454,-0.7054689621240783,-0.010684955964216718,-0.6991224441542135,-0.6983308925851475,0.05293427887298657,1.0904289836912913,-0.03546756674039528,-0.17259082645706017,0.7091014377578191,0.23658500221771994,0.41369818995709984,0.22108754377180298,0.05352405333315841,0.24793828674000484,-1.2740310493992413,-1.2860490588430924
1.1211813689851602,-0.10135348079720558,-1.3723987226834924,0.8774593584154696,-0.010684955964216718,0.22920497967600292,0.3716678042657382,0.0074376549927425714,1.0904289836912913,-0.2012162727010007,-0.21461948651584978,0.50218077016099,0.1323435450165685,0.41369818995709984,0.30298586814961703,0.1702044373191081,0.32921101615011433,0.880194191778064,0.8629067128709635
1.1211813689851602,-0.10135348079720558,-1.2279356991005308,-0.7054689621240783,-0.010684955964216718,1.198610049348397,1.3034554621775696,-0.09872103764130656,1.0904289836912913,-0.27528691471066963,-0.26265062770509906,0.34073356588465276,0.07745790779137748,0.41369818995709984,0.36744096569723145,0.2446726819014698,0.36134355171550947,0.7088944643654643,0.7035884584570066
1.1211813689851602,-0.10135348079720558,-1.0834726755175694,2.411199410221864,-0.010684955964216718,-0.6991224441542135,-0.6983308925851475,-0.09872103764130656,1.0904289836912913,-0.3325535127044361,-0.2974283187886572,0.3127547485052324,0.09711789642560177,0.41369818995709984,0.4199743049340219,0.2630166287065874,0.3592997548062925,0.938940354591834,0.9279323345858438
1.1211813689851602,-0.10135348079720558,-0.9390096519346078,-0.7054689621240783,-0.010684955964216718,1.1713271949369133,1.232351249663532,-0.1593831063951117,1.0904289836912913,-0.32503212936321535,-0.3331171448680324,0.22194250753684502,0.051352474851643654,0.41369818995709984,0.4676724380615889,0.29802259406647474,0.37603219072587196,0.7770117804229154,0.765930027740485
1.1211813689851602,-0.10135348079720558,-0.7945466283516462,1.6049113832267774,-0.010684955964216718,0.4625341944926357,-0.6983308925851475,-0.09872103764130656,1.0904289836912913,-0.3334639184966276,-0.3601950041898839,0.20196129129854104,0.03741767077810872,0.41369818995709984,0.5064404729912251,0.3042305400362928,0.37993276336599463,0.8533348634104495,0.8422879282337972
1.1211813689851602,-0.10135348079720558,-0.6500836047686848,-0.7054689621240783,-0.010684955964216718,1.0629205520209621,1.5024850430484828,0.05293427887298657,1.0904289836912913,-0.26137998126492257,-0.3145436826798716,0.6729093516729354,0.015996022395494223,0.41369818995709984,0.5080263086310003,0.12822055653327646,0.4119851160391821,0.7492783223149809,0.7432964108597906
1.1211813689851602,-0.10135348079720558,-0.5056205811857232,2.277921678342879,-0.010684955964216718,-0.6991224441542135,-0.6983308925851475,0.20458959538727972,0.7315353705277589,0.11407377556186456,-0.17721213703228064,1.3890501216855895,0.16203182998146717,0.22306227348172983,0.4226353815371018,-0.13681308465440187,0.3573946526295428,0.9177243473442833,0.8983946439114512
1.1211813689851602,-0.10135348079720558,-0.3611575576027617,-0.7054689621240783,-0.010684955964216718,-0.6991224441542135,2.4976635514077166,0.6595555449301591,0.07356374639461619,0.5368438833884073,0.018444046252267355,1.9607447700437806,0.44379425590712196,-0.34293490145232425,0.31292074717591434,-0.3096760681003591,0.26649455839152897,0.46639456547269564,0.5048407177257892
1.1211813689851602,-0.10135348079720558,-0.21669453401980013,-0.7054689621240783,-0.010684955964216718,-0.6991224441542135,-0.6983308925851475,1.1145214944730386,-0.7638546843202927,1.198969105812865,0.2214013074080212,2.2942529210616054,0.7070093645389208,-1.3010270931506593,0.18016661389723765,-0.41272999347172934,0.16316069809834338,-1.2740310493992413,-1.2860490588430924
1.1211813689851602,-0.10135348079720558,-0.0722315104368386,-0.7054689621240783,-0.010684955964216718,-0.6991224441542135,-0.6983308925851475,1.4178321275016248,-1.122748297483825,1.5720843037494967,0.39668998887670365,2.10825882673415,0.8333516440380585,-1.533271020559418,0.08459805813406956,-0.33123327665364694,0.1351116388515121,-1.2740310493992413,-1.2860490588430924
1.1211813689851602,-0.10135348079720558,0.07223151314612293,-0.7054689621240783,-0.010684955964216718,-0.6991224441542135,-0.6983308925851475,1.2661768109873317,-1.003117093095981,1.888601158935859,0.5227611481120096,1.7187350749718104,0.8142718879340037,-1.652211387658762,0.012056694894959735,-0.1887360039715484,0.15232777265057118,-1.2740310493992413,-1.2860490588430924
1.1211813689851602,-0.10135348079720558,0.21669453672908448,2.1474703594136986,-0.010684955964216718,-0.6991224441542135,-0.6983308925851475,0.8112108614444523,-0.5245922755446044,1.8760173574937524,0.6383122622290753,1.3834981736753473,0.9029862555489153,-1.1159226881951707,-0.04791018857781911,-0.06280802650373611,0.11959213170946287,0.8057626564246488,0.7318061502182691
1.1211813689851602,-0.10135348079720558,0.361157560312046,-0.7054689621240783,-0.010684955964216718,-0.6991224441542135,2.275181870220826,0.507900228415866,-0.2853298667689162,2.066607900268918,0.7307405910107794,1.0873320516052676,1.5580000262323774,-0.7513167565982188,-0.09029919879815324,0.040270209163398955,-0.1462965059562794,0.42574357232247173,0.4512070021851372
1.1211813689851602,-0.10135348079720558,0.5056205838950075,0.7194532043640851,-0.010684955964216718,1.0210366665589188,-0.6983308925851475,0.507900228415866,-0.2853298667689162,2.12253531207902,0.7092099982010281,0.6253064908198804,2.153358011043056,-0.3088519924850687,-0.06824662437346385,0.21973849359048045,-0.36331583792665745,0.8408452127159237,0.7951271660718752
1.1211813689851602,-0.10135348079720558,0.6500836074779691,1.0599027534651049,-0.010684955964216718,0.9819851313650992,-0.6983308925851475,0.35624491190157287,0.013748144200694123,1.8101283269787891,0.6762948053777031,0.5797349967883219,2.7310323194646107,0.41369818995709984,-0.039070819868712844,0.2238878092932764,-0.5616501721969401,0.832094014749356,0.8242081231887753
1.1211813689851602,-0.10135348079720558,0.7945466310609306,1.1536501740765897,-0.010684955964216718,0.9188056929919527,-0.6983308925851475,0.2500860746377434,0.1931949507824603,1.3997112417565087,0.5822192348607266,0.5824807091391571,2.612068719539882,0.41369818995709984,0.026104081043699122,0.21566641148219393,-0.5300591962197259,0.7916991761750124,0.7821031904560013
1.1211813689851602,-0.10135348079720558,0.9390096546438922,0.4758149369352516,-0.010684955964216718,0.30649623929646863,0.7323396675528864,0.05293427887298657,0.7315353705277589,0.9080084984521289,0.4003726398512761,0.6318276642082347,1.2092148736679438,0.41369818995709984,0.15487335586905138,0.1939949660523475,-0.04169315543997925,0.8351406881132181,0.8227963267728383
1.1211813689851602,-0.10135348079720558,1.0834726782268538,0.5940965692317569,-0.010684955964216718,0.4030549439759277,0.5008216299469301,0.05293427887298657,0.7315353705277589,0.6584723580223586,0.2527948836155589,0.5899310431802312,0.7005781745007709,0.41369818995709984,0.262332300704886,0.20901958937644477,0.1607469763323738,0.8166935984244814,0.8058250585362663
1.1211813689851602,-0.10135348079720558,1.2279357018098151,0.6657883166183933,-0.010684955964216718,0.4294719580029483,0.4661821938016888,-0.14421766152155058,1.0904289836912913,0.51770395617902,0.1159446656729619,0.5244882977949566,0.5716340719653387,0.41369818995709984,0.3568376805963484,0.22734611021734158,0.20619073884631578,0.8280052620883949,0.8169257945062788
1.1211813689851602,-0.10135348079720558,1.3723987253927767,0.7139540424667292,-0.010684955964216718,0.4394833097155436,0.45441484919904684,-0.09872103764130656,1.0904289836912913,0.415181293621905,0.021617844917014826,0.4861983544932442,0.49672957396298617,0.41369818995709984,0.43483849778401495,0.24524429655498403,0.24008014659313626,0.8411874121879889,0.8301155383805697
1.1211813689851602,-0.10135348079720558,1.5168617489757383,0.7348104547189376,-0.010684955964216718,0.4311559161138016,0.43742931218423536,-0.09872103764130656,1.0904289836912913,0.2929440979953788,-0.047722986484239165,0.42330781735956874,0.4124776305179616,0.41369818995709984,0.49423446112232816,0.26822419524891533,0.272952315161517,0.8425178678944766,0.8314123830128578
1.1211813689851602,-0.10135348079720558,1.6613247725587,0.7536312898905007,-0.010684955964216718,0.4292201000982289,0.43157199915405725,-0.113886627144648,1.0904289836912913,0.21291467950015364,-0.11181155867645365,0.37341530007238044,0.358037229526181,0.41369818995709984,0.5501677431717225,0.2843931235568448,0.2916644016765474,0.8516654484162718,0.840552791506634
1.1211813689851602,0.008724371214958183,-1.6613247698494156,0.7637988592632197,-0.010684955964216718,0.4240219043118421,0.42444797379372967,-0.09872103764130656,1.0904289836912913,0.15263658490356113,-0.16520223445767362,0.34006354728553556,0.324979068060197,0.41369818995709984,0.5931040259469882,0.2923064475313325,0.299811416945883,0.8543189794092817,0.8431891010403706
1.1211813689851602,0.008724371214958183,-1.516861746266454,-0.7054689621240783,-0.010684955964216718,1.2087287244836629,1.2063464399719863,-0.09872103764130656,1.0904289836912913,0.10238365680775799,-0.21034329213966454,0.34003200696980107,0.32600034439220044,0.41369818995709984,0.6340886595051963,0.2902501837532787,0.29732509715588756,0.6835340812918458,0.6757031228331386
1.1211813689851602,0.008724371214958183,-1.3723987226834924,2.393060060996082,-0.010684955964216718,-0.6991224441542135,-0.6983308925851475,-0.12905207201820915,1.0904289836912913,0.029761904545250604,-0.24164511966443214,0.36233868216280185,0.34866798343931177,0.41369818995709984,0.6569959250187604,0.27538110329500404,0.2820511230324093,0.8708898223345598,0.8598509625152496
1.1211813689851602,0.008724371214958183,-1.2279356991005308,-0.7054689621240783,-0.010684955964216718,1.2203671665581743,1.2169389890667144,0.05293427887298657,1.0904289836912913,0.011302942138545945,-0.26250382981266684,0.30504527241055573,0.2930763407366602,0.41369818995709984,0.6896112458365601,0.30981050588807996,0.3164539179998782,0.7522346305368249,0.74114162840551
1.1211813689851602,0.008724371214958183,-1.0834726755175694,2.359820913655067,-0.010684955964216718,-0.6991224441542135,-0.6983308925851475,0.20458959538727972,1.0904289836912913,-0.01801065273685219,-0.26982325742042673,0.27510328348690266,0.26432799893118347,0.41369818995709984,0.7230822229505623,0.3499470193311465,0.35663941646915454,0.8662302571928421,0.8551891656706948
1.1211813689851602,0.008724371214958183,-0.9390096519346078,-0.7054689621240783,-0.010684955964216718,1.2335527057285374,1.2294344364790162,0.35624491190157287,1.0904289836912913,-0.006671719170769541,-0.2697667966925682,0.20621070951304382,0.19714009048829556,0.41369818995709984,0.7743598274537267,0.43791328671771956,0.44507399512704304,0.7707393235033421,0.7596546029169021
1.1211813689851602,0.008724371214958183,-0.7945466283516462,2.349373196775612,-0.010684955964216718,-0.6991224441542135,-0.6983308925851475,0.35624491190157287,1.0904289836912913,-0.02570595636166576,-0.27336475657535286,0.1755100481298306,0.16740568877605683,0.41369818995709984,0.8534812503491103,0.5336252876327556,0.5413628131424495,0.8660075845221716,0.854966433783304
1.1211813689851602,0.008724371214958183,-0.6500836047686848,-0.7054689621240783,-0.010684955964216718,1.2401682854828857,1.235692536200448,-0.2503763541555997,1.0904289836912913,-0.030470703207940708,-0.31065353853041905,0.08201858520594024,0.0757977048871354,0.41369818995709984,0.9136662706779993,0.5828097489429084,0.5908113860563841,0.7820396465219425,0.7709600391219685
1.1211813689851602,0.008724371214958183,-0.5056205811857232,1.4859295167203517,-0.010684955964216718,0.5963926764434818,-0.6983308925851475,-0.3868660811665514,1.0904289836912913,-0.047702858691148486,-0.31743800074171935,0.11054552212636869,0.06305355138128924,0.41369818995709984,0.9074469572605364,0.5148887187942682,0.5417903829973837,0.8415528329814093,0.8305005551389943
1.1211813689851602,0.008724371214958183,-0.3611575576027617,-0.7054689621240783,-0.010684955964216718,1.04155614813841,1.4881954882667041,-0.553686987184186,1.0904289836912913,-0.04012194109900557,-0.29305755269330896,0.21170298665568002,0.04101142312537214,0.41369818995709984,0.8413693461946857,0.37393289097194743,0.45488686415962226,0.7616633870582864,0.7505746414394832
1.1211813689851602,0.008724371214958183,-0.21669453401980013,1.598623807484816,-0.010684955964216718,0.4213218950711819,-0.6983308925851475,-0.553686987184186,1.0904289836912913,-0.04052329559960433,-0.23134456562574204,0.4218782738599256,0.11760882499826238,0.41369818995709984,0.7432067957377282,0.19529352308983786,0.32814501710479166,0.8431434034891248,0.8290233939833355
1.1211813689851602,0.008724371214958183,-0.0722315104368386,-0.7054689621240783,-0.010684955964216718,1.0533763357543489,1.5611210582913602,-0.5385213976808445,1.0904289836912913,0.0015145747931098426,-0.16332209221998467,0.5867488810549074,0.1679733440114972,0.41369818995709984,0.6545428505948475,0.06702809992747077,0.2414473732605363,0.7465419866101616,0.7395661127825579
1.1211813689851602,0.008724371214958183,0.07223151314612293,1.6952817839732008,-0.010684955964216718,0.39050251839493244,-0.6983308925851475,-0.553686987184186,1.030613381497369,0.01544558950889282,-0.10742385436274783,0.6672772742119083,0.24434435457926348,0.41369818995709984,0.5725938528323176,-0.022118184912819083,0.14761605253603444,0.824314872095335,0.8132547140145623
1.1211813689851602,0.008724371214958183,0.21669453672908448,-0.7054689621240783,-0.010684955964216718,0.9914169786416687,1.5238849981200182,-0.553686987184186,1.0904289836912913,0.019198923013658893,-0.08536676526571586,0.6974195867625239,0.24882857939334765,0.41369818995709984,0.5022746381639153,-0.10544807013985692,0.06919480014124434,0.7334653225130032,0.722363711547847
1.1211813689851602,0.008724371214958183,0.361157560312046,1.7181724277368577,-0.010684955964216718,0.3633879546785472,-0.6983308925851475,-0.6598456798182352,1.0904289836912913,-0.013825863143942447,-0.10266562652247044,0.7161383379304811,0.2786652764360498,0.41369818995709984,0.45519134210423434,-0.1858159717200811,-0.021159400298199026,0.8189179849980261,0.8078552586653088
1.1211813689851602,0.008724371214958183,0.5056205838950075,-0.7054689621240783,-0.010684955964216718,1.0018683458756144,1.5389673223925509,-0.7053423036984792,1.0904289836912913,-0.05309304963418984,-0.15723633151593364,0.6780436036099364,0.2201951102130634,0.41369818995709984,0.4314660633802568,-0.24604031920250932,-0.07705251064043336,0.7391586864806389,0.7280596646349612
1.1211813689851602,0.008724371214958183,0.6500836074779691,1.7502208360434777,-0.010684955964216718,0.35894817073796603,-0.6983308925851475,-0.8569976202127723,1.0904289836912913,-0.14765819029276678,-0.2537248923897641,0.6092814531038447,0.16208046218775307,0.41369818995709984,0.4174194011370133,-0.31212968688971915,-0.15107887370016665,0.8299959953664423,0.8189383727932648
1.1211813689851602,0.008724371214958183,0.7945466310609306,-0.7054689621240783,-0.010684955964216718,1.0446175461421858,1.584594958720251,-0.8721632097161137,1.0904289836912913,-0.2372318188122305,-0.38969008842317865,0.4729360779473597,-0.019373007355384313,0.41369818995709984,0.4381182722842926,-0.34600554619958385,-0.1689756952409128,0.731390884471931,0.724443908531097
1.1211813689851602,0.008724371214958183,0.9390096546438922,1.1162246918510537,-0.010684955964216718,0.14184423920216147,0.2850223122174006,-0.8569976202127723,0.6717197683338367,-0.4025350212771713,-0.5009607736094698,0.37605445730249093,-0.03200228823603797,0.41369818995709984,0.43142600727614805,-0.39830151023227184,-0.2553220513330908,0.8463466857644528,0.8319109172189499
1.1211813689851602,0.008724371214958183,1.0834726782268538,-0.7054689621240783,-0.010684955964216718,1.1969042271122592,1.3214382495499328,-0.8569976202127723,0.31282615517030443,-0.4490172238398491,-0.5569324104129227,0.31014798403182225,-0.029869179049981476,0.41369818995709984,0.3952403845523662,-0.4509167351403136,-0.3349932900042423,0.7102060189964304,0.69909386420685
1.1211813689851602,0.008724371214958183,1.2279357018098151,1.238567072573729,-0.010684955964216718,0.1772111962636038,0.23507018329874413,-0.8418320307094308,-0.46477667335068235,-0.5145590827117943,-0.5979539522385359,0.28771259025298596,0.02274499874713287,0.41369818995709984,0.31010813302235074,-0.5567517153201064,-0.471718990691522,0.8413173795834812,0.8302649142277712
1.1211813689851602,0.008724371214958183,1.3723987253927767,-0.7054689621240783,-0.010684955964216718,1.231764472558635,1.2844832850652912,-0.8569976202127723,-1.2423795018716692,-0.5586318204225442,-0.6313335345484973,0.24551505756405578,0.0456365136404223,0.41369818995709984,0.19184513996142538,-0.685634146697106,-0.6264685052839633,0.7035533804435055,0.6924379305379268
1.1211813689851602,0.008724371214958183,1.5168617489757383,1.281048127384802,-0.010684955964216718,0.17076842719179236,0.19728660490692385,-0.8569976202127723,-1.2423795018716692,-0.617648992963089,-0.6612097286948371,0.22805024705678734,0.08001780651190833,0.41369818995709984,0.059651309536607175,-0.8258378612982429,-0.7866201797060048,0.8428924692102933,0.8318406347558635
1.1211813689851602,0.008724371214958183,1.6613247725587,-0.7054689621240783,-0.010684955964216718,1.2445802136869266,1.2677125001243237,-0.9024942440930163,-1.122748297483825,-0.651639705618798,-0.6888225534131481,0.18885160168553433,0.08012010184237173,0.41369818995709984,-0.06941066441093732,-0.941659640059437,-0.9162642140377132,0.7016765936493178,0.6905603847383287
1.1211813689851602,0.11880222322712194,-1.6613247698494156,1.3046910340339821,-0.010684955964216718,0.1653236818580269,0.17759827312379411,-1.0086529367270654,-0.6442234799324486,-0.6993199513657631,-0.7150902012902298,0.18172434277049765,0.10161218307546922,0.41369818995709984,-0.17269339844068704,-1.0267450298301994,-1.010760836057019,0.8452340424520728,0.8341833152237019
1.1211813689851602,0.11880222322712194,-1.516861746266454,-0.7054689621240783,-0.010684955964216718,1.243485325566911,1.2526100526706403,-1.0086529367270654,-0.3451454689628382,-0.7206666594042758,-0.7362615627189811,0.15529696794882955,0.09622574698615047,0.41369818995709984,-0.24894212302634383,-1.0683810367376974,-1.0584941452092684,0.695683152606494,0.6845642456208303
1.1211813689851602,0.11880222322712194,-1.3723987226834924,1.3081094974302994,-0.010684955964216718,0.15293040188126583,0.15828787983665304,-0.9783219023501628,-0.10588306018714999,-0.7589070472971581,-0.7561068028021553,0.14478466595860923,0.10092462429694472,0.41369818995709984,-0.3068383954788988,-1.0852016100533404,-1.0794702065213075,0.8348076691635493,0.8237522092518436
1.1211813689851602,0.11880222322712194,-1.2279356991005308,-0.7054689621240783,-0.010684955964216718,1.2521853553423719,1.2543519655390074,-1.0086529367270654,0.31282615517030443,-0.7704633812177317,-0.7703461983680758,0.12468155066219612,0.0918345941530617,0.41369818995709984,-0.34516436545234686,-1.0768027255696386,-1.0737627015697597,0.7034406940313472,0.69232523271082
1.1211813689851602,0.11880222322712194,-1.0834726755175694,1.3258753166471,-0.010684955964216718,0.1589387791370285,0.16079798466462875,-0.8569976202127723,0.6717197683338367,-0.7908421559856338,-0.7742709247133418,0.14348298860383574,0.11801549086117016,0.41369818995709984,-0.36180550499304365,-1.0510568315425375,-1.0497819489051288,0.8505200432396541,0.8394717119869701
1.1211813689851602,0.11880222322712194,-0.9390096519346078,-0.7054689621240783,-0.010684955964216718,1.2540351864806238,1.25270794356228,-0.8873286545896748,0.6119041661399147,-0.7948376400390944,-0.7828289595384981,0.12418798734299911,0.10454185426103581,0.41369818995709984,-0.36493012241535794,-1.0076388584419427,-1.0074343295829993,0.7037686726942103,0.6926534907454109
1.1211813689851602,0.11880222322712194,-0.7945466283516462,1.3316809992074456,-0.010684955964216718,0.15667463333623424,0.15678220473033772,-0.8569976202127723,0.6717197683338367,-0.8172559645942058,-0.7921753272763791,0.1263131226707334,0.11059824091625832,0.41369818995709984,-0.3628636135262777,-0.9665800597073384,-0.9671157708547621,0.8518683199602052,0.8408206025248676
1.1211813689851602,0.11880222322712194,-0.6500836047686848,-0.7054689621240783,-0.010684955964216718,1.304765002708007,1.3054264858479974,-0.7053423036984792,0.013748144200694123,-0.7408139864101659,-0.7380718348059451,0.5766943398633206,0.1740708164961681,0.41369818995709984,-0.410226337107392,-1.0588834559666427,-0.9617875093123044,0.6968424185718277,0.6918730070664117
1.1211813689851602,0.11880222322712194,-0.5056205811857232,1.2534607294880398,-0.010684955964216718,0.05423920917466067,0.07804093054486226,-0.59918361106443,-0.10588306018714999,-0.3698634270800969,-0.6206490475603692,1.7476319712713952,0.3742367851372704,-0.28287213952176804,-0.48712681794122786,-1.3066227957743053,-0.9952456631253594,0.843516564722997,0.8276357763739414
1.1211813689851602,0.11880222322712194,-0.3611575576027617,-0.7054689621240783,-0.010684955964216718,-0.6991224441542135,2.838717723662233,-0.553686987184186,0.013748144200694123,-0.003856217349069237,-0.42514389672284275,1.9946233313474886,0.5856602710472384,-0.9188602504045071,-0.5928105051991827,-1.3346721441089628,-1.0227444943632307,0.5394594630607672,0.5436395060215322
1.1211813689851602,0.11880222322712194,-0.21669453401980013,-0.7054689621240783,-0.010684955964216718,-0.6991224441542135,-0.6983308925851475,-0.40203167066989287,-0.3451454689628382,0.5790663768513968,-0.25871884376885085,2.0267433069387555,0.8140421426836186,-1.9308226722071016,-0.6881517546366251,-1.329443709436642,-1.0666467949521106,-1.2740310493992413,-1.2860490588430924
1.1211813689851602,0.11880222322712194,-0.0722315104368386,-0.7054689621240783,-0.010684955964216718,-0.6991224441542135,-0.6983308925851475,-0.4778593289270394,-0.2853298667689162,0.9060860103942608,-0.14538451897933052,1.7004289052312993,0.8400955894718055,-2.2892419217149813,-0.7550497919312092,-1.2548606901393198,-1.0660675277335403,-1.2740310493992413,-1.2860490588430924
1.1211813689851602,0.11880222322712194,0.07223151314612293,2.337677868137052,-0.010684955964216718,-0.6991224441542135,-0.6983308925851475,-0.40203167066989287,-0.3451454689628382,1.5429760685935716,-0.032254158569199116,1.253946753016272,0.7543679101118991,-2.8676148007220696,-0.8171608834829659,-1.1405259269916335,-1.028447665104389,0.9853759769029271,0.9549070717666893
1.1211813689851602,0.11880222322712194,0.21669453672908448,-0.7054689621240783,-0.010684955964216718,1.3539716882845623,1.2018954438411913,-0.40203167066989287,-0.3451454689628382,1.7472728675641849,0.0637354306221816,0.6945212874788109,0.825540305524968,-2.496078100461036,-0.8684068774461409,-0.9897434688639899,-1.0313769411962017,0.8368317043365635,0.8323098675269078
1.1211813689851602,0.11880222322712194,0.361157560312046,1.3695738424672736,-0.010684955964216718,0.6852726582766343,-0.6983308925851475,-0.4171972601732343,-0.2853298667689162,1.9993495819827454,0.12981636074870384,0.7310449730993899,1.1733318518058022,-2.3881223699226406,-0.9053342620014305,-0.9818903827905124,-1.10139123405354,0.8547704450988868,0.8431636928029865
1.1211813689851602,0.11880222322712194,0.5056205838950075,-0.7054689621240783,-0.010684955964216718,1.1145378625261189,1.47018607960261,-0.40203167066989287,-0.3451454689628382,1.9209088583857237,0.18465454844039683,0.842481170794293,1.9570859728500851,-1.5945201091991872,-0.9342719015980169,-0.9955973020300125,-1.268908357256412,0.7561487732620136,0.7497144496609486
1.1211813689851602,0.11880222322712194,0.6500836074779691,1.4481197399322614,-0.010684955964216718,0.559611015871745,-0.6983308925851475,-0.553686987184186,-0.3451454689628382,1.5316578716766864,0.19707026249648701,0.9799091459773414,2.4611872995379422,-0.1815921291044478,-0.9508264137810326,-1.0393371176302901,-1.3825875443285396,0.7997681353203667,0.7864277134397967
1.1211813689851602,0.11880222322712194,0.7945466310609306,0.6819935446809551,-0.010684955964216718,0.32479125636023704,0.5707445488424738,-0.6750112693215766,-0.3451454689628382,1.0657160669932382,0.12777601119571633,0.9208060040547061,2.417134067019773,0.41369818995709984,-0.929453827918864,-1.038413756661949,-1.385085891552366,0.8209272593311092,0.8097944809121054
1.1211813689851602,0.11880222322712194,0.9390096546438922,0.716175397801121,-0.010684955964216718,0.39586658720871787,0.40557054332603654,-0.8569976202127723,-0.04606745799322794,0.6151782480427703,-0.016902486664465508,0.7338725197829418,1.2313374966101271,0.41369818995709984,-0.8584896134535781,-0.9958939736924876,-1.1280469530153736,0.802361002861464,0.7912151171352904
1.1211813689851602,0.11880222322712194,1.0834726782268538,0.7461658925784319,-0.010684955964216718,0.4224442184637899,0.39584622565137767,-0.8569976202127723,-0.04606745799322794,0.4434139070423571,-0.14391512853681235,0.5857216896911209,0.9178467485145125,0.41369818995709984,-0.7975353228843355,-0.9631486507033671,-1.0560167105505718,0.8197789739906024,0.8084283783424316
1.1211813689851602,0.11880222322712194,1.2279357018098151,0.7626603283136537,-0.010684955964216718,0.4272709343523143,0.3961211376522036,-0.8266665858358697,-0.22551426457499413,0.28964964646963065,-0.2573433192863975,0.4335064210743755,0.6369781490009395,0.41369818995709984,-0.7524842708535935,-0.9402395315431227,-1.0004972091439213,0.8259252437297877,0.8145388545281583
1.1211813689851602,0.11880222322712194,1.3723987253927767,0.7764228100566734,-0.010684955964216718,0.43039287916457036,0.403205231074935,-0.8569976202127723,-0.04606745799322794,0.20039910832314894,-0.3350918588248844,0.36387222346027237,0.5010813179392571,0.41369818995709984,-0.717022553625753,-0.9270956215427067,-0.9699503444495621,0.8327368313273383,0.8214226427129774
1.1211813689851602,0.11880222322712194,1.5168617489757383,0.780129225261067,-0.010684955964216718,0.4253175639669219,0.40362037649440563,-0.8569976202127723,-0.3451454689628382,0.0892352833681426,-0.39788889186733506,0.26295003263752126,0.34226110950430483,0.41369818995709984,-0.7011364475173228,-0.918460518432901,-0.9455511237718149,0.839836975344521,0.8285664555207027
1.1211813689851602,0.11880222322712194,1.6613247725587,0.7824406440270192,-0.010684955964216718,0.4213972632338212,0.40468805798598534,-0.9024942440930163,-0.10588306018714999,0.012216692551575791,-0.4545458207551709,0.1877417235480654,0.23811943217467096,0.41369818995709984,-0.6851639553530438,-0.912695751306229,-0.9316710317096328,0.8467783503273209,0.8355225752200103
1.1211813689851602,0.22888007523928572,-1.6613247698494156,0.7839823075078922,-0.010684955964216718,0.41844770864015435,0.4057231441164302,-0.8569976202127723,-0.04606745799322794,-0.05239402387898034,-0.5034316362123786,0.11438065403149368,0.14735496551891494,0.41369818995709984,-0.6706127309791293,-0.902225543569221,-0.9161240023316096,0.8532250571621803,0.8419861029622914
1.1211813689851602,0.22888007523928572,-1.516861746266454,-0.7054689621240783,-0.010684955964216718,1.3219455800781883,1.3073920594901969,-0.8569976202127723,-0.04606745799322794,-0.10579892265281907,-0.5456332072502349,0.09315998862891947,0.11391613126579665,0.41369818995709984,-0.6590830881452735,-0.9041991953687466,-0.9146447363256383,0.7272997916778101,0.7205242781043251
1.1211813689851602,0.22888007523928572,-1.3723987226834924,1.1014254041897327,-0.010684955964216718,0.2763838727484089,0.26976045143803823,-0.9631563128468215,-0.04606745799322794,-0.20192198769788688,-0.5815789296413665,0.13252145022463988,0.14721913073584061,0.41369818995709984,-0.6502960819337069,-0.9237130482656257,-0.9327413649653451,0.830578328502755,0.8195211230119767
1.1211813689851602,0.22888007523928572,-1.2279356991005308,-0.7054689621240783,-0.010684955964216718,1.2691521267951076,1.259708085588648,-1.0086529367270654,-0.04606745799322794,-0.2840123615536867,-0.6142943926398919,0.1616817507826562,0.1708988227654874,0.41369818995709984,-0.6455798376276499,-0.9428803180963358,-0.9506308183484289,0.7110774485831044,0.6999655306732355
1.1211813689851602,0.22888007523928572,-1.0834726755175694,1.2062375300096289,-0.010684955964216718,0.22590339164205844,0.2217660355439442,-1.3119635697556518,1.0904289836912913,-0.38141307175899386,-0.6429051607231024,0.2151272420152904,0.21935997784305072,0.41369818995709984,-0.6355839092378616,-0.9621641912925725,-0.9689090504034601,0.8372621088277301,0.826207792451929
1.1211813689851602,0.22888007523928572,-0.9390096519346078,-0.7054689621240783,-0.010684955964216718,1.2636896694175421,1.256514159430368,-1.4332878518930423,1.0904289836912913,-0.45470642388583654,-0.676260747223724,0.22198683446706652,0.22295708413557522,0.41369818995709984,-0.6181370628801821,-0.9652395512745017,-0.9711632732270923,0.7031433171098052,0.6920277104472583
1.1211813689851602,0.22888007523928572,-0.7945466283516462,1.262155797636592,-0.010684955964216718,0.19571365972760746,0.19276842669739108,-1.766929519298531,1.0904289836912913,-0.5478420735981142,-0.7205937107382397,0.22728986971529558,0.22583644614222537,0.41369818995709984,-0.5926891303776964,-0.9664810974413931,-0.971791950444104,0.8391772378036905,0.8281236555127434
1.1211813689851602,0.22888007523928572,-0.6500836047686848,-0.7054689621240783,-0.010684955964216718,1.3061487495601463,1.304180106315469,-0.8569976202127723,1.0904289836912913,-0.5080323896078909,-0.6637935127534629,0.7438136863260775,0.3129903907244125,0.41369818995709984,-0.6249210225844793,-1.0954989565279853,-0.9947721506402953,0.6933332988935336,0.6880361583162783
1.1211813689851602,0.22888007523928572,-0.5056205811857232,1.219871734155904,-0.010684955964216718,0.0818620612459168,0.1055910852597317,-0.462693739423698,-0.7638546843202927,-0.17341645321702756,-0.5390675303593865,1.9580305980086798,0.5153900869094041,0.20968743429067996,-0.6998020483864712,-1.3627837741305575,-1.047862760544613,0.8387848154738105,0.8231667952663091
1.1211813689851602,0.22888007523928572,-0.3611575576027617,-0.7054689621240783,-0.010684955964216718,-0.6991224441542135,2.491207573738302,-0.40203167066989287,-0.8834858887081368,0.20811180397632179,-0.31713875888406917,2.2321619735538483,0.738956531637167,-0.34090270274038814,-0.8241772168514603,-1.4179837428303368,-1.1054126228082726,0.36431057662072497,0.4082503812371466
1.1211813689851602,0.22888007523928572,-0.21669453401980013,-0.7054689621240783,-0.010684955964216718,-0.6991224441542135,-0.6983308925851475,-0.2503763541555997,-1.182563899677747,0.8085294408578878,-0.1391067918005605,2.2899284880421122,0.9499272349368872,-1.3367537782781165,-0.9238587623407344,-1.43223323344965,-1.1601080824646002,-1.2740310493992413,-1.2860490588430924
1.1211813689851602,0.22888007523928572,-0.0722315104368386,-0.7054689621240783,-0.010684955964216718,-0.6991224441542135,-0.6983308925851475,-0.17454869589845315,-1.062932695289903,1.1427741243356973,-0.008072028827391818,2.0161653669941684,0.9740605480630972,-1.6866487907018477,-0.9896950715746046,-1.3722831835521785,-1.157926782730773,-1.2740310493992413,-1.2860490588430924
1.1211813689851602,0.22888007523928572,0.07223151314612293,-0.7054689621240783,-0.010684955964216718,-0.6991224441542135,-0.6983308925851475,-0.09872103764130656,-1.122748297483825,1.4499802240323358,0.09800497515501304,1.5252045500657356,0.8602871784299134,-1.727070474926023,-1.046748959331716,-1.2619964073523746,-1.1207792406788286,-1.2740310493992413,-1.2860490588430924
1.1211813689851602,0.22888007523928572,0.21669453672908448,1.2841271485251189,-0.010684955964216718,0.7646625585764499,-0.6983308925851475,-0.09872103764130656,-1.3620107062595133,1.822079326158285,0.17757296164874103,0.9627230836658888,0.8215658803905703,-2.0704055920257325,-1.0945450610030671,-1.1427568806826167,-1.1184019262801317,0.9459990962531118,0.9201334400449181
1.1211813689851602,0.22888007523928572,0.361157560312046,-0.7054689621240783,-0.010684955964216718,2.9025431409687927,-0.6983308925851475,-0.1593831063951117,-1.062932695289903,1.8848277577060628,0.23938546074915865,0.8686817963190587,1.1021049547822406,-1.8171938665079819,-1.126382424714562,-1.1124281732008072,-1.177070014824309,0.6154659080307513,0.6237215574378713
1.1211813689851602,0.22888007523928572,0.5056205838950075,1.764185870802895,-0.010684955964216718,0.23951328405171687,-0.6983308925851475,-0.2503763541555997,-0.8834858887081368,1.8238987998943326,0.2715017342732855,1.2432400944858497,1.5358916575575536,-1.162536904245643,-1.1460813410701145,-1.1893934939154007,-1.2660520042544043,0.7977035978426631,0.780238143869955
1.1211813689851602,0.22888007523928572,0.6500836074779691,-0.7054689621240783,-0.010684955964216718,0.7096377031225084,1.8447254349085458,-0.40203167066989287,-0.6442234799324486,1.6193063364416116,0.27454567326395835,1.3132340221875196,2.150218718278671,-0.21046643204663734,-1.1506009243831075,-1.1976786793609457,-1.388522378615022,0.7546516280704484,0.7447868908495621
1.1211813689851602,0.22888007523928572,0.7945466310609306,1.524455853957948,-0.010684955964216718,0.4395741299282638,-0.6983308925851475,-0.4778593289270394,-0.5844078777385264,0.9788101080544209,0.19926023297829965,1.2092072413673323,2.064409705746183,0.41369818995709984,-1.125028238833488,-1.1748627138119063,-1.3717282885526505,0.7697462069923567,0.7570848875537285
1.1211813689851602,0.22888007523928572,0.9390096546438922,0.6698307653034893,-0.010684955964216718,0.19134829790578312,0.680170215611175,-0.553686987184186,0.013748144200694123,0.5616569564637579,0.051885735362873144,0.990044669060679,0.8665280320744961,0.41369818995709984,-1.0399724799842103,-1.0984124271509497,-1.0773362580359869,0.8297574817943821,0.8177638565296724
1.1211813689851602,0.22888007523928572,1.0834726782268538,-0.7054689621240783,-0.010684955964216718,1.1734293044438324,1.4116230108914045,-0.553686987184186,-0.3451454689628382,0.44123254533160283,-0.08098047247020651,0.804940523101517,0.5933533829898754,0.41369818995709984,-0.9815786431541117,-1.059778419067365,-1.0144286615992202,0.7104195111447046,0.7041796097864663
1.1211813689851602,0.22888007523928572,1.2279357018098151,1.6446709794853818,-0.010684955964216718,0.427032215945963,-0.6983308925851475,-0.6598456798182352,-0.2853298667689162,0.2169991304679137,-0.17735046581553404,0.7940250165344742,0.5427624726715167,0.41369818995709984,-0.9338621710873141,-1.0589320765581722,-1.003206307347942,0.8229633551904088,0.8081906883798066
1.1211813689851602,0.22888007523928572,1.3723987253927767,-0.7054689621240783,-0.010684955964216718,1.0617947598007849,1.5685429486560138,-0.7053423036984792,-0.3451454689628382,0.1255772644731927,-0.2613012163092802,0.707878184971899,0.32820807886031633,0.41369818995709984,-0.9041625003053336,-1.0492673356118143,-0.958718021514388,0.71446740148049,0.7070982786033904
1.1211813689851602,0.22888007523928572,1.5168617489757383,1.079523125853299,-0.010684955964216718,0.1735325046264954,0.2977218212635598,-0.7053423036984792,-0.3451454689628382,-0.06709497031174527,-0.3307620267572336,0.6597451058381176,0.3250461469654189,0.41369818995709984,-0.8805595616101701,-1.0488572876142237,-0.9699522948442374,0.8228481486348477,0.8085980397985123
1.1211813689851602,0.22888007523928572,1.6613247725587,-0.7054689621240783,-0.010684955964216718,1.2610258200763906,1.3664686885536887,-0.8721632097161137,-0.04606745799322794,-0.1333606051331036,-0.3982311850299774,0.5733408371038714,0.31916332697745803,0.41369818995709984,-0.8567273861746253,-1.0377603905713493,-0.9791687765272074,0.6883698764615234,0.6818326551969034
1.1211813689851602,0.33895792725144946,-1.6613247698494156,1.1795787542677598,-0.010684955964216718,0.1518455523380036,0.1998365892683781,-0.8569976202127723,-0.04606745799322794,-0.288766405613279,-0.448637205584776,0.5609361161695796,0.3770473912660681,0.41369818995709984,-0.8393116677532714,-1.0422651098901052,-1.002224608694697,0.8258309183624221,0.8106753681097996
1.1211813689851602,0.33895792725144946,-1.516861746266454,-0.7054689621240783,-0.010684955964216718,1.277370515118388,1.3191662166281242,-1.0086529367270654,0.31282615517030443,-0.3345756704632862,-0.5038875565898362,0.4844713090965376,0.35335931437326856,0.41369818995709984,-0.8171645030104456,-1.0284723516416656,-1.0014496518770364,0.6715020166351893,0.6651285832631444
1.1211813689851602,0.33895792725144946,-1.3723987226834924,1.2185783730441138,-0.010684955964216718,0.1270757583843991,0.1476375814043514,-1.1603082532413587,0.851166574915603,-0.44999117742796874,-0.5437361267941885,0.5131235548389383,0.418362127478553,0.41369818995709984,-0.8008213712322446,-1.0387003169624685,-1.0214674192719344,0.8187691165270121,0.8033024713553373
1.1211813689851602,0.33895792725144946,-1.2279356991005308,-0.7054689621240783,-0.010684955964216718,1.3048331178675472,1.3210158723622363,-1.1603082532413587,0.851166574915603,-0.4770023353182653,-0.5855290633141687,0.4479570003265823,0.38004833378843295,0.41369818995709984,-0.778266647695204,-1.0222852738018404,-1.011426570772862,0.6840404501055855,0.6779697834939652
1.1211813689851602,0.33895792725144946,-1.0834726755175694,1.3012804646436185,-0.010684955964216718,0.1645775685826938,0.1730820338666118,-1.1603082532413587,1.0904289836912913,-0.5308861837961519,-0.6128609959113835,0.44879494979596174,0.3923447356019229,0.41369818995709984,-0.7598845154367686,-1.0202817181871706,-1.0123712119272759,0.8241514227946327,0.8130911997126874
1.1211813689851602,0.33895792725144946,-0.9390096519346078,-0.7054689621240783,-0.010684955964216718,1.2526232685439833,1.25770415213238,-1.2513014286869564,1.0904289836912913,-0.5786667681682667,-0.6542396518407019,0.37895190414523816,0.33464010738478145,0.41369818995709984,-0.7388712280024189,-1.0023803048191169,-0.9970952874091222,0.6904491747791583,0.6793278947631713
1.1211813689851602,0.33895792725144946,-0.7945466283516462,1.3195800263084112,-0.010684955964216718,0.16221019888271987,0.1654291461516645,-1.1603082532413587,1.0904289836912913,-0.6344363138747998,-0.684391092035352,0.3489689980552268,0.3142439277657468,0.41369818995709984,-0.7227064182780514,-0.9911526054769061,-0.9881282395340739,0.8357703639434568,0.8247152634107555
1.1211813689851602,0.33895792725144946,-0.6500836047686848,-0.7054689621240783,-0.010684955964216718,1.3109605389785246,1.3143509070719115,-0.7053423036984792,0.31282615517030443,-0.5869761441789964,-0.6360508283610772,0.7393196175543906,0.33681010996871,0.41369818995709984,-0.7419022203139247,-1.070429555642764,-0.9752987600703313,0.6851338323219576,0.6792322040627008
1.1211813689851602,0.33895792725144946,-0.5056205811857232,1.2511947909609333,-0.010684955964216718,0.05371951573520633,0.08129878972659035,-0.34136960191608773,-0.22551426457499413,-0.30059632951842746,-0.46488801458065665,1.8394961243915773,0.5477330195484597,0.046403719131576114,-0.8083948705307817,-1.283413885488855,-0.9899967176330314,0.8297792630337929,0.8139184017636507
1.1211813689851602,0.33895792725144946,-0.3611575576027617,-0.7054689621240783,-0.010684955964216718,-0.6991224441542135,2.4629590293484407,-0.09872103764130656,-0.5844078777385264,0.011131697551623809,-0.27257854093992284,2.0828219883147394,0.7286431499592996,-0.7466744051365248,-0.8765944899070681,-1.2926530886916485,-0.9875975154718671,0.3470490343928094,0.3938650158698234
1.1211813689851602,0.33895792725144946,-0.21669453401980013,-0.7054689621240783,-0.010684955964216718,-0.6991224441542135,-0.6983308925851475,0.35624491190157287,-1.6012731150352015,0.5309921347696773,-0.07243937586340778,2.155508777027365,0.9555945639418227,-1.8433714405894848,-0.9768269274787534,-1.3075866021904679,-1.045550892722799,-1.2740310493992413,-1.2860490588430924
1.1211813689851602,0.33895792725144946,-0.0722315104368386,-0.7054689621240783,-0.010684955964216718,-0.6991224441542135,-0.6983308925851475,0.6595555449301591,-1.7807199216169676,0.8373734509675854,0.09141671397302112,1.8693648033921717,1.0142760287162582,-2.2149666382227675,-1.0328528694316284,-1.2157558583187325,-1.0250812838947847,-1.2740310493992413,-1.2860490588430924
1.1211813689851602,0.33895792725144946,0.07223151314612293,-0.7054689621240783,-0.010684955964216718,-0.6991224441542135,-0.6983308925851475,0.6595555449301591,-1.7807199216169676,1.1098623863624313,0.21633607436001304,1.424787004294737,0.9200117201805493,-2.4383645930000064,-1.0587303191950392,-1.0744958290963105,-0.9576245002330913,-1.2740310493992413,-1.2860490588430924
1.1211813689851602,0.33895792725144946,0.21669453672908448,-0.7054689621240783,-0.010684955964216718,-0.6991224441542135,-0.6983308925851475,0.8112108614444523,-1.7209043194230456,1.2977391037893817,0.3269249962574125,1.0809208431015012,0.9295293783452221,-2.480779867670434,-1.074260263799466,-0.9402352288359076,-0.9093478978085052,-1.2740310493992413,-1.2860490588430924
1.1211813689851602,0.33895792725144946,0.361157560312046,2.3171534526579562,-0.010684955964216718,-0.6991224441542135,-0.6983308925851475,0.8112108614444523,-1.7209043194230456,1.4447994063537735,0.39681561399618887,0.7416544533597113,1.2505262559351675,-2.229688086922993,-1.062810009268332,-0.796073453867682,-0.9435025592311693,0.9680280297583407,0.9391830611184784
1.1211813689851602,0.33895792725144946,0.5056205838950075,-0.7054689621240783,-0.010684955964216718,1.335835816825028,1.2012324269455663,0.9628661779587454,-1.7209043194230456,1.3000870276178844,0.5274946743838488,0.5774734709060599,1.425453786486529,-1.3805998986737582,-1.062722416703323,-0.6741962601074419,-0.9213302558516,0.8790853286807884,0.8719368823993152
1.1211813689851602,0.33895792725144946,0.6500836074779691,1.2900211004247626,-0.010684955964216718,0.7066775318141602,-0.6983308925851475,0.9628661779587454,-1.7209043194230456,1.1397773440645598,0.5604613876213448,0.5914526503041805,1.9395079457366857,-0.6004017258274792,-1.050380310601189,-0.6460044921639677,-1.0259958022869908,0.8578243188724716,0.8469517741297539
1.1211813689851602,0.33895792725144946,0.7945466310609306,1.266507368418458,-0.010684955964216718,0.7825028438806958,-0.6983308925851475,0.6140590656796955,-1.3620107062595133,0.8296487146793946,0.4659969438412425,0.5219625152132973,1.8319729142891388,0.41369818995709984,-0.9899231018058261,-0.6130758738474877,-0.9887304780677092,0.8234819647006768,0.813974545772064
1.1211813689851602,0.33895792725144946,0.9390096546438922,0.5531834613531975,-0.010684955964216718,0.25659936214963486,0.7259244602869491,0.35624491190157287,-0.8236702865142147,0.5161219505224932,0.29365410084857874,0.5565937818898049,0.7334636077858085,0.41369818995709984,-0.868934604552682,-0.5878164008710435,-0.647274232127691,0.8696445114730414,0.8574998809366632
1.1211813689851602,0.33895792725144946,1.0834726782268538,-0.7054689621240783,-0.010684955964216718,1.179396949254654,1.36102893153239,0.20458959538727972,-0.5844078777385264,0.3740437951588673,0.11223237281626372,0.4614656323115825,0.3041250749130228,0.41369818995709984,-0.7415513674502252,-0.5307186155864031,-0.48258528955929414,0.7407782386374878,0.7347229748889315
1.1211813689851602,0.33895792725144946,1.2279357018098151,1.5650617235366127,-0.010684955964216718,0.4920224874262051,-0.6983308925851475,-0.553686987184186,0.9707977793034471,0.11430388547554117,-0.06662109785758652,0.4316480997689359,0.262865678797346,0.41369818995709984,-0.6241925323537305,-0.5091207464499333,-0.45641576064791395,0.8414424867024108,0.8273444012645854
1.1211813689851602,0.33895792725144946,1.3723987253927767,-0.7054689621240783,-0.010684955964216718,1.0712330191525579,1.5593183566466002,-0.09872103764130656,0.7315353705277589,0.06693402054237248,-0.13235973482146646,0.48540473195408634,0.1690055206655992,0.41369818995709984,-0.512938392304508,-0.45114886619456346,-0.3458998970286377,0.7455711913693162,0.7383030774984018
1.1211813689851602,0.33895792725144946,1.5168617489757383,1.0486236542313654,-0.010684955964216718,0.19768679191854546,0.310425941872066,-0.09872103764130656,0.7315353705277589,-0.07843457280199558,-0.1890307788912669,0.5277326881107837,0.23569620672352976,0.41369818995709984,-0.40768591142030225,-0.39062526542533127,-0.2916121782147121,0.8453398884749946,0.8313750902773426
1.1211813689851602,0.33895792725144946,1.6613247725587,-0.7054689621240783,-0.010684955964216718,1.2664563221939251,1.3609658369748234,-0.17454869589845315,0.910982177109525,-0.12752825531523596,-0.24336717186411724,0.4946579786378231,0.2705914917062786,0.41369818995709984,-0.30244742604235136,-0.31310833764577345,-0.2353870673566342,0.7069255123268278,0.700538240540078
1.1211813689851602,0.44903577926361327,-1.6613247698494156,1.1617562417354752,-0.010684955964216718,0.16507902439841324,0.20780599785351003,-0.09872103764130656,0.7315353705277589,-0.25456631969309096,-0.2812530260162874,0.5230169846879894,0.3604914789709873,0.41369818995709984,-0.20539896614364742,-0.2634643472050575,-0.20704739930318009,0.839377589204221,0.8243964310126136
1.1211813689851602,0.44903577926361327,-1.516861746266454,-0.7054689621240783,-0.010684955964216718,1.1970730433872925,1.234254357597576,-0.09872103764130656,0.7315353705277589,-0.2764227479473641,-0.3033065863178282,0.5293003270468861,0.39535322450112526,0.41369818995709984,-0.14760645347884402,-0.23347404764570862,-0.18693644638490556,0.6643728909688733,0.6532395772188053
1.1211813689851602,0.44903577926361327,-1.3723987226834924,2.4496776657868344,-0.010684955964216718,-0.6991224441542135,-0.6983308925851475,-0.18971428540179458,1.0904289836912913,-0.3080688813954087,-0.32695869097686353,0.5389030745266,0.4317032832408741,0.41369818995709984,-0.09741374201226355,-0.2116750269469371,-0.17470248742869443,0.9282931087350706,0.9172803408728561
1.1211813689851602,0.44903577926361327,-1.2279356991005308,-0.7054689621240783,-0.010684955964216718,1.1850553428318846,1.207143821025087,-0.2503763541555997,1.0904289836912913,-0.2932354879774462,-0.35721034896346254,0.4364686534305233,0.3535253346636928,0.41369818995709984,-0.05017770189293899,-0.15672149580289751,-0.1271774370856654,0.7445541334960032,0.7334574807430929
1.1211813689851602,0.44903577926361327,-1.0834726755175694,1.0806688331719134,-0.010684955964216718,0.238781887014556,0.24811189123270222,-0.2503763541555997,1.0904289836912913,-0.3112161696042707,-0.3863080908244529,0.38328571401535494,0.3196597108761001,0.41369818995709984,-0.008230997930624958,-0.12409514266827205,-0.10106208580415522,0.8230011573414522,0.8119404524453576
1.1211813689851602,0.44903577926361327,-0.9390096519346078,-0.7054689621240783,-0.010684955964216718,1.2266171529099292,1.232812196281768,-0.2655419436589411,1.0904289836912913,-0.33855777603339354,-0.41538183687610336,0.34532140316257737,0.2966600312481404,0.41369818995709984,0.04121946910078379,-0.09398565811906734,-0.07606084330329235,0.6962649457120776,0.6851461762189813
1.1211813689851602,0.44903577926361327,-0.7945466283516462,1.2015056116681853,-0.010684955964216718,0.19365622451513984,0.19731102522571622,-0.40203167066989287,1.0904289836912913,-0.3932189143941064,-0.4442650279712313,0.3611657233938639,0.3229926939793134,0.41369818995709984,0.08569935969522814,-0.0918233326081635,-0.07803485942523675,0.8210606469212198,0.809998976242019
1.1211813689851602,0.44903577926361327,-0.6500836047686848,-0.7054689621240783,-0.010684955964216718,1.2412911344554285,1.2418703528137467,-0.09872103764130656,1.0904289836912913,-0.40193098275377015,-0.4293142272342932,0.39497097477451326,0.3641439253603199,0.41369818995709984,0.10500664317747643,-0.08652067623638382,-0.07573599423459165,0.6964598968053162,0.6853414508175864
1.1211813689851602,0.44903577926361327,-0.5056205811857232,1.2515132423374664,-0.010684955964216718,0.16959165371794702,0.17064414191266167,0.14392752663347458,1.030613381497369,-0.38414964052890976,-0.35153604581368053,0.4991486376456467,0.4674278311894287,0.41369818995709984,0.11482786904091098,-0.06741428971276625,-0.05675648693852284,0.8171958270026307,0.8061324162465573
1.1211813689851602,0.44903577926361327,-0.3611575576027617,-0.7054689621240783,-0.010684955964216718,1.283295903302458,1.2816151029018898,0.20458959538727972,0.3726417573642265,-0.3046620506094929,-0.2142207326253489,0.6641206853155586,0.6192458404055297,0.41369818995709984,0.08093268330628718,-0.08477635873141831,-0.07025668546005633,0.6694886020665157,0.6634774576434608
1.1211813689851602,0.44903577926361327,-0.21669453401980013,1.7546244355009464,-0.010684955964216718,0.14696979984156952,-0.6983308925851475,0.35624491190157287,-0.2853298667689162,0.3591107320399228,0.05950934514197081,1.4340692339713108,0.8476226811240183,-0.6586136309000717,-0.09318444480314296,-0.36436347680315023,-0.1637011779072862,0.8316574899099252,0.8142577246758121
1.1211813689851602,0.44903577926361327,-0.0722315104368386,-0.7054689621240783,-0.010684955964216718,-0.6991224441542135,2.1055363261595024,0.35624491190157287,-0.2853298667689162,0.9672102940629491,0.2479611395517707,1.5869528163052418,1.0962045265816591,-1.4950184188982418,-0.20432203606751886,-0.41391173200833214,-0.2535948684928343,0.21665402456803268,0.2521233194765717
1.1211813689851602,0.44903577926361327,0.07223151314612293,-0.7054689621240783,-0.010684955964216718,-0.6991224441542135,-0.6983308925851475,0.35624491190157287,0.013748144200694123,1.3872311235603902,0.3425653236333228,1.3879223422878386,1.2021824889417425,-1.9233747867723374,-0.2385605943090508,-0.3293605233383134,-0.27230998895513736,-1.2740310493992413,-1.2860490588430924
1.1211813689851602,0.44903577926361327,0.21669453672908448,2.2904369071452457,-0.010684955964216718,-0.6991224441542135,-0.6983308925851475,0.35624491190157287,0.013748144200694123,1.7158381141531225,0.4171922906803314,1.14850492019286,1.3413561245235148,-2.0741096456365495,-0.2701677560728364,-0.23797338858044573,-0.3127800283364911,0.9103777693043458,0.8879778812994062
1.1211813689851602,0.44903577926361327,0.361157560312046,-0.7054689621240783,-0.010684955964216718,1.391617927848919,1.0887673213572113,0.38657609090825573,-0.16569866238107206,1.828329753580943,0.5069260312249873,0.9471038078495729,1.9675234505026131,-1.2991528373437962,-0.30598394569185616,-0.1571866184528402,-0.5139918448844308,0.7795760263353654,0.7741250039174058
1.1211813689851602,0.44903577926361327,0.5056205838950075,1.3137763172495538,-0.010684955964216718,0.6469598782390616,-0.6983308925851475,0.20458959538727972,0.013748144200694123,1.8148542762233395,0.5410388972380114,0.926185758989857,2.5293587524286463,-0.7116262895271581,-0.31722523283649545,-0.15301041082995043,-0.6886871789793028,0.8039063907981705,0.7917650825315712
1.1211813689851602,0.44903577926361327,0.6500836074779691,1.2575026399454572,-0.010684955964216718,0.7758376493805095,-0.6983308925851475,0.20458959538727972,0.013748144200694123,1.5919386419699497,0.5657475232670994,1.082951357482032,2.997245016673513,0.41369818995709984,-0.32713043173745915,-0.2101144350400526,-0.8214035183456808,0.7809727258113008,0.7713870614341329
1.1211813689851602,0.44903577926361327,0.7945466310609306,0.5822474868863295,-0.010684955964216718,0.30613958075276543,0.6450258133889305,-0.09872103764130656,0.3726417573642265,1.252182023350584,0.49256101053958146,1.077251084743741,2.8256219606906456,0.41369818995709984,-0.283658458895197,-0.21708675694661733,-0.7811937482982226,0.7937943153940371,0.7820632339536634
1.1211813689851602,0.44903577926361327,0.9390096546438922,1.23318730751642,-0.010684955964216718,0.7580088217188405,-0.6983308925851475,-0.2503763541555997,1.0904289836912913,0.8488127231588177,0.3462091578574925,0.9406269613914401,2.0894628383602485,0.41369818995709984,-0.18669276552486233,-0.16471097769509088,-0.561144153133954,0.7665557054442862,0.7562570707873445
1.1211813689851602,0.44903577926361327,1.0834726782268538,0.5859483404047106,-0.010684955964216718,0.2801430306735235,0.6556782079859353,-0.2503763541555997,1.0904289836912913,0.6087485489431782,0.19648307092675835,0.832882685519408,0.8825967838204029,0.41369818995709984,-0.07830456733407117,-0.12532335044279697,-0.1480841510314709,0.821873933199384,0.80991557984996
1.1211813689851602,0.44903577926361327,1.2279357018098151,0.6903906141047628,-0.010684955964216718,0.3870484070639313,0.49369058243484676,-0.2655419436589411,1.0904289836912913,0.5229142065209595,0.07436345688245115,0.734980693038479,0.7062421495604453,0.41369818995709984,0.0052604287972315734,-0.08990862789748356,-0.08214759166393044,0.818362293377687,0.8072938185811772
1.1211813689851602,0.44903577926361327,1.3723987253927767,0.7322952270720041,-0.010684955964216718,0.40972045382407485,0.46204331659520176,-0.2503763541555997,1.0904289836912913,0.41863762479622796,-0.025550152895097215,0.6357633841473238,0.5724901664932331,0.41369818995709984,0.0819299837778622,-0.05220529538450574,-0.029915155416754272,0.8274670314616328,0.8162879248048548
1.1211813689851602,0.44903577926361327,1.5168617489757383,0.7537859406434987,-0.010684955964216718,0.41592271751775695,0.4447628492066487,-0.2503763541555997,1.0904289836912913,0.29449867776103134,-0.10361769554598485,0.5131158828702461,0.4431570063075139,0.41369818995709984,0.15169348032721358,-0.005103129231057663,0.021388026122891153,0.8380807954131863,0.8269106170827946
1.1211813689851602,0.44903577926361327,1.6613247725587,0.7644267915549752,-0.010684955964216718,0.41537254044208866,0.4324328939976654,-0.18971428540179458,0.910982177109525,0.21393010638666848,-0.16471526067989384,0.4348941949666945,0.3761108020519073,0.41369818995709984,0.205705034586716,0.02168466534815848,0.04462437815310794,0.8426246139686137,0.831434717673139
1.1211813689851602,0.559113631275777,-1.6613247698494156,0.7714387320477832,-0.010684955964216718,0.41448452058438023,0.4248024352450424,-0.09872103764130656,0.7315353705277589,0.15314028480181258,-0.20745673742789733,0.3780593984540477,0.3321296793568518,0.41369818995709984,0.25035938640568217,0.04471576625794843,0.06314380901632045,0.8472991199605058,0.8361088088261054
1.1211813689851602,0.559113631275777,-1.516861746266454,-0.7054689621240783,-0.010684955964216718,1.2585274232986903,1.2647244173398986,-0.2503763541555997,1.0904289836912913,0.09154775421575911,-0.26033644362199765,0.33274363671222856,0.2975647579823208,0.41369818995709984,0.3051957103268936,0.06337488636656559,0.07795163881239699,0.680020461357475,0.6728869065863117
1.1211813689851602,0.559113631275777,-1.3723987226834924,2.4204483146517446,-0.010684955964216718,-0.6991224441542135,-0.6983308925851475,-0.22004531977869715,1.0904289836912913,0.009107533020270727,-0.29629345815870084,0.33371712429516986,0.3032463412546159,0.41369818995709984,0.34873331726745443,0.0672311877080193,0.07992197085551023,0.881379559228642,0.8703453841754281
1.1211813689851602,0.559113631275777,-1.2279356991005308,-0.7054689621240783,-0.010684955964216718,1.2315489847853984,1.2334900959467858,-0.09872103764130656,0.7315353705277589,-0.01792770614006178,-0.3248040084499625,0.26222375293466144,0.23746792830770325,0.41369818995709984,0.3919437189238499,0.09903593889993839,0.11019014582181791,0.7593851774220655,0.7482952766599646
1.1211813689851602,0.559113631275777,-1.0834726755175694,1.5465217535086906,-0.010684955964216718,0.5285517645132878,-0.6983308925851475,-0.09872103764130656,1.0904289836912913,-0.06060841265790163,-0.3410399965047803,0.2684346378114653,0.21342936413511926,0.41369818995709984,0.42907669263998677,0.1099609427895731,0.13379555586670933,0.8200264880748157,0.8089644101891793
1.1211813689851602,0.559113631275777,-0.9390096519346078,-0.7054689621240783,-0.010684955964216718,1.0412587750113436,1.4673166397403867,-0.2503763541555997,1.0904289836912913,-0.09461517949363461,-0.36291994006815614,0.30766652838038444,0.147532724617753,0.41369818995709984,0.45991554937074675,0.1012488212206186,0.16882399410391732,0.7366232422070791,0.725523143904499
1.1211813689851602,0.559113631275777,-0.7945466283516462,1.060515435972632,-0.010684955964216718,0.21583201870091773,0.30384608086869164,-0.40203167066989287,1.0904289836912913,-0.17510080427120703,-0.40294142125157506,0.3301155612146735,0.13577379253235353,0.41369818995709984,0.4918914203337984,0.08059475091176153,0.16183681353483934,0.8162446528782793,0.8051808367754961
1.1211813689851602,0.559113631275777,-0.6500836047686848,-0.7054689621240783,-0.010684955964216718,1.204303551665267,1.2760196008431426,-0.2503763541555997,1.0904289836912913,-0.2253457052769982,-0.4113378372432363,0.3467211112284176,0.17038231519527874,0.41369818995709984,0.5037089362532069,0.06486190198007342,0.13790828810540304,0.7021624412953481,0.691046419730869
1.1211813689851602,0.559113631275777,-0.5056205811857232,1.1730403644275487,-0.010684955964216718,0.18845067060966691,0.22060434106542554,0.0074376549927425714,1.0904289836912913,-0.24569972985069666,-0.35271395774862907,0.4487898351501669,0.2991712977623853,0.41369818995709984,0.48757453055966893,0.04690605936574983,0.10748819906493978,0.8102571521734767,0.7991906399070633
1.1211813689851602,0.559113631275777,-0.3611575576027617,-0.7054689621240783,-0.010684955964216718,1.2689870946956046,1.2966529884827143,0.20458959538727972,1.0904289836912913,-0.1964488501580551,-0.22017310485983416,0.6390964283235938,0.5159845737069333,0.41369818995709984,0.4205008255314031,0.009207244695347774,0.05653955593516384,0.6761594216539902,0.6699647543820043
1.1211813689851602,0.559113631275777,-0.21669453401980013,1.7404107395539938,-0.010684955964216718,0.2102466807346138,-0.6983308925851475,0.20458959538727972,1.0904289836912913,-0.13124212229410984,-0.10342149451667647,0.8460784716699603,0.6381629301644214,0.41369818995709984,0.3808607257809898,-0.018245748419309087,0.06102719737255814,0.8259697062598246,0.809268284512087
1.1211813689851602,0.559113631275777,-0.0722315104368386,-0.7054689621240783,-0.010684955964216718,1.0407670424244164,1.389632566222975,0.08326531324988914,1.0904289836912913,-0.06406942630139828,-0.03164720574471994,0.8846471631674886,0.640753014392302,0.41369818995709984,0.371067249628233,0.007954081218975789,0.10249193803832565,0.6950869586814653,0.6839677667577254
1.1211813689851602,0.559113631275777,0.07223151314612293,2.4189567063449857,-0.010684955964216718,-0.6991224441542135,-0.6983308925851475,0.05293427887298657,1.0904289836912913,-0.012624475338816825,0.02255932755405577,0.8902417332260206,0.6550584294171881,0.41369818995709984,0.38911759186769534,0.05403435440885873,0.14663847138265962,0.9102609426565971,0.8992398776147515
1.1211813689851602,0.559113631275777,0.21669453672908448,-0.7054689621240783,-0.010684955964216718,1.1473304765092933,1.240848472520932,0.05293427887298657,1.0904289836912913,0.05846343380723563,0.06455269965793377,0.8444579813939784,0.646835394123298,0.41369818995709984,0.3988116516656762,0.10202997771550387,0.18093897898493388,0.7387729245297522,0.7276736233508355
1.1211813689851602,0.559113631275777,0.361157560312046,1.6298923238850755,-0.010684955964216718,0.4243250588181905,-0.6983308925851475,0.11359634762679172,1.0904289836912913,0.07006124102620448,0.07364640563864784,0.811589562634741,0.6313410055033539,0.41369818995709984,0.44220061667773713,0.15169677250445932,0.22504433733056664,0.8134987766305775,0.8024334686557744
1.1211813689851602,0.559113631275777,0.5056205838950075,-0.7054689621240783,-0.010684955964216718,1.0212918881752204,1.4545078157049551,0.05293427887298657,1.0904289836912913,0.054633174023188125,0.04367563977314503,0.7772745515565445,0.5404222573655876,0.41369818995709984,0.5105208869700137,0.19243136225041246,0.2919365900890144,0.7158995629743091,0.7047898172939642
1.1211813689851602,0.559113631275777,0.6500836074779691,1.7056571989344909,-0.010684955964216718,0.3660718811732049,-0.6983308925851475,0.20458959538727972,1.0904289836912913,0.0036832269446784786,-0.0024069005458868236,0.7787646183647593,0.5039212710890894,0.41369818995709984,0.6001201180136505,0.23114432501139262,0.3489574619746233,0.811376275854607,0.8003102415930836
1.1211813689851602,0.559113631275777,0.7945466310609306,-0.7054689621240783,-0.010684955964216718,1.0040520253884024,1.489834060215203,0.15909297150703572,1.0904289836912913,-0.0704409289984036,-0.08362212877488737,0.7209605964740001,0.37703229851239317,0.41369818995709984,0.7227680479653238,0.2970734168548433,0.44988713576469647,0.7164217726894384,0.705312325401459
1.1211813689851602,0.559113631275777,0.9390096546438922,1.7291872571803812,-0.010684955964216718,0.3428718368106383,-0.6983308925851475,0.20458959538727972,1.0904289836912913,-0.14334162263882713,-0.16854894410148785,0.6659713346523058,0.29942368214328274,0.41369818995709984,0.8623104843812733,0.3694475338356591,0.5373404491903789,0.810493325612377,0.7994266906285669
1.1211813689851602,0.559113631275777,1.0834726782268538,-0.7054689621240783,-0.010684955964216718,0.9939844366227918,1.5019790288891282,0.20458959538727972,1.0904289836912913,-0.17033137495575842,-0.22446412017708225,0.6366269068456771,0.22151991859119596,0.41369818995709984,0.9689885764888193,0.42070869678313694,0.6152337947597155,0.7173337045808018,0.7062247679907432
1.1211813689851602,0.559113631275777,1.2279357018098151,1.7469085829090802,-0.010684955964216718,0.3376116225919542,-0.6983308925851475,0.2955828431477677,1.0904289836912913,-0.2111959523583889,-0.2599510991543632,0.6266695439241913,0.20476360806676477,0.41369818995709984,1.0641560886072359,0.4706865773037377,0.6718262299483122,0.8206513036284917,0.8095893708667711
1.1211813689851602,0.559113631275777,1.3723987253927767,-0.7054689621240783,-0.010684955964216718,0.9948293589258529,1.5156378477117112,0.20458959538727972,1.0904289836912913,-0.22406538442008814,-0.2901709979815418,0.6064206612226267,0.1505227668180193,0.41369818995709984,1.1411226861430346,0.5084918839777113,0.7292956926092449,0.7260701417074383,0.7149652016508605
1.1211813689851602,0.559113631275777,1.5168617489757383,1.7539516509026367,-0.010684955964216718,0.3303163628660217,-0.6983308925851475,0.21975518489062115,1.0904289836912913,-0.2511548064380015,-0.3107544620814662,0.6170378134516402,0.1626036776484839,0.41369818995709984,1.1976881789922176,0.5214417418827302,0.7423134935144157,0.8237714211715241,0.8127108957724872
1.1211813689851602,0.559113631275777,1.6613247725587,-0.7054689621240783,-0.010684955964216718,0.9917889841194658,1.5180142696357397,0.23492077439396258,1.0904289836912913,-0.24961026053486393,-0.32488164195076796,0.6209249442556789,0.13803770558359274,0.41369818995709984,1.2279763849423981,0.5260486504978426,0.7615513197497048,0.7283283702066792,0.7172242808214999
1.1211813689851602,0.6691914832879408,-1.6613247698494156,1.7574702246471825,-0.010684955964216718,0.32610520619704514,-0.6983308925851475,-0.007727789880818559,1.0904289836912913,-0.2804128806074835,-0.3512558594516826,0.6133603831251879,0.13970964729624863,0.41369818995709984,1.2542946931528371,0.5184408187356206,0.7488889240964814,0.8263450276166134,0.8152857337641657
1.1211813689851602,0.6691914832879408,-1.516861746266454,-0.7054689621240783,-0.010684955964216718,0.9452988109935212,1.474291627790316,-0.2503763541555997,1.0904289836912913,-0.29673797491933807,-0.39108113960579316,0.5675595824738298,0.0742817216291204,0.41369818995709984,1.2713030940818082,0.4957827625413722,0.735158145582221,0.6931952310371032,0.6820752628828932
1.1211813689851602,0.6691914832879408,-1.3723987226834924,-0.7054689621240783,-0.010684955964216718,-0.6991224441542135,-0.6983308925851475,-0.2503763541555997,1.0904289836912913,-0.35673579028967906,-0.4208274740780583,0.5173448425015698,0.06537867393354342,0.41369818995709984,1.2709869886819138,0.4642628505670868,0.6815639004306319,-1.2740310493992413,-1.2860490588430924
1.1211813689851602,0.6691914832879408,-1.2279356991005308,0.9156234684253362,-0.010684955964216718,0.20886230318655277,0.345281387789973,-0.09872103764130656,1.0904289836912913,-0.4792024269057142,-0.43884409233771443,0.2883757893243768,-0.06343881716828248,0.41369818995709984,1.2672144758407322,0.5232060669762455,0.6972743295403431,0.8983642457027248,0.88102299103094
1.1211813689851602,0.6691914832879408,-1.0834726755175694,-0.7054689621240783,-0.010684955964216718,1.2082796689874353,1.3085575270651812,-0.09872103764130656,1.0904289836912913,-0.5203104927053745,-0.459486134442792,0.12843058602977553,-0.12006599047029713,0.41369818995709984,1.269595642318715,0.5602306474260553,0.6864678427759474,0.7255659330166154,0.7205734553379716
1.1211813689851602,0.6691914832879408,-0.9390096519346078,1.721230996225386,-0.010684955964216718,-0.6991224441542135,0.35470396255560493,-0.022893379384159997,1.0904289836912913,-0.5574143784373946,-0.4678980771346144,0.11688938779383705,-0.05553189121525075,0.41369818995709984,1.2664442403930507,0.5457473046696064,0.63406918956033,0.871941262164298,0.8609027405998657
1.1211813689851602,0.6691914832879408,-0.7945466283516462,-0.7054689621240783,-0.010684955964216718,1.3668017251870783,1.0574481052936187,-0.09872103764130656,1.0904289836912913,-0.551691732183024,-0.47994115038683827,0.05305946071585222,0.014583172954257905,0.41369818995709984,1.2740611740213443,0.5595295212853693,0.5836848606232803,0.7344337776206888,0.7233325030506844
1.1211813689851602,0.6691914832879408,-0.6500836047686848,1.1433443698950712,-0.010684955964216718,0.23212836038892054,0.1802295886757329,0.05293427887298657,1.0904289836912913,-0.5468279845599346,-0.46265640431204835,0.07180804731761237,0.10166249225438566,0.41369818995709984,1.2604194162521638,0.5477031002341898,0.5389261200614149,0.8416864005817629,0.8306341532904008
1.1211813689851602,0.6691914832879408,-0.5056205811857232,-0.7054689621240783,-0.010684955964216718,1.2404272912747174,1.1964007673046686,0.03776868936964514,1.0904289836912913,-0.49632019635625135,-0.39786419029889697,0.16990439633874327,0.20941553014390368,0.41369818995709984,1.2084304539483213,0.5053638158323982,0.49121253156643824,0.7062686549498863,0.6951545628866195
1.1211813689851602,0.6691914832879408,-0.3611575576027617,1.7289043288306387,-0.010684955964216718,0.23824968477265523,-0.6983308925851475,0.20458959538727972,1.0904289836912913,-0.3965126969956869,-0.2682818795498889,0.4369315288749516,0.368597126180739,0.41369818995709984,1.1074543241304722,0.39860891685003613,0.43141234726849687,0.8649091620189937,0.8484234028466275
1.1211813689851602,0.6691914832879408,-0.21669453401980013,-0.7054689621240783,-0.010684955964216718,1.1162985553074418,1.4324863477989183,0.20458959538727972,1.0904289836912913,-0.25856916191239593,-0.12952046596928077,0.6614320865094317,0.4703742721013008,0.41369818995709984,1.0049970836679276,0.31948966090360814,0.4044115168043909,0.710765490831874,0.7051699163290241
1.1211813689851602,0.6691914832879408,-0.0722315104368386,2.291553191350761,-0.010684955964216718,-0.6991224441542135,-0.6983308925851475,0.21975518489062115,1.0904289836912913,-0.05028891952333984,-0.0007003750463628323,0.7705675460376461,0.5766406737538384,0.41369818995709984,0.9122503115279383,0.2896706090914167,0.3739454851337979,0.9380962865621059,0.9175872887728669
1.1211813689851602,0.6691914832879408,0.07223151314612293,-0.7054689621240783,-0.010684955964216718,1.2262614404101086,1.3017378648197597,0.20458959538727972,1.0904289836912913,0.07095960618337804,0.11688261951451169,0.812665343133578,0.6527869699891113,0.41369818995709984,0.825502302930982,0.28174609807816997,0.3502156832507249,0.7381218274805889,0.7345195040847188
1.1211813689851602,0.6691914832879408,0.21669453672908448,2.2880032209916275,-0.010684955964216718,-0.6991224441542135,-0.6983308925851475,0.20458959538727972,1.0904289836912913,0.2281681572954095,0.19765180799342985,0.8531452072764253,0.7270483489876488,0.41369818995709984,0.7660928266900779,0.2701580470067021,0.32306402226506076,0.9007099591800949,0.8830128248473643
1.1211813689851602,0.6691914832879408,0.361157560312046,-0.7054689621240783,-0.010684955964216718,1.249799642902676,1.283475449075988,0.20458959538727972,1.0904289836912913,0.27973886600151193,0.2418393851337099,0.7947589682060262,0.725915553975714,0.41369818995709984,0.7387311293581557,0.3035098365777784,0.33224669710699184,0.749379488071583,0.7442414333663655
1.1211813689851602,0.6691914832879408,0.5056205838950075,1.5238293569400023,-0.010684955964216718,0.45040938074653125,-0.6983308925851475,0.20458959538727972,1.0904289836912913,0.2879759982021338,0.23960848062419982,0.8537436208344155,0.7432168806050731,0.41369818995709984,0.7459286804024672,0.2845957810666718,0.330931480964267,0.8161694085966784,0.8025203484352166
1.1211813689851602,0.6691914832879408,0.6500836074779691,-0.7054689621240783,-0.010684955964216718,1.0220094099021046,1.4408039293412531,0.20458959538727972,1.0904289836912913,0.25290564193981413,0.20061458468780607,0.8590969500996266,0.6718457639352844,0.41369818995709984,0.7816283212366405,0.2878406677128725,0.36826138491835386,0.720442121458035,0.7093346133034683
1.1211813689851602,0.6691914832879408,0.7945466310609306,1.6581941293206295,-0.010684955964216718,0.38628694685450427,-0.6983308925851475,0.21975518489062115,1.0904289836912913,0.1582174192343869,0.11434612131546734,0.8559846881334983,0.6118453601869233,0.41369818995709984,0.8532635960966639,0.29220748526538726,0.3983444891010255,0.8001076346387859,0.789036360779607
1.1211813689851602,0.6691914832879408,0.9390096546438922,-0.7054689621240783,-0.010684955964216718,0.999436277285676,1.4814938400940734,0.20458959538727972,1.0904289836912913,0.062048198421750224,0.007219653553992102,0.8063905251843393,0.4812318313977809,0.41369818995709984,0.9515134978167983,0.32306499546392164,0.46802753992933827,0.7152756474718485,0.7041656762369332
1.1211813689851602,0.6691914832879408,1.0834726782268538,1.7043232913375759,-0.010684955964216718,0.35359366747899257,-0.6983308925851475,0.35624491190157287,1.0904289836912913,-0.019385291901402944,-0.06625974919929195,0.7919160775850901,0.43269269709289715,0.41369818995709984,1.036678566395963,0.352552953955918,0.515031618183537,0.804157505087245,0.7930881550218042
1.1211813689851602,0.6691914832879408,1.2279357018098151,-0.7054689621240783,-0.010684955964216718,0.9870620233025519,1.49501137741566,0.3107484326511092,1.0904289836912913,-0.07266108831088242,-0.11767359374636525,0.7566514472709945,0.3452888835887585,0.41369818995709984,1.110352841736221,0.3995464767521871,0.5898394393765157,0.7126334571241516,0.7015221950232897
1.1211813689851602,0.6691914832879408,1.3723987253927767,1.7293865808307072,-0.010684955964216718,0.3408956562560789,-0.6983308925851475,0.20458959538727972,1.0904289836912913,-0.11898341799748835,-0.16351758749019482,0.7447633055619763,0.32240910750388285,0.41369818995709984,1.1704500281982693,0.4245542413565531,0.6218317632358072,0.8122824474181923,0.8012167419333021
1.1211813689851602,0.6691914832879408,1.5168617489757383,-0.7054689621240783,-0.010684955964216718,0.9876252347606014,1.508590541979521,0.05293427887298657,1.0904289836912913,-0.1438653902621085,-0.21204981763918854,0.7065773600580914,0.24884115668807677,0.41369818995709984,1.2194598780844816,0.43929402546301666,0.655259144155096,0.7191888901458219,0.7080805938454806
1.1211813689851602,0.6691914832879408,1.6613247725587,1.7473818644478378,-0.010684955964216718,0.3358906636536964,-0.6983308925851475,-0.053224413761062565,1.0904289836912913,-0.1933503934134327,-0.260410548327312,0.674991012511414,0.22085499894318386,0.41369818995709984,1.2568264319739757,0.42906778122509975,0.6430340703301836,0.8212681987314728,0.8102065451490356
1.1211813689851602,0.7792693353001046,-1.6613247698494156,-0.7054689621240783,-0.010684955964216718,0.9981556492167294,1.5260809402631006,0.35624491190157287,1.0904289836912913,-0.1979893825161867,-0.2705332510732477,0.6567138257637402,0.1774692015319727,0.41369818995709984,1.2877762875474466,0.4551908075395967,0.6835140783954334,0.7327560821553302,0.721654125047355
1.1211813689851602,0.7792693353001046,-1.516861746266454,-0.7054689621240783,-0.010684955964216718,-0.6991224441542135,-0.6983308925851475,0.35624491190157287,1.0904289836912913,-0.24934402871613343,-0.2769224881895383,0.6293854208412236,0.1878303769298108,0.41369818995709984,1.3370530172598294,0.5141176736613383,0.7280727951478186,-1.2740310493992413,-1.2860490588430924
1.1211813689851602,0.7792693353001046,-1.3723987226834924,1.4162320822923309,-0.010684955964216718,-0.6991224441542135,0.5417203187041899,-0.31103842290940487,-0.16569866238107206,-0.3932209211666094,-0.34487015113088315,0.40732199192795976,0.042277537461435546,0.41369818995709984,1.3275819203545984,0.499480293986592,0.6773529983266137,0.8880672997789645,0.8693448323758605
1.1211813689851602,0.7792693353001046,-1.2279356991005308,-0.7054689621240783,-0.010684955964216718,1.253569312426485,0.9531510198960248,-0.40203167066989287,0.013748144200694123,-0.43365671817776685,-0.4109242624116726,0.013813931091480325,-0.04447728763468125,0.41369818995709984,1.2633531639253817,0.4908398124927674,0.5239696268489751,0.7423716893090924,0.7357556967955095
1.1211813689851602,0.7792693353001046,-1.0834726755175694,1.0622350734059112,-0.010684955964216718,0.2648716749742179,0.22724142736519753,-0.40203167066989287,0.3726417573642265,-0.4852876300589591,-0.4496542044453277,-0.018398108124092673,-0.02043285405789037,0.41369818995709984,1.2200626500607687,0.39420724736907975,0.4004476646925801,0.8604263669359651,0.8493827687130161
1.1211813689851602,0.7792693353001046,-0.9390096519346078,-0.7054689621240783,-0.010684955964216718,1.2411771887255805,1.2105871907830492,-0.5233559528072834,0.4324573595581485,-0.5234745040184281,-0.4915036016931665,-0.018926621522887405,-0.004042962053233816,0.41369818995709984,1.1730285795748119,0.28093095019628617,0.2789079536578697,0.7299468423020697,0.7188434412393132
1.1211813689851602,0.7792693353001046,-0.7945466283516462,1.1881751473418936,-0.010684955964216718,0.2061427423723208,0.19471513485726166,-0.553686987184186,0.7315353705277589,-0.573909379487836,-0.5257046875934694,0.03228035973356135,0.048485690139722606,0.41369818995709984,1.1445115290713672,0.1884565213251852,0.18502158846141983,0.8510710545936737,0.8400231117192324
1.1211813689851602,0.7792693353001046,-0.6500836047686848,-0.7054689621240783,-0.010684955964216718,1.2812974381586664,1.2736433885355845,-0.40203167066989287,0.013748144200694123,-0.5184127548417101,-0.45722488229205804,0.7469310629380005,0.2052834695822345,0.41369818995709984,1.0271818914965423,-0.1550150421214241,0.05332833945750744,0.7136038923445109,0.7087604691006445
1.1211813689851602,0.7792693353001046,-0.5056205811857232,-0.7054689621240783,-0.010684955964216718,-0.6991224441542135,-0.6983308925851475,-0.28070738853250227,-0.10588306018714999,-0.4006660471527164,-0.3185707440943811,1.186730077981172,0.32334988914962004,0.41369818995709984,0.8752770796245725,-0.3460345894732852,-0.033702821876227786,-1.2740310493992413,-1.2860490588430924
1.1211813689851602,0.7792693353001046,-0.3611575576027617,0.9950050540660373,-0.010684955964216718,0.1783485512423449,0.24222313573197599,-0.2503763541555997,-0.5844078777385264,0.08025029394807168,-0.13296174733225802,1.7029896378925564,0.4078223544955616,-0.3443318187016344,0.6821612930759969,-0.5575520188620984,-0.1183785565737336,0.9016992954759759,0.8833355504431699
1.1211813689851602,0.7792693353001046,-0.21669453401980013,-0.7054689621240783,-0.010684955964216718,-0.6991224441542135,1.8285790974326641,-0.09872103764130656,-1.122748297483825,0.4040410305336187,0.0537948137235896,1.797180954849367,0.5931060295268696,-0.7514208819208223,0.4781232204046603,-0.6460528976201365,-0.25815857532256614,0.08703764904963032,0.12718517646264327
1.1211813689851602,0.7792693353001046,-0.0722315104368386,-0.7054689621240783,-0.010684955964216718,-0.6991224441542135,-0.6983308925851475,-0.09872103764130656,-0.8834858887081368,0.8427837096356567,0.2140741164501808,1.6264054890843027,0.7642553407416075,-1.2328718047431533,0.2752998611555131,-0.6731124081599806,-0.40696957154969365,-1.2740310493992413,-1.2860490588430924
1.1211813689851602,0.7792693353001046,0.07223151314612293,2.2800487541288943,-0.010684955964216718,-0.6991224441542135,-0.6983308925851475,-0.09872103764130656,-1.3620107062595133,1.2272799833609338,0.33480761962556116,1.2710407517034183,0.8036105344352976,-1.7469396923841756,0.11923307528554529,-0.641208909837477,-0.5002688679488718,0.9614920378429214,0.9386900593511716
1.1211813689851602,0.7792693353001046,0.21669453672908448,-0.7054689621240783,-0.010684955964216718,1.355895941541571,1.1491940901060405,-0.09872103764130656,-1.3620107062595133,1.4657093069108011,0.4400701776086067,0.8839004248814496,1.01604271938254,-1.661356866836197,-0.045378208454848704,-0.6152113074382977,-0.6606881798624714,0.806715810661674,0.8023301964651165
1.1211813689851602,0.7792693353001046,0.361157560312046,2.3027477888389525,-0.010684955964216718,-0.6991224441542135,-0.6983308925851475,-0.14421766152155058,-1.4218263084534353,1.6181531111765577,0.4881083763888383,0.7902819482536554,1.4472208912310363,-1.32595282346603,-0.1589189246639175,-0.6654998434198223,-0.8607490468414523,0.8770090905372855,0.8633302517957446
1.1211813689851602,0.7792693353001046,0.5056205838950075,-0.7054689621240783,-0.010684955964216718,1.3244357778089069,1.1754548415078483,-0.2503763541555997,-1.182563899677747,1.5952912898982847,0.493095975936041,0.7046542532392511,2.3172384843906855,-0.8022855170389194,-0.21184582718866796,-0.6835232385374216,-1.1208864040307116,0.7903743007860596,0.7838327947443792
1.1211813689851602,0.7792693353001046,0.6500836074779691,1.351171299906633,-0.010684955964216718,0.6631970396264146,-0.6983308925851475,-0.2503763541555997,-1.182563899677747,1.295229300312304,0.45595328611430874,0.7712699573934636,2.64281098180308,0.18923675295237066,-0.24215116556891925,-0.7473123789474865,-1.2311335466058324,0.815915954174444,0.8036903567857246
1.1211813689851602,0.7792693353001046,0.7945466310609306,0.6695490031137173,-0.010684955964216718,0.36558614019753366,0.5252610238381191,-0.4323627050467954,-0.9433014909020588,0.9455652458456579,0.3466375536301191,0.7559123809536478,2.570602217304333,0.41369818995709984,-0.21771452904426344,-0.778161929137673,-1.2432515654341219,0.8212719789465772,0.8104300966569873
1.1211813689851602,0.7792693353001046,0.9390096546438922,1.275746584750123,-0.010684955964216718,0.766890071455794,-0.6983308925851475,-0.553686987184186,-0.6442234799324486,0.586459326752426,0.19285617492094617,0.6656721278733108,1.8594551417585523,0.41369818995709984,-0.1334845050640227,-0.7615663874093752,-1.0864481768933076,0.8038594081247307,0.7932623243909691
1.1211813689851602,0.7792693353001046,1.0834726782268538,0.6254189083998812,-0.010684955964216718,0.30432874764567,0.613452646971544,-0.553686987184186,-0.6442234799324486,0.4477906778713866,0.04386407745237286,0.5859032596168359,0.7162712843774349,0.41369818995709984,-0.06817544033302962,-0.7604605916551174,-0.8045774634816859,0.8439217677801345,0.8321440992684908
1.1211813689851602,0.7792693353001046,1.2279357018098151,-0.7054689621240783,-0.010684955964216718,1.2618751572509035,1.3495754875940538,-0.7053423036984792,-0.3451454689628382,0.3523586114915163,-0.08859208434463424,0.5287155525443487,0.5959778451566823,0.41369818995709984,-0.0059444217707786216,-0.7607017583945187,-0.7864088869495117,0.7207927814115241,0.7144060155232709
1.1211813689851602,0.7792693353001046,1.3723987253927767,1.0225824050461316,-0.010684955964216718,0.2588692367717176,0.28147832655368443,-0.7053423036984792,-0.3451454689628382,0.1494491612446393,-0.1841984463456752,0.5515379545216572,0.5651140023777698,0.41369818995709984,0.034144740688950244,-0.7828794173282112,-0.7931533517367719,0.8222087522514835,0.8081339296559727
1.1211813689851602,0.7792693353001046,1.5168617489757383,-0.7054689621240783,-0.010684955964216718,1.3082851268788094,1.3199359283071428,-0.7053423036984792,0.013748144200694123,0.04462673739909336,-0.2618524141649991,0.5102278128781227,0.49396256912258274,0.41369818995709984,0.039615053219946066,-0.7932969169018353,-0.7947762968171586,0.6921887937681311,0.685509063222265
1.1211813689851602,0.7792693353001046,1.6613247725587,1.1453621854623213,-0.010684955964216718,0.194282610681343,0.19860697905347546,-0.7053423036984792,-0.22551426457499413,-0.14641198456840765,-0.3207988255674982,0.5485228708256299,0.5269025040181131,0.41369818995709984,0.04308497356382432,-0.8212008337326254,-0.8215112234738624,0.8224415054957656,0.8075110180297829
1.1211813689851602,0.8893471873122684,-1.6613247698494156,-0.7054689621240783,-0.010684955964216718,1.3134633506276767,1.3135346605364817,-0.553686987184186,-0.6442234799324486,-0.19045060714660664,-0.3596755654935855,0.5343893996126998,0.5137089218472802,0.41369818995709984,0.034726278104023026,-0.836360562063274,-0.8369709185125351,0.6832160031923513,0.6768282569579441
1.1211813689851602,0.8893471873122684,-1.516861746266454,-0.7054689621240783,-0.010684955964216718,2.462706947492219,-0.6983308925851475,-0.553686987184186,-0.6442234799324486,-0.3014579038463795,-0.39831940491725637,0.6537277250605499,0.502936888154958,0.41369818995709984,0.0153700103498827,-0.893107676709891,-0.8586218163822353,0.29907972481080897,0.32332416740148007
1.1211813689851602,0.8893471873122684,-1.3723987226834924,1.2796422766881745,-0.010684955964216718,-0.32607008996412207,0.5216524763015441,-0.6295146454413326,-0.4049610711567603,-0.4733740906328525,-0.43201799033961846,0.8912680721488413,0.3045828884411623,0.41369818995709984,0.007955046354956778,-0.9693735923666844,-0.8171906658469873,0.820965961533368,0.8003954821314043
1.1211813689851602,0.8893471873122684,-1.2279356991005308,-0.7054689621240783,-0.010684955964216718,1.0126236034278169,1.396242821614546,-0.8569976202127723,0.6717197683338367,-0.5052282594970409,-0.47157578779549925,0.8575395404551137,0.245623046210056,0.41369818995709984,0.02208737074855327,-0.9615168489920741,-0.8010879906970171,0.6511444782368119,0.6400051640239521
1.1211813689851602,0.8893471873122684,-1.0834726755175694,-0.7054689621240783,-0.010684955964216718,1.1730061074803932,1.367303590954977,-0.8569976202127723,0.6717197683338367,-0.5663144144881722,-0.503033588080976,0.8386520059759286,0.3113368957106926,0.41369818995709984,0.03491907826777537,-0.9572251136804613,-0.8206101411338641,0.6109539512883463,0.5997964234585338
1.1211813689851602,0.8893471873122684,-0.9390096519346078,-0.7054689621240783,-0.010684955964216718,1.2301715448924757,1.3479792581725598,-1.0086529367270654,1.0904289836912913,-0.6891496283205905,-0.5457680072379972,0.8550470030711206,0.48193029049840397,0.41369818995709984,0.06543845137299327,-0.9597353130696987,-0.8669619207244278,0.5803698509712466,0.5702841410215251
1.1211813689851602,0.8893471873122684,-0.7945466283516462,1.578749929859979,-0.010684955964216718,-0.012409845137561422,0.04815344737767916,-1.1603082532413587,1.0904289836912913,-0.7785038497130602,-0.5815182343589185,0.8520097559099824,0.555470571265806,0.41369818995709984,0.09028699012483964,-0.9589244678950299,-0.8873301090293252,0.7969273936745701,0.785854798667814
1.1211813689851602,0.8893471873122684,-0.6500836047686848,-0.7054689621240783,-0.010684955964216718,1.208411063971116,1.2653346108850028,-0.553686987184186,1.0904289836912913,-0.7413638420759862,-0.5277570350511269,0.9850357259456503,0.6213118706863643,0.41369818995709984,0.0579723313896875,-0.9910222334482912,-0.9034082958905941,0.6563129323356721,0.6451759452367489
1.1211813689851602,0.8893471873122684,-0.5056205811857232,1.4391074762717595,-0.010684955964216718,0.05471979946697161,0.08977604661519235,-0.35653504678964887,0.5520885639459927,-0.688458629655393,-0.45347659572135,0.9679349077307775,0.6713183560429772,0.41369818995709984,0.01435461224090915,-0.961800612532904,-0.8910250233864612,0.8022259951791658,0.7911556946446341
1.1211813689851602,0.8893471873122684,-0.3611575576027617,-0.7054689621240783,-0.010684955964216718,1.2715630670716702,1.306705775166366,-0.2503763541555997,0.013748144200694123,-0.5631684641276455,-0.3206887271481741,0.9627963935889474,0.7554143410333608,0.41369818995709984,-0.07644026938019054,-0.934330623724748,-0.8869799048298452,0.6491456444978266,0.6434826091581853
1.1211813689851602,0.8893471873122684,-0.21669453401980013,1.8991337231687238,-0.010684955964216718,0.051470664310512504,-0.6983308925851475,-0.2503763541555997,-0.2853298667689162,-0.393469092032813,-0.18985510551800142,1.0638575322891235,0.8304202958798614,0.41369818995709984,-0.17355556988635304,-0.9432081843861195,-0.8895568096169834,0.8463546062151477,0.8281986507940544
1.1211813689851602,0.8893471873122684,-0.0722315104368386,-0.7054689621240783,-0.010684955964216718,1.1360605710850098,1.4404836353746029,-0.22004531977869715,-0.04606745799322794,-0.23956636415737995,-0.059333429409247095,1.1196719569657103,0.8470164555180753,0.41369818995709984,-0.2623664678449098,-0.9397268639784541,-0.8754658582193471,0.6803212584736353,0.6752740514695723
1.1211813689851602,0.8893471873122684,0.07223151314612293,1.7954777104025625,-0.010684955964216718,0.13053433714484544,-0.6983308925851475,-0.09872103764130656,-0.5844078777385264,0.14538344015357385,0.1534437638393011,1.314936346796218,0.9696484330721266,-0.045327180239789884,-0.4081147047757314,-0.9838197167057234,-0.902859368144751,0.828919174092432,0.8119004959430198
1.1211813689851602,0.8893471873122684,0.21669453672908448,-0.7054689621240783,-0.010684955964216718,1.0602574384917194,1.4489125232626783,-0.09872103764130656,-0.5844078777385264,0.42387931457404776,0.30210133149531265,1.4112954211290527,1.1769683669551447,-0.2952221047510125,-0.503911773373785,-1.0015851645257827,-0.9516547755529725,0.6767716364906516,0.6720068390091782
1.1211813689851602,0.8893471873122684,0.361157560312046,2.2921701796797174,-0.010684955964216718,-0.6991224441542135,-0.6983308925851475,-0.113886627144648,-0.7638546843202927,0.8159912899481865,0.40424514002327283,1.4355993655049182,1.4118241914317537,-0.8735072376997268,-0.579023725028982,-1.0131654707242637,-1.0181216255616807,0.9140686993281348,0.8926349653257366
1.1211813689851602,0.8893471873122684,0.5056205838950075,-0.7054689621240783,-0.010684955964216718,1.2264319385409328,1.3069615072601577,-0.09872103764130656,-0.2853298667689162,0.8293450231072749,0.4306059481013211,1.3057777210596848,1.701881762474412,-0.14086742849202172,-0.5991738758103379,-0.9593127872211846,-1.0698660297189877,0.7072689718705943,0.7048732136860232
1.1211813689851602,0.8893471873122684,0.6500836074779691,1.599760723751346,-0.010684955964216718,0.3905865060685012,-0.6983308925851475,-0.2503763541555997,0.3726417573642265,0.7033932915777071,0.3914793694544598,1.2585789172244182,1.6918350194448017,0.41369818995709984,-0.5729952813606155,-0.9246181227283033,-1.0459349037633177,0.8010233467452537,0.7866914263552264
1.1211813689851602,0.8893471873122684,0.7945466310609306,-0.7054689621240783,-0.010684955964216718,1.1222149035166344,1.4746039563310942,-0.37170063629299027,0.5520885639459927,0.5265946272914502,0.2579765669147753,1.1324867020045508,1.3766580753691715,0.41369818995709984,-0.487777850283911,-0.8642433956287106,-0.9390287872670218,0.6937115004142115,0.6872503471036341
1.1211813689851602,0.8893471873122684,0.9390096546438922,1.6712536857153353,-0.010684955964216718,0.32539020725384765,-0.6983308925851475,-0.40203167066989287,0.7315353705277589,0.19736085475361634,0.08279445506992575,1.0165197805764317,1.1348386220442137,0.41369818995709984,-0.3810729736730151,-0.818515514159737,-0.8597077527953503,0.8126529084984185,0.7970577823027835
1.1211813689851602,0.8893471873122684,1.0834726782268538,-0.7054689621240783,-0.010684955964216718,1.1076369979832028,1.5202515062234752,-0.553686987184186,1.0904289836912913,0.09869454002308771,-0.052280072981520556,0.9457603608874754,0.8048883875797749,0.41369818995709984,-0.29997818439569585,-0.8009716557612507,-0.7681869996295454,0.7028237989283661,0.6961436399983362
1.1211813689851602,0.8893471873122684,1.2279357018098151,1.130993479943918,-0.010684955964216718,0.16035884356265723,0.24887699134937366,-0.59918361106443,0.9707977793034471,-0.05465699433818968,-0.15467936630304058,0.8740308633794409,0.6821499222636838,0.41369818995709984,-0.23309004047622298,-0.7791171301394055,-0.730345875560005,0.8186123276053031,0.804125780208637
1.1211813689851602,0.8893471873122684,1.3723987253927767,-0.7054689621240783,-0.010684955964216718,1.2780388425633822,1.3486942599528244,-0.7053423036984792,1.0904289836912913,-0.11160451550398014,-0.2404446234383402,0.7725844213627241,0.6135441334616679,0.41369818995709984,-0.17904904739321897,-0.7504350687087807,-0.710038799621601,0.678650403397513,0.6722771088890942
1.1211813689851602,0.8893471873122684,1.5168617489757383,1.212283979751556,-0.010684955964216718,0.1405412214279956,0.1717512837047793,-0.8569976202127723,1.0904289836912913,-0.26205158112925786,-0.31733919446796693,0.7375098853840015,0.6171697482889118,0.41369818995709984,-0.12980513472998545,-0.7403611403062752,-0.7111210519558846,0.8206685846118259,0.8053609483937267
1.1211813689851602,0.8893471873122684,1.6613247725587,-0.7054689621240783,-0.010684955964216718,1.300347818704619,1.325771231607937,-0.7660043724522843,1.0904289836912913,-0.2958242245063082,-0.37325084174807016,0.6614909049360719,0.5724792661711346,0.41369818995709984,-0.08980115181694567,-0.716233279327379,-0.6955302470529264,0.6753565759699237,0.6691514858805742
1.1211813689851602,0.999425039324432,-1.6613247698494156,1.2514493726529337,-0.010684955964216718,0.1262740387519723,0.13895537201189312,-0.7053423036984792,1.0904289836912913,-0.40076571685369844,-0.41615534884776517,0.6550421890298104,0.5889186288683923,0.41369818995709984,-0.06545186655546677,-0.71646863741204,-0.7026340178814847,0.8258996822752726,0.810326414656049
1.1211813689851602,0.999425039324432,-1.516861746266454,-0.7054689621240783,-0.010684955964216718,1.2215692729848733,1.2304307435624517,-0.553686987184186,0.7315353705277589,-0.4244309160573367,-0.4501969331918678,0.5950814914955824,0.5403048692814492,0.41369818995709984,-0.04408000459879411,-0.6907918018357397,-0.67973031649867,0.6593592456790482,0.6482239091971354
1.1211813689851602,0.999425039324432,-1.3723987226834924,1.2861533963260008,-0.010684955964216718,0.14344431475543293,0.14840598298043042,-0.7205078932018206,0.25301055297638236,-0.47784651761785807,-0.4935975889376196,0.5524364272996083,0.5083157778674393,0.41369818995709984,-0.03172848772521302,-0.6848362096440822,-0.676726491988156,0.7946335231472025,0.7835598610976408
1.1211813689851602,0.999425039324432,-1.2279356991005308,-0.7054689621240783,-0.010684955964216718,1.2311939029814993,1.2328597792205307,-0.7053423036984792,0.6717197683338367,-0.5089802551534716,-0.5288890726446904,0.49231376598187876,0.4573777342145572,0.41369818995709984,-0.027319661953099008,-0.6734123068528669,-0.6676747102999909,0.6698601432082003,0.6587293957348843
1.1211813689851602,0.999425039324432,-1.0834726755175694,1.3054666201189133,-0.010684955964216718,0.14868629135038217,0.1502413847945606,-0.8569976202127723,1.0904289836912913,-0.5635377102681964,-0.5713348363305348,0.44700993841358083,0.41918468255383656,0.41369818995709984,-0.017770865857970344,-0.6624126509930518,-0.658517824009878,0.813691207580413,0.8026260794875567
1.1211813689851602,0.999425039324432,-0.9390096519346078,-0.7054689621240783,-0.010684955964216718,1.2535888640000568,1.251899243219782,-0.9024942440930163,0.910982177109525,-0.5901990208188044,-0.6052331515776965,0.3969384085235749,0.3745788875539021,0.41369818995709984,-0.016044592551982515,-0.6546243206631602,-0.6520875894758639,0.690997305969289,0.6798762209183307
1.1211813689851602,0.999425039324432,-0.7945466283516462,1.324631293072519,-0.010684955964216718,0.15388474992673631,0.15380633210530886,-0.8569976202127723,0.6717197683338367,-0.6332911156997579,-0.6357410001169536,0.3698214089605763,0.35132011565452276,0.41369818995709984,-0.0227962178107943,-0.6617446556979213,-0.6603232393476669,0.8305255855015372,0.8194682574858065
1.1211813689851602,0.999425039324432,-0.6500836047686848,-0.7054689621240783,-0.010684955964216718,1.2542706462913797,1.2518527083633708,-0.7053423036984792,0.6717197683338367,-0.5955965699276901,-0.5981148653129327,0.4805526379767644,0.38234075537439144,0.41369818995709984,-0.06322272023163177,-0.6996708684446367,-0.6749039565193282,0.6926528601747507,0.6815324691665191
1.1211813689851602,0.999425039324432,-0.5056205811857232,1.2737781067200824,-0.010684955964216718,0.09030476708533712,0.09835533432072306,-0.553686987184186,0.4324573595581485,-0.40407421578696756,-0.4251643637366915,1.0620963892537851,0.5719761743819703,0.36511612230416546,-0.1858643763356736,-0.8569711750292595,-0.724878485864041,0.8384953590029632,0.8226670316293758
1.1211813689851602,0.999425039324432,-0.3611575576027617,-0.7054689621240783,-0.010684955964216718,1.2651989247580933,1.2995733651472257,-0.2503763541555997,0.013748144200694123,-0.1433135278237852,-0.19020233899433134,1.4901990618052428,0.7902232619256364,0.24395168511190787,-0.33047029039389997,-0.9490364164442129,-0.7666533392831846,0.6639232253816988,0.6589953626068561
1.1211813689851602,0.999425039324432,-0.21669453401980013,-0.7054689621240783,-0.010684955964216718,-0.6991224441542135,-0.6983308925851475,-0.2503763541555997,0.013748144200694123,0.18996188453507817,-0.003807126596778304,1.6130136415116167,0.8888518917323452,-0.32739682943550014,-0.439623897995733,-0.9635819333199187,-0.7767776213322568,-1.2740310493992413,-1.2860490588430924
1.1211813689851602,0.999425039324432,-0.0722315104368386,1.0314109536589884,-0.010684955964216718,0.1428284927459177,0.2175817763716327,-0.113886627144648,-0.3451454689628382,0.9239757183342829,0.13546666808914598,1.6518627860868926,0.903698968916898,-1.801985719670643,-0.522519522845122,-0.9657358685517532,-0.7725567505443425,0.88128721397395,0.8625481288756239
1.1211813689851602,0.999425039324432,0.07223151314612293,-0.7054689621240783,-0.010684955964216718,-0.6991224441542135,-0.6983308925851475,-0.2503763541555997,-0.2853298667689162,0.9637372397844345,0.2647892594900048,1.4244852401928445,0.8681647573619106,-1.5950430757070948,-0.6069881943371914,-0.9136838680181564,-0.7693297141987641,-1.2740310493992413,-1.2860490588430924
1.1211813689851602,0.999425039324432,0.21669453672908448,0.8292497670113238,-0.010684955964216718,0.30734000532367334,0.3863718756175765,-0.09872103764130656,-0.5844078777385264,1.0365777302497683,0.40847404853987657,1.180346147588311,0.9455209893501235,-1.4936191617540417,-0.6931797609096009,-0.8498220118561578,-0.7928493068779414,0.9167713731175012,0.9049585751724273
1.1211813689851602,0.999425039324432,0.361157560312046,-0.7054689621240783,-0.010684955964216718,2.8384572874402223,-0.6983308925851475,-0.2503763541555997,-0.2853298667689162,1.2413909386778186,0.4414943994688381,1.1103650065011283,1.2772320450766375,-1.5959883932426413,-0.7187541355720443,-0.8316566274004631,-0.8864741024773787,0.5878154346448695,0.5935488657340172
1.1211813689851602,0.999425039324432,0.5056205838950075,2.3612877634886082,-0.010684955964216718,-0.6991224441542135,-0.6983308925851475,-0.2503763541555997,-0.5844078777385264,1.2298011585488617,0.4113563686970544,1.2443934471125744,1.786805333457971,-1.1876357867828713,-0.7240480564638625,-0.8894658653231056,-1.0401723543398218,0.9437273669856412,0.9183210540799017
1.1211813689851602,0.999425039324432,0.6500836074779691,-0.7054689621240783,-0.010684955964216718,0.9667675950511093,1.5962393632630498,-0.40203167066989287,-0.3451454689628382,1.001356866049724,0.3625009008810706,1.1830969745849411,1.5396791002436454,-0.4006718078622535,-0.7123625326465473,-0.8866652331968549,-0.9903343526223815,0.7507340651506414,0.7456540494028633
1.1211813689851602,0.999425039324432,0.7945466310609306,1.5492993671489648,-0.010684955964216718,0.44210364103809985,-0.6983308925851475,-0.4778593289270394,0.013748144200694123,0.6050908715943881,0.2405153810654274,1.0407342186508883,1.5502800827276517,0.41369818995709984,-0.6570423985522151,-0.8526176958691113,-0.9970421933318496,0.8009988653521969,0.7878524188795658
1.1211813689851602,0.999425039324432,0.9390096546438922,-0.7054689621240783,-0.010684955964216718,1.0148647813854639,1.5435541499961136,-0.553686987184186,0.31282615517030443,0.4028369670318224,0.06483994361091404,0.8544358028986434,0.6367601425589683,0.41369818995709984,-0.562225256693834,-0.7973412465485851,-0.7416260915199842,0.72901456925324,0.7221315540240071
1.1211813689851602,0.999425039324432,1.0834726782268538,1.039092359679421,-0.010684955964216718,0.17959196825191315,0.29380597598149427,-0.553686987184186,0.013748144200694123,0.07537182999329374,-0.08592290343512235,0.756109294816747,0.5899918913519427,0.41369818995709984,-0.4945946270373575,-0.7879527394054309,-0.7465592897854295,0.8196941891661191,0.80549106315775
1.1211813689851602,0.999425039324432,1.2279357018098151,-0.7054689621240783,-0.010684955964216718,1.2691243761745543,1.3582697499335554,-0.5385213976808445,-0.22551426457499413,-0.0012561091093569337,-0.18624797076693975,0.679893400505718,0.5237212869379644,0.41369818995709984,-0.4544531020800889,-0.785036579590457,-0.7460430853280279,0.6899208447157649,0.6834346035829405
1.1211813689851602,0.999425039324432,1.3723987253927767,1.1680443557051152,-0.010684955964216718,0.1637531438970869,0.20168603538601979,-0.553686987184186,-0.3451454689628382,-0.16949856436701602,-0.2583236186738411,0.6500221641822262,0.5253127339643541,0.41369818995709984,-0.44119790984574114,-0.8064438387973019,-0.7769986660621265,0.8229021517077669,0.8078827159540949
1.1211813689851602,0.999425039324432,1.5168617489757383,-0.7054689621240783,-0.010684955964216718,1.2977815169993523,1.3288234570322803,-0.553686987184186,-0.3451454689628382,-0.21949061203742995,-0.3233028588480239,0.5675135506616766,0.4737667877328985,0.41369818995709984,-0.43769251813256177,-0.8152646037234353,-0.7945179778779383,0.6808902708519613,0.6745855701985203
1.1211813689851602,0.999425039324432,1.6613247725587,1.2242974009481973,-0.010684955964216718,0.14144222311009166,0.15645970979074894,-0.5233559528072834,-0.46477667335068235,-0.34639020911257834,-0.3739079034685238,0.5581528964162493,0.48853840114907665,0.41369818995709984,-0.4426244862764093,-0.8433617121081793,-0.8299325942608599,0.8265104570299895,0.811095013836917
1.1211813689851602,1.1095028913365959,-1.6613247698494156,-0.7054689621240783,-0.010684955964216718,1.2496453326338415,1.260563530404028,-0.553686987184186,-0.3451454689628382,-0.3712889044813901,-0.4082995443253493,0.5324790794083466,0.47424304795997396,0.41369818995709984,-0.44913915313621633,-0.8557171510114445,-0.8455524383734283,0.6863123593832992,0.6751890158363918
1.1211813689851602,1.1095028913365959,-1.516861746266454,-0.7054689621240783,-0.010684955964216718,1.264195067082772,1.2691148343107708,-0.553686987184186,-0.3451454689628382,-0.4449916381988435,-0.4447802321129403,0.547404468278503,0.49984790456948935,0.41369818995709984,-0.4586182130019027,-0.8803445562980036,-0.8735523043323377,0.602047224471771,0.590885508721775
1.1211813689851602,1.1095028913365959,-1.3723987226834924,-0.7054689621240783,-0.010684955964216718,1.2808130636908255,1.2824344936843743,-0.553686987184186,-0.4049610711567603,-0.5764726968983268,-0.4820534873678454,0.6402634200057713,0.604273828760001,0.41369818995709984,-0.4686788102826618,-0.9257484439136867,-0.9230641567179604,0.5735627636297725,0.5634019920778277
1.1211813689851602,1.1095028913365959,-1.2279356991005308,-0.7054689621240783,-0.010684955964216718,1.2547728904770012,1.254292224844966,-0.553686987184186,-0.3451454689628382,-0.6989393335143619,-0.5083726556590981,0.7560249031611331,0.726473147375371,0.41369818995709984,-0.48137032143750325,-0.9702661889784384,-0.970250488519042,0.5565951781287809,0.5459373122636684
1.1211813689851602,1.1095028913365959,-1.0834726755175694,-0.7054689621240783,-0.010684955964216718,1.2287461721095063,1.2268725039787536,-0.553686987184186,-0.3451454689628382,-0.8083258269558834,-0.5271056194034591,0.8627164144404047,0.8359492746427767,0.41369818995709984,-0.4929641505586659,-1.006743249935138,-1.008238108899751,0.5456629760572468,0.5348152661590756
1.1211813689851602,1.1095028913365959,-0.9390096519346078,-0.7054689621240783,-0.010684955964216718,1.2140082800439447,1.2111988516434458,-0.5688525766875274,0.013748144200694123,-0.8931119652073716,-0.5423549562389492,0.9135048471826467,0.8877593440635435,0.41369818995709984,-0.49088895480363437,-1.0138926282436005,-1.015927648262464,0.5380825647115688,0.5268917892929119
1.1211813689851602,1.1095028913365959,-0.7945466283516462,1.7453179407094503,-0.010684955964216718,-0.07523819611431289,-0.07522319116911481,-0.553686987184186,0.013748144200694123,-0.955474427510407,-0.5550162744612239,0.933851760595278,0.9095281257806813,0.41369818995709984,-0.4880744102354149,-1.008243173670291,-1.010684987375201,0.7810170083310946,0.7699369477569796
1.1211813689851602,1.1095028913365959,-0.6500836047686848,-0.7054689621240783,-0.010684955964216718,1.2811330367550848,1.2829788676577978,-0.40203167066989287,0.013748144200694123,-0.8541752272559505,-0.46686343429660687,1.4713797226033214,0.8780806965263382,0.41104942894165747,-0.5264768728896008,-1.1052058640050504,-0.9671324575647621,0.6165342688233375,0.6120919613010178
1.1211813689851602,1.1095028913365959,-0.5056205811857232,-0.7054689621240783,-0.010684955964216718,-0.6991224441542135,-0.6983308925851475,-0.2958729780358437,0.013748144200694123,-0.6218638841435437,-0.3146234334579718,1.9935850582511465,0.9279496701272463,0.12670774180778954,-0.5946731140402394,-1.1951811729579924,-0.9474375888438894,-1.2740310493992413,-1.2860490588430924
1.1211813689851602,1.1095028913365959,-0.3611575576027617,-0.7054689621240783,-0.010684955964216718,-0.6991224441542135,2.6059663027449087,-0.09872103764130656,-0.2853298667689162,-0.28000684363771106,-0.14609168959575858,2.2673856867015854,0.9723961527272788,-0.5215367385085953,-0.6671341237692997,-1.2247335644905337,-0.9237149384079592,0.43490735376614276,0.4327556016683734
1.1211813689851602,1.1095028913365959,-0.21669453401980013,-0.7054689621240783,-0.010684955964216718,-0.6991224441542135,-0.6983308925851475,-0.09872103764130656,-0.2853298667689162,0.23203253221200792,0.0009115787339981256,2.279655721963281,1.125856756635001,-1.420364072433853,-0.730889928607835,-1.2054641053634672,-0.9389637741111778,-1.2740310493992413,-1.2860490588430924
1.1211813689851602,1.1095028913365959,-0.0722315104368386,-0.7054689621240783,-0.010684955964216718,-0.6991224441542135,-0.6983308925851475,-0.09872103764130656,-0.5844078777385264,0.5245176177508516,0.10435327824360621,1.9055509223902947,1.0956720877714603,-1.8997909861763627,-0.7845137108233448,-1.1172930291134595,-0.9266706531831486,-1.2740310493992413,-1.2860490588430924
1.1211813689851602,1.1095028913365959,0.07223151314612293,2.3020457605367697,-0.010684955964216718,-0.6991224441542135,-0.6983308925851475,-0.09872103764130656,-0.5844078777385264,0.7718162068397839,0.25551840797563463,1.44611337237707,0.9956297700371999,-2.0381068529120765,-0.852137101424862,-0.9899842053326698,-0.8817630324944004,1.0418676914325606,1.0093013951877416
1.1211813689851602,1.1095028913365959,0.21669453672908448,-0.7054689621240783,-0.010684955964216718,1.3467529529971254,1.1874857788219189,-0.09872103764130656,-0.2853298667689162,0.9039320745743809,0.4296552905960031,1.0143724817835866,1.043383242664672,-1.9149441454837872,-0.9206844367410321,-0.8481295419731332,-0.8649863876288469,0.8079175590443708,0.8063494107900228
1.1211813689851602,1.1095028913365959,0.361157560312046,2.332287697344622,-0.010684955964216718,-0.6991224441542135,-0.6983308925851475,-0.2655419436589411,-0.10588306018714999,0.9423905317459217,0.48253993710379106,0.8365098218288783,1.1910163666812417,-1.679660694612962,-0.9400713498278339,-0.7900201902222437,-0.8965890659741133,0.9420876536815691,0.9263508767138261
1.1211813689851602,1.1095028913365959,0.5056205838950075,-0.7054689621240783,-0.010684955964216718,1.3432286241868452,1.2525469581130737,-0.2503763541555997,0.013748144200694123,0.903012303843842,0.4724412301671952,0.71861553137709,1.3649410675995357,-1.0417456802883354,-0.9167097129646509,-0.7302676345859415,-0.9187336304071891,0.795419627878664,0.790160880188992
1.1211813689851602,1.1095028913365959,0.6500836074779691,1.4970898470463363,-0.010684955964216718,0.5568750569635497,-0.6983308925851475,-0.40203167066989287,0.3726417573642265,0.6748255471492551,0.4023424134944405,0.7532391260849054,1.3546402632163974,0.14324845878496442,-0.8610119415032693,-0.7153133605248095,-0.8927223001750295,0.8508329010420997,0.8378043988612112
1.1211813689851602,1.1095028913365959,0.7945466310609306,-0.7054689621240783,-0.010684955964216718,1.1424331226775422,1.4687520933291445,-0.37170063629299027,0.13337934858853825,0.4298106651687298,0.18997808931835775,0.631340920416764,0.7942530271568422,0.32950058218398176,-0.738794735321681,-0.6709864405250436,-0.7256187689985851,0.7420381303286944,0.7359233092001881
1.1211813689851602,1.1095028913365959,0.9390096546438922,1.621156350432946,-0.010684955964216718,0.4152609072639534,-0.6983308925851475,-0.40203167066989287,0.013748144200694123,0.08184969163295774,0.027186989961160327,0.6216495190766071,0.6742756972769478,0.41369818995709984,-0.6466591807220983,-0.6714939448410542,-0.6930751335777362,0.8454187329614568,0.8304771959530122
1.1211813689851602,1.1095028913365959,1.0834726782268538,-0.7054689621240783,-0.010684955964216718,1.1004872187832015,1.5285493838175999,-0.4171972601732343,0.013748144200694123,0.026750407942424573,-0.1011122507472627,0.5918865427557717,0.42596468289914036,0.41369818995709984,-0.5702285145551282,-0.6640470343286737,-0.6181574401513812,0.7282081233643123,0.7213430790445404
1.1211813689851602,1.1095028913365959,1.2279357018098151,1.092216508017298,-0.010684955964216718,0.18260564359761625,0.2731722739172171,-0.4171972601732343,-0.04606745799322794,-0.1227220351705658,-0.19035407720045114,0.5781034247797846,0.3741738986636249,0.41369818995709984,-0.5222943882358844,-0.6712557899967033,-0.6135620935858053,0.8368228838346534,0.8225754390317092
1.1211813689851602,1.1095028913365959,1.3723987253927767,-0.7054689621240783,-0.010684955964216718,1.2770412918472775,1.3499919955205815,-0.40203167066989287,-0.3451454689628382,-0.16773594918521978,-0.255031958239689,0.5387453729479273,0.372768595599226,0.41369818995709984,-0.49680712353478584,-0.6817333123359769,-0.6359684443264132,0.6964622369384761,0.6901257809359771
1.1211813689851602,1.1095028913365959,1.5168617489757383,1.1875601325144254,-0.010684955964216718,0.15475779075630508,0.1871637015139497,-0.40203167066989287,-0.3451454689628382,-0.2912561413653266,-0.3047004605368356,0.5605968446651921,0.43625710241912596,0.41369818995709984,-0.4846503372396129,-0.7120039332703838,-0.6799474604391891,0.8341104894921615,0.8189590682124244
1.1211813689851602,1.1095028913365959,1.6613247725587,-0.7054689621240783,-0.010684955964216718,1.242648181846884,1.2696761872182902,-0.4171972601732343,-0.16569866238107206,-0.3216875085248923,-0.34349109785293863,0.5319829587662522,0.42931695118760493,0.41369818995709984,-0.46945531957797476,-0.7148839503447515,-0.6893173731699509,0.6945946306666846,0.6834751748006989
1.1211813689851602,1.2195807433487595,-1.6613247698494156,1.2749474960565574,-0.010684955964216718,0.1801081928637983,0.19358142417753085,-0.40203167066989287,-0.6442234799324486,-0.3725752456558092,-0.3764366383174876,0.5381051897826131,0.4563027947583762,0.41369818995709984,-0.4673354829840269,-0.7408157213235411,-0.722034377006384,0.8304395406053525,0.8193819924217849
1.1211813689851602,1.2195807433487595,-1.516861746266454,-0.7054689621240783,-0.010684955964216718,1.216554609711692,1.2266459085743366,-0.40203167066989287,-0.6442234799324486,-0.40462206468028483,-0.4064666879472419,0.5124509789169238,0.4488377510934938,0.41369818995709984,-0.47561310102828275,-0.7652187404288374,-0.7520808571112635,0.6606742205046324,0.649539195292041
1.1211813689851602,1.2195807433487595,-1.3723987226834924,-0.7054689621240783,-0.010684955964216718,1.2617748765993584,1.266392754827183,-0.4323627050467954,-0.46477667335068235,-0.4713532707223378,-0.4315613642030626,0.5496259294353725,0.4993255275950738,0.41369818995709984,-0.47916337488221045,-0.7980004212939248,-0.7893784711979478,0.6080419255862961,0.5968830821752548
1.1211813689851602,1.2195807433487595,-1.2279356991005308,-0.7054689621240783,-0.010684955964216718,1.2807335960046953,1.2822600927810675,-0.40203167066989287,-0.6442234799324486,-0.5940038614844807,-0.46109455942766187,0.6577759672071244,0.6205924494278593,0.41369818995709984,-0.4817144178499073,-0.8506072559228973,-0.8468529182008285,0.5776614168541021,0.5675736558270383
1.1211813689851602,1.2195807433487595,-1.0834726755175694,-0.7054689621240783,-0.010684955964216718,1.2607766951873318,1.260261263453825,-0.553686987184186,0.31282615517030443,-0.7088882426600375,-0.4931480203920461,0.7800049199699952,0.7496983798221394,0.41369818995709984,-0.4642803604893229,-0.8793940882742076,-0.8784129045737572,0.5590706789914002,0.548463792642261
1.1211813689851602,1.2195807433487595,-0.9390096519346078,1.6324036942336453,-0.010684955964216718,-0.017008406776422458,-0.015894917533002536,-0.4930249184303809,0.1931949507824603,-0.7714165981566538,-0.5001604427920752,0.8540360080856841,0.8255688140596873,0.41369818995709984,-0.46284244287255166,-0.9011877305889604,-0.901245741616702,0.7850222362392738,0.7739440726786144
1.1211813689851602,1.2195807433487595,-0.7945466283516462,-0.7054689621240783,-0.010684955964216718,1.2215421530602417,1.2189984708876178,-0.40203167066989287,0.013748144200694123,-0.794852356370783,-0.5144739430633102,0.7934453566777315,0.7685777376968438,0.41369818995709984,-0.44702438388074006,-0.8739294349757828,-0.8744694232507775,0.636463202832979,0.6253173586697025
1.1211813689851602,1.2195807433487595,-0.6500836047686848,1.4014383563170225,-0.010684955964216718,-0.007555273512496695,-0.0036398478080413472,-0.40203167066989287,0.3726417573642265,-0.684760816856543,-0.43439710425975714,1.3353625372186686,0.7927697448651229,0.41369818995709984,-0.47694074370783895,-0.9880974682188874,-0.8529544028767913,0.8089304766820933,0.7920929307558817
1.1211813689851602,1.2195807433487595,-0.5056205811857232,-0.7054689621240783,-0.010684955964216718,1.260993234120438,1.2857302934472306,-0.32620401241274627,0.3726417573642265,-0.49132935314130577,-0.2863937752878063,1.4854228350738767,0.8333415822022753,0.27996383741594094,-0.5416248366940027,-0.9966656642314998,-0.8327795203552701,0.6338474739910126,0.6283681913020517
1.1211813689851602,1.2195807433487595,-0.3611575576027617,-0.7054689621240783,-0.010684955964216718,-0.6991224441542135,-0.6983308925851475,-0.09872103764130656,0.013748144200694123,-0.15937439708941228,-0.08037351964572734,1.6800802869367364,0.935982369027569,-0.24235217971221407,-0.6253898720440173,-1.0028039063444347,-0.815253707223874,-1.2740310493992413,-1.2860490588430924
1.1211813689851602,1.2195807433487595,-0.21669453401980013,1.1243982173789964,-0.010684955964216718,0.10497748723899292,0.17460788455819554,-0.2503763541555997,0.013748144200694123,0.20755124552381887,0.07999259144994633,1.7059765910367124,0.9231593978080871,-0.6809806861532637,-0.6879398916281464,-0.9799524434608714,-0.7790667345495252,0.8757821407205596,0.856273728577742
1.1211813689851602,1.2195807433487595,-0.0722315104368386,-0.7054689621240783,-0.010684955964216718,-0.6991224441542135,2.7098845063723975,0.02260324449608401,-0.3451454689628382,0.5046432118053686,0.29442690706114233,1.6170184091689357,1.1141171097348528,-0.9127390853723542,-0.7730443934474841,-0.9240619978207631,-0.7976301576481922,0.5000305594507063,0.5284013254607215
1.1211813689851602,1.2195807433487595,0.07223151314612293,-0.7054689621240783,-0.010684955964216718,-0.6991224441542135,-0.6983308925851475,-0.09872103764130656,0.013748144200694123,0.7179858722953104,0.4241503696297967,1.3407133091609824,1.3093192393895343,-0.8859975966223693,-0.8102608575974862,-0.814274765928622,-0.8154968564267306,-1.2740310493992413,-1.2860490588430924
1.1211813689851602,1.2195807433487595,0.21669453672908448,0.9932190352190583,-0.010684955964216718,0.46720260570482147,0.00359993824802096,-0.09872103764130656,0.013748144200694123,0.8613798014967325,0.5045462115457504,0.9623914841301934,1.5180755003306166,-0.6830608527104441,-0.8233717513363097,-0.6744163435814897,-0.8427182981996674,0.9071145436180773,0.8846366980834022
1.1211813689851602,1.2195807433487595,0.361157560312046,-0.7054689621240783,-0.010684955964216718,1.42424172555706,1.1363108522236451,-0.14421766152155058,-0.04606745799322794,0.8695306424797258,0.5461549449410922,0.927852281077992,1.6860377250609988,-0.3541886259256193,-0.8341704909210969,-0.655155705004214,-0.8804395813519353,0.7112495383754738,0.7069655000725447
1.1211813689851602,1.2195807433487595,0.5056205838950075,1.674860349389953,-0.010684955964216718,0.31814372134585744,-0.6983308925851475,-0.09872103764130656,0.013748144200694123,0.7792365826316873,0.5505645277868432,1.0498894346235583,1.847728072153133,0.4030855966836557,-0.8110783882042358,-0.6683034874411234,-0.9029508199839716,0.8568328224536738,0.8407865882715954
1.1211813689851602,1.2195807433487595,0.6500836074779691,-0.7054689621240783,-0.010684955964216718,1.2122969917764859,1.3653566731786362,-0.2503763541555997,0.3726417573642265,0.6270850982272002,0.4809724461466187,1.0540689526788658,1.7285070569296157,0.41369818995709984,-0.7485363315805621,-0.6461034544299129,-0.8491448486548503,0.695355353953874,0.6901792611775678
1.1211813689851602,1.2195807433487595,0.7945466310609306,1.6986658007980846,-0.010684955964216718,0.3039695663182801,-0.6983308925851475,-0.23521076465225826,0.13337934858853825,0.31529954367872975,0.3351477955109088,1.0101895539644161,1.559024656509642,0.41369818995709984,-0.6536390775139634,-0.6245262382880753,-0.7939967890785886,0.8294680253235349,0.8137819349402815
1.1211813689851602,1.2195807433487595,0.9390096546438922,-0.7054689621240783,-0.010684955964216718,1.152703585297956,1.4428248417316174,-0.2503763541555997,0.3726417573642265,0.16652880201761955,0.1421417376402204,0.8736378880942081,1.0018949397849255,0.41369818995709984,-0.5273832025705192,-0.5675409687971074,-0.6139671255467136,0.6984608906672183,0.6931114537337446
1.1211813689851602,1.2195807433487595,1.0834726782268538,1.7290503679407785,-0.010684955964216718,0.29737952974875925,-0.6983308925851475,-0.2503763541555997,0.7315353705277589,-0.010831758569475694,0.006361450490542485,0.8431341405740942,0.8542878088441295,0.41369818995709984,-0.425743975318388,-0.5330777899523937,-0.5425168004320404,0.8344879709718672,0.8187162556212945
1.1211813689851602,1.2195807433487595,1.2279357018098151,-0.7054689621240783,-0.010684955964216718,1.1171045846953334,1.5096883034345918,-0.2958729780358437,0.5520885639459927,-0.08187484979629463,-0.09654810665899899,0.7563513880510337,0.5590022756257392,0.41369818995709984,-0.33799987275901655,-0.48427347282468725,-0.42351628655407864,0.7084485789933943,0.7021209278429368
1.1211813689851602,1.2195807433487595,1.3723987253927767,1.148146975471644,-0.010684955964216718,0.1442847170710554,0.2293091890366785,-0.35653504678964887,0.7913509727216809,-0.1904666613266306,-0.18060401525838168,0.7185720568878343,0.5136091419757627,0.41369818995709984,-0.2628162544597213,-0.4554928793988387,-0.3909678835018011,0.8229950369931881,0.8083482604326158
1.1211813689851602,1.2195807433487595,1.5168617489757383,-0.7054689621240783,-0.010684955964216718,1.2787811716631854,1.347567361808379,-0.40203167066989287,1.0904289836912913,-0.22583602669189634,-0.25006482570633504,0.6360796397456349,0.4729962188091619,0.41369818995709984,-0.18968539084508332,-0.4037009775163893,-0.35158681448083495,0.6856740430613933,0.6794557555706524
1.1211813689851602,1.2195807433487595,1.6613247725587,1.2228911914331173,-0.010684955964216718,0.13429964435519623,0.1651475788279059,-0.40203167066989287,1.0904289836912913,-0.3353516224977771,-0.3041330302218574,0.6266226596710724,0.5052360176314387,0.41369818995709984,-0.12099062010957316,-0.3734951123255683,-0.33520631644489124,0.8298827689235548,0.814517339488438
1.1211813689851602,1.3296585953609235,-1.6613247698494156,-0.7054689621240783,-0.010684955964216718,1.2417130700270242,1.2673031191577868,-0.40203167066989287,1.0904289836912913,-0.35687425759238567,-0.3410138834181457,0.5940687916282145,0.49364813675435504,0.41369818995709984,-0.07845055494241931,-0.3478832476282147,-0.31626798414752366,0.6883063328457217,0.677183972281321
1.1211813689851602,1.3296585953609235,-1.516861746266454,-0.7054689621240783,-0.010684955964216718,-0.6991224441542135,2.453224859699677,-0.40203167066989287,1.0904289836912913,-0.42407772409680977,-0.3762799597976802,0.559808336771829,0.5653395551965784,0.41369818995709984,-0.027359959359039735,-0.31671551223947797,-0.32199694344050006,0.3432587387148488,0.3319788482604262
1.1211813689851602,1.3296585953609235,-1.3723987226834924,-0.7054689621240783,-0.010684955964216718,1.5400534744053012,0.4539062148338131,-0.4171972601732343,1.0904289836912913,-0.5457965034933958,-0.4086425432470899,0.40749162768015357,0.8399932941413422,0.41369818995709984,0.0106851352819831,-0.2533422284817439,-0.40735856693216044,0.535269544643204,0.4956869903979005
1.1211813689851602,1.3296585953609235,-1.2279356991005308,1.4530488290133163,-0.010684955964216718,0.18688980331952582,-0.036587102592499254,-0.40203167066989287,1.0904289836912913,-0.6279510940692915,-0.4322141913689268,0.3936761169474662,0.8677287444779682,0.41369818995709984,0.038973431648710165,-0.24114297785038366,-0.40986720790566233,0.8198824798803643,0.8088201569704826
1.1211813689851602,1.3296585953609235,-1.0834726755175694,-0.7054689621240783,-0.010684955964216718,1.3204283359226292,1.1266427117630322,-0.40203167066989287,1.0904289836912913,-0.6663934970608084,-0.4553158039313416,0.37966369235167946,0.7967919637194912,0.41369818995709984,0.07688170815100011,-0.22330029643581487,-0.37344185365988547,0.6645754024923205,0.6534422284024572
1.1211813689851602,1.3296585953609235,-0.9390096519346078,1.3792258794284615,-0.010684955964216718,0.14540845952948717,0.0599098919238644,-0.40203167066989287,1.0904289836912913,-0.6859956508700519,-0.4768527485729768,0.4006090193223009,0.7277141071219763,0.41369818995709984,0.1100529883896827,-0.2211263536154305,-0.34016551997267425,0.8137716721590628,0.802706607207653
1.1211813689851602,1.3296585953609235,-0.7945466283516462,-0.7054689621240783,-0.010684955964216718,1.2759737338838677,1.1911756575489783,-0.40203167066989287,1.0904289836912913,-0.6773049880837534,-0.4974037477543826,0.39213831344516664,0.6382945725159194,0.41369818995709984,0.14200810739518402,-0.2093429596364011,-0.3001828625496313,0.6771260766592452,0.6659986104884084
1.1211813689851602,1.3296585953609235,-0.6500836047686848,1.3096981661284408,-0.010684955964216718,0.09373233662963477,0.05557130262527911,-0.40203167066989287,1.0904289836912913,-0.6200691606016995,-0.4495243447712531,0.7412998379179393,0.6259855934077003,0.41369818995709984,0.12844839224887702,-0.32360522216751453,-0.2870447873061491,0.8284183855962273,0.8126098775383716
1.1211813689851602,1.3296585953609235,-0.5056205811857232,-0.7054689621240783,-0.010684955964216718,1.294190965117297,1.270531003184259,-0.22004531977869715,1.0904289836912913,-0.4480874192467953,-0.2843760100259622,1.1993905312052031,0.7290707779800892,0.41369818995709984,0.04731427077294491,-0.44673794589309485,-0.2926279004195154,0.6658203533333528,0.6610524053092642
1.1211813689851602,1.3296585953609235,-0.3611575576027617,1.8088271921068333,-0.010684955964216718,-0.6991224441542135,0.08035845024073061,-0.09872103764130656,0.7315353705277589,0.06659487598936652,-0.07558917871881538,1.4526558567895693,0.9709556332376383,-0.4415111633242879,-0.07009740942475357,-0.5112705941099137,-0.3599373209279624,0.8384370356842104,0.8202128827652717
1.1211813689851602,1.3296585953609235,-0.21669453401980013,-0.7054689621240783,-0.010684955964216718,1.3786501890035052,1.1374232868316383,0.05293427887298657,0.3726417573642265,0.039373006986255586,0.02330813795727949,1.2712129447785097,0.9877111052757542,0.0793681583414275,-0.1256470215612991,-0.44617493665401065,-0.3582118717718617,0.6594017280964114,0.6542722991253833
1.1211813689851602,1.3296585953609235,-0.0722315104368386,2.2901997281481883,-0.010684955964216718,-0.6991224441542135,-0.6983308925851475,0.06809986837632802,0.3726417573642265,0.7100109583684131,0.1545108715958273,1.399923858645308,1.0816894899779548,-1.007872191913732,-0.19185517691825116,-0.47375744125583935,-0.37605538252481574,0.9351133368242884,0.9125970289885811
1.1211813689851602,1.3296585953609235,0.07223151314612293,-0.7054689621240783,-0.010684955964216718,1.2693465913709552,1.255710909116098,-0.09872103764130656,0.7315353705277589,0.5763732881523791,0.226660624208043,1.2243448880379724,1.0402431114139719,-0.2216815482542479,-0.22742909949796264,-0.4092475973872601,-0.3540139722990123,0.7030948943544209,0.7001210536746428
1.1211813689851602,1.3296585953609235,0.21669453672908448,2.312691186383515,-0.010684955964216718,-0.6991224441542135,-0.6983308925851475,0.05293427887298657,0.3726417573642265,0.49250357601059147,0.2829893751152011,1.1742537520057532,1.0509053033989932,0.41369818995709984,-0.2346599501950875,-0.372310361893915,-0.33690359323345953,0.8909514238933396,0.8727997379446724
1.1211813689851602,1.3296585953609235,0.361157560312046,-0.7054689621240783,-0.010684955964216718,1.2037918470408204,1.2092563358129815,-0.09872103764130656,0.7315353705277589,0.46994879092527647,0.28775254326916616,1.0521339116865043,0.9765256978300021,0.41369818995709984,-0.217042503442198,-0.31646939738677937,-0.29605972820600257,0.7368682361478895,0.7257682104521711
1.1211813689851602,1.3296585953609235,0.5056205838950075,1.58517026842934,-0.010684955964216718,0.49703946325109927,-0.6983308925851475,-0.09872103764130656,0.7315353705277589,0.40993759707158217,0.2549453315878706,0.9847169130244418,0.9104009900348813,0.41369818995709984,-0.1641677221131553,-0.27216313038164547,-0.25113303699154016,0.8120664351265153,0.8010005670103973
1.1211813689851602,1.3296585953609235,0.6500836074779691,-0.7054689621240783,-0.010684955964216718,1.0472822364112326,1.4644928962686932,-0.09872103764130656,0.7315353705277589,0.3293088225221295,0.18605548025038657,0.9416311368491501,0.7799954058519268,0.41369818995709984,-0.0950115822748986,-0.24251704739949748,-0.18868443343503222,0.7194916673746559,0.7083834436426875
1.1211813689851602,1.3296585953609235,0.7945466310609306,1.648312089731433,-0.010684955964216718,0.3627588354966834,-0.6983308925851475,-0.22004531977869715,0.7913509727216809,0.13103167213632985,0.04914739006173457,0.8666078074492723,0.6523350258651788,0.41369818995709984,0.012048973236336361,-0.2144171422550637,-0.13949201235512315,0.8152922186822263,0.8006059197103836
1.1211813689851602,1.3296585953609235,0.9390096546438922,-0.7054689621240783,-0.010684955964216718,1.0754614148433934,1.5532688253131377,-0.2503763541555997,1.0904289836912913,0.04790847936565589,-0.0859306667852029,0.7468841786848817,0.38680150257164797,0.41369818995709984,0.1232415813184038,-0.16427081074699526,-0.029862061339481643,0.720834363777672,0.7139685430489566
1.1211813689851602,1.3296585953609235,1.0834726782268538,1.130432287884315,-0.010684955964216718,0.18862758081569478,0.3048655505720975,-0.2503763541555997,1.0904289836912913,-0.048056719575843065,-0.16719106359649027,0.7219298218521124,0.3824606589174756,0.41369818995709984,0.1943831526301953,-0.14995333735368505,-0.022689593276248147,0.8136818470477737,0.802616858756248
1.1211813689851602,1.3296585953609235,1.2279357018098151,-0.7054689621240783,-0.010684955964216718,1.2110646119455468,1.3103841249875579,-0.31103842290940487,1.0904289836912913,-0.12673290447988275,-0.24053213756652092,0.664494054458578,0.3838550616597759,0.41369818995709984,0.26351661009624583,-0.12571468166400224,-0.020040740596642653,0.6971595966201068,0.6860414067764892
1.1211813689851602,1.3296585953609235,1.3723987253927767,1.2318982522260589,-0.010684955964216718,0.18671446985330215,0.23258151175485872,-0.2503763541555997,1.0904289836912913,-0.21029758720121533,-0.28532031569939603,0.6528752840947519,0.43378943719327523,0.41369818995709984,0.31209839053252514,-0.11653442555005454,-0.03467216802986236,0.8251252782096102,0.8140653187491699
1.1211813689851602,1.3296585953609235,1.5168617489757383,-0.7054689621240783,-0.010684955964216718,1.2378170510869078,1.2788823329783157,-0.40203167066989287,1.0904289836912913,-0.2698619397109097,-0.3299257022258292,0.6140798433003214,0.4471138232292909,0.41369818995709984,0.3515261446707957,-0.10750454905327148,-0.0454957749252969,0.6898155387235723,0.6786939182594109
1.1211813689851602,1.3296585953609235,1.6613247725587,1.2779560093709714,-0.010684955964216718,0.17523937802250258,0.19601727237089536,-0.37170063629299027,1.0904289836912913,-0.3365429764403878,-0.3653964487438508,0.6101142879274293,0.48392672641507084,0.41369818995709984,0.38000024344814765,-0.11432261890617808,-0.0683494161781118,0.82643881295325,0.8153795803183745
1.1211813689851602,1.4397364473730871,-1.6613247698494156,-0.7054689621240783,-0.010684955964216718,1.2475043302117528,1.264954576224311,-0.40203167066989287,1.0904289836912913,-0.3765332699558806,-0.39715066785058484,0.5789132436972927,0.48394936554558327,0.41369818995709984,0.3992754337867426,-0.11490133302659707,-0.0808083206535433,0.6875400292409972,0.6764174221518551
1.1211813689851602,1.4397364473730871,-1.516861746266454,1.8515601374715132,-0.010684955964216718,-0.6991224441542135,0.23386929054027544,-0.2503763541555997,1.0904289836912913,-0.4160479583881639,-0.41518351856950025,0.5568682678807918,0.5107616424490928,0.41369818995709984,0.4185626892169365,-0.10674340014693601,-0.09122191124612146,0.8163404183275894,0.8052765274759668
1.1211813689851602,1.4397364473730871,-1.3723987226834924,-0.7054689621240783,-0.010684955964216718,1.3673617831655194,1.0523028594131207,-0.40203167066989287,1.0904289836912913,-0.42006618586332517,-0.43925554989198345,0.4476330727595791,0.500688906343709,0.41369818995709984,0.4398971493896522,-0.06825654465010467,-0.0900475569410587,0.6815816901955711,0.6704563218133298
1.1211813689851602,1.4397364473730871,-1.2279356991005308,1.2084708160575641,-0.010684955964216718,0.2130810282065893,0.15038895478966652,-0.40203167066989287,1.0904289836912913,-0.45188289497412426,-0.46882826762608365,0.3848848932671919,0.47837930095321957,0.41369818995709984,0.45837893930469553,-0.05532368243858504,-0.09238608015676866,0.8089749392121302,0.7979077288243084
1.1211813689851602,1.4397364473730871,-1.0834726755175694,-0.7054689621240783,-0.010684955964216718,1.2611765564016695,1.205501056747182,-0.40203167066989287,1.0904289836912913,-0.47299146600894837,-0.4938961250361716,0.344563583143983,0.43522241030607817,0.41369818995709984,0.47662087519875035,-0.05037987184853728,-0.08615803653742952,0.6845167572087334,0.6733926124723105
1.1211813689851602,1.4397364473730871,-0.9390096519346078,1.2652389451891117,-0.010684955964216718,0.17490369011819487,0.15106182365939677,-0.3868660811665514,1.0904289836912913,-0.5157691665310996,-0.5160675471071171,0.34454056723790644,0.4173165350434066,0.41369818995709984,0.49349269929082035,-0.059985665706049573,-0.0888103565853467,0.8147761293153613,0.8037116669203048
1.1211813689851602,1.4397364473730871,-0.7945466283516462,-0.7054689621240783,-0.010684955964216718,1.2523186424138177,1.2266119507061448,-0.40203167066989287,1.0904289836912913,-0.5342127436819479,-0.5328003895670899,0.33566665678394975,0.3899659499254912,0.41369818995709984,0.5059313261257464,-0.06566265760553523,-0.0872842811071677,0.6874795457993277,0.6763567702303577
1.1211813689851602,1.4397364473730871,-0.6500836047686848,1.2919800697658137,-0.010684955964216718,0.16211170520295273,0.15035442047618117,-0.40203167066989287,1.0904289836912913,-0.5483832332497549,-0.5205124179077797,0.38125605207579,0.4187226765941207,0.41369818995709984,0.4961610149488597,-0.09035955161361672,-0.10576101999804263,0.8221705900799539,0.8111093571967306
1.1211813689851602,1.4397364473730871,-0.5056205811857232,-0.7054689621240783,-0.010684955964216718,1.245946511285233,1.23127214407432,-0.2503763541555997,1.0904289836912913,-0.5075694940838669,-0.45792499531750375,0.44265481751931907,0.45973471924679177,0.41369818995709984,0.4629043138616561,-0.10322765808155043,-0.11120890574725335,0.6857420869332717,0.6746185599260915
1.1211813689851602,1.4397364473730871,-0.3611575576027617,1.2987829088054672,-0.010684955964216718,0.14821064150945762,0.14213714041489472,-0.09872103764130656,1.0904289836912913,-0.45017981404325014,-0.3541127722813241,0.5714756962707055,0.5658225233141762,0.41369818995709984,0.4053625138002803,-0.1260558863461526,-0.1262640022460567,0.8143347441993677,0.8032698914380465
1.1211813689851602,1.4397364473730871,-0.21669453401980013,-0.7054689621240783,-0.010684955964216718,1.29380518944521,1.285656718066148,0.05293427887298657,1.0904289836912913,-0.32865301588278384,-0.186142106902205,0.7672285347746156,0.7336069889457203,0.41369818995709984,0.32137934159415554,-0.1501196369875452,-0.1411578661183668,0.6687894422824543,0.6629479827611994
1.1211813689851602,1.4397364473730871,-0.0722315104368386,1.252981348035591,-0.010684955964216718,0.08692287043736693,0.08515803856166924,0.14392752663347458,1.0904289836912913,-0.1250840064065895,-0.03235296484295154,0.9937621641125238,0.9503297083682186,0.41369818995709984,0.25679683667925546,-0.17657461716368025,-0.16563076837273716,0.8000998941983342,0.7845038590785147
1.1211813689851602,1.4397364473730871,0.07223151314612293,-0.7054689621240783,-0.010684955964216718,1.2615650650894168,1.2575725129890183,0.35624491190157287,0.3726417573642265,0.11122282075927803,0.22339789989691836,1.241387740267171,1.202468412775251,0.41369818995709984,0.10103746934323073,-0.24130583531847183,-0.23417413857910396,0.6443528717762413,0.6393131993655168
1.1211813689851602,1.4397364473730871,0.21669453672908448,2.2783583603994884,-0.010684955964216718,-0.6991224441542135,-0.6983308925851475,0.35624491190157287,0.013748144200694123,0.6847630845840804,0.38659269345830427,1.348372491238677,1.3918313237303659,-0.44693971946901073,-0.008695745259019222,-0.28085976220462594,-0.3037787401993649,0.9384323656859067,0.9143633112970537
1.1211813689851602,1.4397364473730871,0.361157560312046,-0.7054689621240783,-0.010684955964216718,1.2110044856010145,1.1960245057404424,0.03776868936964514,1.030613381497369,0.8351064669633701,0.5035165090214304,1.3764254709821218,1.7207971752606732,-0.2777056516047215,-0.067271764972263,-0.2710850870889245,-0.3975606509254253,0.6840269493373556,0.6813269493109045
1.1211813689851602,1.4397364473730871,0.5056205838950075,1.6023418842889137,-0.010684955964216718,0.33321861526556346,-0.6983308925851475,0.05293427887298657,1.0904289836912913,0.9434032829357659,0.547068902973302,1.4295342480332658,1.8966520716767277,0.389701397913046,-0.06927746579968415,-0.26163956907517133,-0.4295661941264051,0.7987735787274368,0.7837004260238138
1.1211813689851602,1.4397364473730871,0.6500836074779691,-0.7054689621240783,-0.010684955964216718,1.126456333589851,1.4230783413779735,0.05293427887298657,1.0904289836912913,0.8391494446327349,0.5282695978737071,1.4134128844880949,1.8660380978197666,0.41369818995709984,-0.0480482132257119,-0.24654674784171612,-0.4104440913085184,0.6729302179036609,0.6668458932431107
1.1211813689851602,1.4397364473730871,0.7945466310609306,1.6437256722724505,-0.010684955964216718,0.28368270641789756,-0.6983308925851475,-0.12905207201820915,1.0904289836912913,0.4477565627388357,0.34158925880046853,1.2588840910901737,1.396930997499861,0.41369818995709984,0.08043656673973547,-0.19033833213841853,-0.24691129936154796,0.780454836342005,0.7647333817217518
1.1211813689851602,1.4397364473730871,0.9390096546438922,-0.7054689621240783,-0.010684955964216718,1.102087714800421,1.4632488225173386,-0.2503763541555997,1.0904289836912913,0.30227492121013233,0.1536823104145034,1.0774070814404821,0.9787720026686205,0.41369818995709984,0.21621903800976627,-0.12743813103897494,-0.09538427019377611,0.6795106723491171,0.6736807090994233
1.1211813689851602,1.4397364473730871,1.0834726782268538,1.7037868577511905,-0.010684955964216718,0.2975430902244451,-0.6983308925851475,-0.2503763541555997,1.0904289836912913,0.11939573623980411,0.029779948888063196,1.033988853288529,0.8855532865680582,0.41369818995709984,0.3054350817442182,-0.11310366195216542,-0.06131997705773518,0.8069806057292215,0.7914843624895054
1.1211813689851602,1.4397364473730871,1.2279357018098151,-0.7054689621240783,-0.010684955964216718,1.0886122657380646,1.523850201785945,-0.2503763541555997,1.0904289836912913,0.050342694411787375,-0.05712722646817514,0.9452267328428858,0.6436927474136519,0.41369818995709984,0.3690359708066219,-0.08399197520612178,0.02978577546326524,0.6973660683689016,0.690737012969176
1.1211813689851602,1.4397364473730871,1.3723987253927767,1.1251526331752342,-0.010684955964216718,0.13409451050667376,0.23699079420805977,-0.2503763541555997,1.0904289836912913,-0.06565812119960171,-0.12160608344171168,0.9201368378965548,0.6416401329138617,0.41369818995709984,0.4163615339056112,-0.07553694039326421,0.029605905732096743,0.8021577712970445,0.7875907550155381
1.1211813689851602,1.4397364473730871,1.5168617489757383,-0.7054689621240783,-0.010684955964216718,1.262711670275009,1.3486791675669614,-0.2503763541555997,1.0904289836912913,-0.10348110041186123,-0.17637157794628683,0.8386196132192282,0.6236520859922934,0.41369818995709984,0.4611061326097381,-0.041816839084582925,0.03981188764701294,0.6751654050917895,0.6688416693086008
1.1211813689851602,1.4397364473730871,1.6613247725587,1.2542946235714911,-0.010684955964216718,0.17314389082276102,0.21230101344307234,-0.2503763541555997,1.0904289836912913,-0.168738666512549,-0.2134874489222863,0.8352601433730185,0.6569685012433817,0.41369818995709984,0.48871444041394435,-0.04024441473285712,0.026748794243270854,0.8107919626056205,0.79972564722811
1.1211813689851602,1.5498142993852508,-1.6613247698494156,-0.7054689621240783,-0.010684955964216718,1.2398111013592479,1.2739152610975906,-0.2503763541555997,1.0904289836912913,-0.2314074960843748,-0.25528320847865943,0.7865167165077258,0.6457638086123781,0.41369818995709984,0.5208032406343628,-0.024037837736796287,0.028732995759630824,0.6816052715374125,0.6704798859044522
1.1211813689851602,1.5498142993852508,-1.516861746266454,-0.7054689621240783,-0.010684955964216718,-0.6991224441542135,1.3135317259058972,-0.2503763541555997,1.0904289836912913,-0.31292393300431837,-0.29347606783856034,0.7317763674480445,0.6779013121041916,0.41369818995709984,0.551405138966118,-0.008833791521833043,0.009927940431743507,-0.25584883210813486,-0.2674020863450173
1.1211813689851602,1.5498142993852508,-1.3723987226834924,-0.7054689621240783,-0.010684955964216718,1.243923869464444,0.562253404862713,-0.40203167066989287,1.0904289836912913,-0.4396255285258381,-0.3421960299076836,0.5276823940938016,0.766805177626355,0.41369818995709984,0.5788199227010761,0.05138625325338014,-0.04449132166750655,0.4676414964264016,0.4432536091685052
1.1211813689851602,1.5498142993852508,-1.2279356991005308,1.3037496738240275,-0.010684955964216718,0.12430321911274705,-0.013588035873002977,-0.40203167066989287,1.0904289836912913,-0.6081957566256528,-0.3818293435870752,0.4383201552082365,0.724366031265088,0.41369818995709984,0.6045537978744585,0.06712555624589077,-0.04714905947841073,0.8253090686677788,0.8094055709560171
1.1211813689851602,1.5498142993852508,-1.0834726755175694,-0.7054689621240783,-0.010684955964216718,1.2729100233283788,1.152457399315997,-0.40203167066989287,1.0904289836912913,-0.6316047578730756,-0.40770600092373654,0.4052624945545919,0.6566934777319718,0.41369818995709984,0.6178654547374897,0.06451338269565753,-0.036045462591807874,0.6779260421794226,0.6667989699660063
1.1211813689851602,1.5498142993852508,-0.9390096519346078,1.3325484428161993,-0.010684955964216718,0.14480215051679043,0.0919238817783359,-0.40203167066989287,1.0904289836912913,-0.6488750420338402,-0.43221066257343566,0.4172964036687616,0.6132766563270956,0.41369818995709984,0.6292375274750622,0.04248223094263616,-0.03590720128037956,0.8177832004257493,0.8067198792834936
1.1211813689851602,1.5498142993852508,-0.7945466283516462,-0.7054689621240783,-0.010684955964216718,1.2536384787458947,1.1999726319589374,-0.40203167066989287,1.0904289836912913,-0.6417817701599248,-0.4538852302392261,0.40416540303160997,0.5507800788181645,0.41369818995709984,0.6389219351997639,0.03231020081562841,-0.026465123946630777,0.6816536942927968,0.6705284484226781
1.1211813689851602,1.5498142993852508,-0.6500836047686848,1.328643780416837,-0.010684955964216718,0.14127104172535232,0.11587303514956185,-0.40203167066989287,1.0904289836912913,-0.6335934694235423,-0.4479963763235817,0.44443897646073416,0.5497076548209293,0.41369818995709984,0.6330018360539565,0.007437110947092205,-0.0350379753867448,0.8217961687743802,0.8107347906004558
1.1211813689851602,1.5498142993852508,-0.5056205811857232,-0.7054689621240783,-0.010684955964216718,1.2421989161186824,1.213941473541125,-0.2655419436589411,1.0904289836912913,-0.5732016577184469,-0.39256041067568653,0.5039308314637733,0.56978520964016,0.41369818995709984,0.5888223662403278,-0.02044679829514802,-0.04766721433048769,0.6803432197232891,0.6692172604305764
1.1211813689851602,1.5498142993852508,-0.3611575576027617,1.2767661673827078,-0.010684955964216718,0.09304829434459247,0.08048830764409443,-0.2503763541555997,1.0904289836912913,-0.4596765304515845,-0.26347283705453883,0.700220707776136,0.7114893969214287,0.41369818995709984,0.49205840120152883,-0.09564413661509337,-0.10295916969168419,0.8248073801203588,0.8092287378200296
1.1211813689851602,1.5498142993852508,-0.21669453401980013,-0.7054689621240783,-0.010684955964216718,1.2890352361896358,1.274636551371965,-0.09872103764130656,1.0904289836912913,-0.3153407560220906,-0.11494018875891429,0.8712987900840585,0.8458844989924557,0.41369818995709984,0.38946989254238673,-0.1504472881419683,-0.14524415967368393,0.6641439179396956,0.6584499051236595
1.1211813689851602,1.5498142993852508,-0.0722315104368386,1.2664284283589229,-0.010684955964216718,0.0801881942698102,0.07557065284624753,-0.09872103764130656,1.0904289836912913,-0.12796104925171495,0.015099453885747835,1.0384138743419864,1.0019695650669849,0.41369818995709984,0.3075691551462529,-0.19668740690488892,-0.18881987750970727,0.8031078653599375,0.7874815405758147
1.1211813689851602,1.5498142993852508,0.07223151314612293,-0.7054689621240783,-0.010684955964216718,1.277435266566346,1.2707425062028128,0.05293427887298657,0.7315353705277589,-0.036596041811245456,0.13245025370330415,1.1177889148722626,1.0884728442685196,0.41369818995709984,0.2387527682874246,-0.20877500228401963,-0.2041127054483803,0.6504663796511889,0.644734579564771
1.1211813689851602,1.5498142993852508,0.21669453672908448,1.8120755755566977,-0.010684955964216718,0.12505033098995616,-0.6983308925851475,0.05293427887298657,0.7315353705277589,0.0829634503721193,0.21306135214421845,1.2448580274389343,1.1501166811948171,0.41369818995709984,0.19391309666149747,-0.241363491595153,-0.21402287750420615,0.8253033083400008,0.8079452120218541
1.1211813689851602,1.5498142993852508,0.361157560312046,-0.7054689621240783,-0.010684955964216718,1.1256292810045705,1.4213737402413238,-0.007727789880818559,0.851166574915603,0.12102189089139676,0.25094932357368327,1.2532230306363097,1.0982613335130256,0.41369818995709984,0.176960195153882,-0.23482789447091187,-0.1853544595927007,0.669595888171382,0.664220033871524
1.1211813689851602,1.5498142993852508,0.5056205838950075,1.7460029251351425,-0.010684955964216718,0.17512900623621072,-0.6983308925851475,0.35624491190157287,0.013748144200694123,0.4961886792502558,0.38556863700677024,1.4363205305619833,1.4691305386491402,0.21321950562708475,0.09150122094336505,-0.2926147583160363,-0.31227617637869987,0.8118286415954274,0.7952947784765539
1.1211813689851602,1.5498142993852508,0.6500836074779691,-0.7054689621240783,-0.010684955964216718,1.0789989882680286,1.4391464919104255,-0.09872103764130656,0.7315353705277589,0.3259066742053873,0.2764695725657377,1.2644079085485445,1.1850337668217632,0.41369818995709984,0.1617601101537722,-0.23880338080222138,-0.21713375701134327,0.6581270755652735,0.6521562437425994
1.1211813689851602,1.5498142993852508,0.7945466310609306,1.7268285640833212,-0.010684955964216718,0.224833100662988,-0.6983308925851475,-0.08355544813796513,0.910982177109525,0.2276925522122,0.21610529113489133,1.2446244586143056,1.5637771969446137,0.41369818995709984,0.20631166739231474,-0.23099525801914073,-0.35009888005408446,0.8005765613219682,0.7848329367336664
1.1211813689851602,1.5498142993852508,0.9390096546438922,-0.7054689621240783,-0.010684955964216718,1.0888214465520845,1.4764636736557817,-0.2503763541555997,1.0904289836912913,0.09479604997393842,0.05168177098348421,1.0314059571621614,1.045312599676117,0.41369818995709984,0.3227344926825575,-0.15790301920413957,-0.16836673868117366,0.6837556739010578,0.6781716150570564
1.1211813689851602,1.5498142993852508,1.0834726782268538,1.7385299926355728,-0.010684955964216718,0.2560170195819615,-0.6983308925851475,-0.40203167066989287,1.0904289836912913,-0.05689320783069244,-0.06941449236838716,0.9705016074787951,0.8840775506531763,0.41369818995709984,0.41154804496126607,-0.13852491671989406,-0.11075511391946198,0.8192042012844983,0.8034403725146879
1.1211813689851602,1.5498142993852508,1.2279357018098151,-0.7054689621240783,-0.010684955964216718,1.0990290498123054,1.527605690468215,-0.34136960191608773,1.0904289836912913,-0.11245471812108185,-0.15367577686535527,0.8530599631798456,0.5846255789341906,0.41369818995709984,0.47000100074019985,-0.10335179118470351,-0.0030183460019987955,0.7073771580266759,0.7010630026041149
1.1211813689851602,1.5498142993852508,1.3723987253927767,1.191190119388451,-0.010684955964216718,0.16419783707985625,0.2655073332552263,-0.2503763541555997,1.0904289836912913,-0.16127213495307674,-0.20306973887328975,0.8296945563073237,0.5633892360272515,0.41369818995709984,0.5061528412075044,-0.09784497135557155,0.0020713172585112767,0.8110391166693477,0.799972762827184
1.1211813689851602,1.5498142993852508,1.5168617489757383,-0.7054689621240783,-0.010684955964216718,1.2153520828210451,1.2999391458879357,-0.2503763541555997,1.0904289836912913,-0.20085104010545585,-0.24696654326509834,0.7802009813921288,0.5531680878440642,0.41369818995709984,0.5392898565860458,-0.0819230184417837,0.003412321953054252,0.6898832225749644,0.678761536955675
1.1211813689851602,1.5498142993852508,1.6613247725587,1.264579257464316,-0.010684955964216718,0.16606007190456765,0.20462244771051072,-0.37170063629299027,1.0904289836912913,-0.26864449772576016,-0.29105037381793836,0.7519203999108159,0.5711678735740464,0.41369818995709984,0.5712884099213036,-0.07561546479993816,-0.008207912811989203,0.8169796347007106,0.8059160364185124
1.1211813689851602,1.6598921513974148,-1.6613247698494156,-0.7054689621240783,-0.010684955964216718,1.2391141823658047,1.272744553110848,-0.40203167066989287,1.0904289836912913,-0.3073966126069058,-0.32608990152694045,0.7182472768798652,0.5774942528227871,0.41369818995709984,0.5971501750656356,-0.06518570251075124,-0.013061578316785425,0.6855296748464559,0.6744060732957103
1.1211813689851602,1.6598921513974148,-1.516861746266454,-0.7054689621240783,-0.010684955964216718,-0.6991224441542135,1.704149712567801,-0.553686987184186,1.0904289836912913,-0.3864902061915682,-0.36436956925592384,0.6792694137187539,0.6365396206580514,0.41369818995709984,0.62633370122901,-0.05105668769345853,-0.0369705997994685,-0.04837208612642982,-0.05983072046676383
1.1211813689851602,1.6598921513974148,-1.3723987226834924,-0.7054689621240783,-0.010684955964216718,1.2632830807800401,0.44617954212131283,-0.4930249184303809,1.0904289836912913,-0.4880409219330666,-0.3953947392141846,0.5552563020144679,0.7509208928698086,0.41369818995709984,0.650385702633489,-0.0034016236628815213,-0.08137501866198382,0.3785657677792248,0.36730203556819785
1.1211813689851602,1.6598921513974148,-1.2279356991005308,1.372388952635827,-0.010684955964216718,0.17591138452703975,0.011459665015057456,-0.40203167066989287,1.0904289836912913,-0.5811939636737036,-0.41730855921427557,0.48940268008367876,0.7785356011770352,0.41369818995709984,0.6675273021737133,0.022395042309356815,-0.09186077385754886,0.8257745751563429,0.8147148680435851
1.1211813689851602,1.6598921513974148,-1.0834726755175694,-0.7054689621240783,-0.010684955964216718,1.285593949009042,1.143855787456377,-0.40203167066989287,1.0904289836912913,-0.632744604654776,-0.4425112166121258,0.4269485927244918,0.6996466162045017,0.41369818995709984,0.6839372745593728,0.04091647578709362,-0.06734561305187989,0.6743454584346319,0.6632168183051339
1.1211813689851602,1.6598921513974148,-0.9390096519346078,1.345374408398372,-0.010684955964216718,0.14271938235146917,0.0810905357633265,-0.2655419436589411,1.0904289836912913,-0.659940385615348,-0.45391628363954833,0.43903194341467777,0.659686035391184,0.41369818995709984,0.6907612903677787,0.03227233699213631,-0.055625474737356094,0.816829686168238,0.8057660458558904
1.1211813689851602,1.6598921513974148,-0.7945466283516462,-0.7054689621240783,-0.010684955964216718,1.2501917255339796,1.1885489535593867,-0.2503763541555997,1.0904289836912913,-0.6619170565307969,-0.4623853928183274,0.42766720045865947,0.5952567469255469,0.41369818995709984,0.701693711167483,0.03793599049925543,-0.029281927278833362,0.673925494537563,0.662796557862596
1.1211813689851602,1.6598921513974148,-0.6500836047686848,1.2832873339372024,-0.010684955964216718,0.08857597700605195,0.061927240834233156,-0.09872103764130656,1.0904289836912913,-0.5866925203319066,-0.39444125867247376,0.8051331747597873,0.6079556221703682,0.41369818995709984,0.6641085378182148,-0.08886909383433687,-0.01582138678236474,0.8209225790647895,0.8052568565825081
1.1211813689851602,1.6598921513974148,-0.5056205811857232,-0.7054689621240783,-0.010684955964216718,1.2179675788082018,1.2012816868160916,-0.03805896888750143,1.0904289836912913,-0.5223915157909792,-0.32770820713918547,0.7964212280893322,0.6436835240641839,0.41369818995709984,0.6157738504578835,-0.08131719726591013,-0.025487326082736482,0.6675234302429836,0.6563916329904104
1.1211813689851602,1.6598921513974148,-0.3611575576027617,1.316272258404669,-0.010684955964216718,0.1204668009372282,0.11853621240498943,0.20458959538727972,1.0904289836912913,-0.4443528156187238,-0.2168249836978235,0.8416977775467246,0.729832962040673,0.41369818995709984,0.5611928238749073,-0.059354458557607445,-0.019436118247293122,0.8039339323653593,0.7928643986087123
1.1211813689851602,1.6598921513974148,-0.21669453401980013,-0.7054689621240783,-0.010684955964216718,1.242596885245255,1.2516942383118081,0.6595555449301591,0.3726417573642265,0.03185229256920248,-0.02005793559265896,1.599141017234221,0.9493184938719985,-0.009770137491855348,0.4610501505847186,-0.27318674442809665,-0.04190249780179705,0.64914114424175,0.644354480529711
1.1211813689851602,1.6598921513974148,-0.0722315104368386,-0.7054689621240783,-0.010684955964216718,-0.6991224441542135,-0.6983308925851475,0.9628661779587454,-0.5245922755446044,0.5445278153023705,0.283156640021482,1.7294817982276252,1.1561998994121285,-0.7390311384784485,0.2535836614846044,-0.3041214882211405,-0.10633096866427535,-1.2740310493992413,-1.2860490588430924
1.1211813689851602,1.6598921513974148,0.07223151314612293,-0.7054689621240783,-0.010684955964216718,-0.6991224441542135,-0.6983308925851475,1.1145214944730386,-1.062932695289903,0.775108651593029,0.5197877850311599,1.6416616250491887,1.2087428058724445,-0.7674596914440994,0.09681034385059796,-0.2703235079118675,-0.12221086540022003,-1.2740310493992413,-1.2860490588430924
1.1211813689851602,1.6598921513974148,0.21669453672908448,2.232654039430221,-0.010684955964216718,-0.6991224441542135,-0.6983308925851475,0.9628661779587454,-0.22551426457499413,1.090218090330625,0.6906767642814665,1.4786578635693044,1.2479479105157005,-0.543573868582302,0.021568330507963415,-0.16490997790378514,-0.08687491493586975,0.9466269719809199,0.9211200582949525
1.1211813689851602,1.6598921513974148,0.361157560312046,-0.7054689621240783,-0.010684955964216718,1.0467378407148464,1.1045078413465517,0.2955828431477677,0.9707977793034471,1.1161522803109813,0.745488838886525,1.2253413915269902,1.4610181835488665,0.28723623073395754,0.030187390644471568,-0.017575601770571107,-0.11383608737491083,0.7862554864145069,0.7807676187522165
1.1211813689851602,1.6598921513974148,0.5056205838950075,1.439566763890872,-0.010684955964216718,0.5136634514704086,-0.6983308925851475,0.507900228415866,0.3726417573642265,1.0895210713479184,0.7660207825722785,1.1567386474815027,1.6247619836271063,0.41369818995709984,0.05106265343092855,0.04708419144445129,-0.13829512015603446,0.8378575827117866,0.8255715619916265
1.1211813689851602,1.6598921513974148,0.6500836074779691,-0.7054689621240783,-0.010684955964216718,1.0479271229911382,1.4312735069016411,0.507900228415866,0.3726417573642265,1.0516633080789404,0.73510641679244,1.184768611318871,2.385187738407842,0.41369818995709984,0.09565788630105954,0.06027198905846033,-0.384260042792333,0.7198808495201607,0.7141986515213945
1.1211813689851602,1.6598921513974148,0.7945466310609306,1.542427276147992,-0.010684955964216718,0.3750791649785049,-0.6983308925851475,0.4472381596620609,0.4922729617520706,0.7552282253300371,0.6227213379900411,1.1873480976813755,2.527187072872087,0.41369818995709984,0.1796434715255041,0.06663268113441125,-0.4249227378255046,0.7916190716168489,0.7773123033731242
1.1211813689851602,1.6598921513974148,0.9390096546438922,0.7409082154995627,-0.010684955964216718,0.22312181239552914,0.4882576379488334,0.21975518489062115,1.0904289836912913,0.4711066986595039,0.4354072272465906,1.0134867956201226,1.386827237400812,0.41369818995709984,0.32185422359949295,0.14729682410638895,-0.006358938659784828,0.8161699486274075,0.8050988747194185
1.1211813689851602,1.6598921513974148,1.0834726782268538,0.7723133520255856,-0.010684955964216718,0.3177509029026453,0.37874969671553127,0.15909297150703572,0.9707977793034471,0.32699635167451296,0.2712349573341539,0.8416040090404868,0.9821427176560211,0.41369818995709984,0.44526032390724873,0.2187404806519586,0.15759383827393808,0.8111019402441771,0.8000190713888679
1.1211813689851602,1.6598921513974148,1.2279357018098151,-0.7054689621240783,-0.010684955964216718,1.2704728040550803,1.2969711862846616,0.11359634762679172,0.910982177109525,0.24230051818565954,0.1407323367210519,0.7557197292953775,0.826361183627621,0.41369818995709984,0.5496059925068721,0.2547468254393361,0.22317629265264802,0.6916147411029993,0.6850271263325286
1.1211813689851602,1.6598921513974148,1.3723987253927767,1.6417828497617588,-0.010684955964216718,0.3720925044414466,-0.6983308925851475,0.06809986837632802,0.7913509727216809,0.07297641254888682,0.04720443526430299,0.746810868761823,0.7524368761278236,0.41369818995709984,0.6239925908551361,0.2481434606764585,0.24440178777260876,0.822994856982945,0.8076440014657688
1.1211813689851602,1.6598921513974148,1.5168617489757383,-0.7054689621240783,-0.010684955964216718,1.1142748623267835,1.4985308379523485,0.0074376549927425714,0.6119041661399147,0.03990814632038727,-0.03521128919078949,0.7186837266543538,0.5304534935632975,0.41369818995709984,0.6782285558183803,0.22931524417429142,0.30967629650313744,0.7134100213127307,0.706804239727212
1.1211813689851602,1.6598921513974148,1.6613247725587,1.098718118966135,-0.010684955964216718,0.16152804868544257,0.24132063201900916,-0.068390003264404,0.4922729617520706,-0.08158386778336052,-0.10347513220814207,0.7303851837918623,0.5347675056553811,0.41369818995709984,0.7072508923579918,0.18020758618792665,0.2621592644493292,0.8131097744953156,0.7987070637762054
1.4455818439311225,-1.5323655569553345,-1.6613247698494156,-0.7054689621240783,-0.010684955964216718,1.2734532627489088,1.3377885438514368,-0.14421766152155058,0.31282615517030443,-0.1257321939250565,-0.16641190555204258,0.6496726633862491,0.4953393636522623,0.41369818995709984,0.70645990495276,0.13095428156233377,0.19446409921620758,0.6830552540452949,0.6768399365509352
1.4455818439311225,-1.5323655569553345,-1.516861746266454,2.4000616854583825,-0.010684955964216718,-0.6991224441542135,-0.6983308925851475,-0.23521076465225826,0.1931949507824603,-0.17013604909880037,-0.20159329083978925,0.6544838401972127,0.5234890262286336,0.41369818995709984,0.6967590887034837,0.07613026190546601,0.12845667550879714,0.8696310107048116,0.8585914106184769
1.4455818439311225,-1.5323655569553345,-1.3723987226834924,-0.7054689621240783,-0.010684955964216718,1.1468549317843557,1.1818531746479248,-0.32620401241274627,0.07356374639461619,-0.1577301814852927,-0.23417183657325782,0.5676721046813151,0.46132952021844253,0.41369818995709984,0.6729281197770987,0.038301935747892125,0.08032375215862636,0.6920246244264565,0.680904025101544
1.4455818439311225,-1.5323655569553345,-1.2279356991005308,2.360129856342611,-0.010684955964216718,-0.6991224441542135,-0.6983308925851475,-0.40203167066989287,0.07356374639461619,-0.15661976736696945,-0.26065826977079126,0.5049639899143203,0.4204105495467668,0.41369818995709984,0.6513953094984951,0.0013423261770289735,0.03429227071585431,0.8460521890067998,0.8350019112587772
1.4455818439311225,-1.5323655569553345,-1.0834726755175694,-0.7054689621240783,-0.010684955964216718,1.198029178404541,1.2146093116155676,-0.4778593289270394,0.13337934858853825,-0.1257154708208649,-0.28646858575221884,0.39237017738786373,0.3266828722528333,0.41369818995709984,0.6310554954772026,-0.011105405795998157,0.01485788803939673,0.7239438607163636,0.7128376715802257
1.4455818439311225,-1.5323655569553345,-0.9390096519346078,1.5636955222789788,-0.010684955964216718,0.4916782325689613,-0.6983308925851475,-0.553686987184186,0.13337934858853825,-0.1411856800464441,-0.31963361729631784,0.34012236571217563,0.255990091012101,0.41369818995709984,0.5966714322309865,-0.0700699206058711,-0.03737303123414308,0.7895554341903605,0.7784792381465293
1.4455818439311225,-1.5323655569553345,-0.7945466283516462,-0.7054689621240783,-0.010684955964216718,1.038014370074297,1.4593132732870628,-0.553686987184186,0.31282615517030443,-0.14305264739839602,-0.33638410373374644,0.36126034434106746,0.18275753472240444,0.41369818995709984,0.5603014549075717,-0.14215661674472418,-0.07437050125134742,0.706791584705988,0.6956776857095349
1.4455818439311225,-1.5323655569553345,-0.6500836047686848,1.675097169568558,-0.010684955964216718,0.39771999229052596,-0.6983308925851475,-0.40203167066989287,-0.3451454689628382,-0.14760266958685062,-0.31152232798034213,0.44662207777414276,0.20364087489061317,0.41369818995709984,0.4922359993498664,-0.234100736951575,-0.14537743664316422,0.7866043462655654,0.7755269648866134
1.4455818439311225,-1.5323655569553345,-0.5056205811857232,-0.7054689621240783,-0.010684955964216718,1.0217498785303383,1.5174946304058141,-0.31103842290940487,-0.5844078777385264,0.031040218629657657,-0.11615691744426555,1.336698312212074,0.36022232486378447,0.41369818995709984,0.28676845462587786,-0.5981185878913053,-0.2797091362217471,0.6914012489547251,0.6852367442909472
1.4455818439311225,-1.5323655569553345,-0.3611575576027617,2.254349997156506,-0.010684955964216718,-0.6991224441542135,-0.6983308925851475,-0.2048797302753557,-0.8834858887081368,0.5739765328596369,0.08693443794015228,1.9057111812918648,0.5360965064650901,-0.5368162521400781,0.11210236484869228,-0.7959377034550484,-0.3805124677789633,0.8398531762663967,0.820806492956414
1.4455818439311225,-1.5323655569553345,-0.21669453401980013,-0.7054689621240783,-0.010684955964216718,-0.6991224441542135,1.7754388068086613,-0.09872103764130656,-1.122748297483825,0.9954141437441917,0.2816653710469187,2.2655299227190433,0.8008896463422341,-1.0472853814403316,-0.040044955364417746,-0.9132023950807966,-0.49540154968134836,0.053884892569125584,0.08621449613341337
1.4455818439311225,-1.5323655569553345,-0.0722315104368386,-0.7054689621240783,-0.010684955964216718,-0.6991224441542135,-0.6983308925851475,-0.1593831063951117,-1.3021951040655912,0.889645861125568,0.3674772082827016,1.760627433794985,0.8845437490444685,-0.5865202993927515,-0.1622438226067755,-0.8490298834578742,-0.6025358623546568,-1.2740310493992413,-1.2860490588430924
1.4455818439311225,-1.5323655569553345,0.07223151314612293,2.2789089673147447,-0.010684955964216718,-0.6991224441542135,-0.6983308925851475,-0.40203167066989287,-0.3451454689628382,0.7000312787110249,0.41814577122204233,1.360295583027293,0.8515962677721006,0.41369818995709984,-0.2585862333451048,-0.7930335912202767,-0.6511377472689825,0.8406144395843154,0.822585889193859
1.4455818439311225,-1.5323655569553345,0.21669453672908448,-0.7054689621240783,-0.010684955964216718,1.3183621760832451,1.203546383161439,-0.553686987184186,-0.6442234799324486,0.6626919316719869,0.43463936134771464,0.7950837482139952,0.7083693893422949,0.41369818995709984,-0.3348282014794661,-0.7027285873269844,-0.6816538390695754,0.7672039223295606,0.7598556148594324
1.4455818439311225,-1.5323655569553345,0.361157560312046,1.409556803212517,-0.010684955964216718,0.6302809143585802,-0.6983308925851475,-0.462693739423698,-1.6610887172291235,0.5679187555972662,0.4192686339473288,0.77736064809409,0.6891957227709293,0.39966116051218936,-0.43254748047107555,-0.8201393558626822,-0.8006758072889658,0.7993478114028117,0.7874633040183373
1.4455818439311225,-1.5323655569553345,0.5056205838950075,-0.7054689621240783,-0.010684955964216718,1.0361293250804184,1.473153829589414,-0.7053423036984792,-0.6442234799324486,0.49456921384033975,0.3641679038710936,0.791119045282069,0.6119937722647267,0.41369818995709984,-0.46744792963772974,-0.8854647778838668,-0.8418692263843442,0.7114887719885061,0.7003771850998854
1.4455818439311225,-1.5323655569553345,0.6500836074779691,1.5748303764948408,-0.010684955964216718,0.44947132567903725,-0.6983308925851475,-0.7053423036984792,-0.9433014909020588,0.30779555236586825,0.2521611119453469,0.8011931926158692,0.5704912151176205,0.41369818995709984,-0.5211670260768719,-0.9910254604787025,-0.936967003384688,0.7839283139921724,0.7702549605345608
1.4455818439311225,-1.5323655569553345,0.7945466310609306,-0.7054689621240783,-0.010684955964216718,1.0615376460967183,1.5681199426189063,-0.553686987184186,-1.3021951040655912,0.23570091234748058,0.12851776400795772,0.758134694551483,0.3849652175411984,0.3686481936405702,-0.5717284467427184,-1.073727795858431,-0.9855001910643385,0.7009725735886935,0.6937034246837652
1.4455818439311225,-1.5323655569553345,0.9390096546438922,1.6514939123583714,-0.010684955964216718,0.37344440114954175,-0.6983308925851475,-0.7053423036984792,-0.9433014909020588,0.05705735520680464,-0.0017830095030500956,0.7321821293477644,0.3641950730255516,0.41369818995709984,-0.5986212946151028,-1.1316619198579891,-1.0480142411977293,0.7840345200355804,0.7696035670938839
1.4455818439311225,-1.5323655569553345,1.0834726782268538,-0.7054689621240783,-0.010684955964216718,1.0085869392971685,1.5364831576027773,-0.7053423036984792,-0.9433014909020588,0.021194323805802398,-0.08572387936942105,0.7043507842554271,0.28333229126686366,0.41369818995709984,-0.6198741947686092,-1.1630600652180896,-1.0677702222850955,0.6973446471499769,0.6862266410232246
1.4455818439311225,-1.5323655569553345,1.2279357018098151,1.7457009794074212,-0.010684955964216718,0.39043839764289623,-0.6983308925851475,-0.553686987184186,-1.122748297483825,-0.03218114230465909,-0.1449377734701499,0.7006119781794372,0.26793349008686074,0.41369818995709984,-0.6724888527227769,-1.200497275289819,-1.1048340057212607,0.7941505556650612,0.7830766947770632
1.4455818439311225,-1.5323655569553345,1.3723987253927767,-0.7054689621240783,-0.010684955964216718,1.0019781920819715,1.5461301267998877,-0.8569976202127723,-0.9433014909020588,-0.07855765484884586,-0.2196713101409915,0.6408294408070611,0.17241480602350237,0.3737093862875683,-0.7292362871532732,-1.2351865613986817,-1.1328633443108194,0.6947753609507211,0.68365590113435
1.4455818439311225,-1.5323655569553345,1.5168617489757383,1.7723848724409603,-0.010684955964216718,0.3765018047458138,-0.6983308925851475,-0.8569976202127723,-0.6442234799324486,-0.1298594560395471,-0.2532555625894401,0.6368869013402455,0.16959916897681304,0.41369818995709984,-0.793365868529546,-1.2678627183693207,-1.168227900563741,0.8030220004739959,0.7919521609245683
1.4455818439311225,-1.5323655569553345,1.6613247725587,-0.7054689621240783,-0.010684955964216718,0.9991518334250038,1.5481172909385303,-0.7963355514589672,-0.8236702865142147,-0.1646027083838788,-0.29760475856321517,0.6003137741436503,0.10585492383075455,0.41369818995709984,-0.8360866687688532,-1.281401401756714,-1.1761632980108043,0.6952565283304318,0.6841372233086659
1.4455818439311225,-1.4222877049431708,-1.6613247698494156,1.7831259234052785,-0.010684955964216718,0.36572247563260085,-0.6983308925851475,-0.8569976202127723,-0.3451454689628382,-0.21484225799632864,-0.33707080733632583,0.585906669380699,0.1006923635876139,0.41369818995709984,-0.8586693833184036,-1.28062347229224,-1.177562706190347,0.8062891863856118,0.7952206028158036
1.4455818439311225,-1.4222877049431708,-1.516861746266454,-0.7054689621240783,-0.010684955964216718,0.9914105665664651,1.5409098382230149,-1.0086529367270654,1.0904289836912913,-0.2353969598203265,-0.3701010388926626,0.5480889783740387,0.04140635017986609,0.41369818995709984,-0.847345088343563,-1.227321965583404,-1.1150281769128654,0.6911891968883954,0.6800682170346924
1.4455818439311225,-1.4222877049431708,-1.3723987226834924,1.1394171019332058,-0.010684955964216718,0.15960600286415966,0.3064438577853791,-0.9783219023501628,-1.182563899677747,-0.2824303558971599,-0.39751060499068297,0.520246551549146,0.06256890629106099,0.41369818995709984,-0.8763886594443888,-1.2330802786492532,-1.1331167872633514,0.780090675620286,0.7690103667130221
1.4455818439311225,-1.4222877049431708,-1.2279356991005308,-0.7054689621240783,-0.010684955964216718,1.1807363371603028,1.309435820075826,-1.0086529367270654,-0.04606745799322794,-0.3227684899798383,-0.4231437754384544,0.4666058513353441,0.09571762427909457,0.41369818995709984,-0.9041637068144935,-1.2320156813165792,-1.152772106314419,0.6595581569976342,0.6484226671831236
1.4455818439311225,-1.4222877049431708,-1.0834726755175694,1.8361686199544536,-0.010684955964216718,0.30393677013035336,-0.6983308925851475,-1.1603082532413587,0.31282615517030443,-0.37925043992493424,-0.45186111314549793,0.44466572575763647,0.1290181082901927,0.41369818995709984,-0.9239707263907733,-1.2288730915344155,-1.1626793527782318,0.806429954395688,0.7953615775522571
1.4455818439311225,-1.4222877049431708,-0.9390096519346078,-0.7054689621240783,-0.010684955964216718,1.048679753457662,1.47458152736877,-0.8873286545896748,-1.003117093095981,-0.3810685758126466,-0.4599921637162241,0.4375572205438473,0.10032175263626288,0.41369818995709984,-0.9615621735876729,-1.246913805048555,-1.1764545569489855,0.6924161467051212,0.681295803729595
1.4455818439311225,-1.4222877049431708,-0.7945466283516462,1.8019760919853278,-0.010684955964216718,0.31400667144767686,-0.6983308925851475,-1.0086529367270654,-0.6442234799324486,-0.403807983968237,-0.4746387822818243,0.425698914268632,0.0813300375953118,0.41369818995709984,-1.0036249437311695,-1.2729524983016378,-1.2021315028495874,0.8000845933276737,0.7890132064987652
1.4455818439311225,-1.4222877049431708,-0.6500836047686848,-0.7054689621240783,-0.010684955964216718,1.0731600054252273,1.554146070241431,-1.0086529367270654,-0.6442234799324486,-0.337334313730735,-0.4276098190120639,0.6378689133328448,0.06441776861623967,0.23668280163622618,-1.0784326137762394,-1.345225824365942,-1.2273348279098655,0.6927997485330911,0.6861739804021947
1.4455818439311225,-1.4222877049431708,-0.5056205811857232,1.7214642282194665,-0.010684955964216718,0.23052881041558382,-0.6983308925851475,-0.7053423036984792,-1.182563899677747,0.0018323137727505282,-0.28490391783143937,1.9002112321805364,0.22450073744199425,-0.5771735892547794,-1.178105472399562,-1.5958243131179797,-1.2795699730385353,0.8106132124342578,0.7952275695905703
1.4455818439311225,-1.4222877049431708,-0.3611575576027617,-0.7054689621240783,-0.010684955964216718,-0.6991224441542135,2.8561452370047165,-0.553686987184186,-1.4218263084534353,0.2796606018738952,-0.09202983691212033,2.230116967676899,0.48422941997488467,-1.0959025475166153,-1.2870665211394747,-1.658003272920507,-1.3459372445635422,0.587993284765017,0.5888811266403968
1.4455818439311225,-1.4222877049431708,-0.21669453401980013,-0.7054689621240783,-0.010684955964216718,-0.6991224441542135,-0.6983308925851475,-0.553686987184186,-1.4218263084534353,0.6574080996716042,0.06192021822152993,2.296701131515377,0.7036093025304856,-1.9010147512038154,-1.3768030529255084,-1.6761082043398308,-1.4011729635449337,-1.2740310493992413,-1.2860490588430924
1.4455818439311225,-1.4222877049431708,-0.0722315104368386,2.314429661785547,-0.010684955964216718,-0.6991224441542135,-0.6983308925851475,-0.4930249184303809,-1.7807199216169676,1.297618697439202,0.17209485952826742,1.9505205930999998,0.7731944433487412,-3.0251178055555106,-1.471785727840628,-1.6491016170987312,-1.4494159758390004,0.889040975183699,0.8647106977252319
1.4455818439311225,-1.4222877049431708,0.07223151314612293,-0.7054689621240783,-0.010684955964216718,-0.6991224441542135,-0.6983308925851475,-0.7053423036984792,-1.182563899677747,1.522937107302843,0.256519174376927,1.429132748338375,0.7008791910879542,-3.121172830683535,-1.5393051173525616,-1.5698664031928586,-1.4449349440724502,-1.2740310493992413,-1.2860490588430924
1.4455818439311225,-1.4222877049431708,0.21669453672908448,1.1283129266950267,-0.010684955964216718,0.9759936252252412,-0.6983308925851475,-1.0086529367270654,0.6717197683338367,1.3813385705674328,0.3007265127719575,0.7373990680584478,0.6236982027396334,-2.484813846460736,-1.5242488482443122,-1.3514502281908574,-1.3366384128831699,0.8628271635477127,0.8536013557393312
1.4455818439311225,-1.4222877049431708,0.361157560312046,0.5281792872001045,-0.010684955964216718,0.336829664765073,0.79686768735178,-0.7356733380753817,-0.8236702865142147,1.1979416382913322,0.3392920129357247,0.7572805487037535,0.6088913728982137,-1.9016523725613312,-1.5632856934147745,-1.3746388081847167,-1.353098768745542,0.8633778148812462,0.8526897327706079
1.4455818439311225,-1.4222877049431708,0.5056205838950075,1.2643883660476223,-0.010684955964216718,0.8741919453489571,-0.6983308925851475,-0.8569976202127723,-0.9433014909020588,1.027457618147829,0.3424121739090065,0.7402274671829654,0.7753594150147781,-1.2814515325011977,-1.5888919199190394,-1.3860293649950157,-1.402841417834411,0.7977828023496113,0.7886632285193137
1.4455818439311225,-1.4222877049431708,0.6500836074779691,0.5368425999156166,-0.010684955964216718,0.28090732901459803,0.7897395744702812,-0.8569976202127723,-1.2423795018716692,0.9447678882378018,0.3030943345465245,0.7537241649944444,1.4029831917235072,-1.0633897080205277,-1.6107787199851582,-1.4256642903444923,-1.5593546309896413,0.8253283297637867,0.8135092061986833
1.4455818439311225,-1.4222877049431708,0.7945466310609306,1.2853521547217208,-0.010684955964216718,0.833775794412622,-0.6983308925851475,-0.8266665858358697,-0.22551426457499413,0.7383064506606257,0.20159629559344622,0.6712249283245186,1.5623308080507665,-0.40322814302954213,-1.542480890763256,-1.354396937227058,-1.5386092580255888,0.7766577002748081,0.7670721689919267
1.4455818439311225,-1.4222877049431708,0.9390096546438922,0.5639748366054692,-0.010684955964216718,0.2676990847910551,0.7463105004915421,-1.0086529367270654,-1.2423795018716692,0.5125960512347331,0.03160433615699187,0.5475033514305355,0.4554173532094471,0.2358100208422686,-1.5254674224958134,-1.3958003828095844,-1.3858943301452866,0.81032843622973,0.7980681695490803
1.4455818439311225,-1.4222877049431708,1.0834726782268538,0.6768429749101367,-0.010684955964216718,0.38545758171751093,0.5416621501336758,-1.1603082532413587,-0.9433014909020588,0.3613857431341501,-0.127259919577645,0.4156904048891983,0.2937546761657167,0.41369818995709984,-1.4818325709169644,-1.3909073441646738,-1.3741593471601785,0.8034200031214109,0.7924230329367343
1.4455818439311225,-1.4222877049431708,1.2279357018098151,0.7206948956187251,-0.010684955964216718,0.4088803668564132,0.4919066414641804,-1.1603082532413587,-0.7040390821263706,0.2775561664424223,-0.19270707803395526,0.37510569050755777,0.23475207113253146,0.41369818995709984,-1.463056392766905,-1.3879616032375968,-1.3671092121851915,0.8040858610105055,0.7929469753802105
1.4455818439311225,-1.4222877049431708,1.3723987253927767,0.7415454770710814,-0.010684955964216718,0.41324194450270757,0.462248531119646,-1.1603082532413587,-0.7040390821263706,0.14581021377254388,-0.26456041182491374,0.22953775654210476,0.105482635906773,0.37893905136664396,-1.4618197208780053,-1.379669318325147,-1.361501177362085,0.8068185965104636,0.7956558213335758
1.4455818439311225,-1.4222877049431708,1.5168617489757383,0.7545388314613136,-0.010684955964216718,0.4145431753050954,0.4452085986307862,-1.1603082532413587,-0.9433014909020588,0.06561557100790555,-0.3202151627932607,0.14910398433230743,0.05325583878731513,0.41369818995709984,-1.47937322264542,-1.396656729113052,-1.3845078162416529,0.8106052919835629,0.7994236170514639
1.4455818439311225,-1.4222877049431708,1.6613247725587,0.7729123994319205,-0.010684955964216718,0.4242061726369561,0.4438656907136751,-1.0086529367270654,-1.122748297483825,0.039098079153345434,-0.34889580102719614,0.13111492263107327,0.05108332074444077,0.41369818995709984,-1.4920010301166187,-1.410614173480146,-1.4019651488488933,0.8136859872833642,0.8026209568590519
1.4455818439311225,-1.312209852931007,-1.6613247698494156,0.779509276679878,-0.010684955964216718,0.4236030171038677,0.4363088073421348,-1.3119635697556518,-0.4049610711567603,-0.009147407515296229,-0.3963030511736087,0.07683062948809391,0.013744686638984127,0.41369818995709984,-1.5031023621987092,-1.4166161273420455,-1.4113875055253695,0.8166349150852426,0.8055711810675659
1.4455818439311225,-1.312209852931007,-1.516861746266454,-0.7054689621240783,-0.010684955964216718,1.2651732764572787,1.2739923999586686,-1.4636188862699449,0.6717197683338367,-0.08525091007049786,-0.45279624395065476,0.018092332298820245,-0.029758498856365338,0.41369818995709984,-1.4872997465241444,-1.3856376035030888,-1.3829501010276297,0.7007464807234048,0.6896297055915673
1.4455818439311225,-1.312209852931007,-1.3723987226834924,1.0895296754454893,-0.010684955964216718,0.2816343111803072,0.2862306463605657,-1.2816325353787492,-0.8834858887081368,-0.17032936818325545,-0.4716647134418764,0.08920636742954857,0.05159144345149668,0.41369818995709984,-1.4950392614830839,-1.4012188895731283,-1.4011350392040247,0.7994030745474325,0.7883314870973396
1.4455818439311225,-1.312209852931007,-1.2279356991005308,-0.7054689621240783,-0.010684955964216718,1.263858695924549,1.265480503948346,-1.4636188862699449,0.6717197683338367,-0.24312303395685264,-0.4944127406960771,0.1390886554251473,0.10936231208754477,0.41369818995709984,-1.4910669507250225,-1.4042857517083078,-1.4060535011541455,0.6773541496372075,0.6662268748145845
1.4455818439311225,-1.312209852931007,-1.0834726755175694,1.1961028822299204,-0.010684955964216718,0.22809505996985438,0.22945183304473188,-1.3119635697556518,-0.04606745799322794,-0.33222373308977743,-0.5178608809757236,0.18656279769236683,0.1626481174231934,0.41369818995709984,-1.4843705835857341,-1.405256334888334,-1.4084044852247255,0.796212753009605,0.7851396797285368
1.4455818439311225,-1.312209852931007,-0.9390096519346078,-0.7054689621240783,-0.010684955964216718,1.260901572979822,1.2592301600363163,-1.1906392876182612,-1.182563899677747,-0.38572228124708924,-0.5313994577571002,0.21169701956891943,0.19216283572083043,0.41369818995709984,-1.499311027814633,-1.4276283686204645,-1.4319709957313704,0.6673403598257872,0.6562084477950769
1.4455818439311225,-1.312209852931007,-0.7945466283516462,1.2538364124077357,-0.010684955964216718,0.1983420849811584,0.1981550459434635,-1.3119635697556518,-0.7040390821263706,-0.44382570337460414,-0.5400612391696965,0.25996989902109163,0.24312351850422487,0.41369818995709984,-1.518414169947026,-1.458888289511283,-1.4642077690566353,0.7957422062342352,0.7846690126215111
1.4455818439311225,-1.312209852931007,-0.6500836047686848,-0.7054689621240783,-0.010684955964216718,1.290979461484164,1.2935992957430789,-1.1603082532413587,-0.9433014909020588,-0.39415407038050154,-0.46649432228823173,0.973717014801785,0.3766834882052393,0.39614546844001436,-1.5738617114086437,-1.6077585169848951,-1.510290285826745,0.6563145524278597,0.6508946427944247
1.4455818439311225,-1.312209852931007,-0.5056205811857232,1.780355665543279,-0.010684955964216718,0.15988934300696897,-0.6983308925851475,-0.9176596889665775,-1.6012731150352015,-0.10455739939763357,-0.32065696798875365,1.8822647925275922,0.5231586626204157,-0.1521375322295465,-1.6493505765253942,-1.7691741478853154,-1.5575182260475668,0.8176654737267852,0.8005700613108496
1.4455818439311225,-1.312209852931007,-0.3611575576027617,-0.7054689621240783,-0.010684955964216718,1.0664739979596258,1.4825396166645046,-0.8569976202127723,-1.2423795018716692,0.08434879232335268,-0.09215687354980201,1.9350675432720146,0.6769160906837449,-0.4166076620103719,-1.73539060554732,-1.7696381948584543,-1.576974063065453,0.644811537875569,0.6398152169589922
1.4455818439311225,-1.312209852931007,-0.21669453401980013,-0.7054689621240783,-0.010684955964216718,-0.6991224441542135,-0.6983308925851475,-1.0086529367270654,-0.9433014909020588,0.3185866370386336,0.09084857789894468,1.9895947820902464,0.7920184611266375,-0.6109335927272195,-1.8085115757868468,-1.7751041389690436,-1.594720054084641,-1.2740310493992413,-1.2860490588430924
1.4455818439311225,-1.312209852931007,-0.0722315104368386,0.996986090741913,-0.010684955964216718,0.1562206373886203,0.33860562725142684,-0.7660043724522843,-1.6610887172291235,0.7448739481387567,0.2926928569567873,1.8322043443701415,0.9087449795622156,-1.3107119181002318,-1.897697456792301,-1.7645415305945933,-1.6296533564037972,0.8492581714357738,0.831800063538105
1.4455818439311225,-1.312209852931007,0.07223151314612293,-0.7054689621240783,-0.010684955964216718,-0.6991224441542135,-0.6983308925851475,-0.8569976202127723,-1.4816419106473573,0.8944728179194358,0.4289629409206379,1.6058173348783504,0.8921580432734697,-1.4803297287264756,-1.9654025280639438,-1.745087592895683,-1.6428014003311755,-1.2740310493992413,-1.2860490588430924
1.4455818439311225,-1.312209852931007,0.21669453672908448,1.4492396123223008,-0.010684955964216718,0.6263264509297226,-0.6983308925851475,-0.8569976202127723,-1.4816419106473573,1.0009809306674964,0.5211195524495229,1.332471057462682,0.9097771562163176,-1.5145308023856743,-2.0087643466199068,-1.71141568190781,-1.6547433418623871,0.8718732182924197,0.8603404808951732
1.4455818439311225,-1.312209852931007,0.361157560312046,-0.7054689621240783,-0.010684955964216718,0.995989524073761,1.599275867452119,-0.7963355514589672,-0.5245922755446044,1.0307166166926909,0.5568514298338901,1.2451129072877078,1.0423259114211119,-1.2552482195759052,-1.995115711748515,-1.6501701944355793,-1.6280740784930858,0.7415913449054089,0.7358763859230837
1.4455818439311225,-1.312209852931007,0.5056205838950075,1.6011258485536226,-0.010684955964216718,0.4168253484976506,-0.6983308925851475,-1.0086529367270654,-0.9433014909020588,0.9020758100091116,0.5174016135200388,1.210589048172891,1.2510276707517012,-0.8065780542145633,-1.9924657350297061,-1.6535066211777791,-1.6726145915618347,0.790619114716627,0.7773034924520958
1.4455818439311225,-1.312209852931007,0.6500836074779691,-0.7054689621240783,-0.010684955964216718,1.0584527021118668,1.5697750742685603,-0.8569976202127723,-0.9433014909020588,0.7822413899928367,0.4852465232455092,1.2530985742553031,1.3910892633413485,0.14264008611357307,-1.9821029072043916,-1.654028862266001,-1.6893359752449206,0.696445315975628,0.6895573740770788
1.4455818439311225,-1.312209852931007,0.7945466310609306,1.6426479610505715,-0.010684955964216718,0.3595859094307592,-0.6983308925851475,-0.7053423036984792,-1.6610887172291235,0.5095250203809849,0.3762773184785513,1.1942579841501337,1.8018528088718742,0.41369818995709984,-1.9549786508751381,-1.6526334943161731,-1.7622164814329027,0.7751013317132747,0.7604965581379595
1.4455818439311225,-1.312209852931007,0.9390096546438922,0.777067427406467,-0.010684955964216718,0.20941384677005134,0.5560801998117613,-1.1603082532413587,-0.7040390821263706,0.2508466933517425,0.181571086940223,0.9867593615784936,0.907049560232732,0.41369818995709984,-1.8875014891838011,-1.6147232015861532,-1.6124418818809068,0.7940551502362372,0.7826978251728444
1.4455818439311225,-1.312209852931007,1.0834726782268538,0.813693551824598,-0.010684955964216718,0.3238651845152547,0.4372189620562683,-1.3119635697556518,-0.04606745799322794,0.20956537619265697,0.013191081284129609,0.7907976750379632,0.7146672600563162,0.41369818995709984,-1.8261755937933086,-1.5752649023678527,-1.5724041799859159,0.7981026805515364,0.7869977595398164
1.4455818439311225,-1.312209852931007,1.2279357018098151,0.8162838622327028,-0.010684955964216718,0.36263101445655876,0.4219398079181044,-1.0693150777957607,-0.7638546843202927,0.16471267290241015,-0.08932325077040217,0.6672661924793529,0.5750710273716458,0.41369818995709984,-1.7906880572694461,-1.5533779988742147,-1.5468063334249242,0.8000809931228124,0.7888943615174526
1.4455818439311225,-1.312209852931007,1.3723987253927767,0.8100913733806356,-0.010684955964216718,0.3789558425770236,0.41313979406932577,-1.0086529367270654,-0.3451454689628382,0.10773906369408079,-0.16377660107924583,0.5220179238760742,0.4359695016129871,0.41369818995709984,-1.7585152840114984,-1.5163020010731854,-1.5097544690673304,0.8034147828243621,0.7922359545437372
1.4455818439311225,-1.312209852931007,1.5168617489757383,0.8044932672950218,-0.010684955964216718,0.3890814553674277,0.40987302618760907,-1.0086529367270654,-0.3451454689628382,0.061743837925462834,-0.21251491288492316,0.40629139080031007,0.337673750873442,0.41369818995709984,-1.7309911905466533,-1.4771182145752026,-1.4729225658870089,0.8072246996188166,0.7960394037560191
1.4455818439311225,-1.312209852931007,1.6613247725587,0.8096509237302757,-0.010684955964216718,0.40510155224174005,0.41797826624550893,-0.9479908679732603,-0.8834858887081368,0.04459864258405145,-0.24904570956848862,0.3589843269623869,0.3006721882667254,0.41369818995709984,-1.7168463184577938,-1.4633917180178742,-1.4608722690960572,0.8101435657101032,0.7990769175542557
1.4455818439311225,-1.2021320009188432,-1.6613247698494156,0.8068889186926823,-0.010684955964216718,0.40918951297401746,0.4171505956124467,-0.9783219023501628,-0.8834858887081368,0.02292884417255671,-0.2856746067667083,0.30808251957169386,0.26067639102816614,0.41369818995709984,-1.7019620975557463,-1.4494816034301452,-1.4487798221090664,0.8129180635864521,0.8018525625833243
1.4455818439311225,-1.2021320009188432,-1.516861746266454,-0.7054689621240783,-0.010684955964216718,1.2582938555756993,1.2627370435847858,-1.0086529367270654,-0.3451454689628382,-0.021054257699726124,-0.32245524217104776,0.2719739727014584,0.23440996871589975,0.41369818995709984,-1.6807084734967441,-1.429316213093233,-1.4302370948650098,0.6879448722776487,0.6768225196140187
1.4455818439311225,-1.2021320009188432,-1.3723987226834924,1.1040682815011187,-0.010684955964216718,0.26738615449792086,0.26987636934612574,-0.8266665858358697,-1.2423795018716692,-0.09871234002058028,-0.3448023982574529,0.3110993081496528,0.28066087386640143,0.41369818995709984,-1.6705899637763097,-1.4332051074418404,-1.435746526401753,0.7884103890342289,0.7773338184128445
1.4455818439311225,-1.2021320009188432,-1.2279356991005308,-0.7054689621240783,-0.010684955964216718,1.2561305685643784,1.2556459280102985,-0.993487347223724,-1.003117093095981,-0.1672028166235911,-0.37171369843212176,0.3317778210979795,0.3067847535050713,0.41369818995709984,-1.6641404484111373,-1.441818912150932,-1.4456121644458255,0.6654106500201385,0.6542780364693087
1.4455818439311225,-1.2021320009188432,-1.0834726755175694,1.796544298252416,-0.010684955964216718,0.36407888206073435,-0.6983308925851475,-1.1603082532413587,-0.3451454689628382,-0.24607232061208587,-0.4024622108238758,0.3745822917545578,0.32296837787617044,0.41369818995709984,-1.6529100198489373,-1.4498286167670358,-1.448535372643093,0.8090035608407773,0.7979364155439356
1.4455818439311225,-1.2021320009188432,-0.9390096519346078,-0.7054689621240783,-0.010684955964216718,1.0787597442817427,1.4468186643406424,-1.0086529367270654,-1.122748297483825,-0.27006127911287375,-0.41871443133795294,0.4128296130079803,0.27080362874404285,0.41369818995709984,-1.650586283206966,-1.4619368651407987,-1.442904149794402,0.6897161730694008,0.6785945392664169
1.4455818439311225,-1.2021320009188432,-0.7945466283516462,1.7917041961475642,-0.010684955964216718,0.35341223728552607,-0.6983308925851475,-1.0086529367270654,-0.6442234799324486,-0.2968349689236494,-0.4246646862951435,0.46559400390894196,0.2607652705775852,0.41369818995709984,-1.6469735121785554,-1.4709338259273868,-1.4397542623937585,0.8084606499476956,0.7973932120172812
1.4455818439311225,-1.2021320009188432,-0.6500836047686848,-0.7054689621240783,-0.010684955964216718,1.0607968937367194,1.5233255317607317,-0.8569976202127723,-0.6442234799324486,-0.20851891783939516,-0.34650539496148575,1.3017201020624867,0.2651614543285656,0.41369818995709984,-1.6663601839635251,-1.6055524114280786,-1.4232151322575552,0.6900076096529217,0.6841152984586651
1.4455818439311225,-1.2021320009188432,-0.5056205811857232,-0.7054689621240783,-0.010684955964216718,-0.6991224441542135,-0.6983308925851475,-0.6143490559379912,-1.4218263084534353,-0.04449001591385541,-0.216997188917792,1.9275549810404373,0.3988379736274031,0.41369818995709984,-1.717263288023456,-1.7107399417396925,-1.454479958902952,-1.2740310493992413,-1.2860490588430924
1.4455818439311225,-1.2021320009188432,-0.3611575576027617,-0.7054689621240783,-0.010684955964216718,1.1630236626642076,1.408009013326601,-0.553686987184186,-1.182563899677747,0.07268007914261139,0.001469128421601084,1.95603844347161,0.5280453608658313,0.4032879975916378,-1.7885363688336768,-1.703585722885613,-1.466001156960593,0.6849907241787215,0.6728104769690193
1.4455818439311225,-1.2021320009188432,-0.21669453401980013,-0.7054689621240783,-0.010684955964216718,-0.6991224441542135,-0.6983308925851475,-0.4930249184303809,-1.7209043194230456,0.5797058683556842,0.19637156098923775,2.2222199545697467,0.6856992348362377,-0.551458144414045,-1.863633601077123,-1.7519568649644484,-1.506166501351558,-1.2740310493992413,-1.2860490588430924
1.4455818439311225,-1.2021320009188432,-0.0722315104368386,-0.7054689621240783,-0.010684955964216718,-0.6991224441542135,-0.6983308925851475,-0.4323627050467954,-1.9003511260048118,0.9041481370805365,0.30936712141160694,2.0758933481447337,0.6881769618978717,-0.9964219162696796,-1.9075903492998338,-1.7367036603195536,-1.514638365689594,-1.2740310493992413,-1.2860490588430924
1.4455818439311225,-1.2021320009188432,0.07223151314612293,-0.7054689621240783,-0.010684955964216718,-0.6991224441542135,-0.6983308925851475,-0.553686987184186,-1.182563899677747,1.184619344568124,0.38349582253526404,1.6604161787377094,0.5873858758840719,-1.2509954606133906,-1.9237122072981088,-1.6579159279640423,-1.4790463717464781,-1.2740310493992413,-1.2860490588430924
1.4455818439311225,-1.2021320009188432,0.21669453672908448,1.4259994793859754,-0.010684955964216718,0.6218443052464028,-0.6983308925851475,-0.7053423036984792,-0.9433014909020588,1.2360047612797833,0.5065378637209599,1.251807126192119,0.6034043184510621,-0.6306179584890647,-1.955582870662417,-1.576516129625978,-1.4678896807826027,0.9166676872174963,0.8977098509329227
1.4455818439311225,-1.2021320009188432,0.361157560312046,-0.7054689621240783,-0.010684955964216718,0.9449094613778782,1.6393690001139354,-0.4930249184303809,-1.5414575128412795,1.4149867940492975,0.600127166219255,1.2227158733523324,1.3709873924189748,-0.6552278029942898,-1.9883271673094103,-1.5739751658801533,-1.6124221612236342,0.7902916760844931,0.7852421322986338
1.4455818439311225,-1.2021320009188432,0.5056205838950075,1.5478985399106713,-0.010684955964216718,0.4435232324417873,-0.6983308925851475,-0.553686987184186,-1.4218263084534353,1.2225379799363596,0.6484102634065729,1.2850250457473338,1.512092900471138,0.26656091948621147,-2.0023884283134885,-1.583051726750219,-1.6350155331425533,0.8036604968061447,0.7909198488282707
1.4455818439311225,-1.2021320009188432,0.6500836074779691,-0.7054689621240783,-0.010684955964216718,1.0345706652260034,1.5637737547232717,-0.7053423036984792,-0.9433014909020588,1.0409391158229413,0.6212300690154778,1.2861187275064525,1.511247706265342,0.41369818995709984,-1.9900511482479943,-1.5767261017380705,-1.628504140518994,0.7032833650789091,0.6963899359768494
1.4455818439311225,-1.2021320009188432,0.7945466310609306,1.6075705867777492,-0.010684955964216718,0.3869294157667099,-0.6983308925851475,-0.6143490559379912,-1.182563899677747,0.7088550574066886,0.517807425001522,1.267308765155155,1.9267595997992633,0.41369818995709984,-1.9527229613497852,-1.5690132839198023,-1.6934674529435492,0.7760683467390157,0.7619128624669806
1.4455818439311225,-1.2021320009188432,0.9390096546438922,0.7571534518195706,-0.010684955964216718,0.2162783411814847,0.5733254516333004,-0.8569976202127723,-0.9433014909020588,0.4263503204494008,0.33406586681331973,1.078880099429381,1.0258873872101695,0.41369818995709984,-1.8918210332780823,-1.5372034770469056,-1.5391458332718215,0.8006300243641583,0.789320359303916
1.4455818439311225,-1.2021320009188432,1.0834726782268538,0.7995796074074215,-0.010684955964216718,0.3298047633575621,0.44841384407846374,-0.8569976202127723,-0.9433014909020588,0.34346058221324177,0.17812415950445992,0.8992784599044447,0.8151774531544994,0.41369818995709984,-1.837165927032688,-1.5042346284179653,-1.4992791159767005,0.8015675177100369,0.7905444626114353
1.4455818439311225,-1.2021320009188432,1.2279357018098151,0.8060704538026856,-0.010684955964216718,0.36708772207103796,0.42975420512343404,-0.7963355514589672,-1.122748297483825,0.29408862724625295,0.0767997372895466,0.7958526499651449,0.6951649068493634,0.41369818995709984,-1.8016023804317518,-1.4859821141411667,-1.477151454964144,0.8011727552469969,0.7900533049903902
1.4455818439311225,-1.2021320009188432,1.3723987253927767,0.802797132470377,-0.010684955964216718,0.38225406689938585,0.41860984067058593,-1.0086529367270654,-0.9433014909020588,0.20303065599874148,-0.0318003554690362,0.6118626443482809,0.5187884719452087,0.41369818995709984,-1.7658344511791282,-1.4575994135650263,-1.4490861424283517,0.8027042823949875,0.7915712422689476
1.4455818439311225,-1.2021320009188432,1.5168617489757383,0.7992612457355014,-0.010684955964216718,0.39150101515491964,0.4137381442838569,-1.0086529367270654,-0.6442234799324486,0.15495106252368065,-0.10866599037563543,0.5176807042420942,0.4427277013140937,0.41369818995709984,-1.7380376866441452,-1.44096988044973,-1.4354596016739614,0.8053896752010198,0.7942356238068908
1.4455818439311225,-1.2021320009188432,1.6613247725587,0.79633131366217,-0.010684955964216718,0.3975073426489369,0.41135145115278265,-1.1603082532413587,-0.3451454689628382,0.09742090840785432,-0.19184887497050565,0.40986226600603765,0.35283442193990716,0.41369818995709984,-1.7074770509256585,-1.4195185184939312,-1.4169382204160734,0.8084363485648819,0.7972712934588657
1.4455818439311225,-1.0920541489066795,-1.6613247698494156,0.7939754014081163,-0.010684955964216718,0.4016080224156346,0.4101393439131518,-1.1603082532413587,-0.3451454689628382,0.052653827411068575,-0.23642885416940246,0.3293082996200628,0.28649086921649997,0.41369818995709984,-1.6889426572112436,-1.4018225593953944,-1.4016437671485042,0.8116633921922944,0.8004971150809406
1.4455818439311225,-1.0920541489066795,-1.516861746266454,-0.7054689621240783,-0.010684955964216718,1.3120608931298612,1.3166631863560219,-1.1603082532413587,-0.3451454689628382,0.021083282393970074,-0.2708515484265501,0.34329600342784145,0.3100481422441168,0.41369818995709984,-1.6750132676583425,-1.4038775323612835,-1.4057394876114189,0.6871463468394158,0.6802899243963825
1.4455818439311225,-1.0920541489066795,-1.3723987226834924,1.6465228415183821,-0.010684955964216718,0.41099088564228786,-0.6983308925851475,-1.4939499206468474,0.07356374639461619,-0.12538970475121222,-0.3253093319642963,0.3915688828800136,0.3160508657751618,0.41369818995709984,-1.657422846710635,-1.4170390834612812,-1.410563138709267,0.8071201136675963,0.791908516129707
1.4455818439311225,-1.0920541489066795,-1.2279356991005308,-0.7054689621240783,-0.010684955964216718,1.11560710234532,1.512906335486959,-1.766929519298531,0.6717197683338367,-0.16210226984514853,-0.3850574857023865,0.38848986611155145,0.16677430858065567,0.41369818995709984,-1.6363902551297267,-1.4200280665958689,-1.3833240350289928,0.6920777274481605,0.685145766408701
1.4455818439311225,-1.0920541489066795,-1.0834726755175694,1.1014325805587812,-0.010684955964216718,0.18048965878042045,0.26428705097325295,-1.9185848358128244,1.0904289836912913,-0.30187330575449917,-0.44535260274160615,0.3796295947130475,0.16620246091363897,0.41369818995709984,-1.6155770069140887,-1.4228320333202114,-1.3879155891604777,0.8006217438929774,0.7863527181584856
1.4455818439311225,-1.0920541489066795,-0.9390096519346078,-0.7054689621240783,-0.010684955964216718,1.2792178234729534,1.3476937605399826,-1.766929519298531,0.4324573595581485,-0.3400588418656329,-0.4859393969627086,0.3398555516898809,0.17417059636768567,0.41369818995709984,-1.6042461967897848,-1.4221532812570432,-1.396975280782604,0.6649278625482403,0.6584064652339384
1.4455818439311225,-1.0920541489066795,-0.7945466283516462,1.234699009656515,-0.010684955964216718,0.19467868772015043,0.2255764437414383,-1.9185848358128244,0.6717197683338367,-0.40013023889441707,-0.5104087706574961,0.370763356227783,0.23318577869560006,0.41369818995709984,-1.597173157490775,-1.4321804177185855,-1.413184685863418,0.7934220542113802,0.7823476422882527
1.4455818439311225,-1.0920541489066795,-0.6500836047686848,-0.7054689621240783,-0.010684955964216718,1.2991127058580194,1.3269411011287984,-1.3119635697556518,0.31282615517030443,-0.3684707269630192,-0.4495243447712531,0.6466533174853927,0.35514277476585593,0.41369818995709984,-1.6165796160259671,-1.4785926447701065,-1.431043691418515,0.655255912188399,0.6489103414167855
1.4455818439311225,-1.0920541489066795,-0.5056205811857232,1.2223043438541652,-0.010684955964216718,0.10791884278567808,0.13372800887914701,-0.9176596889665775,-0.5844078777385264,-0.1719454889723331,-0.3063611116949745,1.3077869244160707,0.6549754192719759,0.41369818995709984,-1.6667665362485802,-1.5905696319316474,-1.4826135352523806,0.7968991320664089,0.7814755660115869
1.4455818439311225,-1.0920541489066795,-0.3611575576027617,-0.7054689621240783,-0.010684955964216718,1.261636964424487,1.318006827930779,-0.7053423036984792,-0.9433014909020588,0.0289096951556459,-0.07141037909818611,1.6926128740158979,0.8640016728065762,0.19705434177974954,-1.748828463268477,-1.6473196509056345,-1.5140349352481017,0.6326162039284532,0.627368459123045
1.4455818439311225,-1.0920541489066795,-0.21669453401980013,2.3305915625199773,-0.010684955964216718,-0.6991224441542135,-0.6983308925851475,-0.7053423036984792,-0.9433014909020588,0.04647363702601533,0.028076952184030363,1.535476463703601,0.9315367145839875,0.41369818995709984,-1.7826667017707534,-1.6169927720743913,-1.5220301447985416,0.9018544643054973,0.8795175529659343
1.4455818439311225,-1.0920541489066795,-0.0722315104368386,-0.7054689621240783,-0.010684955964216718,1.239831283628741,1.329345192426909,-0.553686987184186,-0.9433014909020588,0.1507923609733098,0.13845979242474618,1.3217933819250969,0.9535662655451754,0.41369818995709984,-1.8107216592659554,-1.564224370789495,-1.5089924065255786,0.6728585738269213,0.6699489766862093
1.4455818439311225,-1.0920541489066795,0.07223151314612293,1.6748797255863843,-0.010684955964216718,0.31602920815247887,-0.6983308925851475,-0.508190363303942,-1.003117093095981,0.27042008342177637,0.23050983432979813,1.3194875291126134,0.9936014716405526,0.41369818995709984,-1.8267296227995355,-1.542989865277333,-1.4947288451991765,0.7749267217775023,0.7600904361500949
1.4455818439311225,-1.0920541489066795,0.21669453672908448,-0.7054689621240783,-0.010684955964216718,1.088341907419643,1.5077860339664293,-0.4475282945501369,-1.003117093095981,0.3228677517116871,0.29784136957838675,1.3281142316864887,0.9778052279471099,0.41369818995709984,-1.8321084819362108,-1.5211679326626415,-1.467148314095461,0.6610589023940607,0.6545431837207198
1.4455818439311225,-1.0920541489066795,0.361157560312046,1.7605187462190426,-0.010684955964216718,0.3278359409220888,-0.6983308925851475,-0.40203167066989287,-1.003117093095981,0.32765791767633323,0.320146180118898,1.3432510259161627,1.002876807260111,0.41369818995709984,-1.8241032936602608,-1.504366721529466,-1.4515110247860745,0.7579272744634883,0.7468367618720634
1.4455818439311225,-1.0920541489066795,0.5056205838950075,-0.7054689621240783,-0.010684955964216718,1.011007655360517,1.4885394688945008,-0.4778593289270394,-0.5245922755446044,0.31104652382071823,0.30291930629016306,1.3204567544907255,0.9504202648902682,0.41369818995709984,-1.7872946296063057,-1.4639300942581526,-1.4029279936869434,0.6610794235617701,0.649944702564485
1.4455818439311225,-1.0920541489066795,0.6500836074779691,1.7672754770875585,-0.010684955964216718,0.32969565296311354,-0.6983308925851475,-0.553686987184186,0.31282615517030443,0.25012893771983835,0.2395548429327342,1.2787945547283166,0.9038683431525834,0.41369818995709984,-1.7182921990350204,-1.4000242429148804,-1.334342798350317,0.759638811854543,0.7485491541286651
1.4455818439311225,-1.0920541489066795,0.7945466310609306,-0.7054689621240783,-0.010684955964216718,1.0153686023108894,1.5173889837047723,-0.40203167066989287,0.07356374639461619,0.19648723979064636,0.15110134939227046,1.2014491761376052,0.7808422770303534,0.41369818995709984,-1.6351099076092386,-1.3240413378251545,-1.2435275462806796,0.6721853355178611,0.6610556837915073
1.4455818439311225,-1.0920541489066795,0.9390096546438922,1.7794284786621954,-0.010684955964216718,0.3321572591453833,-0.6983308925851475,-0.553686987184186,0.7315353705277589,0.10698919970212876,0.04311385553095268,1.1187760415106567,0.6925614068404383,0.41369818995709984,-1.534867094058778,-1.2400238799851577,-1.1525512782950686,0.7662984708069475,0.7552118496672147
1.4455818439311225,-1.0920541489066795,1.0834726782268538,-0.7054689621240783,-0.010684955964216718,1.0103031680160137,1.527156272755847,-0.40203167066989287,0.7315353705277589,0.05663927760201427,-0.04228087807777535,1.029800810823564,0.5701206041662695,0.41369818995709984,-1.4250793452425006,-1.1367905317229217,-1.0338110337510025,0.6749765743468151,0.6638483359472119
1.4455818439311225,-1.0920541489066795,1.2279357018098151,1.7949629853325493,-0.010684955964216718,0.34252011871832155,-0.6983308925851475,-0.31103842290940487,-0.04606745799322794,0.00578431775531299,-0.09254151225833823,0.9943887082223853,0.5368452747446296,0.41369818995709984,-1.3439490845958801,-1.0683939448593425,-0.961110722359968,0.7834547070426705,0.7723759336407093
1.4455818439311225,-1.0920541489066795,1.3723987253927767,-0.7054689621240783,-0.010684955964216718,1.00587999240137,1.534737890870885,-0.553686987184186,0.31282615517030443,-0.02155528190130691,-0.1436264730656356,0.9381736362918736,0.4530226362930252,0.41369818995709984,-1.278419952594121,-1.018865051836628,-0.9002484398060545,0.6792460572918126,0.6681195835945569
1.4455818439311225,-1.0920541489066795,1.5168617489757383,1.8022959786356707,-0.010684955964216718,0.3474281943807411,-0.6983308925851475,-0.553686987184186,-0.3451454689628382,-0.0659096366866436,-0.18614704721589262,0.9068506930036279,0.4296791772758032,0.41369818995709984,-1.2364800050831024,-1.002584468276469,-0.884704444375304,0.7943597275675018,0.7832859029252013
1.4455818439311225,-1.0920541489066795,1.6613247725587,-0.7054689621240783,-0.010684955964216718,1.0028367794633355,1.539153671434666,-0.5233559528072834,-0.2853298667689162,-0.07906737506460629,-0.2167360580514463,0.8710711883461905,0.37003932264300987,0.41369818995709984,-1.2065788472714183,-0.9935517950199962,-0.8680402722693609,0.6833249093894052,0.6722002694615214
1.4455818439311225,-0.9819762968945157,-1.6613247698494156,1.8023890920240766,-0.010684955964216718,0.3468751791734253,-0.6983308925851475,-0.7053423036984792,0.6717197683338367,-0.11965100431681762,-0.2532181573572338,0.8394243174909415,0.35039861919403686,0.41369818995709984,-1.1726597726554284,-0.9795849922647095,-0.856124661066266,0.798409598015961,0.7873374922622582
1.4455818439311225,-0.9819762968945157,-1.516861746266454,-0.7054689621240783,-0.010684955964216718,0.9874249888054718,1.5272478751533771,-0.7053423036984792,0.6717197683338367,-0.13169030148644512,-0.2774758033225519,0.8014770554574798,0.2918722743879271,0.41369818995709984,-1.140928340448173,-0.9578765435528139,-0.826661132258788,0.6750874606565427,0.663959189628057
1.4455818439311225,-0.9819762968945157,-1.3723987226834924,2.4469237341644208,-0.010684955964216718,-0.6991224441542135,-0.6983308925851475,-0.553686987184186,0.31282615517030443,-0.1503164949350659,-0.290180878608917,0.7644214466742429,0.29650071884823836,0.41369818995709984,-1.1133246173787743,-0.9341978852071648,-0.8128891787458264,0.8682186503377297,0.8571783847716987
1.4455818439311225,-0.9819762968945157,-1.2279356991005308,-0.7054689621240783,-0.010684955964216718,1.207809380061845,1.3851700411863124,-0.7053423036984792,1.0904289836912913,-0.12811021934110417,-0.3162212720563681,0.5662476758274667,0.205581970710472,0.41369818995709984,-1.0719377336666547,-0.8577164039188994,-0.7614191301061812,0.7133864399708892,0.7083074238356755
1.4455818439311225,-0.9819762968945157,-1.0834726755175694,1.655149554751746,-0.010684955964216718,0.455979897358676,-0.6983308925851475,-0.7053423036984792,0.6717197683338367,-0.14446006384716234,-0.33342626735305786,0.5336520381772846,0.20433598004597514,0.41369818995709984,-1.05169878381113,-0.8411996017326363,-0.7530426183967163,0.7950282856102424,0.7839547133027946
1.4455818439311225,-0.9819762968945157,-0.9390096519346078,-0.7054689621240783,-0.010684955964216718,1.0283574694696789,1.517957673188753,-0.7053423036984792,1.0904289836912913,-0.15211322524941304,-0.35040824277470645,0.5187846152928025,0.14902103782736395,0.41369818995709984,-1.0183108145273292,-0.8178266507346137,-0.7162011799535376,0.7078954075164579,0.6967819195100406
1.4455818439311225,-0.9819762968945157,-0.7945466283516462,1.734616718593352,-0.010684955964216718,0.39009267116183527,-0.6983308925851475,-0.553686987184186,0.7315353705277589,-0.17462051671882386,-0.3500737129621447,0.5504860423698625,0.16321325719968793,0.41369818995709984,-0.9872847075749523,-0.8021536094332142,-0.6945125744534478,0.799690550905606,0.788619173914172
1.4455818439311225,-0.9819762968945157,-0.6500836047686848,-0.7054689621240783,-0.010684955964216718,1.0127816978721818,1.5451216619611736,-0.2503763541555997,0.3726417573642265,-0.08051760266010315,-0.2542683268954024,1.5144501548412286,0.2550057080779696,0.41369818995709984,-0.9795606359332595,-1.0092321509236613,-0.6694952953741434,0.7000548813695521,0.6937653060361039
1.4455818439311225,-0.9819762968945157,-0.5056205811857232,-0.7054689621240783,-0.010684955964216718,-0.6991224441542135,-0.6983308925851475,0.02260324449608401,-0.5844078777385264,0.08520568418213104,-0.04763406083786199,2.072857805865527,0.4112760796281743,0.41369818995709984,-1.0636159573871464,-1.1372110137855085,-0.7105103617119897,-1.2740310493992413,-1.2860490588430924
1.4455818439311225,-0.9819762968945157,-0.3611575576027617,-0.7054689621240783,-0.010684955964216718,-0.6991224441542135,2.1406164809335935,0.05293427887298657,-0.6442234799324486,0.3903956464374285,0.14495489340577153,2.3897527349009158,0.621038524147585,-0.05777308115952296,-1.13335291073498,-1.1972792805637122,-0.7588012670308615,0.23860870384799748,0.22912630332974315
1.4455818439311225,-0.9819762968945157,-0.21669453401980013,-0.7054689621240783,-0.010684955964216718,-0.6991224441542135,-0.6983308925851475,0.05293427887298657,-0.2853298667689162,0.8441168755018122,0.3066118378921108,2.436312208011834,0.824306053668885,-0.7775036902592816,-1.1651463575130545,-1.1733775268489648,-0.7753588175612205,-1.2740310493992413,-1.2860490588430924
1.4455818439311225,-0.9819762968945157,-0.0722315104368386,2.266514301512395,-0.010684955964216718,-0.6991224441542135,-0.6983308925851475,0.20458959538727972,-0.8834858887081368,1.3267938250118936,0.5149575697628628,2.2094674377214094,0.9554000351166793,-1.5550472523528933,-1.2473854000776248,-1.1217071764453395,-0.8126120059914114,0.9038421374094125,0.8812227735426291
1.4455818439311225,-0.9819762968945157,0.07223151314612293,-0.7054689621240783,-0.010684955964216718,-0.6991224441542135,-0.6983308925851475,0.20458959538727972,-0.2853298667689162,1.4337915902506848,0.6988720389301318,1.803015913260254,0.9634117718591202,-1.3145341364029923,-1.2865317962798062,-0.9814190212151079,-0.7661245656156531,-1.2740310493992413,-1.2860490588430924
1.4455818439311225,-0.9819762968945157,0.21669453672908448,2.28984216556034,-0.010684955964216718,-0.6991224441542135,-0.6983308925851475,-0.09872103764130656,0.3726417573642265,1.5565920200263845,0.804026615771148,1.4004694208634187,0.952759641709882,-0.8946984957707106,-1.2699550843282483,-0.8183816999653502,-0.7001929905900607,0.8263655487843228,0.8186775285497977
1.4455818439311225,-0.9819762968945157,0.361157560312046,-0.7054689621240783,-0.010684955964216718,1.2650853994921931,1.2733136618277696,-0.09872103764130656,0.013748144200694123,1.5617139723781923,0.8875941390745544,1.03989200697668,1.2760162399194903,-0.2974882929519453,-1.2570034497985318,-0.68266291222978,-0.7611889835344934,0.8212140156483105,0.811285165807017
1.4455818439311225,-0.9819762968945157,0.5056205838950075,1.283779991672391,-0.010684955964216718,0.7468877605320706,-0.6983308925851475,-0.09872103764130656,0.3726417573642265,1.067070638432759,0.7760947879404362,0.8288847373898156,0.9898257677628748,0.4021847371510185,-1.15199757938661,-0.5740714026726905,-0.631484920388889,0.7882094976029692,0.7779280433194073
1.4455818439311225,-0.9819762968945157,0.6500836074779691,0.5911207981011273,-0.010684955964216718,0.3201400841699102,0.6958105389277018,-0.09872103764130656,0.7315353705277589,0.7945121349244761,0.6179588755951744,0.8521188683536046,0.5721061397608378,0.41369818995709984,-1.0037574184369267,-0.5109007764247835,-0.4248572912486216,0.8307819200876607,0.8195012472133778
1.4455818439311225,-0.9819762968945157,0.7945466310609306,0.6712705243438717,-0.010684955964216718,0.39555596946729643,0.5187382833229072,-0.007727789880818559,0.013748144200694123,0.7109313980231196,0.5239856401474413,0.8632057155547728,0.8582177942038177,0.41369818995709984,-0.9433972129780199,-0.5117406648731536,-0.5169336901863735,0.8008377561846545,0.7901991974502083
1.4455818439311225,-0.9819762968945157,0.9390096546438922,0.7050835120949379,-0.010684955964216718,0.40587699287743073,0.46786625252424724,-0.2503763541555997,1.0904289836912913,0.5149058463856789,0.3482452728558907,0.6970095626579751,0.6235271515313175,0.41369818995709984,-0.7899649605096142,-0.4068843354494152,-0.387061242967133,0.793287046529082,0.7823996881938621
1.4455818439311225,-0.9819762968945157,1.0834726782268538,0.7402272677814603,-0.010684955964216718,0.4209219287408575,0.4556601806492236,-0.2503763541555997,0.7315353705277589,0.41760815050219213,0.227111604271813,0.636703626532599,0.5562302398674441,0.41369818995709984,-0.6816711113351274,-0.35766975518875743,-0.3341925446347632,0.810059140906106,0.7991090876612661
1.4455818439311225,-0.9819762968945157,1.2279357018098151,0.755077776776866,-0.010684955964216718,0.4189947322362143,0.4397608761836152,-0.068390003264404,0.910982177109525,0.35960640484816225,0.15312052617231103,0.5983096854330593,0.530439239295938,0.41369818995709984,-0.5914406346990299,-0.30359204009833335,-0.28345151018264925,0.8086428203136766,0.797606313363083
1.4455818439311225,-0.9819762968945157,1.3723987253927767,0.764939453418887,-0.010684955964216718,0.4170906612486989,0.4297684590434159,-0.2503763541555997,0.7315353705277589,0.30367899303806034,0.08087620184093228,0.5535667640202564,0.4996718224432819,0.41369818995709984,-0.5173781047111156,-0.2695176108504959,-0.25361133849231476,0.8086451604468364,0.7975688157224274
1.4455818439311225,-0.9819762968945157,1.5168617489757383,0.7806609942075708,-0.010684955964216718,0.4241491997720321,0.43181829850668435,-0.2503763541555997,0.7315353705277589,0.28110146453104473,0.03467509399339753,0.5364284384028886,0.4898741098493078,0.41369818995709984,-0.4655394734485967,-0.2509133502588701,-0.23730083795416312,0.8086185189308629,0.7975509889752306
1.4455818439311225,-0.9819762968945157,1.6613247725587,0.7860909938482205,-0.010684955964216718,0.42259096038156463,0.4270761450986137,-0.12905207201820915,0.5520885639459927,0.26057017505291513,0.0001324206895504472,0.5231414410689958,0.484098616109702,0.41369818995709984,-0.41586001097863856,-0.23483413339637363,-0.22365370970042212,0.8089722390584841,0.7979050650574859
1.4455818439311225,-0.8718984448823519,-1.6613247698494156,0.7897130867162927,-0.010684955964216718,0.4215522041985776,0.42394216925084527,-0.2503763541555997,0.7315353705277589,0.23321987260961258,-0.038351917177920074,0.49497252935420255,0.4628387955859353,0.41369818995709984,-0.36369707005393803,-0.21703490932467645,-0.2079848890104511,0.8096132555340358,0.798546213241153
1.4455818439311225,-0.8718984448823519,-1.516861746266454,-0.7054689621240783,-0.010684955964216718,1.2263034868048865,1.2259378241375927,-0.2503763541555997,0.7315353705277589,0.1974618623029337,-0.0669535103928536,0.5084521783463656,0.4812561475009239,0.41369818995709984,-0.32849523489914034,-0.2200003351372621,-0.21284440569927326,0.655115864219295,0.6439784795974549
1.4455818439311225,-0.8718984448823519,-1.3723987226834924,2.4074791805070515,-0.010684955964216718,-0.6991224441542135,-0.6983308925851475,-0.1593831063951117,0.851166574915603,0.13860656941096378,-0.08611769294623428,0.5466159603851398,0.5226958181743846,0.41369818995709984,-0.2964870294906033,-0.22451710203622,-0.2188119632741973,0.8318384002042047,0.8207816994344505
1.4455818439311225,-0.8718984448823519,-1.2279356991005308,-0.7054689621240783,-0.010684955964216718,1.2231514788203643,1.2212589749035587,-0.09872103764130656,0.7315353705277589,0.13379165325211398,-0.10003243932696836,0.5040365341435322,0.4836743420341735,0.41369818995709984,-0.2668761577827916,-0.1963937471374644,-0.19147869887320887,0.710622382688638,0.6995102314517244
1.4455818439311225,-0.8718984448823519,-1.0834726755175694,2.3740642121243454,-0.010684955964216718,-0.6991224441542135,-0.6983308925851475,-0.2503763541555997,0.7315353705277589,0.10720660005661976,-0.12360267593060886,0.4749256751615321,0.45715888928627074,0.41369818995709984,-0.23523087032955314,-0.1787629740532349,-0.17447017375181173,0.8235503685930412,0.8124898031262179
1.4455818439311225,-0.8718984448823519,-0.9390096519346078,-0.7054689621240783,-0.010684955964216718,1.2520329371613022,1.248779940524936,-0.2503763541555997,0.9707977793034471,0.11336538486830774,-0.14783985488207824,0.39192520320371715,0.377086800122886,0.41369818995709984,-0.20013086454785117,-0.13993986198755046,-0.1359028527314934,0.739817523970254,0.7287186395658252
1.4455818439311225,-0.8718984448823519,-0.7945466283516462,1.518730367321721,-0.010684955964216718,0.5659797832887473,-0.6983308925851475,-0.2503763541555997,0.7315353705277589,0.0846658623788257,-0.16734068452531536,0.39213916588613246,0.342831280198691,0.41369818995709984,-0.16765574009443207,-0.13588219394843423,-0.11864250998646038,0.7850110756042038,0.7739330078010439
1.4455818439311225,-0.8718984448823519,-0.6500836047686848,-0.7054689621240783,-0.010684955964216718,1.0514971772557393,1.4877678706672495,-0.2503763541555997,0.7315353705277589,0.08432872459832275,-0.1514067613645407,0.4661992369946585,0.3062858541474834,0.41369818995709984,-0.15740716868656024,-0.16205405598982153,-0.10340667691441063,0.7123234794855949,0.7012121735461762
1.4455818439311225,-0.8718984448823519,-0.5056205811857232,1.608110787957885,-0.010684955964216718,0.39532797289161353,-0.6983308925851475,-0.2503763541555997,0.7315353705277589,0.10064646074433302,-0.06507054511877172,0.6929996803548615,0.39487864124668026,0.41369818995709984,-0.19384881265407328,-0.24355055767254313,-0.13685616230668646,0.782346383976124,0.7681259961279446
1.4455818439311225,-0.8718984448823519,-0.3611575576027617,-0.7054689621240783,-0.010684955964216718,1.051611648565522,1.5471972842502917,-0.09872103764130656,0.7315353705277589,0.1834686376395579,0.0731608433790645,0.9496244757854375,0.5212980614868232,0.41369818995709984,-0.25957484695072847,-0.32285956300715307,-0.17373552509077414,0.6888533839743939,0.6817209818954977
1.4455818439311225,-0.8718984448823519,-0.21669453401980013,2.313463004874696,-0.010684955964216718,-0.6991224441542135,-0.6983308925851475,-0.09872103764130656,0.7913509727216809,0.2998580981923601,0.20912745093067556,1.0718449041386504,0.6662715069113443,0.41369818995709984,-0.3250747814308181,-0.35256889578536177,-0.21482145576849038,0.8518899211893729,0.8335954423764852
1.4455818439311225,-0.8718984448823519,-0.0722315104368386,-0.7054689621240783,-0.010684955964216718,1.1985286895745018,1.349563329838775,-0.09872103764130656,0.851166574915603,0.414618728396899,0.34279892989483746,1.129381259566149,0.8015134801607978,0.41369818995709984,-0.3845532699956686,-0.35736512351793465,-0.24868160759518104,0.6988803145335579,0.6934733162113274
1.4455818439311225,-0.8718984448823519,0.07223151314612293,2.368577877986664,-0.010684955964216718,-0.6991224441542135,-0.6983308925851475,-0.09872103764130656,1.0904289836912913,0.48618759401950234,0.4294696759531682,1.1648214927191989,0.8894488939888201,0.41369818995709984,-0.4222014231230836,-0.3575555183121989,-0.2680652800100803,0.8148445332077257,0.8037799003319894
1.4455818439311225,-0.8718984448823519,0.21669453672908448,-0.7054689621240783,-0.010684955964216718,1.219042494890698,1.2908625431065686,0.05293427887298657,0.7315353705277589,0.9513280275500885,0.5545435975826729,1.2040849236038524,1.2196984680678118,-0.01690564695880891,-0.46796600467099164,-0.3469951688590364,-0.3596887539621187,0.7074164002596639,0.7016463675382474
1.4455818439311225,-0.8718984448823519,0.361157560312046,2.2969291888143193,-0.010684955964216718,-0.6991224441542135,-0.6983308925851475,0.05293427887298657,0.7315353705277589,0.9266795098199833,0.5883932154520565,1.2028744574324193,1.2010823948961034,0.41369818995709984,-0.47208816386671293,-0.3336815170589883,-0.3403031311525441,0.7936128650690283,0.7787538110343893
1.4455818439311225,-0.8718984448823519,0.5056205838950075,-0.7054689621240783,-0.010684955964216718,1.2603104006692454,1.2793309122248024,-0.09872103764130656,1.0904289836912913,0.8472099808530934,0.5556784582126293,1.0692944007689829,1.0700605232714226,0.41369818995709984,-0.42123669839882594,-0.26164903503104436,-0.26807893277280753,0.7003904204626238,0.6930194513257975
1.4455818439311225,-0.8718984448823519,0.6500836074779691,1.4523010513584484,-0.010684955964216718,0.5653734742760507,-0.6983308925851475,-0.09872103764130656,1.0904289836912913,0.6817181417728712,0.49236198647388013,1.085870115348924,1.036736561643497,0.41369818995709984,-0.3560275326262728,-0.24632817031519355,-0.2347722596128691,0.7515855136003352,0.7388747628395432
1.4455818439311225,-0.8718984448823519,0.7945466310609306,0.6905323473934734,-0.010684955964216718,0.2733578988322333,0.618816837255292,-0.068390003264404,0.851166574915603,0.5488871941030407,0.38783271219389714,1.0411962416543508,0.7999899505259455,0.41369818995709984,-0.27823302850494946,-0.2221458800900274,-0.13876538198330632,0.7832782970044675,0.7719005537154592
1.4455818439311225,-0.8718984448823519,0.9390096546438922,0.730691129180408,-0.010684955964216718,0.3458197095485141,0.46631802527445676,-0.2503763541555997,0.7315353705277589,0.4753396507924855,0.25879242443233097,0.91938924716955,0.6658623255894907,0.41369818995709984,-0.19248497469972,-0.1799335255510787,-0.0892736836759952,0.7657654604772343,0.7547555259200026
1.4455818439311225,-0.8718984448823519,1.0834726782268538,0.7603681960395198,-0.010684955964216718,0.3817495101620515,0.4518565849870149,-0.2503763541555997,0.7315353705277589,0.4301110121200112,0.17327700601780532,0.8554578796166351,0.6312169095286934,0.41369818995709984,-0.137150603797301,-0.15703408748206807,-0.0762903397434218,0.7796096882508184,0.7685290445387063
1.4455818439311225,-0.8718984448823519,1.2279357018098151,0.7732922984684325,-0.010684955964216718,0.3948509565428587,0.439500113294536,-0.1593831063951117,0.910982177109525,0.38005474772950143,0.10139403034472115,0.7764110288581911,0.5939092994169018,0.41369818995709984,-0.08566089498382586,-0.12774039622082947,-0.06159043178604637,0.7871296161548268,0.776052341666071
1.4455818439311225,-0.8718984448823519,1.3723987253927767,0.7830441766640094,-0.010684955964216718,0.40420880216461913,0.4339534518733735,-0.2503763541555997,0.7315353705277589,0.3279181291775548,0.03679660584268169,0.6923441532521629,0.5493471057053616,0.41369818995709984,-0.037416213206823194,-0.10345785291755354,-0.05138119921333797,0.7950912891953149,0.7840178240859744
1.4455818439311225,-0.8718984448823519,1.5168617489757383,0.7912023627031106,-0.010684955964216718,0.4117300612624827,0.4318419851678306,-0.40203167066989287,1.0904289836912913,0.2780672245065181,-0.024662307949521872,0.6102992676170075,0.5005404942659055,0.41369818995709984,0.009784838146864202,-0.08707443465495575,-0.046996061851657764,0.8031741091293851,0.7921042005385923
1.4455818439311225,-0.8718984448823519,1.6613247725587,0.7938290931841373,-0.010684955964216718,0.41384657165961314,0.42742400363111127,-0.22004531977869715,0.910982177109525,0.24114595507227043,-0.06604590419252777,0.5483003837335566,0.4646298023553601,0.41369818995709984,0.0524228718578021,-0.07136008736429218,-0.040747430732968014,0.8047902410916159,0.7937211069998636
1.4455818439311225,-0.7618205928701882,-1.6613247698494156,0.7952797961873188,-0.010684955964216718,0.415326289407833,0.4243403357362199,-0.40203167066989287,1.0904289836912913,0.2039604605917953,-0.1096371148948021,0.4874343938936513,0.4237443711362954,0.41369818995709984,0.09418570382414707,-0.062092271158519015,-0.03873614040167303,0.8065831431125356,0.7955148465971223
1.4455818439311225,-0.7618205928701882,-1.516861746266454,-0.7054689621240783,-0.010684955964216718,1.2233955581420497,1.2292646471380562,-0.40203167066989287,1.0904289836912913,0.15297238483572875,-0.14963460026888117,0.45335721384491234,0.4044130691376584,0.41369818995709984,0.13071421645117304,-0.06782691933468582,-0.05007941912282089,0.6528029126061626,0.6416642809441033
1.4455818439311225,-0.7618205928701882,-1.3723987226834924,1.6399151997168515,-0.010684955964216718,0.4377280829655419,-0.6983308925851475,-0.22004531977869715,0.910982177109525,0.07520727464804826,-0.17315755101294014,0.4897240503277846,0.4179420458346008,0.41369818995709984,0.16631009749759476,-0.08556396928712609,-0.05937456672436215,0.7585281486548366,0.7474379535533927
1.4455818439311225,-0.7618205928701882,-1.2279356991005308,-0.7054689621240783,-0.010684955964216718,1.042385933739351,1.4402979151818984,-0.40203167066989287,1.0904289836912913,0.025639993824101336,-0.20133639452803295,0.5197274150009751,0.35661347976284613,0.41369818995709984,0.1994707604556702,-0.10682945429123623,-0.045574224133348704,0.6717864328192308,0.6606567334835495
1.4455818439311225,-0.7618205928701882,-1.0834726755175694,1.6861371163037515,-0.010684955964216718,0.37821750788472436,-0.6983308925851475,-0.40203167066989287,0.7315353705277589,-0.036670961318023894,-0.22900850301059547,0.5635343562333318,0.3392148887209152,0.41369818995709984,0.21848534481572626,-0.15074826251165835,-0.06728536752746442,0.7594143390814418,0.7483245780950124
1.4455818439311225,-0.7618205928701882,-0.9390096519346078,-0.7054689621240783,-0.010684955964216718,1.0124679266511518,1.4845739445089694,-0.28070738853250227,0.7913509727216809,-0.06280382177617685,-0.2444653330209656,0.5865434427821501,0.2804713759591495,0.41369818995709984,0.22713601549222384,-0.1804229584967862,-0.06652384676201127,0.679149031770801,0.6680226634632451
1.4455818439311225,-0.7618205928701882,-0.7945466283516462,1.7119838858877674,-0.010684955964216718,0.3486890606441422,-0.6983308925851475,-0.40203167066989287,1.0904289836912913,-0.09733703193186187,-0.2494091755040779,0.630290713146901,0.28764378790000145,0.41369818995709984,0.23606611369015476,-0.20406590437255073,-0.07750001786315981,0.7617580724461382,0.7506693076142529
1.4455818439311225,-0.7618205928701882,-0.6500836047686848,-0.7054689621240783,-0.010684955964216718,1.0469479675727487,1.5511101949017727,-0.40203167066989287,1.0904289836912913,-0.04594626382686125,-0.17491559692663505,0.9316916751879459,0.3173303958922696,0.41369818995709984,0.1901034233381908,-0.3129730175038613,-0.09194377398650974,0.6803923625196456,0.6734094146938064
1.4455818439311225,-0.7618205928701882,-0.5056205811857232,2.4211946570328027,-0.010684955964216718,-0.6991224441542135,-0.6983308925851475,-0.18971428540179458,0.6717197683338367,-0.022010150335318838,-0.11838570467648094,0.9255634770848246,0.385303966012569,0.41369818995709984,0.15916804587463868,-0.30633888838439643,-0.11317642055361335,0.8547871860514917,0.8437409105829131
1.4455818439311225,-0.7618205928701882,-0.3611575576027617,-0.7054689621240783,-0.010684955964216718,1.1629502917053205,1.3463216111252616,-0.113886627144648,0.5520885639459927,0.29737973415116276,0.14695078013557047,1.7072279743745038,0.6545243136343586,0.14621544550544224,-0.006635751519402488,-0.5527080310794389,-0.2048475708199374,0.6969808464487441,0.6929852321673851
1.4455818439311225,-0.7618205928701882,-0.21669453401980013,2.2548336844303845,-0.010684955964216718,-0.6991224441542135,-0.6983308925851475,-0.022893379384159997,0.4324573595581485,0.9023908732920816,0.33165569949285884,2.0666699368947996,0.783217708761524,-0.7648471987994515,-0.11272796277890007,-0.6494907606849304,-0.2388249630376668,0.8084993521499544,0.7914683798885702
1.4455818439311225,-0.7618205928701882,-0.0722315104368386,-0.7054689621240783,-0.010684955964216718,-0.6991224441542135,1.7375143661487853,0.05293427887298657,0.31282615517030443,1.3160020714149605,0.4605301338663406,1.9455269939223554,0.9537289318903386,-1.2905935018362977,-0.18307661627080393,-0.6036178779828111,-0.2885190689701723,0.030340182812174384,0.05565863181739646
1.4455818439311225,-0.7618205928701882,0.07223151314612293,1.3356857719550363,-0.010684955964216718,-0.6991224441542135,-0.6983308925851475,-0.022893379384159997,0.4324573595581485,1.7833191841871272,0.556314347160136,1.593369991895769,1.0792369175057788,-1.8991053969736025,-0.2372351233459824,-0.49184128940980953,-0.32909226255879864,0.1277502057029822,0.0763287451921814
1.4455818439311225,-0.7618205928701882,0.21669453672908448,-0.7054689621240783,-0.010684955964216718,-0.6991224441542135,-0.6983308925851475,-0.09872103764130656,0.7315353705277589,1.8488128805190007,0.6393151459076624,1.3025878869656689,1.3080430632176876,-1.2506772349083553,-0.27270552743977433,-0.38263771975138466,-0.3923726010890713,-1.2740310493992413,-1.2860490588430924
1.4455818439311225,-0.7618205928701882,0.361157560312046,1.0197161632481067,-0.010684955964216718,1.0653372736768065,-0.6983308925851475,0.08326531324988914,0.013748144200694123,1.8574553807652274,0.7124811916213316,0.9760441786384134,1.6667667940770614,-0.8823075823808918,-0.3193868146473759,-0.2819160768259112,-0.5204652048118215,0.8332428401205919,0.8234411632490289
1.4455818439311225,-0.7618205928701882,0.5056205838950075,1.1621421509810654,-0.010684955964216718,0.9055998664361095,-0.6983308925851475,-0.09872103764130656,0.3726417573642265,1.6957917946965497,0.7381270657328712,0.913212459931378,2.21211242412692,-0.1378431143467397,-0.3356466972935436,-0.2676151688553787,-0.6943779972208507,0.7693244429928572,0.7607776879903057
1.4455818439311225,-0.7618205928701882,0.6500836074779691,1.2237012240894818,-0.010684955964216718,0.8637761073185987,-0.6983308925851475,-0.09872103764130656,0.3726417573642265,1.4856251861546794,0.7428789417412646,1.1012737236008932,2.520660295393996,0.41369818995709984,-0.3355996434363075,-0.33560181528904776,-0.7854824494787342,0.7388346680431233,0.7289622717775159
1.4455818439311225,-0.7618205928701882,0.7945466310609306,0.489779254057764,-0.010684955964216718,0.25788240788628125,0.8658133742626875,-0.09872103764130656,0.13337934858853825,1.2765689917311323,0.6861020338067294,1.1670165282061284,2.451753490004797,0.41369818995709984,-0.3102093820716651,-0.3746394173094005,-0.780399504244328,0.7807174712866357,0.7682307026545838
1.4455818439311225,-0.7618205928701882,0.9390096546438922,1.2129346970150412,-0.010684955964216718,0.7830536516522857,-0.6983308925851475,-0.40203167066989287,0.7315353705277589,0.9060773143800812,0.5251077971136295,1.0502150670724932,1.7572922921329646,0.41369818995709984,-0.21869059495462417,-0.35160229260950954,-0.5896753932866287,0.7133551181885961,0.7036476760425227
1.4455818439311225,-0.7618205928701882,1.0834726782268538,0.5415148646893434,-0.010684955964216718,0.2544466918529954,0.7569658297191314,-0.40203167066989287,1.0904289836912913,0.785469618025986,0.3694505107213571,0.965814887048838,0.70619519432679,0.41369818995709984,-0.12284598989567051,-0.32823235350653746,-0.2418706126784404,0.7854364398085646,0.7731623595687741
1.4455818439311225,-0.7618205928701882,1.2279357018098151,0.6658267998974166,-0.010684955964216718,0.37868338193886303,0.5579579441528962,-0.18971428540179458,0.25301055297638236,0.7005945128601985,0.27339316865654617,0.9232712633277939,0.659024469688433,0.41369818995709984,-0.06786585008259877,-0.3280864917319486,-0.23969180511558727,0.778069880631647,0.7671352797751064
1.4455818439311225,-0.7618205928701882,1.3723987253927767,0.7046130113991868,-0.010684955964216718,0.3942230987528383,0.4956678945993842,-0.40203167066989287,0.7315353705277589,0.5764522212041635,0.18805066122108727,0.8345713710726538,0.5964230813900927,0.41369818995709984,-0.020600371139772596,-0.3107158172988665,-0.2304337150128771,0.7781892274227985,0.7670885614031422
1.4455818439311225,-0.7618205928701882,1.5168617489757383,0.736960853704361,-0.010684955964216718,0.4090613765859319,0.471794674794532,-0.553686987184186,1.0904289836912913,0.47047456532106086,0.10120912146098447,0.7331470925210477,0.5427138404652307,0.41369818995709984,0.02875936640281152,-0.28748012266100276,-0.22308311090263097,0.7932744458120675,0.7821583099387135
1.4455818439311225,-0.7618205928701882,1.6613247725587,0.7524867487318564,-0.010684955964216718,0.4107238910354485,0.451375305571158,-0.31103842290940487,0.6717197683338367,0.40168574853927164,0.048939896886854475,0.6697791884465253,0.5265713019235799,0.41369818995709984,0.058012870097460215,-0.2729903258437314,-0.22502527057821178,0.7956754224340583,0.7845255790233753
1.4455818439311225,-0.6517427408580244,-1.6613247698494156,0.7629043248613073,-0.010684955964216718,0.41136699064357585,0.4381087839727807,-0.4323627050467954,0.6717197683338367,0.33514518588500314,-0.007424847734313449,0.6031762709067997,0.4976150155119153,0.41369818995709984,0.08193577502182973,-0.26614063109279446,-0.2313311132740443,0.7984918626970413,0.7873313451080524
1.4455818439311225,-0.6517427408580244,-1.516861746266454,-0.7054689621240783,-0.010684955964216718,1.2157347050135237,1.2368672269001266,-0.553686987184186,1.0904289836912913,0.27758359233329655,-0.06434784780218257,0.574220556180575,0.4964570659105222,0.41369818995709984,0.11046682103152909,-0.26916328291133973,-0.24434111260051375,0.640263219064065,0.6322872070134031
1.4455818439311225,-0.6517427408580244,-1.3723987226834924,1.6308457045131868,-0.010684955964216718,0.461170104330055,-0.6983308925851475,-0.553686987184186,0.31282615517030443,0.1902508597755093,-0.10220264855403051,0.6174145923585229,0.518014549076211,0.41369818995709984,0.1177070825001012,-0.3100519095755903,-0.2783726824481132,0.7569932013122279,0.7459021895276383
1.4455818439311225,-0.6517427408580244,-1.2279356991005308,-0.7054689621240783,-0.010684955964216718,1.0363936917875842,1.451499400122909,-0.553686987184186,0.7315353705277589,0.13306319483352724,-0.13508325918154218,0.6581876961936047,0.46809526629638665,0.41369818995709984,0.12067654284445209,-0.34943093141345416,-0.28643583074640994,0.6675428713492345,0.6564110989787288
1.4455818439311225,-0.6517427408580244,-1.0834726755175694,1.6783053653517501,-0.010684955964216718,0.3856852629452331,-0.6983308925851475,-0.4930249184303809,0.4922729617520706,0.06622897446965398,-0.15877770938647146,0.7092787454787051,0.4598479148993537,0.41369818995709984,0.12079285032746664,-0.38636343392886274,-0.30381471414559863,0.7522916937838763,0.7411985920344839
1.4455818439311225,-0.6517427408580244,-0.9390096519346078,-0.7054689621240783,-0.010684955964216718,1.0089086993332061,1.4906094315389202,-0.4323627050467954,0.4922729617520706,0.03403365427995675,-0.1756382942432242,0.7378858118499184,0.408163618425878,0.41369818995709984,0.12492345508730725,-0.4062062287923295,-0.2960937517575609,0.6746889179783985,0.6635604442252393
1.4455818439311225,-0.6517427408580244,-0.7945466283516462,1.7084918647087017,-0.010684955964216718,0.3518737597006042,-0.6983308925851475,-0.553686987184186,1.0904289836912913,-0.010483918002290102,-0.18710758534858582,0.7730745749180579,0.40612525819344747,0.41369818995709984,0.1259929048066444,-0.423352301908788,-0.30112858725664254,0.7555695002998329,0.7444778938981494
1.4455818439311225,-0.6517427408580244,-0.6500836047686848,-0.7054689621240783,-0.010684955964216718,1.0185550883391297,1.5356237300744615,-0.2503763541555997,0.7315353705277589,0.06063074811046894,-0.06667614706724859,1.6858172146365566,0.46988795003844197,0.41369818995709984,0.04732923148652769,-0.6960122764997128,-0.31327152779467204,0.6768308598606197,0.6705518076086603
1.4455818439311225,-0.6517427408580244,-0.5056205811857232,-0.7054689621240783,-0.010684955964216718,-0.6991224441542135,-0.6983308925851475,-0.14421766152155058,0.013748144200694123,0.16652679524511657,0.09869450179398531,2.189866410153851,0.6066224289290829,0.41369818995709984,-0.06817688814402151,-0.843818229343692,-0.3703522117836574,-1.2740310493992413,-1.2860490588430924
1.4455818439311225,-0.6517427408580244,-0.3611575576027617,1.3684225734626465,-0.010684955964216718,-0.6991224441542135,0.5257741649574648,-0.053224413761062565,-0.16569866238107206,0.5542064790843096,0.2759451935557516,2.537450066398932,0.725670715971654,0.02020508599606354,-0.18638679480191117,-0.937485368654794,-0.4150983831353929,0.8267698517902451,0.8089711720588056
1.4455818439311225,-0.6517427408580244,-0.21669453401980013,-0.7054689621240783,-0.010684955964216718,-0.6991224441542135,-0.6983308925851475,0.05293427887298657,0.013748144200694123,0.8236484648954431,0.43553144084787937,2.5719713681908516,0.779980313098252,-0.16806285685066014,-0.27828177147500954,-0.9336264856890113,-0.4176271781872064,-1.2740310493992413,-1.2860490588430924
1.4455818439311225,-0.6517427408580244,-0.0722315104368386,2.242405289693506,-0.010684955964216718,-0.6991224441542135,-0.6983308925851475,0.17425856101037715,-0.5245922755446044,1.4028110363494664,0.5682000361334542,2.308739302834376,0.7651365898589603,-0.8878192047942084,-0.36440842785461625,-0.8678658448330283,-0.415483911149548,0.8286390781542241,0.8173433911819943
1.4455818439311225,-0.6517427408580244,0.07223151314612293,-0.7054689621240783,-0.010684955964216718,-0.6991224441542135,1.8520672517815369,0.05293427887298657,-0.2853298667689162,1.5858327021675072,0.6578137976314107,1.826949898256963,0.7369944736594264,-0.7212619766840411,-0.4261452602649714,-0.7411629497957926,-0.4115989416668279,0.14562729295705595,0.16185932673885023
1.4455818439311225,-0.6517427408580244,0.21669453672908448,-0.7054689621240783,-0.010684955964216718,-0.6991224441542135,-0.6983308925851475,0.20458959538727972,-0.5844078777385264,1.7622253294839918,0.7453025184845918,1.4382274410024731,1.1169838944467738,-0.730907023420484,-0.48510301947640816,-0.6334220854551107,-0.5425735785881443,-1.2740310493992413,-1.2860490588430924
1.4455818439311225,-0.6517427408580244,0.361157560312046,1.0580647059425232,-0.010684955964216718,0.9713308902763504,-0.6983308925851475,0.05293427887298657,-0.46477667335068235,1.7362028415135036,0.784712106529844,0.9900242104774998,1.5799968762272698,-0.32610871729857344,-0.5238780521591717,-0.5125435500394747,-0.7018926511943433,0.8545209509019998,0.8392768471986456
1.4455818439311225,-0.6517427408580244,0.5056205838950075,1.1852597474158855,-0.010684955964216718,0.8609007646117147,-0.6983308925851475,0.05293427887298657,-0.2853298667689162,1.6121749358901392,0.8163548156990574,0.943779288082961,2.2333093581770416,0.3651746196764146,-0.5419846177254856,-0.4933214206917733,-0.8821210382725816,0.7947120076131785,0.7865481976622307
1.4455818439311225,-0.6517427408580244,0.6500836074779691,0.5302827706728725,-0.010684955964216718,0.3217153523502627,0.7226801213675568,-0.09872103764130656,-0.2853298667689162,1.3772246869362954,0.8123990359534694,1.0436205837610801,2.683864948771515,0.41369818995709984,-0.5560259713284255,-0.5462027680410636,-1.0164156803523332,0.8084946718836348,0.7970387261247455
1.4455818439311225,-0.6517427408580244,0.7945466310609306,1.2194431255144744,-0.010684955964216718,0.8091084359882951,-0.6983308925851475,-0.09872103764130656,-0.5245922755446044,1.0964116591990314,0.7410235010720136,1.046275937369541,2.6873463439525316,0.41369818995709984,-0.5481047560900046,-0.5851575429475274,-1.0483319388192873,0.7401219212912756,0.7305125840682241
1.4455818439311225,-0.6517427408580244,0.9390096546438922,1.260273256625909,-0.010684955964216718,0.7706012964908617,-0.6983308925851475,-0.2503763541555997,0.013748144200694123,0.837507904725286,0.582135249528037,0.991934530681853,1.9239900794999139,0.41369818995709984,-0.46230072025975566,-0.5717290088648385,-0.8534328997038034,0.731679620901806,0.7215082325875368
1.4455818439311225,-0.6517427408580244,1.0834726782268538,0.5256569728887356,-0.010684955964216718,0.21948217134757067,0.7886547044281351,-0.40203167066989287,0.7315353705277589,0.7297181332719799,0.414457474174684,0.947972445193721,0.7359597815463785,0.41369818995709984,-0.35928438345251235,-0.5456511609760991,-0.4839403804376033,0.795318642132305,0.782581234148074
1.4455818439311225,-0.6517427408580244,1.2279357018098151,0.6577627139974656,-0.010684955964216718,0.36044828098765314,0.5596850790601057,-0.22004531977869715,-0.2853298667689162,0.6332117746788403,0.29267874177482267,0.8720872979774216,0.6034655279520771,0.41369818995709984,-0.30255287494292676,-0.5457972378860488,-0.46474632972724916,0.7860758361919288,0.7751642827884699
1.4455818439311225,-0.6517427408580244,1.3723987253927767,0.705656276049632,-0.010684955964216718,0.3889453301643344,0.49969881932365595,-0.40203167066989287,0.013748144200694123,0.545854960851017,0.19066902747552647,0.7991635306763042,0.5484608256701172,0.41369818995709984,-0.254962121130591,-0.5379600718292669,-0.46202141165530614,0.7847025380475917,0.7736121263515001
1.4455818439311225,-0.6517427408580244,1.5168617489757383,0.7381287180624132,-0.010684955964216718,0.4056799004019095,0.473690655768585,-0.4475282945501369,0.13337934858853825,0.43762503729538765,0.11163882941465095,0.701039051103302,0.5002143230892641,0.41369818995709984,-0.2255614233184343,-0.5280765382210255,-0.4677000941077632,0.7986340707890621,0.7875518230389011
1.4455818439311225,-0.6517427408580244,1.6613247725587,0.7533984167148724,-0.010684955964216718,0.40848649725333164,0.45245252461213736,-0.4930249184303809,0.1931949507824603,0.36368282872591035,0.043790678506156776,0.6322291639031256,0.48047383976877345,0.41369818995709984,-0.19996484888744867,-0.5235976351455597,-0.47893220033241773,0.8001538972712534,0.7890306234356816
1.4455818439311225,-0.5416648888458606,-1.6613247698494156,0.7635875151947373,-0.010684955964216718,0.4098389195413615,0.4387813384178054,-0.7053423036984792,0.6717197683338367,0.2850548063619425,-0.035652388627184235,0.53826203892032,0.42717964956997206,0.41369818995709984,-0.16976688982242866,-0.5134045217531984,-0.4813866636760496,0.80238602428525,0.7912417548035157
1.4455818439311225,-0.5416648888458606,-1.516861746266454,-0.7054689621240783,-0.010684955964216718,1.265338098324808,1.2882584776957715,-0.8569976202127723,0.6717197683338367,0.22720356864563718,-0.10454223996466824,0.512205475918774,0.43062415135311677,0.41369818995709984,-0.15259006021473537,-0.5321316246358128,-0.5100158569835291,0.6524463123146524,0.6452273764269376
1.4455818439311225,-0.5416648888458606,-1.3723987226834924,1.5956334145022497,-0.010684955964216718,0.41220844411906776,-0.6983308925851475,-0.644680234944674,0.13337934858853825,0.0849628647092688,-0.14301316840927236,0.5928532108109865,0.46964981992490423,0.41369818995709984,-0.1515896228193446,-0.5827744885564935,-0.5485480708996917,0.7707067416493475,0.7557669376920004
1.4455818439311225,-0.5416648888458606,-1.2279356991005308,-0.7054689621240783,-0.010684955964216718,1.087403431888201,1.4961990643364984,-0.8569976202127723,0.6717197683338367,0.04934800417447011,-0.19717312160756478,0.6057514950644753,0.35541276735937405,0.41369818995709984,-0.13940436290799801,-0.6092783044595189,-0.5347431773877691,0.6702361846059616,0.6630571972009227
1.4455818439311225,-0.5416648888458606,-1.0834726755175694,1.7086838325807527,-0.010684955964216718,0.39769886397715004,-0.6983308925851475,-0.7811699619556257,0.4922729617520706,-0.009283868045499808,-0.22251410778866837,0.6414116579867011,0.36168380651130666,0.41369818995709984,-0.1346890838092689,-0.6324589244450305,-0.5495889315247546,0.7741377368821518,0.7630545939081419
1.4455818439311225,-0.5416648888458606,-0.9390096519346078,-0.7054689621240783,-0.010684955964216718,1.0213281531907163,1.5082079919211853,-0.7053423036984792,0.31282615517030443,-0.039503855168083475,-0.24468482410051562,0.6604935490060883,0.31445019539930413,0.41369818995709984,-0.13909863348687884,-0.6550778260036224,-0.5519866167122827,0.68743562330002,0.6763129205303562
1.4455818439311225,-0.5416648888458606,-0.7945466283516462,1.7295182672027496,-0.010684955964216718,0.3579833110938011,-0.6983308925851475,-0.7053423036984792,0.6717197683338367,-0.07913426748137276,-0.2558146450796278,0.6947420696889526,0.3212788279508938,0.41369818995709984,-0.14573588167733192,-0.6750096869064398,-0.5644171321096624,0.7705636335061115,0.7594789992117558
1.4455818439311225,-0.5416648888458606,-0.6500836047686848,-0.7054689621240783,-0.010684955964216718,1.046320635362663,1.5638223857443863,-0.553686987184186,0.7315353705277589,-0.01586139938614583,-0.18150526962682342,1.2709640320164965,0.3603455823521297,0.41369818995709984,-0.19812250940027826,-0.8318515400373031,-0.5690441184110824,0.6890931576181555,0.6827401800628229
1.4455818439311225,-0.5416648888458606,-0.5056205811857232,2.302247775325489,-0.010684955964216718,-0.6991224441542135,-0.6983308925851475,-0.18971428540179458,-0.2853298667689162,0.22923576026700224,0.0188315079971965,1.7584051201971498,0.5293743616755402,0.4113559551722431,-0.3301657674819407,-0.962440640231137,-0.6251066963795502,0.8610380417418974,0.8411423035949722
1.4455818439311225,-0.5416648888458606,-0.3611575576027617,-0.7054689621240783,-0.010684955964216718,1.0495120618422895,1.3078815139483961,-0.09872103764130656,0.013748144200694123,0.4679781403273366,0.2761660961534981,2.102290035091633,0.7814124477247396,0.2836585314471984,-0.47535201244607994,-1.0340699585930344,-0.6862957783968396,0.6713792496494194,0.6659998399192495
1.4455818439311225,-0.5416648888458606,-0.21669453401980013,-0.7054689621240783,-0.010684955964216718,-0.6991224441542135,-0.6983308925851475,0.05293427887298657,-0.2853298667689162,0.7927361412593266,0.45983990146827014,2.1623385340453383,0.9050657016107942,0.10050325893505206,-0.5708896815747545,-1.02309633411187,-0.6932901104130604,-1.2740310493992413,-1.2860490588430924
1.4455818439311225,-0.5416648888458606,-0.0722315104368386,2.266685637323431,-0.010684955964216718,-0.6991224441542135,-0.6983308925851475,0.20458959538727972,-0.7638546843202927,1.3401703015926827,0.6216196480377016,2.0847953891505617,0.9458890848425288,-0.8612087501580616,-0.662979630128093,-0.9989897715336881,-0.6995816502146073,0.8443636929268572,0.8259752251178087
1.4455818439311225,-0.5416648888458606,0.07223151314612293,-0.7054689621240783,-0.010684955964216718,-0.6991224441542135,2.056509129916137,0.20458959538727972,-0.2853298667689162,1.5419011074561346,0.7054786498486778,1.7498713336885463,0.9562225901919628,-0.7024410321365937,-0.6895370684540246,-0.8721328395781549,-0.6561123372436487,0.2313377301101469,0.26053651962779917
1.4455818439311225,-0.5416648888458606,0.21669453672908448,-0.7054689621240783,-0.010684955964216718,-0.6991224441542135,-0.6983308925851475,0.05293427887298657,0.013748144200694123,1.7118165420571227,0.7464677267557722,1.396102365795636,1.2932379103488985,-0.8434910660512336,-0.6930803445548249,-0.7401320211470759,-0.7201411939082056,-1.2740310493992413,-1.2860490588430924
1.4455818439311225,-0.5416648888458606,0.361157560312046,1.1149817447318302,-0.010684955964216718,0.932879146904037,-0.6983308925851475,0.05293427887298657,-0.04606745799322794,1.70269174748601,0.7950677097781962,1.0378887707070548,1.7330457833541926,-0.44172175386438495,-0.7102045703631465,-0.6149423882373595,-0.8267001401522944,0.8581431170129383,0.8414457681075996
1.4455818439311225,-0.5416648888458606,0.5056205838950075,1.2270873938250804,-0.010684955964216718,0.8445874992498138,-0.6983308925851475,0.05293427887298657,0.013748144200694123,1.498559503860642,0.8731274890790033,1.0408552652680316,1.8404013787302709,0.2499500056623376,-0.7331410333983801,-0.583966768725773,-0.8273920968409944,0.7860545949832473,0.7777495709422984
1.4455818439311225,-0.5416648888458606,0.6500836074779691,0.5452331209026674,-0.010684955964216718,0.3008359536314732,0.7254069172217267,0.05293427887298657,0.013748144200694123,1.3056297332711533,0.8616102063549619,1.1348240951327688,2.307034944420119,0.41369818995709984,-0.6968193164413614,-0.5663297567160818,-0.9125042865247331,0.8030432416826775,0.7914753466633369
1.4455818439311225,-0.5416648888458606,0.7945466310609306,1.2440212924599179,-0.010684955964216718,0.7953009255231807,-0.6983308925851475,0.05293427887298657,-0.3451454689628382,1.070616605445549,0.7604777506147675,1.0979099915498545,2.367916597285833,0.41369818995709984,-0.6434633792593497,-0.5597111173425909,-0.932671800888592,0.736014807585522,0.7262364186975145
1.4455818439311225,-0.5416648888458606,0.9390096546438922,0.5622605814489765,-0.010684955964216718,0.266569193047387,0.6681445187088625,-0.2503763541555997,0.3726417573642265,0.7585909071208871,0.5636817663865755,0.9743299198561938,1.1512192906994023,0.41369818995709984,-0.5265622937381218,-0.5154719725700113,-0.578328647197169,0.7794116769834477,0.7675262387825966
1.4455818439311225,-0.5416648888458606,1.0834726782268538,0.6697380107335357,-0.010684955964216718,0.3767726886441702,0.48895304058912314,-0.2503763541555997,0.3726417573642265,0.652751718540491,0.39906627976044945,0.8653410801740966,0.8662622319125544,0.41369818995709984,-0.4294901862598838,-0.47942840936522396,-0.48541596236474344,0.7774187835824836,0.766465444871812
1.4455818439311225,-0.5416648888458606,1.2279357018098151,0.7217321500600922,-0.010684955964216718,0.40790100120604994,0.4612128161397902,-0.2503763541555997,0.3726417573642265,0.5680017021940567,0.27815986560600237,0.7915052010395754,0.7520872273343544,0.41369818995709984,-0.3524321353297647,-0.4523600782755891,-0.4443558202388453,0.7821274915205578,0.7710518366247754
1.4455818439311225,-0.5416648888458606,1.3723987253927767,0.7450209926013353,-0.010684955964216718,0.4137602714343316,0.44220406095344095,-0.40203167066989287,0.7315353705277589,0.4597711097142596,0.1839007977234855,0.7064043145420343,0.6444306153710929,0.41369818995709984,-0.29224808020820353,-0.423159970896277,-0.40670778524216167,0.7892580572688184,0.7781630695152099
1.4455818439311225,-0.5416648888458606,1.5168617489757383,0.7614442028737495,-0.010684955964216718,0.41739791527853815,0.4337610239536189,-0.553686987184186,1.0904289836912913,0.3799911999335733,0.09767326837884419,0.6366055958215322,0.5804281164399301,0.41369818995709984,-0.23736687414624372,-0.3999232005816095,-0.3847482915927217,0.7976092724752973,0.7864887751715745
1.4455818439311225,-0.5416648888458606,1.6613247725587,0.769482902368191,-0.010684955964216718,0.41589286457746466,0.42557518636288055,-0.7053423036984792,0.6717197683338367,0.3111548895358799,0.018688944659353716,0.5739264640473747,0.5281107627984226,0.41369818995709984,-0.19931695346858128,-0.3982980680664998,-0.3863088240434981,0.7999371649386041,0.7887898598959536
1.4455818439311225,-0.43158703683369687,-1.6613247698494156,0.7749427736450054,-0.010684955964216718,0.41461286720443963,0.42024233374144543,-0.553686987184186,0.7315353705277589,0.2625314607125077,-0.03546465670705463,0.5271283074660329,0.49066396395829565,0.41369818995709984,-0.17472757288428187,-0.3980997132638878,-0.38906169777245403,0.8026540595371726,0.7914991156595993
1.4455818439311225,-0.43158703683369687,-1.516861746266454,-0.7054689621240783,-0.010684955964216718,1.275665113346198,1.277796519662053,-0.7053423036984792,0.6717197683338367,0.21230060711423754,-0.09320916036526532,0.5142189414799887,0.48484235347134985,0.41369818995709984,-0.15290568301096574,-0.41339368605964477,-0.4068742189211224,0.6514485155373474,0.6442698547068109
1.4455818439311225,-0.43158703683369687,-1.3723987226834924,1.5999589709463145,-0.010684955964216718,0.4071694990529021,-0.6983308925851475,-0.7053423036984792,1.0904289836912913,0.06807788086907894,-0.141387805206045,0.5827424085156571,0.5040386591732278,0.41369818995709984,-0.13034444432446166,-0.4478146983736514,-0.4253455400490103,0.7722510495245956,0.7572240181439203
1.4455818439311225,-0.43158703683369687,-1.2279356991005308,-0.7054689621240783,-0.010684955964216718,1.0571635596479776,1.4509657165894718,-0.7053423036984792,1.0904289836912913,0.03882515809293828,-0.17773228148767733,0.6033254480758145,0.43733288036162227,0.41369818995709984,-0.11322239023262792,-0.4628739584908295,-0.4111523012861794,0.6809197925318239,0.6697940684002227
1.4455818439311225,-0.43158703683369687,-1.0834726755175694,1.702230662122994,-0.010684955964216718,0.3891728011600826,-0.6983308925851475,-0.5688525766875274,1.0904289836912913,-0.011485966405451674,-0.20420530526234437,0.6448205694089271,0.41830930284069073,0.41369818995709984,-0.09818687308192878,-0.47770775674994104,-0.4060587372363187,0.7689910640227022,0.7579055326402057
1.4455818439311225,-0.43158703683369687,-0.9390096519346078,-0.7054689621240783,-0.010684955964216718,1.0191546699286618,1.4937178341773094,-0.4323627050467954,0.7913509727216809,-0.03234235302906626,-0.21848986941055182,0.6708541165043965,0.360769017941343,0.41369818995709984,-0.08306496987538063,-0.4790041624338239,-0.37882515967429115,0.6814238212124037,0.6702983399502402
1.4455818439311225,-0.43158703683369687,-0.7945466283516462,1.729499608643223,-0.010684955964216718,0.35766281244960685,-0.6983308925851475,-0.40203167066989287,0.7315353705277589,-0.06125860694887163,-0.2151897398672209,0.7178883992332643,0.36617306224328244,0.41369818995709984,-0.0811625462320471,-0.48680647656216425,-0.3729683411748214,0.7714215623245556,0.7603371419388885
1.4455818439311225,-0.43158703683369687,-0.6500836047686848,-0.7054689621240783,-0.010684955964216718,1.0063606878096678,1.5218661818943573,-0.2503763541555997,0.7315353705277589,0.01970730538108399,-0.08792514199680539,1.6849068076850846,0.4438521114628759,0.41369818995709984,-0.15175370806509128,-0.7581341178639609,-0.37808140917143535,0.678515575725458,0.6722324395685318
1.4455818439311225,-0.43158703683369687,-0.5056205811857232,-0.7054689621240783,-0.010684955964216718,-0.6991224441542135,-0.6983308925851475,-0.068390003264404,0.013748144200694123,0.13049185033302452,0.09139060088638655,2.0714981625250792,0.5846985272436194,0.41369818995709984,-0.25803051522605386,-0.8561377406417118,-0.41715691635993457,-1.2740310493992413,-1.2860490588430924
1.4455818439311225,-0.43158703683369687,-0.3611575576027617,1.3984285871380249,-0.010684955964216718,-0.6991224441542135,0.5467732285295114,0.35624491190157287,0.013748144200694123,0.5672966561213382,0.3088723842837466,2.4763709663175772,0.7611378486214196,-0.023249102005508736,-0.363315813159409,-0.9277760946887608,-0.43523144052665436,0.8344154268439123,0.8157871366422205
1.4455818439311225,-0.43158703683369687,-0.21669453401980013,-0.7054689621240783,-0.010684955964216718,-0.6991224441542135,-0.6983308925851475,0.6595555449301591,-1.5414575128412795,0.8532496971629371,0.4939231255991684,2.543926060416099,0.8240360610753669,-0.5653524402706674,-0.49661384076736953,-0.9766600118999449,-0.49579292887952947,-1.2740310493992413,-1.2860490588430924
1.4455818439311225,-0.43158703683369687,-0.0722315104368386,-0.7054689621240783,-0.010684955964216718,-0.6991224441542135,-0.6983308925851475,0.8415420404511351,-1.7807199216169676,1.1579834531358872,0.6545793036842152,2.2921567687267084,0.8232780694463593,-1.094734939966522,-0.5986101947308317,-0.9265065809249717,-0.5119450140279411,-1.2740310493992413,-1.2860490588430924
1.4455818439311225,-0.43158703683369687,0.07223151314612293,-0.7054689621240783,-0.010684955964216718,-0.6991224441542135,-0.6983308925851475,0.9628661779587454,-1.9601667281987338,1.3710652332004398,0.7672057520982093,1.8765380941193615,0.7568724687356219,-1.427968730826245,-0.674150215835962,-0.8362749381896953,-0.5128118561058617,-1.2740310493992413,-1.2860490588430924
1.4455818439311225,-0.43158703683369687,0.21669453672908448,-0.7054689621240783,-0.010684955964216718,-0.6991224441542135,-0.6983308925851475,1.0841903154663557,-2.1396135347805,1.4981481154975285,0.8656965515337228,1.4990670051724388,0.9725697193945404,-1.4537473528290084,-0.7411623888970729,-0.7493710092145085,-0.6011242100307633,-1.2740310493992413,-1.2860490588430924
1.4455818439311225,-0.43158703683369687,0.361157560312046,2.2544167373886586,-0.010684955964216718,-0.6991224441542135,-0.6983308925851475,1.2055147422335266,-2.3190603413622664,1.5730602641101192,0.9378505387005279,1.2729757926957797,1.459696729115995,-1.260896725840285,-0.792073938521123,-0.7028957475022876,-0.766169207982666,0.8631839438494661,0.8507937455083923
1.4455818439311225,-0.43158703683369687,0.5056205838950075,-0.7054689621240783,-0.010684955964216718,2.4805365109657966,-0.6983308925851475,1.1145214944730386,-2.3190603413622664,1.5284129205393455,0.9924875850492249,1.0387019993884261,1.9942460093703887,-0.9652790852316673,-0.8451598589531485,-0.667695084640921,-0.9442060015774019,0.5032729039487793,0.5347146577352403
1.4455818439311225,-0.43158703683369687,0.6500836074779691,2.291730447666262,-0.010684955964216718,-0.6991224441542135,-0.6983308925851475,0.9628661779587454,-2.1396135347805,1.3278707929218336,1.0024423171297816,1.061168081042031,2.340185339380783,-0.3022254101566829,-0.8667069060398389,-0.6937010773191695,-1.0488457594609746,0.8110666582365366,0.7959635888541473
1.4455818439311225,-0.43158703683369687,0.7945466310609306,-0.7054689621240783,-0.010684955964216718,2.136521318172305,-0.6983308925851475,0.9022041092049403,-1.9601667281987338,1.1852641874657526,0.943272180093143,1.1126094835640743,2.348066272258041,0.2619981244507763,-0.8459339552301416,-0.7154284579428112,-1.0565238131661552,0.23219565892859104,0.26261231115053496
1.4455818439311225,-0.43158703683369687,0.9390096546438922,1.5343264113566668,-0.010684955964216718,0.38173920879533096,-0.6983308925851475,0.507900228415866,-1.5414575128412795,0.8131476933114442,0.777358802485369,1.2306094766956215,1.5634728264121693,0.41369818995709984,-0.7709407240762789,-0.7630312440807258,-0.86576047760443,0.7250550639467991,0.7109511099544591
1.4455818439311225,-0.43158703683369687,1.0834726782268538,-0.7054689621240783,-0.010684955964216718,0.629504843026968,1.8137330109221834,0.20458959538727972,-0.5844078777385264,0.703447474435288,0.593243191975104,1.2006274230465759,0.424003463407715,0.41369818995709984,-0.6626273294534016,-0.7289714440374193,-0.4963769637295284,0.7235932007628745,0.7127479231288207
1.4455818439311225,-0.43158703683369687,1.2279357018098151,2.303610926626277,-0.010684955964216718,-0.6991224441542135,-0.6983308925851475,0.20458959538727972,-0.5245922755446044,0.4937163355265674,0.46209903634170946,1.1430203150189162,0.26076694755021573,0.41369818995709984,-0.5790328944985973,-0.6932688703794216,-0.42028773323486385,0.8103338365370221,0.7955828751036668
1.4455818439311225,-0.43158703683369687,1.3723987253927767,-0.7054689621240783,-0.010684955964216718,1.0998497954383692,1.4872314621196983,-0.09872103764130656,0.3726417573642265,0.4710016775651806,0.3377344026059276,0.9231834619083166,0.22741280041494008,0.41369818995709984,-0.4914659074838995,-0.5993562616217033,-0.3773690816939042,0.7441260691379964,0.7363316851445949
1.4455818439311225,-0.43158703683369687,1.5168617489757383,1.5068165182456297,-0.010684955964216718,0.5582750967936654,-0.6983308925851475,0.05293427887298657,0.3726417573642265,0.3654982889169521,0.2607494944117272,0.8501471723997139,0.2882441441017375,0.41369818995709984,-0.40459628276362514,-0.5089970436175018,-0.32493358768997516,0.7876862078263814,0.7754519696053024
1.4455818439311225,-0.43158703683369687,1.6613247725587,-0.7054689621240783,-0.010684955964216718,1.0031088196375482,1.629270097806813,0.05293427887298657,-0.16569866238107206,0.3359345164028474,0.19691499549487607,0.8584098826811934,0.26218650488197426,0.41369818995709984,-0.3419079972297712,-0.47999593644688393,-0.2811881855171989,0.7137686017169147,0.7057317662234363
1.4455818439311225,-0.3215091848215331,-1.6613247698494156,1.6170283235469451,-0.010684955964216718,0.41375911515847524,-0.6983308925851475,-0.2503763541555997,1.0904289836912913,0.21312204599212967,0.12706390026560063,0.8971533245767104,0.32653026774345345,0.41369818995709984,-0.2768313061629753,-0.4641940290643949,-0.2736119857561739,0.7789011679341176,0.7650700408670906
1.4455818439311225,-0.3215091848215331,-1.516861746266454,-0.7054689621240783,-0.010684955964216718,0.9703015945321884,1.5695073940359605,-0.09872103764130656,0.7315353705277589,0.1959420665939997,0.07832841149631624,0.8937196923664762,0.29937253447805107,0.41369818995709984,-0.21530464764827512,-0.42400803448835567,-0.22127054411769925,0.6623915182234652,0.654548716159505
1.4455818439311225,-0.3215091848215331,-1.3723987226834924,2.277408209137449,-0.010684955964216718,-0.6991224441542135,-0.6983308925851475,-0.068390003264404,0.6717197683338367,0.12415646954107308,0.04431858631163401,0.8904574007903675,0.3667415559650381,0.41369818995709984,-0.16803265355598548,-0.39268389569235335,-0.2133562759462853,0.8215113925698526,0.8035864698796462
1.4455818439311225,-0.3215091848215331,-1.2279356991005308,-0.7054689621240783,-0.010684955964216718,1.1073975437649428,1.3081879732280055,-0.2503763541555997,1.0904289836912913,0.1338518564272038,0.004625283108892767,0.7777885734589206,0.33700296182122297,0.41369818995709984,-0.1268993780692774,-0.3356370974882108,-0.18192653259556418,0.705525032635788,0.6944105523225749
1.4455818439311225,-0.3215091848215331,-1.0834726755175694,2.3741880044904344,-0.010684955964216718,-0.6991224441542135,-0.6983308925851475,-0.1593831063951117,0.7315353705277589,0.11831676155736111,-0.030314026808160466,0.692002324424878,0.34007852962564716,0.41369818995709984,-0.08187776486203703,-0.2839770735819015,-0.1596885659285923,0.8264209919391866,0.8153617535711777
1.4455818439311225,-0.3215091848215331,-0.9390096519346078,-0.7054689621240783,-0.010684955964216718,1.1914852877532887,1.2920651127967997,-0.068390003264404,0.4324573595581485,0.13464854511089233,-0.05517368528427009,0.5714151729621338,0.2969392471911265,0.41369818995709984,-0.049898033069673706,-0.22818946264423198,-0.1294511638560508,0.7334739630046704,0.7223723175637351
1.4455818439311225,-0.3215091848215331,-0.7945466283516462,2.3642813858372462,-0.010684955964216718,-0.6991224441542135,-0.6983308925851475,0.05293427887298657,0.7315353705277589,0.1375081959276585,-0.05366265505495625,0.5274701362933178,0.31378527575129206,0.41369818995709984,-0.01603011444206369,-0.17576979577911242,-0.0978543366948105,0.8220906655320334,0.8110294441920549
1.4455818439311225,-0.3215091848215331,-0.6500836047686848,-0.7054689621240783,-0.010684955964216718,1.2577922420859995,1.3126787964881612,0.05293427887298657,0.7315353705277589,0.23713709253545648,0.03912561086684595,0.7439679781408869,0.3709683654803332,0.41369818995709984,-0.04034923697454504,-0.21423664368739398,-0.07826457257588568,0.7370513065650859,0.7297784089509088
1.4455818439311225,-0.3215091848215331,-0.5056205811857232,2.3084172997966004,-0.010684955964216718,-0.6991224441542135,-0.6983308925851475,0.4472381596620609,-0.22551426457499413,0.43484632630290887,0.22397450508017358,0.9782179031011982,0.5412481663861322,0.3306272415735007,-0.12236507534453357,-0.25978359631797626,-0.10403665439453934,0.8212347168262629,0.8064619037119893
1.4455818439311225,-0.3215091848215331,-0.3611575576027617,-0.7054689621240783,-0.010684955964216718,1.2246170059103465,1.284694578467375,0.47756904940918316,-0.16569866238107206,0.5741879128966189,0.39984684932309356,1.1680428671289493,0.7179113636101104,0.41369818995709984,-0.19035620993798885,-0.28532833878277575,-0.12797493179735223,0.7095055991406675,0.7020307695812513
1.4455818439311225,-0.3215091848215331,-0.21669453401980013,2.2602940042302646,-0.010684955964216718,-0.6991224441542135,-0.6983308925851475,0.507900228415866,0.3726417573642265,0.6459681585562042,0.49841034194572487,1.1535965500815715,0.8156210124152792,0.41369818995709984,-0.1922721464839133,-0.21093775806564496,-0.09182328293767879,0.7822920208827185,0.7678926091732636
1.4455818439311225,-0.3215091848215331,-0.0722315104368386,-0.7054689621240783,-0.010684955964216718,1.203517073850947,1.2609146379918155,0.8112108614444523,-0.5844078777385264,1.0315467515847627,0.6665193361080973,1.4216747423286087,1.0039257536405186,-0.06707767318947569,-0.25277616783468054,-0.2672064116699527,-0.12320036563216624,0.7054854303823139,0.6985070158853343
1.4455818439311225,-0.3215091848215331,0.07223151314612293,1.321963477878689,-0.010684955964216718,-0.6991224441542135,-0.6983308925851475,0.8112108614444523,-0.22551426457499413,1.583519562395723,0.8888525075467013,1.5141645871176863,1.19442649052546,-0.7745975408059429,-0.31508922901980485,-0.22186900088074143,-0.11317512029049646,0.1168559857927347,0.07286943416285536
1.4455818439311225,-0.3215091848215331,0.21669453672908448,-0.7054689621240783,-0.010684955964216718,-0.6991224441542135,-0.6983308925851475,0.9628661779587454,-0.5245922755446044,1.3685922205525838,0.936506773377495,1.3868687252541125,1.1770161606751153,0.23071606966681102,-0.30928471345151615,-0.14187694077574844,-0.07077354004901641,-1.2740310493992413,-1.2860490588430924
1.4455818439311225,-0.3215091848215331,0.361157560312046,1.0397737559205888,-0.010684955964216718,0.8296756402258589,-0.6983308925851475,1.1145214944730386,-0.16569866238107206,1.1671577480954072,0.9508837919675708,1.2353294423232448,1.077718418788818,0.41369818995709984,-0.22988748256217903,0.021130046388143548,0.077542706062138,0.7965999550424362,0.7864613178827885
1.4455818439311225,-0.3215091848215331,0.5056205838950075,-0.7054689621240783,-0.010684955964216718,-0.6991224441542135,2.2931564825508466,0.9628661779587454,-0.22551426457499413,1.0706748018481358,0.9228496290676154,1.1473643541806224,0.9366573505113645,0.41369818995709984,-0.1575787342890983,0.11728135370983223,0.1991487305158093,0.38540093671861686,0.4027195816930288
1.4455818439311225,-0.3215091848215331,0.6500836074779691,0.5700733150229991,-0.010684955964216718,-0.6991224441542135,-0.6983308925851475,1.1145214944730386,-0.5245922755446044,1.0252267560486676,0.9547435884757993,1.0282792036996145,1.4475395160308404,0.41369818995709984,-0.130672856117787,0.2110304595933802,0.03545340567922879,-0.39338430824454057,-0.45566749481932767
1.4455818439311225,-0.3215091848215331,0.7945466310609306,1.0327416318898315,-0.010684955964216718,0.9996904477421081,-0.6983308925851475,1.0538594257192335,-0.7040390821263706,0.8147049487737674,0.8301389966466187,0.7424114209373398,1.223604137324357,0.41369818995709984,-0.037585124489209476,0.3372329497815102,0.13077309425152012,0.8153381212942078,0.8074866343180997
1.4455818439311225,-0.3215091848215331,0.9390096546438922,1.2072892268937063,-0.010684955964216718,0.8237746389507603,-0.6983308925851475,0.8112108614444523,0.07356374639461619,0.6435807682018092,0.6694828185615719,0.6038087821034218,0.9062974380079315,0.41369818995709984,0.09209723646835664,0.4216630372434264,0.2872606272101919,0.7761866134687089,0.76705454714987
1.4455818439311225,-0.3215091848215331,1.0834726782268538,0.5347997567613095,-0.010684955964216718,0.2661098361844389,0.757695714268789,0.6595555449301591,0.3726417573642265,0.5481888372719989,0.5388221079104659,0.7297432957446164,0.42411246662870056,0.41369818995709984,0.19940126552805984,0.38235608575141394,0.521376468772876,0.8213254419887672,0.8093174617457336
1.4455818439311225,-0.3215091848215331,1.2279357018098151,1.2614724278939358,-0.010684955964216718,0.7740786384549777,-0.6983308925851475,0.5382314074225488,0.13337934858853825,0.5274682422544201,0.4392874907686679,0.7407551281407944,0.3777357885309079,0.41369818995709984,0.2736676955639976,0.38168809045628344,0.5476396166286716,0.760656229748342,0.7509375284427668
1.4455818439311225,-0.3215091848215331,1.3723987253927767,-0.7054689621240783,-0.010684955964216718,0.9247915228685157,1.6184358609218048,0.507900228415866,0.7315353705277589,0.5022564903751414,0.37706000531849015,0.7806953971522916,0.31150543146006265,0.41369818995709984,0.33234795766865693,0.37603390290503735,0.5917857165519667,0.723858175840665,0.7127520212316245
1.4455818439311225,-0.3215091848215331,1.5168617489757383,1.5427428569769057,-0.010684955964216718,0.5156242850908741,-0.6983308925851475,0.20458959538727972,1.0904289836912913,0.4252238521510536,0.30664571432882587,0.8444392276927308,0.3345503893490472,0.41369818995709984,0.3977214499887888,0.35738188226332496,0.5905186101445664,0.7610940146594742,0.7500048002446036
1.4455818439311225,-0.3215091848215331,1.6613247725587,-0.7054689621240783,-0.010684955964216718,0.955892189925829,1.5871137102276276,0.35624491190157287,0.4922729617520706,0.37362906217491526,0.2565361125952846,0.8992920989598975,0.33826320675307947,0.41369818995709984,0.4479069224004098,0.3357805709610832,0.5910658042062537,0.7058938736238266,0.6947795864800643
1.4455818439311225,-0.21143133280936935,-1.6613247698494156,1.6382854463059064,-0.010684955964216718,0.4259335436504175,-0.6983308925851475,0.05293427887298657,1.0904289836912913,0.29828211285334233,0.2014346767599512,0.9491991077435044,0.3904648492830791,0.41369818995709984,0.4976392299715717,0.31176006252720145,0.563348312054227,0.7578991928655703,0.7468086898678568
1.4455818439311225,-0.21143133280936935,-1.516861746266454,-0.7054689621240783,-0.010684955964216718,-0.6991224441542135,2.2173308686593005,0.05293427887298657,1.0904289836912913,0.2436731505777073,0.1439625961136579,0.8943002046641846,0.3812356304108606,0.41369818995709984,0.5577383468482758,0.3234135147483375,0.5550032233700866,0.3178072704582397,0.30651590120393235
1.4455818439311225,-0.21143133280936935,-1.3723987226834924,-0.7054689621240783,-0.010684955964216718,-0.6991224441542135,-0.6983308925851475,0.08326531324988914,1.030613381497369,0.14422352564684343,0.09767185686064773,0.7020057191585168,0.5027314590077159,0.41369818995709984,0.6150499449619422,0.3989580815405343,0.489438539253974,-1.2740310493992413,-1.2860490588430924
1.4455818439311225,-0.21143133280936935,-1.2279356991005308,0.806030086726787,-0.010684955964216718,0.4490684161010784,0.2243443181288918,-0.09872103764130656,0.7315353705277589,-0.035800690975892245,0.04550637887395778,0.33660945649212226,0.4247891250851265,0.41369818995709984,0.6457251990506195,0.5069616261566926,0.4685589141231035,0.8429119103165442,0.8253310033570387
1.4455818439311225,-0.21143133280936935,-1.0834726755175694,-0.7054689621240783,-0.010684955964216718,1.2532926471488468,1.132472984268539,-0.09872103764130656,0.7315353705277589,-0.08151028612491741,0.010790088831945729,0.2862387198231213,0.41048706400550167,0.41369818995709984,0.6673255738421776,0.4994200560855818,0.44479985631990065,0.6973633682152556,0.6862452873909822
1.4455818439311225,-0.21143133280936935,-0.9390096519346078,1.647145212124125,-0.010684955964216718,0.41074522958079823,-0.6983308925851475,-0.007727789880818559,0.6717197683338367,-0.1289711247448885,-0.01462641357266862,0.355372534590301,0.43794665234440266,0.41369818995709984,0.6799861983625256,0.43941191964070797,0.40384113471711924,0.8051250601437153,0.7940561269040809
1.4455818439311225,-0.21143133280936935,-0.7945466283516462,-0.7054689621240783,-0.010684955964216718,1.0589656681281565,1.3859546356347237,-0.2503763541555997,1.0904289836912913,-0.13141604257770262,-0.032020552307684455,0.4439044959751789,0.4077577910492855,0.41369818995709984,0.6935063400083877,0.3883224347111091,0.40584115610140126,0.6952190861998745,0.6840999305731505
1.4455818439311225,-0.21143133280936935,-0.6500836047686848,1.6381900005975596,-0.010684955964216718,0.3048189034927929,-0.6983308925851475,0.05293427887298657,0.7315353705277589,-0.049219978703411806,0.06580118750270546,0.9893158320349217,0.5059084836562883,0.41369818995709984,0.6217132537502492,0.154384458566316,0.35863098614317684,0.797572010354983,0.7824945592737719
1.4455818439311225,-0.21143133280936935,-0.5056205811857232,-0.7054689621240783,-0.010684955964216718,0.999899628556128,1.4533121633582444,0.26525166414108486,-0.16569866238107206,0.15959807871644663,0.26808515447874637,1.917236183149453,0.6896401205180245,0.41369818995709984,0.4580174691603889,-0.22991484823745145,0.2396577777906695,0.6652066984147468,0.6595871286517365
1.4455818439311225,-0.21143133280936935,-0.3611575576027617,-0.7054689621240783,-0.010684955964216718,-0.6991224441542135,-0.6983308925851475,0.38657609090825573,-0.7040390821263706,0.5220312266196423,0.451590283369041,2.473912526572216,0.8308747554627398,-0.044381862704243324,0.30198060471758664,-0.4542562813452445,0.13321975601645067,-1.2740310493992413,-1.2860490588430924
1.4455818439311225,-0.21143133280936935,-0.21669453401980013,-0.7054689621240783,-0.010684955964216718,-0.6991224441542135,-0.6983308925851475,0.507900228415866,-1.5414575128412795,0.8040068445603075,0.6083499654727512,2.5908989673954292,0.8672088829624984,-0.4156272460514759,0.15089621907435033,-0.5506657510998338,0.043837718967395106,-1.2740310493992413,-1.2860490588430924
1.4455818439311225,-0.21143133280936935,-0.0722315104368386,-0.7054689621240783,-0.010684955964216718,-0.6991224441542135,-0.6983308925851475,0.689886723936842,-1.7209043194230456,1.0850613539220983,0.7296537219995027,2.3949296088862067,0.8132078487999213,-0.4280497480223093,0.012449775579255817,-0.5726364498164843,-0.03546662879427648,-1.2740310493992413,-1.2860490588430924
1.4455818439311225,-0.21143133280936935,0.07223151314612293,-0.7054689621240783,-0.010684955964216718,-0.6991224441542135,-0.6983308925851475,0.507900228415866,-1.9601667281987338,1.2946279374855736,0.8056371580333125,1.9632535038061238,0.7092472845143866,-0.4405354271551718,-0.12706225680586417,-0.5655176207292484,-0.14483132613407432,-1.2740310493992413,-1.2860490588430924
1.4455818439311225,-0.21143133280936935,0.21669453672908448,-0.7054689621240783,-0.010684955964216718,-0.6991224441542135,-0.6983308925851475,0.507900228415866,-1.7807199216169676,1.4220492954115005,0.8734267309366535,1.5749632341212936,0.9099700080688305,-0.08264148405008945,-0.2323002595801511,-0.5293942423056227,-0.3131878775341527,-1.2740310493992413,-1.2860490588430924
1.4455818439311225,-0.21143133280936935,0.361157560312046,2.2564750994410336,-0.010684955964216718,-0.6991224441542135,-0.6983308925851475,0.507900228415866,-1.6012731150352015,1.477489061503375,0.915293772161948,1.2227150209113666,1.3571456603264354,0.2600267630059793,-0.32218060725804504,-0.4972556010338187,-0.5453814967890481,0.888091421151535,0.866837408175306
1.4455818439311225,-0.21143133280936935,0.5056205838950075,-0.7054689621240783,-0.010684955964216718,1.1431863838399874,1.2806997077759983,0.20458959538727972,-1.3620107062595133,1.4239075667492727,0.929412482922071,0.8659548376694711,2.2086025204111843,0.41369818995709984,-0.37455468728572844,-0.4383089424588881,-0.848471312360306,0.8258379387619015,0.8180585101212715
1.4455818439311225,-0.21143133280936935,0.6500836074779691,1.2978853244467092,-0.010684955964216718,0.6824259071181993,-0.6983308925851475,0.20458959538727972,-1.3620107062595133,1.1860775992536328,0.9269585585375197,0.8795776967438882,2.580204562586848,0.41369818995709984,-0.3856844929839927,-0.4598680872304227,-0.9611984901203574,0.8084158273971727,0.7981435746406718
1.4455818439311225,-0.21143133280936935,0.7945466310609306,1.2837372922765518,-0.010684955964216718,0.7620199426646614,-0.6983308925851475,0.17425856101037715,-1.6012731150352015,0.9973312804087184,0.8573071931330438,0.9483867315030988,2.691831407252931,0.41369818995709984,-0.3732924374026389,-0.5189560897373665,-1.019372912101159,0.7723930776063732,0.7628226412894422
1.4455818439311225,-0.21143133280936935,0.9390096546438922,1.2726768928895693,-0.010684955964216718,0.7261512144395389,-0.6983308925851475,-0.09872103764130656,-1.6012731150352015,0.7471181887212714,0.6896872900257459,0.9386450361459598,1.9126428441953138,0.41369818995709984,-0.311811626236015,-0.5681741121637963,-0.8605700439523616,0.7436713632640162,0.7334736682491683
1.4455818439311225,-0.21143133280936935,1.0834726782268538,0.5142447520091439,-0.010684955964216718,0.18259991477632775,0.8096344832849122,-0.2503763541555997,-1.4218263084534353,0.6036085356388433,0.5151107194871791,0.9232320510433671,0.7150211012813618,0.41369818995709984,-0.22355910071666088,-0.5857433565348511,-0.5250304286151897,0.8092139928149195,0.7964535170443512
1.4455818439311225,-0.21143133280936935,1.2279357018098151,-0.7054689621240783,-0.010684955964216718,2.862171454094935,-0.6983308925851475,-0.1593831063951117,-1.182563899677747,0.5564380101076387,0.3863612044740843,0.9576203720446222,0.4635967872149428,0.41369818995709984,-0.15499656338507597,-0.6095872388375567,-0.4560805094742782,0.5302227774686551,0.5341013766506395
1.4455818439311225,-0.21143133280936935,1.3723987253927767,1.8511017468985318,-0.010684955964216718,0.1692585937133129,-0.6983308925851475,-0.2503763541555997,-1.182563899677747,0.4030450024479661,0.2747432858114632,1.1773694237357446,0.2581751863497045,0.41369818995709984,-0.11057965256877851,-0.7051630590692376,-0.41984607719616335,0.7331258231945841,0.7157309321597657
1.4455818439311225,-0.21143133280936935,1.5168617489757383,-0.7054689621240783,-0.010684955964216718,0.6784578837270258,1.930978839349148,-0.2503763541555997,-0.8834858887081368,0.3549098882669891,0.18837672192447028,1.2196769213092629,-0.014751270785595245,0.41369818995709984,-0.10987577512489166,-0.7671332300041566,-0.38342505716077613,0.7068848300118953,0.6964489486572253
1.4455818439311225,-0.21143133280936935,1.6613247725587,1.6496151389414389,-0.010684955964216718,0.34264594255469427,-0.6983308925851475,-0.18971428540179458,-0.8236702865142147,0.23879535554709702,0.13017135757511433,1.1964598391647898,0.07035760567363912,0.41369818995709984,-0.10691765596664386,-0.7879815675437714,-0.4448035441720912,0.749895037407719,0.7367705919548906
1.4455818439311225,-0.10135348079720558,-1.6613247698494156,-0.7054689621240783,-0.010684955964216718,0.9057792994258239,1.726559809409813,-0.40203167066989287,-0.3451454689628382,0.20960484271854918,0.05912400067433636,1.0967148693158058,0.07593689361547085,0.41369818995709984,-0.09700063327591309,-0.782784757769481,-0.4730749484119091,0.701332594074822,0.6931499759001011
1.4455818439311225,-0.10135348079720558,-1.516861746266454,-0.7054689621240783,-0.010684955964216718,-0.6991224441542135,-0.6983308925851475,-0.40203167066989287,-0.3451454689628382,0.10947559083333809,0.0054383175900555615,1.036018515228094,0.16237560937072942,0.41369818995709984,-0.09443221657631364,-0.7849756962833646,-0.5237106615515558,-1.2740310493992413,-1.2860490588430924
1.4455818439311225,-0.10135348079720558,-1.3723987226834924,0.8601799176109403,-0.010684955964216718,0.19397031108413043,0.4425786455859045,-0.37170063629299027,-0.22551426457499413,-0.061646582966117094,-0.031888575356315146,0.7653079852786728,0.11423978698349234,0.41369818995709984,-0.09537570673935704,-0.7194839746283198,-0.5211283390014306,0.8392847039187998,0.8225944952097471
1.4455818439311225,-0.10135348079720558,-1.2279356991005308,-0.7054689621240783,-0.010684955964216718,1.1721744297916872,1.3604736575025098,-0.553686987184186,0.31282615517030443,-0.1226919335830209,-0.09367849016558932,0.5751897815586872,0.10634124589361334,0.41369818995709984,-0.07879030792184773,-0.6690166611620116,-0.5246412165222034,0.6805864135616689,0.6750800063018085
1.4455818439311225,-0.10135348079720558,-1.0834726755175694,2.44276251657157,-0.010684955964216718,-0.6991224441542135,-0.6983308925851475,-0.553686987184186,0.31282615517030443,-0.17635971955475183,-0.13271049709328755,0.5435582546408226,0.15836345235214438,0.41369818995709984,-0.0686006141609791,-0.6621275966400573,-0.5444539757656732,0.9024969208629935,0.8914723335602756
1.4455818439311225,-0.10135348079720558,-0.9390096519346078,-0.7054689621240783,-0.010684955964216718,1.1706094629780552,1.2825388826865942,-0.4323627050467954,-0.4049610711567603,-0.16582817745904035,-0.16696239764866322,0.4407206289679235,0.13743818786817197,0.41369818995709984,-0.08016403925131219,-0.6488767643653484,-0.5564031770992875,0.7493058638821698,0.7382114849007351
1.4455818439311225,-0.10135348079720558,-0.7945466283516462,1.6193364232422123,-0.010684955964216718,0.4725862260921786,-0.6983308925851475,-0.40203167066989287,-0.3451454689628382,-0.15773820857530466,-0.17469398856979032,0.4346657407878607,0.16302795172401244,0.41369818995709984,-0.11176758148761805,-0.667641515936094,-0.5862721712887129,0.8115685267941997,0.8005024426145856
1.4455818439311225,-0.10135348079720558,-0.6500836047686848,-0.7054689621240783,-0.010684955964216718,1.0464587577695084,1.5228388023166464,-0.40203167066989287,-0.6442234799324486,-0.059095306190644306,-0.062246097207648884,1.356367535056896,0.25217917070918167,0.41369818995709984,-0.23500284009833167,-0.9586594211305852,-0.6537075006089778,0.7140350168766497,0.7079547820894015
1.4455818439311225,-0.10135348079720558,-0.5056205811857232,-0.7054689621240783,-0.010684955964216718,-0.6991224441542135,-0.6983308925851475,-0.22004531977869715,-1.3620107062595133,0.05065240630141609,0.08200400487990638,1.891327944875956,0.38345258822844447,0.2956095445977035,-0.39076075962336454,-1.1448303552895307,-0.7605351678972219,-1.2740310493992413,-1.2860490588430924
1.4455818439311225,-0.10135348079720558,-0.3611575576027617,-0.7054689621240783,-0.010684955964216718,-0.6991224441542135,2.198060616926226,-0.09872103764130656,-1.6012731150352015,0.2869063884580381,0.25053151418753017,2.2672169033903575,0.6230575991947642,0.015132193874615653,-0.5165084529086581,-1.2487603118498771,-0.854707807689905,0.27470039756189046,0.27009175857789813
1.4455818439311225,-0.10135348079720558,-0.21669453401980013,-0.7054689621240783,-0.010684955964216718,-0.6991224441542135,-0.6983308925851475,-0.09872103764130656,-1.3620107062595133,0.6571913682412809,0.40328177885418676,2.338761421208814,0.8290569171312262,-0.4343428953288748,-0.657093795842427,-1.2956604658995805,-0.9502121336247933,-1.2740310493992413,-1.2860490588430924
1.4455818439311225,-0.10135348079720558,-0.0722315104368386,-0.7054689621240783,-0.010684955964216718,-0.6991224441542135,-0.6983308925851475,-0.2503763541555997,-0.8834858887081368,0.8733930106238211,0.5070396584398026,2.0466597376636586,0.8802138057123947,-0.6334749701497141,-0.7377291464316555,-1.2409173371383548,-0.9723692672679991,-1.2740310493992413,-1.2860490588430924
1.4455818439311225,-0.10135348079720558,0.07223151314612293,2.2903244175604085,-0.010684955964216718,-0.6991224441542135,-0.6983308925851475,-0.2503763541555997,-0.5844078777385264,1.2934379213912983,0.6511782505898372,1.587758373017921,0.869627077495748,-1.2225388289090602,-0.8231553035930232,-1.1296544918068256,-0.9601153709439958,0.9309217983145377,0.9078223294117793
1.4455818439311225,-0.10135348079720558,0.21669453672908448,-0.7054689621240783,-0.010684955964216718,1.2778511054106991,1.257794287214618,-0.09872103764130656,-0.8834858887081368,1.3727061041837212,0.8047493130877371,1.2641564384636341,1.0505564930918392,-1.1129299626309033,-0.9194108456718395,-1.0521217515782526,-1.0068979710472858,0.7967920259717858,0.7918972463469964
1.4455818439311225,-0.10135348079720558,0.361157560312046,2.3031206012110292,-0.010684955964216718,-0.6991224441542135,-0.6983308925851475,-0.12905207201820915,-0.7638546843202927,0.9446093532100652,0.7647490046772651,1.008519622112418,0.9245965633524664,0.41369818995709984,-0.9213340212727233,-0.97855040631486,-0.9642588760764557,0.8440101528094791,0.8305526010446036
1.4455818439311225,-0.10135348079720558,0.5056205838950075,-0.7054689621240783,-0.010684955964216718,1.289451075033989,1.2771578182769854,-0.2503763541555997,-0.2853298667689162,1.0288857712457928,0.798608503174024,0.9408852510040769,1.3959893773678085,0.41369818995709984,-0.9498590347366231,-0.9362492008719213,-1.060663200798745,0.7646387763658952,0.7579356536958142
1.4455818439311225,-0.10135348079720558,0.6500836074779691,1.4159751682803896,-0.010684955964216718,0.5999348749715426,-0.6983308925851475,-0.2503763541555997,-0.2853298667689162,0.920289946170451,0.7621193462772542,1.0069673271136999,1.7931048811446229,0.41369818995709984,-0.9398462152185962,-0.9355392541814446,-1.1403016078261952,0.7927194742327005,0.7804369018559433
1.4455818439311225,-0.10135348079720558,0.7945466310609306,0.6985484413254116,-0.010684955964216718,0.3168831704304172,0.579932877202522,-0.1593831063951117,-0.2853298667689162,0.7085259467161976,0.6254222780589734,0.9057050123455954,1.8650478454814283,0.3280112390865179,-0.8663895941307846,-0.8602007870648468,-1.114077034442867,0.8023309411508722,0.7913790412474456
1.4455818439311225,-0.10135348079720558,0.9390096546438922,1.322322475740347,-0.010684955964216718,0.7275039520755295,-0.6983308925851475,-0.40203167066989287,0.7315353705277589,0.506477401873105,0.4538748255700167,0.8348791022613068,1.276327318342457,0.41369818995709984,-0.7514420882412701,-0.7868561944716852,-0.9155356332712211,0.7716579157736989,0.7612917949870525
1.4455818439311225,-0.10135348079720558,1.0834726782268538,0.6463172127064108,-0.010684955964216718,0.28037460119276253,0.6580528481699661,-0.40203167066989287,0.7315353705277589,0.4590051915422836,0.2935595291294157,0.7573146463423854,0.6990202669269923,0.41369818995709984,-0.6365730054471492,-0.7051798396273762,-0.6931013555505933,0.8112328076908848,0.799545125799599
1.4455818439311225,-0.10135348079720558,1.2279357018098151,0.734381128440603,-0.010684955964216718,0.3827422255427568,0.5008026596563661,-0.18971428540179458,-0.16569866238107206,0.42337494575162865,0.19959264551356673,0.7261920266811022,0.5952039222876846,0.41369818995709984,-0.5840360466828791,-0.6891143914279677,-0.6545052120311841,0.80442626038014,0.7935057516975197
1.4455818439311225,-0.10135348079720558,1.3723987253927767,0.7557403350492813,-0.010684955964216718,0.397262212167382,0.4606798662639992,-0.40203167066989287,0.3726417573642265,0.3546403118274203,0.11659819859792435,0.6563293748881652,0.5141181031691339,0.41369818995709984,-0.5369312747601519,-0.6597744460641677,-0.6206977208607272,0.8038023448776793,0.792736332896091
1.4455818439311225,-0.10135348079720558,1.5168617489757383,0.7667524733544115,-0.010684955964216718,0.40339310210592866,0.4412815388675585,-0.553686987184186,0.7315353705277589,0.29327253976170214,0.03840220779115856,0.5855179563002952,0.46817911492791403,0.41369818995709984,-0.4881670701388954,-0.6290507500600202,-0.5967440570110312,0.8048237229968258,0.7937159843713587
1.4455818439311225,-0.10135348079720558,1.6613247725587,0.7733956381827329,-0.010684955964216718,0.4063555859659897,0.43030224738508815,-0.553686987184186,0.7315353705277589,0.2435199669433121,-0.024668659781405956,0.5250577283601097,0.4352266027376545,0.41369818995709984,-0.45092985403134295,-0.6039644610489802,-0.5796115734724914,0.8065568616170482,0.7954312452999232
1.4455818439311225,0.008724371214958183,-1.6613247698494156,0.7777344709095375,-0.010684955964216718,0.4080275608543313,0.42338144519273674,-0.40203167066989287,0.3726417573642265,0.20645889235802256,-0.06864168615582357,0.4746494842886136,0.4074383277631662,0.41369818995709984,-0.420472736798776,-0.5786593793760568,-0.5609159569569415,0.8085600156018671,0.7974288655116749
1.4455818439311225,0.008724371214958183,-1.516861746266454,-0.7054689621240783,-0.010684955964216718,1.2349780785115068,1.245964372095585,-0.40203167066989287,0.3726417573642265,0.1788162700534506,-0.09377306188475236,0.49176820376376806,0.4346589475022142,0.41369818995709984,-0.40323027309278403,-0.5792327151124571,-0.5648728743321291,0.6670818651167469,0.655949857508152
1.4455818439311225,0.008724371214958183,-1.3723987226834924,1.651557602633678,-0.010684955964216718,0.4520403603999645,-0.6983308925851475,-0.22004531977869715,-0.2853298667689162,0.11574274136018774,-0.10904215997499288,0.5669475298603868,0.485182778915351,0.41369818995709984,-0.3978509313524448,-0.6038508695785039,-0.5824580661458627,0.7712435321941651,0.7601590793720598
1.4455818439311225,0.008724371214958183,-1.2279356991005308,-0.7054689621240783,-0.010684955964216718,1.0465054292677118,1.4523120831783434,-0.2503763541555997,0.3726417573642265,0.07189810679061147,-0.13160598410455512,0.6072586106920062,0.43345907358505736,0.41369818995709984,-0.373464244307009,-0.5987915312997331,-0.5481100989398223,0.677137057284072,0.6660096753659788
1.4455818439311225,0.008724371214958183,-1.0834726755175694,1.6937318676679218,-0.010684955964216718,0.383518507106343,-0.6983308925851475,-0.2503763541555997,0.3726417573642265,0.011215981996749547,-0.1579674979417016,0.6562321966180643,0.4213060529314792,0.41369818995709984,-0.34157186377782256,-0.5900256258905909,-0.5195909945762387,0.7641554488632677,0.7530677222802242
1.4455818439311225,0.008724371214958183,-0.9390096519346078,-0.7054689621240783,-0.010684955964216718,1.0174792262127512,1.4942829601812948,-0.32620401241274627,0.6119041661399147,-0.01540385525546324,-0.18030195036433858,0.6818591293728481,0.3648390305156819,0.41369818995709984,-0.3133892576135029,-0.5749287170852815,-0.4770138788139797,0.6831742408159603,0.6720496641834788
1.4455818439311225,0.008724371214958183,-0.7945466283516462,1.7279358778275256,-0.010684955964216718,0.35865794549801183,-0.6983308925851475,-0.40203167066989287,1.0904289836912913,-0.05834744897119528,-0.19805461472125604,0.7098890932102163,0.35792906479151065,0.41369818995709984,-0.2785949812529201,-0.5519346194575406,-0.4414079070423573,0.7722841714093194,0.7612002023893858
1.4455818439311225,0.008724371214958183,-0.6500836047686848,-0.7054689621240783,-0.010684955964216718,1.00889755703859,1.5162272892262536,-0.40203167066989287,1.0904289836912913,-0.04627002312401091,-0.17791154429862815,0.7512069068224431,0.3434484061267325,0.41369818995709984,-0.2662632511295614,-0.5335560358593422,-0.40336675916333664,0.6892382458740652,0.678116290669204
1.4455818439311225,0.008724371214958183,-0.5056205811857232,1.7503202287548012,-0.010684955964216718,0.3472230079742252,-0.6983308925851475,-0.22004531977869715,0.910982177109525,-0.01607946866480449,-0.10568415818560696,0.8551109361435554,0.42192317885952074,0.41369818995709984,-0.2857850519404403,-0.5331782581658642,-0.3951727177112739,0.779406816706885,0.768325983544774
1.4455818439311225,0.008724371214958183,-0.3611575576027617,-0.7054689621240783,-0.010684955964216718,0.9930606773295222,1.516412380569547,-0.40203167066989287,1.0904289836912913,0.053309373095379885,-0.016613125434190554,0.9596338376058371,0.47417345359580626,0.41369818995709984,-0.3167057099922416,-0.5389475431351118,-0.38427976344960574,0.6812079889309697,0.6700823699324757
1.4455818439311225,0.008724371214958183,-0.21669453401980013,1.6996713895110245,-0.010684955964216718,0.28585303620034375,-0.6983308925851475,-0.2503763541555997,0.7315353705277589,0.14423088381268775,0.10747979104877217,1.1555239191052404,0.6198520660114726,0.41369818995709984,-0.37958317616236814,-0.5866342320637192,-0.4201364692922667,0.7749906254137902,0.7602062075543045
1.4455818439311225,0.008724371214958183,-0.0722315104368386,-0.7054689621240783,-0.010684955964216718,0.9813050309295673,1.50541569092004,-0.007727789880818559,0.6717197683338367,0.21519637983605758,0.1971408384063102,1.216815276987079,0.6757237631434255,0.41369818995709984,-0.4152270762733539,-0.5844159713590202,-0.4164968161175981,0.671503996747863,0.6603739643900817
1.4455818439311225,0.008724371214958183,0.07223151314612293,2.3139678624372673,-0.010684955964216718,-0.6991224441542135,-0.6983308925851475,-0.12905207201820915,0.910982177109525,0.5106989822952362,0.3668547287580613,1.2926739985334388,0.8230466472233438,-0.037647645210919053,-0.4524498142709875,-0.5382879381190506,-0.39206097136205886,0.853826831404744,0.8351064128802762
1.4455818439311225,0.008724371214958183,0.21669453672908448,-0.7054689621240783,-0.010684955964216718,1.176501003814329,1.3480012679019435,-0.2503763541555997,1.0904289836912913,0.8959952893250404,0.5144487174530379,1.3388890854941746,1.18905095475824,-0.5966426846867476,-0.5089885226168207,-0.5245067971800916,-0.48490452553877034,0.6916550633974456,0.6878599398957114
1.4455818439311225,0.008724371214958183,0.361157560312046,2.3156151979523814,-0.010684955964216718,-0.6991224441542135,-0.6983308925851475,-0.068390003264404,0.6717197683338367,1.144996290420679,0.6499142360449045,1.4063649025828775,1.5296549963445474,-0.7386672848230587,-0.5718413760000852,-0.5312495696567355,-0.5793339672970373,0.8217146241342721,0.8050882196521284
1.4455818439311225,0.008724371214958183,0.5056205838950075,-0.7054689621240783,-0.010684955964216718,1.2564055519862256,1.294496244619582,-0.09872103764130656,0.7315353705277589,1.1396067684018054,0.716340282370462,1.368019550618388,1.8059857079198587,-0.2857350009196424,-0.5867784420033364,-0.49969480575400854,-0.6453615450827594,0.6885351258646564,0.6822680786198158
1.4455818439311225,0.008724371214958183,0.6500836074779691,1.4741753418555925,-0.010684955964216718,0.5027707022072824,-0.6983308925851475,-0.2503763541555997,1.0904289836912913,0.7585902381967193,0.5573271114660983,1.2124985159362782,1.4819769874854498,0.41369818995709984,-0.46721652118086054,-0.425094468060146,-0.5209311324287037,0.7379121155474191,0.724537959990446
1.4455818439311225,0.008724371214958183,0.7945466310609306,0.7289714020425158,-0.010684955964216718,0.28097586463808594,0.5791329807517773,-0.03805896888750143,0.13337934858853825,0.6831509773400087,0.4784698243842895,1.1832171687611186,1.7075583148288156,0.41369818995709984,-0.4120141423805348,-0.42102088000433424,-0.5972492092319392,0.7768105289711695,0.7656320956666428
1.4455818439311225,0.008724371214958183,0.9390096546438922,1.3466851722051052,-0.010684955964216718,0.6858368157785663,-0.6983308925851475,-0.40203167066989287,1.0904289836912913,0.5314603816870425,0.3106847736480053,0.9933529924489408,1.246589562684957,0.41369818995709984,-0.3026872800633399,-0.356424766856094,-0.4482297374850719,0.7394519231665905,0.7287811356335844
1.4455818439311225,0.008724371214958183,1.0834726782268538,0.6629375937184362,-0.010684955964216718,0.2641162063760467,0.6796234310483428,-0.40203167066989287,0.7315353705277589,0.46773665870280967,0.18170870996437818,0.9191795466919637,0.7089865152703364,0.41369818995709984,-0.21774227875494118,-0.3338396415491399,-0.2649743378707353,0.7979880140267045,0.7861572386547405
1.4455818439311225,0.008724371214958183,1.2279357018098151,0.7371200793926276,-0.010684955964216718,0.359780058658646,0.5055475380785509,-0.34136960191608773,0.4922729617520706,0.41520069242276725,0.08930437699201396,0.8297712759942455,0.5876424526965457,0.41369818995709984,-0.15938343069047978,-0.3097698671176463,-0.22777771088612878,0.7878986199131972,0.776858028677314
1.4455818439311225,0.008724371214958183,1.3723987253927767,0.770034854852644,-0.010684955964216718,0.3929603404016722,0.47619840241126954,-0.8569976202127723,0.6717197683338367,0.36149410884931177,0.006779965635793819,0.7500279809667445,0.5265369239846538,0.41369818995709984,-0.11417746288360638,-0.2964581515358449,-0.2201874249413376,0.7957805484160079,0.7847073298827274
1.4455818439311225,0.008724371214958183,1.5168617489757383,0.7810466343393219,-0.010684955964216718,0.4025843397023765,0.45466596973049134,-1.0086529367270654,1.0904289836912913,0.2957616065895821,-0.07974680556649769,0.6517969462730175,0.4634726912402823,0.41369818995709984,-0.07670208186788928,-0.29233916991891484,-0.22808088890288147,0.7979066493968395,0.7868344501430818
1.4455818439311225,0.008724371214958183,1.6613247725587,0.7871625154517947,-0.010684955964216718,0.408064141217788,0.44235016363325463,-0.7660043724522843,0.7913509727216809,0.2452638522484137,-0.13602897637317252,0.576662799547586,0.4261969436084712,0.41369818995709984,-0.054911319930898636,-0.2940088354536999,-0.24308202448233426,0.800724529741767,0.7896535350618715
1.4455818439311225,0.11880222322712194,-1.6613247698494156,0.7909203313994994,-0.010684955964216718,0.4114418332262804,0.43448462000916677,-1.1603082532413587,1.0904289836912913,0.18180100968957005,-0.2108380292675249,0.4776500764882224,0.36148592374090205,0.41369818995709984,-0.03325182619050533,-0.3069604144416048,-0.2680988701405997,0.8036361954233311,0.7925664665348702
1.4455818439311225,0.11880222322712194,-1.516861746266454,-0.7054689621240783,-0.010684955964216718,1.2457652913237405,1.2642085512064387,-1.0086529367270654,0.6717197683338367,0.1158491003028464,-0.25159561719039936,0.4261566750672655,0.33738782703993364,0.41369818995709984,-0.03775210535693992,-0.34423950002318254,-0.31557667759038205,0.6759128076209922,0.664784957343039
1.4455818439311225,0.11880222322712194,-1.3723987226834924,1.083071840347849,-0.010684955964216718,0.26137688375626916,0.27076535279675684,-0.9176596889665775,0.7913509727216809,0.017817594607431493,-0.2807745213476863,0.44758448362452863,0.37931549674888365,0.41369818995709984,-0.05128648381088896,-0.4023768193709696,-0.38198241523259696,0.76783305812907,0.7567469989775485
1.4455818439311225,0.11880222322712194,-1.2279356991005308,-0.7054689621240783,-0.010684955964216718,1.245925698319818,1.2523297954498211,-1.0086529367270654,1.0904289836912913,-0.06805755218901463,-0.3149699611752035,0.44691446502541143,0.3943529103270036,0.41369818995709984,-0.06099502171878866,-0.44853368074927974,-0.4341563396395135,0.6549079523885558,0.643770500880158
1.4455818439311225,0.11880222322712194,-1.0834726755175694,1.1900490767097183,-0.010684955964216718,0.21567014008102295,0.21944369466925848,-1.0086529367270654,1.0904289836912913,-0.16055839286617862,-0.34212263096146756,0.48074102743020575,0.43919683544047583,0.41369818995709984,-0.07658673959220265,-0.5013948053746594,-0.4915434523030438,0.7726549925100317,0.7615712855982772
1.4455818439311225,0.11880222322712194,-0.9390096519346078,-0.7054689621240783,-0.010684955964216718,1.2584780187848263,1.2592066829916404,-0.9176596889665775,0.7913509727216809,-0.2167139078174542,-0.3591801226066269,0.4981640683301501,0.4647102970416264,0.41369818995709984,-0.09179165062895205,-0.5398005548404878,-0.5331163315180318,0.6581151948892313,0.6469791104704565
1.4455818439311225,0.11880222322712194,-0.7945466283516462,1.2482592972015891,-0.010684955964216718,0.18679940357075342,0.18790123706477393,-1.0086529367270654,0.6717197683338367,-0.26821170378928116,-0.36037567851903124,0.5594375249517068,0.5266534735824768,0.41369818995709984,-0.11493128980671317,-0.5879620475102716,-0.5823148204924864,0.7724443805256466,0.7613604382090176
1.4455818439311225,0.11880222322712194,-0.6500836047686848,-0.7054689621240783,-0.010684955964216718,1.2749711376003896,1.2834278661372254,-0.2503763541555997,0.7315353705277589,-0.19263263778152856,-0.2385122550273821,1.6497819776893798,0.746343596074729,0.41369818995709984,-0.1751163101356023,-0.8687309041186063,-0.6169525296630717,0.647860371362348,0.6424947614773098
1.4455818439311225,0.11880222322712194,-0.5056205811857232,2.2900710917329916,-0.010684955964216718,-0.6991224441542135,-0.6983308925851475,0.11359634762679172,0.31282615517030443,0.10120233672766231,-0.0067395556499305715,2.201196203030272,0.8948898316886317,0.3643170481992418,-0.29435826472887217,-0.975918225176077,-0.6226682696143598,0.8890155937394268,0.865749771691156
1.4455818439311225,0.11880222322712194,-0.3611575576027617,-0.7054689621240783,-0.010684955964216718,-0.6991224441542135,1.4418352423752323,0.35624491190157287,-0.2853298667689162,0.3985986635054995,0.21753586482700676,2.6792791942883953,1.0461510859913907,-0.06776443233968092,-0.4051729941420583,-1.0602351514382384,-0.6307944806738254,-0.1499412456832368,-0.1106835658972723
1.4455818439311225,0.11880222322712194,-0.21669453401980013,-0.7054689621240783,-0.010684955964216718,-0.6991224441542135,-0.6983308925851475,0.6595555449301591,-1.5414575128412795,0.894677508714741,0.43439093414513713,2.729718978675626,1.182215614316128,-0.8444866913269145,-0.5475391445958425,-1.0922468628471995,-0.6967078520157814,-1.2740310493992413,-1.2860490588430924
1.4455818439311225,0.11880222322712194,-0.0722315104368386,-0.7054689621240783,-0.010684955964216718,-0.6991224441542135,-0.6983308925851475,0.8112108614444523,-2.7975851589136425,1.162048505302785,0.6081403550205765,2.4692394451977115,1.2000963349893414,-1.2009825472352416,-0.7051879052762738,-1.1085437966947755,-0.79382948855755,-1.2740310493992413,-1.2860490588430924
1.4455818439311225,0.11880222322712194,0.07223151314612293,-0.7054689621240783,-0.010684955964216718,-0.6991224441542135,-0.6983308925851475,0.8870385197015989,-2.378875943556188,1.3982295747251317,0.7413417984253161,2.041372046352814,1.1271438331289463,-1.1253477848119569,-0.8157849804370136,-1.0528017944535852,-0.8252969395386606,-1.2740310493992413,-1.2860490588430924
1.4455818439311225,0.11880222322712194,0.21669453672908448,-0.7054689621240783,-0.010684955964216718,-0.6991224441542135,-0.6983308925851475,0.9628661779587454,-3.3359255786589412,1.5395431497651169,0.8485960085835713,1.6923835673960983,1.299441032109294,-1.1402330261544802,-0.9439461746457753,-1.0658024243037412,-0.9777406542038334,-1.2740310493992413,-1.2860490588430924
1.4455818439311225,0.11880222322712194,0.361157560312046,-0.7054689621240783,-0.010684955964216718,-0.6991224441542135,-0.6983308925851475,0.9931973569654283,-3.096663169883253,1.5448049072679666,0.9223845338218808,1.362923658524848,1.7368634115476342,-0.7717955166752077,-1.0179573073434778,-1.0315178078084506,-1.132811442141404,-1.2740310493992413,-1.2860490588430924
1.4455818439311225,0.11880222322712194,0.5056205838950075,1.157813365170929,-0.010684955964216718,0.8359321437688045,-0.6983308925851475,1.1145214944730386,-3.036847567689331,1.431051007935763,0.9894761109770707,1.0770209256829755,2.288497688962046,0.03034268060684443,-1.1097335635152419,-1.0308915487733057,-1.319763164731253,0.8986488418970093,0.8784016395724374
1.4455818439311225,0.11880222322712194,0.6500836074779691,-0.7054689621240783,-0.010684955964216718,2.5324326941843176,-0.6983308925851475,0.9628661779587454,-3.216294374271097,1.2930218505590108,1.026116300320862,1.1108824381673676,2.656059904070721,0.41369818995709984,-1.196655309431224,-1.1228537403504595,-1.463950316959493,0.43212907567468933,0.4764320543738657
1.4455818439311225,0.11880222322712194,0.7945466310609306,1.7185290932785748,-0.010684955964216718,0.22066556712859353,-0.6983308925851475,0.9022041092049403,-3.096663169883253,1.0226754792731947,0.9821129263052205,1.2624131966885772,2.717422009595087,0.41369818995709984,-1.204658567292518,-1.187743405698444,-1.5002957050235817,0.7461754857552827,0.7301339193691455
1.4455818439311225,0.11880222322712194,0.9390096546438922,-0.7054689621240783,-0.010684955964216718,1.736806215056713,-0.6983308925851475,0.35624491190157287,-2.7377695567197207,0.842451923248495,0.8178030333686287,1.4405051632630854,1.9266531120372234,0.41369818995709984,-1.1482648813477052,-1.247399365557769,-1.3638549786694183,-0.04956339391502893,-0.016787117286760838
1.4455818439311225,0.11880222322712194,1.0834726782268538,1.7441883802211953,-0.010684955964216718,0.14470623217870343,-0.6983308925851475,0.05293427887298657,-2.259244739168344,0.4760005478701381,0.6413216190239348,1.5089416813202423,1.1606967015209417,0.41369818995709984,-1.0995486957910128,-1.2938348272282512,-1.2299685108531073,0.7344337776206888,0.7175877825402041
1.4455818439311225,0.11880222322712194,1.2279357018098151,-0.7054689621240783,-0.010684955964216718,0.586629188228102,1.8962881519769132,-0.007727789880818559,-1.7807199216169676,0.4113557163070311,0.4910139865962578,1.4128144709301047,0.22113253791353948,0.41369818995709984,-1.0349811515896954,-1.273693532051743,-1.0012600301724912,0.7162147609099145,0.7060030606290532
1.4455818439311225,0.11880222322712194,1.3723987253927767,-0.7054689621240783,-0.010684955964216718,2.2863134916561947,-0.6983308925851475,-0.2503763541555997,-1.6610887172291235,0.29458697575116305,0.35569738317411803,1.390558089754086,0.0894583239355758,0.41369818995709984,-0.9848478003737822,-1.281680539887288,-0.9815491248731769,0.1948992466629907,0.23757638640620551
1.4455818439311225,0.11880222322712194,1.5168617489757383,1.105904355522212,-0.010684955964216718,-0.3560074383939189,0.8071645724151205,-0.40203167066989287,-1.4218263084534353,0.11050038265820025,0.2445720843620626,1.4860826243814045,0.09291288755450378,0.41369818995709984,-0.9441418704315114,-1.3113124239356264,-0.9937726817244531,0.8196423462161166,0.7995107017360464
1.4455818439311225,0.11880222322712194,1.6613247725587,-0.7054689621240783,-0.010684955964216718,0.9722254273252494,1.6067648350872752,-0.28070738853250227,-1.4816419106473573,0.03670132386060317,0.16869310067479115,1.3709204072249985,0.19891097358615378,0.41369818995709984,-0.9328004430266003,-1.3021949873470178,-1.039025522270733,0.6488029049950322,0.6427070432025508
1.4455818439311225,0.22888007523928572,-1.6613247698494156,-0.7054689621240783,-0.010684955964216718,2.8415834368919564,-0.6983308925851475,-0.553686987184186,-1.182563899677747,-0.07629802901047485,0.08483621614110975,1.3649763363704894,0.28367355519718007,0.41369818995709984,-0.9190546841678364,-1.317327931325253,-1.0794944780994895,0.45445790624486315,0.45138014702860113
1.4455818439311225,0.22888007523928572,-1.516861746266454,-0.7054689621240783,-0.010684955964216718,-0.6991224441542135,2.861636350061244,0.507900228415866,-2.199429136974422,-0.14168603532385723,0.10507244676470422,1.548226423229041,0.42484530366824985,0.41369818995709984,-0.9508112117656179,-1.3591564843806228,-1.1193548024342859,0.5792321862350807,0.5602472725394001
1.4455818439311225,0.22888007523928572,-1.3723987226834924,-0.7054689621240783,-0.010684955964216718,-0.6991224441542135,-0.6983308925851475,-0.4323627050467954,-0.8834858887081368,-0.27517520437466964,0.03171796337180715,1.407201999611291,0.5777323829363249,0.41369818995709984,-0.9293160445728033,-1.3271430518887757,-1.1526944155931853,-1.2740310493992413,-1.2860490588430924
1.4455818439311225,0.22888007523928572,-1.2279356991005308,-0.7054689621240783,-0.010684955964216718,1.2669951467430034,1.2943384034174303,-0.7053423036984792,0.013748144200694123,-0.39823116318241725,-0.03278488941106927,1.0314724475574937,0.587380006479865,0.41369818995709984,-0.9038237125332331,-1.2363849729257426,-1.1434490030558646,0.6455103376391443,0.6318333421278732
1.4455818439311225,0.22888007523928572,-1.0834726755175694,2.3439040859236475,-0.010684955964216718,-0.6991224441542135,-0.6983308925851475,-0.8569976202127723,0.31282615517030443,-0.5606292279871907,-0.10459164310154445,0.9075036627834291,0.5802344261011018,0.41369818995709984,-0.8711306925255358,-1.1964207829066371,-1.1287032608236192,1.0074875351097223,0.9828118733788757
1.4455818439311225,0.22888007523928572,-0.9390096519346078,-0.7054689621240783,-0.010684955964216718,1.2567879639467303,1.3210167108281174,-0.5840180215610886,-0.46477667335068235,-0.5301637456950742,-0.14928172071976537,0.634134369461684,0.43922702094782573,0.41369818995709984,-0.8554110846811721,-1.1265629966728403,-1.0870998254253845,0.703299926021271,0.702649173294357
1.4455818439311225,0.22888007523928572,-0.7945466283516462,1.8153377735169811,-0.010684955964216718,0.3009965708595246,-0.6983308925851475,-0.553686987184186,0.31282615517030443,-0.47380621564516384,-0.15977212395587975,0.6239945841735174,0.43406529919100034,0.41369818995709984,-0.8454081585382563,-1.1048320663157463,-1.0658768224763977,0.8326979491148364,0.8216414814027047
1.4455818439311225,0.22888007523928572,-0.6500836047686848,-0.7054689621240783,-0.010684955964216718,1.081688906373942,1.4763615904347354,0.05293427887298657,-0.5844078777385264,-0.2978878555635535,-0.006328098095661553,1.6263330316022098,0.5119866709557078,0.41369818995709984,-0.8993564917177799,-1.275469474454739,-1.0249610095564734,0.7022942087932711,0.6974777773661396
1.4455818439311225,0.22888007523928572,-0.5056205811857232,-0.7054689621240783,-0.010684955964216718,-0.6991224441542135,-0.6983308925851475,0.507900228415866,-1.3620107062595133,-0.10374398760975341,0.1985911733531761,2.1791205393390025,0.6644905619777027,0.4123316913413593,-0.9893936855864611,-1.3639555088728854,-1.034022543218015,-1.2740310493992413,-1.2860490588430924
1.4455818439311225,0.22888007523928572,-0.3611575576027617,-0.7054689621240783,-0.010684955964216718,-0.6991224441542135,1.3354747972520342,0.9628661779587454,-2.1396135347805,0.23295230294254674,0.427186545270389,2.5741664036777814,0.8990084764692565,-0.06173218331334668,-1.0981448017325508,-1.4331297024978973,-1.0837755944118193,-0.17965643655706537,-0.20929385725794786
1.4455818439311225,0.22888007523928572,-0.21669453401980013,-0.7054689621240783,-0.010684955964216718,-0.6991224441542135,-0.6983308925851475,1.1145214944730386,-2.3190603413622664,0.7142847148756222,0.6334820469607783,2.841693066619947,1.051426003400778,-0.7559719774818077,-1.1895639311929838,-1.4726920196631208,-1.1084582724490464,-1.2740310493992413,-1.2860490588430924
1.4455818439311225,0.22888007523928572,-0.0722315104368386,-0.7054689621240783,-0.010684955964216718,-0.6991224441542135,-0.6983308925851475,1.2661768109873317,-2.199429136974422,1.0013227509171732,0.8040971916809712,2.5666708902655198,1.1016211481783276,-1.029807536559725,-1.2433952329839968,-1.383958794715472,-1.0754467590166397,-1.2740310493992413,-1.2860490588430924
1.4455818439311225,0.22888007523928572,0.07223151314612293,-0.7054689621240783,-0.010684955964216718,-0.6991224441542135,-0.6983308925851475,1.2661768109873317,-2.4386915457501104,1.2709995291111569,0.9394406139488437,2.1598647503625923,1.0664105923410359,-0.9431518692046968,-1.2891156562966524,-1.2743411970552827,-1.0345996433313907,-1.2740310493992413,-1.2860490588430924
1.4455818439311225,0.22888007523928572,0.21669453672908448,-0.7054689621240783,-0.010684955964216718,-0.6991224441542135,-0.6983308925851475,1.2661768109873317,-2.6181383523318766,1.4395978520260135,1.043559842192754,1.7726698673188126,1.3041223012074674,-0.7529745721277603,-1.3358377235138588,-1.1837201593170477,-1.0866077841909048,-1.2740310493992413,-1.2860490588430924
1.4455818439311225,0.22888007523928572,0.361157560312046,-0.7054689621240783,-0.010684955964216718,-0.6991224441542135,-0.6983308925851475,1.2965079899940146,-2.6779539545257984,1.4806035724280213,1.119339313847175,1.5396960464843008,1.7731136904158653,-0.2749539352141206,-1.3707639919765349,-1.128694665394837,-1.1956839314740149,-1.2740310493992413,-1.2860490588430924
1.4455818439311225,0.22888007523928572,0.5056205838950075,1.1874582280739348,-0.010684955964216718,0.7529886924143381,-0.6983308925851475,1.2661768109873317,-3.156478772077175,1.3936193493615872,1.1620469141584633,1.188126376283149,2.3230181705618675,0.23054525733984343,-1.4245019099585714,-1.100597557010093,-1.3648040623894815,0.9053893254485497,0.8864394535068294
1.4455818439311225,0.22888007523928572,0.6500836074779691,-0.7054689621240783,-0.010684955964216718,2.213158651237988,-0.6983308925851475,1.2661768109873317,-3.036847567689331,1.2389159192574597,1.1881818793250774,1.2143986068490418,2.704419602304136,0.41369818995709984,-1.4434245583206429,-1.1166228824647215,-1.4485944262596513,0.27933026101350256,0.3369360158645707
1.4455818439311225,0.22888007523928572,0.7945466310609306,1.690515777878776,-0.010684955964216718,0.23748591201151542,-0.6983308925851475,1.2661768109873317,-2.917216363301487,0.9989547593636404,1.1466691291670952,1.3585898486547312,2.818021920729004,0.41369818995709984,-1.428694046685567,-1.1520594412491512,-1.471702052241297,0.7622878425914763,0.746841679595428
1.4455818439311225,0.22888007523928572,0.9390096546438922,-0.7054689621240783,-0.010684955964216718,1.459667495013198,-0.6983308925851475,0.8112108614444523,-2.498507147944032,0.8226684909898145,0.9876277278988022,1.475870381611145,2.069765956328152,0.41369818995709984,-1.3603995956893125,-1.176809473691338,-1.3207420461477448,-0.17641040184900955,-0.14996552051359294
1.4455818439311225,0.22888007523928572,1.0834726782268538,1.6938694745444294,-0.010684955964216718,0.19034685789816144,-0.6983308925851475,0.35624491190157287,-2.199429136974422,0.5350672207990901,0.807400144260695,1.5019635995742202,1.3160296453706704,0.41369818995709984,-1.297112640310315,-1.1999753569046383,-1.17003331590153,0.7491123528708757,0.7329847645846653
1.4455818439311225,0.22888007523928572,1.2279357018098151,-0.7054689621240783,-0.010684955964216718,0.6161638373119139,1.8517893003418913,0.4472381596620609,-1.7807199216169676,0.4748921405243179,0.6629503123483402,1.4400329109680332,0.3935756335127448,0.41369818995709984,-1.224833330860736,-1.171715391051806,-0.9215400316344567,0.7193028366296815,0.7095802945665609
1.4455818439311225,0.22888007523928572,1.3723987253927767,-0.7054689621240783,-0.010684955964216718,-0.6991224441542135,-0.6983308925851475,-0.2503763541555997,-0.8834858887081368,0.3485771831717083,0.4965923065086803,1.3332527458283188,0.22396578317284957,0.41369818995709984,-1.1518371136683432,-1.1498659211109385,-0.8778045981455765,-1.2740310493992413,-1.2860490588430924
1.4455818439311225,0.22888007523928572,1.5168617489757383,0.8357052697890234,-0.010684955964216718,0.1891541067943005,0.5309031655615128,-0.2503763541555997,-0.8834858887081368,0.09864838425551886,0.37955627524893526,0.9536096373005429,0.15652045943117263,0.41369818995709984,-1.1021617533295287,-1.0605202057912329,-0.8595733922732726,0.9005501100842538,0.8848500043343441
1.4455818439311225,0.22888007523928572,1.6613247725587,-0.7054689621240783,-0.010684955964216718,1.1787635203173257,1.4311789698735264,-0.09872103764130656,-0.8834858887081368,0.04035900120939321,0.27720567930519324,0.771817224493506,0.2016737859949809,0.41369818995709984,-1.0519605962988288,-1.0065939459947773,-0.8624266029727479,0.7298795184711637,0.7255993686166512
1.4455818439311225,0.33895792725144946,-1.6613247698494156,1.716335815488086,-0.010684955964216718,0.34040907435251216,-0.6983308925851475,-0.2503763541555997,-0.5844078777385264,-0.06865623931907444,0.18417392649450112,0.7690689548197733,0.2688876875136423,0.41369818995709984,-1.0053027153689293,-0.9995476175241143,-0.8743170757555829,0.8474469083700614,0.832569892149814
1.4455818439311225,0.33895792725144946,-1.516861746266454,-0.7054689621240783,-0.010684955964216718,1.025233527453671,1.5419782533722408,-0.40203167066989287,-0.3451454689628382,-0.10308911084960977,0.10024505453280011,0.7354691417118813,0.22775238737262596,0.41369818995709984,-0.9610105575997657,-0.9814377379914933,-0.8524024411836755,0.6901240762801844,0.6833952617960233
1.4455818439311225,0.33895792725144946,-1.3723987226834924,-0.7054689621240783,-0.010684955964216718,-0.6991224441542135,-0.6983308925851475,-0.553686987184186,-0.3451454689628382,-0.16210026307264552,0.027275209848439275,0.7220747368162981,0.2746807894658688,0.41369818995709984,-0.9238160519164739,-0.9760367647598506,-0.8634063512313175,-1.2740310493992413,-1.2860490588430924
1.4455818439311225,0.33895792725144946,-1.2279356991005308,0.9314923938933564,-0.010684955964216718,0.23922085137603685,0.37197143372299807,-0.553686987184186,0.013748144200694123,-0.2952195170587394,-0.03385976051767599,0.48451819334965646,0.14527468097072072,0.41369818995709984,-0.8912465784467504,-0.907056192959514,-0.8193116117011392,0.8898110590035277,0.8729312870446769
1.4455818439311225,0.33895792725144946,-1.0834726755175694,-0.7054689621240783,-0.010684955964216718,1.2475629849324679,1.3451626416608573,-0.7053423036984792,0.013748144200694123,-0.32719342334893964,-0.10528681581330257,0.3590201294829504,0.11118937376852633,0.41369818995709984,-0.8567614097329345,-0.8724753350724698,-0.8085801067764837,0.7150637754157618,0.7100874347885412
1.4455818439311225,0.33895792725144946,-0.9390096519346078,1.1456424226736703,-0.010684955964216718,0.15799394408837653,0.20306856081602156,-0.5233559528072834,-0.8236702865142147,-0.40042523445235717,-0.14812215852137087,0.40004555584390844,0.22361529589306514,0.41369818995709984,-0.8482757895095115,-0.9005920207750421,-0.8581801603435348,0.831343192025535,0.8168669867310431
1.4455818439311225,0.33895792725144946,-0.7945466283516462,-0.7054689621240783,-0.010684955964216718,1.2237674585038598,1.2635038206332196,-0.40203167066989287,-0.3451454689628382,-0.37730721521786853,-0.14411132956612072,0.4577413177320112,0.3045552183927583,0.41369818995709984,-0.8491748801354705,-0.9145502181158989,-0.8793055352034959,0.6906142441720483,0.6794928434010276
1.4455818439311225,0.33895792725144946,-0.6500836047686848,1.1819286563127354,-0.010684955964216718,0.10548824581955696,0.13333759820317426,0.05293427887298657,-0.8834858887081368,-0.2233543180298607,0.01496394813888737,1.60246212723697,0.6560034034945016,0.41369818995709984,-0.919552489847212,-1.1777001340848454,-0.9559857352847827,0.8128167178196071,0.7978505602901943
1.4455818439311225,0.33895792725144946,-0.5056205811857232,-0.7054689621240783,-0.010684955964216718,-0.6991224441542135,1.9867070549157333,0.8112108614444523,-1.9003511260048118,0.009208540569588081,0.25076229741265194,2.13700057877796,1.0027451649086132,0.41369818995709984,-1.0293190041022753,-1.2828269962247276,-1.0331407481142505,0.10176239692716321,0.1386619133649119
1.4455818439311225,0.33895792725144946,-0.3611575576027617,-0.7054689621240783,-0.010684955964216718,-0.6991224441542135,-0.6983308925851475,1.1145214944730386,-2.4386915457501104,0.4580004674424514,0.49520054956696763,2.6433155623823454,1.239272931097878,-0.26584121456514515,-1.1465977269905525,-1.3856360975555637,-1.0925159630834913,-1.2740310493992413,-1.2860490588430924
1.4455818439311225,0.33895792725144946,-0.21669453401980013,-0.7054689621240783,-0.010684955964216718,-0.6991224441542135,-0.6983308925851475,1.4178321275016248,-2.7377695567197207,0.758168147046923,0.6959974821230346,2.7782092305740766,1.3330609794065114,-0.17723407487188475,-1.2358226988927876,-1.406969027495269,-1.1096169152414468,-1.2740310493992413,-1.2860490588430924
1.4455818439311225,0.33895792725144946,-0.0722315104368386,-0.7054689621240783,-0.010684955964216718,-0.6991224441542135,-0.6983308925851475,1.47849419625543,-3.216294374271097,1.0837094581792484,0.8542851326744162,2.5398565072453794,1.2953441879728662,-0.2831763258574637,-1.3267423335610213,-1.385251220395181,-1.1294406183661503,-1.2740310493992413,-1.2860490588430924
1.4455818439311225,0.33895792725144946,0.07223151314612293,-0.7054689621240783,-0.010684955964216718,-0.6991224441542135,-0.6983308925851475,1.4178321275016248,-3.036847567689331,1.3536591574336392,0.9782884177519034,2.13563326346882,1.2015519472326566,-0.20818035473913984,-1.3909611966151267,-1.3191108656274733,-1.1238830770940826,-1.2740310493992413,-1.2860490588430924
1.4455818439311225,0.33895792725144946,0.21669453672908448,-0.7054689621240783,-0.010684955964216718,-0.6991224441542135,-0.6983308925851475,1.4178321275016248,-2.8574007611075647,1.526305809411202,1.0817752858437983,1.823177846983307,1.4193630218923803,0.11888313329574078,-1.4375203850957463,-1.254530780063609,-1.1765430831961932,-1.2740310493992413,-1.2860490588430924
1.4455818439311225,0.33895792725144946,0.361157560312046,-0.7054689621240783,-0.010684955964216718,-0.6991224441542135,-0.6983308925851475,1.4481633065083077,-2.917216363301487,1.5808806565542861,1.1630229789913176,1.517892311461121,1.926676589654051,0.41369818995709984,-1.4707990446496602,-1.1869107242846588,-1.2896722589698801,-1.2740310493992413,-1.2860490588430924
1.4455818439311225,0.33895792725144946,0.5056205838950075,1.1592977971086391,-0.010684955964216718,0.7869237069436269,-0.6983308925851475,1.4178321275016248,-2.8574007611075647,1.5338231792074168,1.222073842740355,1.2588218628996706,2.5047332478353708,0.41369818995709984,-1.495321825928333,-1.1263856175679015,-1.4080598071434924,0.903607944083186,0.8792294563388214
1.4455818439311225,0.33895792725144946,0.6500836074779691,-0.7054689621240783,-0.010684955964216718,2.2069570182402276,-0.6983308925851475,1.2661768109873317,-2.917216363301487,1.3679366748682724,1.2508179992931312,1.2937642705286945,2.9040246236003204,0.41369818995709984,-1.5126024153237778,-1.1430650620868918,-1.4917054083866494,0.2754323192101896,0.33270728603381605
1.4455818439311225,0.33895792725144946,0.7945466310609306,1.6639450920669792,-0.010684955964216718,0.24397777024923,-0.6983308925851475,1.2358456319806488,-2.5583227501379544,1.0846847496157033,1.210207209262689,1.453053946720597,2.997151944692518,0.41369818995709984,-1.4892844540921832,-1.168349168062142,-1.4996237940579336,0.7591619647206659,0.7434695557032546
1.4455818439311225,0.33895792725144946,0.9390096546438922,-0.7054689621240783,-0.010684955964216718,1.0774651357865324,-0.6983308925851475,0.6595555449301591,-1.3021951040655912,0.9010142273550279,1.042614830760222,1.4879111102530411,2.211508713979923,0.41369818995709984,-1.4071320388852937,-1.1526595613379649,-1.32456644504027,-0.3666762784862216,-0.35172044908229816
1.4455818439311225,0.33895792725144946,1.0834726782268538,1.6301074355473084,-0.010684955964216718,0.2816656357444167,-0.6983308925851475,0.507900228415866,0.7315353705277589,0.6069451293871544,0.8729249362178108,1.4958379587939963,1.4586352054408582,0.41369818995709984,-1.2830570498992884,-1.0733151662365115,-1.075352923361705,0.7653813186185352,0.7503238375478857
1.4455818439311225,0.33895792725144946,1.2279357018098151,-0.7054689621240783,-0.010684955964216718,0.6652962058856993,1.8328489849331018,0.5382314074225488,0.13337934858853825,0.547069727139496,0.7274496363357255,1.4327556224430162,0.5117217092800813,0.41369818995709984,-1.1905805358111172,-1.0156517900884579,-0.776644127652257,0.7343264915158225,0.7249563762867223
1.4455818439311225,0.33895792725144946,1.3723987253927767,2.303677487449203,-0.010684955964216718,-0.6991224441542135,-0.6983308925851475,0.35624491190157287,0.013748144200694123,0.40625316275608553,0.5966971770018494,1.3571449612177036,0.36376912197739253,0.41369818995709984,-1.1074315440381488,-0.963695524790395,-0.6952931657446152,0.8452412428617954,0.8289785197576329
1.4455818439311225,0.33895792725144946,1.5168617489757383,-0.7054689621240783,-0.010684955964216718,1.086866289194914,1.4958739491910307,0.05293427887298657,0.3726417573642265,0.3804373723534056,0.46917568281967764,1.1079474839221253,0.33019529142751514,0.41369818995709984,-1.0234507848503438,-0.8681829543547747,-0.6509290550387232,0.7400085148381451,0.7335138296566464
1.4455818439311225,0.33895792725144946,1.6613247725587,1.5606423360672372,-0.010684955964216718,0.49414950942203,-0.6983308925851475,0.05293427887298657,-0.2853298667689162,0.29598368941324676,0.3704124603722468,0.9850860199626322,0.37435417322140874,0.41369818995709984,-0.9395754745631142,-0.7905827691906063,-0.616376296391774,0.7973676987291052,0.7846948306691756
1.4455818439311225,0.44903577926361327,-1.6613247698494156,-0.7054689621240783,-0.010684955964216718,1.0062219347069008,1.6248834539324066,-0.09872103764130656,-0.2853298667689162,0.27106492631940504,0.2749627768910132,0.938353501335657,0.31603577302148683,0.41369818995709984,-0.8663881463197928,-0.7546437617711439,-0.5730166389436724,0.7122889175189266,0.7046246637509678
1.4455818439311225,0.44903577926361327,-1.516861746266454,-0.7054689621240783,-0.010684955964216718,-0.6991224441542135,-0.6983308925851475,-0.09872103764130656,-0.5844078777385264,0.1777199033426483,0.20657683754966658,0.9298546649066514,0.3805329788786612,0.41369818995709984,-0.8216167631123161,-0.7520122260384431,-0.5932279288324662,-1.2740310493992413,-1.2860490588430924
1.4455818439311225,0.44903577926361327,-1.3723987226834924,0.851065928919174,-0.010684955964216718,0.24222086164343715,0.40503612613495327,-0.12905207201820915,-0.6442234799324486,0.0037521261339479323,0.14803623762865065,0.6993000715330742,0.283247604149021,0.41369818995709984,-0.7895549886970795,-0.6963713374168055,-0.5740551157530212,0.8442463262483794,0.8277494987267491
1.4455818439311225,0.44903577926361327,-1.2279356991005308,-0.7054689621240783,-0.010684955964216718,1.2059433610616035,1.3267015095032215,-0.2503763541555997,-0.5844078777385264,-0.05286762218968687,0.07478197202770248,0.559044549666474,0.2559691288542192,0.41369818995709984,-0.7557613910337194,-0.675871088890885,-0.5873531233598797,0.6839761864488115,0.6785252813290313
1.4455818439311225,0.44903577926361327,-1.0834726755175694,-0.7054689621240783,-0.010684955964216718,-0.6991224441542135,-0.6983308925851475,-0.40203167066989287,-0.3451454689628382,-0.15892287327623866,0.007842838837730598,0.5429777423431142,0.2969208004921905,0.41369818995709984,-0.7276960575597422,-0.6935831831414783,-0.6236434669520203,-1.2740310493992413,-1.2860490588430924
1.4455818439311225,0.44903577926361327,-0.9390096519346078,0.9893355431083896,-0.010684955964216718,0.334960912749171,0.3916713992202306,-0.31103842290940487,-0.7040390821263706,-0.24303005349754725,-0.026533981078032055,0.4401060190315832,0.23894869514047673,0.41369818995709984,-0.7162547311963913,-0.6829486119888568,-0.6259681206944836,0.8973029053096181,0.8862759392049545
1.4455818439311225,0.44903577926361327,-0.7945466283516462,-0.7054689621240783,-0.010684955964216718,1.2001081623943322,1.2429190640147625,-0.09872103764130656,-0.8834858887081368,-0.2699268253551732,-0.02590303244421301,0.4057407139364046,0.23904092863515686,0.41369818995709984,-0.7260672701938745,-0.6931645297294576,-0.6469784222686006,0.7208944871988555,0.7097870438530167
1.4455818439311225,0.44903577926361327,-0.6500836047686848,1.6770042896432327,-0.010684955964216718,0.2693981796040284,-0.6983308925851475,0.35624491190157287,-1.7807199216169676,-0.1483966825738685,0.12661786051551827,1.5104769274996444,0.40678514692356793,0.41369818995709984,-0.821064664520745,-1.0191744164853873,-0.7273023930244261,0.846461892320014,0.8309027839291953
1.4455818439311225,0.44903577926361327,-0.5056205811857232,-0.7054689621240783,-0.010684955964216718,-0.6991224441542135,2.5680242543015255,0.8415420404511351,-1.9601667281987338,0.09121998137360347,0.34227596240304786,2.048502715031714,0.739357328095868,0.27765553110698876,-0.9177359696560635,-1.1296013533727203,-0.8034555531223373,0.46015937067343665,0.4865228129078618
1.4455818439311225,0.44903577926361327,-0.3611575576027617,-0.7054689621240783,-0.010684955964216718,-0.6991224441542135,-0.6983308925851475,1.2661768109873317,-2.6181383523318766,0.536794383,0.5851940094597727,2.549093557550766,1.021580083008608,-0.6150518077335609,-1.046243431993717,-1.2537028316277603,-0.8982341155274868,-1.2740310493992413,-1.2860490588430924
1.4455818439311225,0.44903577926361327,-0.21669453401980013,-0.7054689621240783,-0.010684955964216718,-0.6991224441542135,-0.6983308925851475,1.569487444015918,-2.8574007611075647,0.833947890304975,0.7773531564125832,2.7015117071173713,1.1636179878433557,-0.6887947651383076,-1.1408810452891047,-1.292301880215223,-0.9444831743318169,-1.2740310493992413,-1.2860490588430924
1.4455818439311225,0.44903577926361327,-0.0722315104368386,-0.7054689621240783,-0.010684955964216718,-0.6991224441542135,-0.6983308925851475,1.8121360082906992,-2.6779539545257984,1.1651001373556709,0.947383226840342,2.5029526329540546,1.1798561138249477,-0.6828877004885866,-1.2009306952902528,-1.227249787669872,-0.9210938246748471,-1.2740310493992413,-1.2860490588430924
1.4455818439311225,0.44903577926361327,0.07223151314612293,-0.7054689621240783,-0.010684955964216718,-0.6991224441542135,-0.6983308925851475,1.8727980770445043,-3.096663169883253,1.445303106252025,1.0850740038689328,2.141627628340311,1.1966484792609355,-0.5650786725685414,-1.2633154231194754,-1.150874152979096,-0.9298383108463895,-1.2740310493992413,-1.2860490588430924
1.4455818439311225,0.44903577926361327,0.21669453672908448,-0.7054689621240783,-0.010684955964216718,-0.6991224441542135,-0.6983308925851475,1.569487444015918,-2.259244739168344,1.6050241365378046,1.1679689387517247,1.837285744967263,1.3884388080987682,-0.10749935741365108,-1.2737123951540152,-1.041855707298597,-0.9396622321154622,-1.2740310493992413,-1.2860490588430924
1.4455818439311225,0.44903577926361327,0.361157560312046,-0.7054689621240783,-0.010684955964216718,-0.6991224441542135,-0.6983308925851475,1.6453151022730645,-2.378875943556188,1.6446378257469023,1.2437081821375462,1.5503634927302963,1.876127603651456,0.41369818995709984,-1.2743991401678314,-0.9235936481404092,-1.0188187833028484,-1.2740310493992413,-1.2860490588430924
1.4455818439311225,0.44903577926361327,0.5056205838950075,1.1297673972919589,-0.010684955964216718,0.7964336553984962,-0.6983308925851475,1.4178321275016248,-2.259244739168344,1.5432423004123021,1.275909146753461,1.2528590383439138,2.43256053824818,0.41369818995709984,-1.273396289754121,-0.8251076918838555,-1.1364088367647738,0.8949670923956166,0.8729542364203786
1.4455818439311225,0.44903577926361327,0.6500836074779691,-0.7054689621240783,-0.010684955964216718,1.8521211857506537,-0.6983308925851475,1.4178321275016248,-2.259244739168344,1.375412571366092,1.2962526527599865,1.2761920524597354,2.839094758804465,0.41369818995709984,-1.2731320642481023,-0.8183485691197946,-1.2178412818277402,0.09758561925734377,0.14279946040828023
1.4455818439311225,0.44903577926361327,0.7945466310609306,1.5965765688044666,-0.010684955964216718,0.32499612741879214,-0.6983308925851475,1.3268388797411368,-1.9601667281987338,1.0818739302631766,1.2479914341047138,1.3946915759972403,2.8756594700409237,0.41369818995709984,-1.2318728292051004,-0.8204190318316579,-1.200748998090564,0.77165269547665,0.7569646082364346
1.4455818439311225,0.44903577926361327,0.9390096546438922,-0.7054689621240783,-0.010684955964216718,1.160810760907049,-0.6983308925851475,1.1145214944730386,-2.1396135347805,0.9158068163987628,1.0962108824390273,1.430875137672466,2.1195561122154243,0.41369818995709984,-1.1635578675531275,-0.8390374913570932,-1.0297897533515294,-0.3186265043255715,-0.3014580378132588
1.4455818439311225,0.44903577926361327,1.0834726782268538,1.6007842533869074,-0.010684955964216718,0.2722723660350559,-0.6983308925851475,0.9628661779587454,-1.7209043194230456,0.6459788613428868,0.9360953158232259,1.4684473256809765,1.395941583647838,0.41369818995709984,-1.0678138853581096,-0.8262890001497368,-0.815874799572704,0.7476870317662931,0.7326468760084853
1.4455818439311225,0.44903577926361327,1.2279357018098151,-0.7054689621240783,-0.010684955964216718,0.6502902680534289,1.813321324174473,0.9628661779587454,-1.003117093095981,0.5912401277787249,0.7998788695508409,1.4420813266088457,0.5517619462933501,0.41369818995709984,-0.9646595239029734,-0.7654859385468896,-0.50192865381757,0.7128296682890917,0.7033319172214836
1.4455818439311225,0.44903577926361327,1.3723987253927767,-0.7054689621240783,-0.010684955964216718,-0.6991224441542135,-0.6983308925851475,0.507900228415866,-0.5245922755446044,0.4789311046486767,0.6590411127032354,1.3639627840621558,0.39020743398429003,0.41369818995709984,-0.8768237266474495,-0.7234811896310651,-0.4255388458323866,-1.2740310493992413,-1.2860490588430924
1.4455818439311225,0.44903577926361327,1.5168617489757383,0.8023855677054378,-0.010684955964216718,0.19204195830363086,0.5079464937731389,0.507900228415866,-0.8236702865142147,0.2592624283051308,0.5641151024728898,1.0454712330978275,0.3159577937941664,0.41369818995709984,-0.7944247009682761,-0.5946676015695057,-0.36132968601562215,0.8740603427456503,0.8585678465273545
1.4455818439311225,0.44903577926361327,1.6613247725587,-0.7054689621240783,-0.010684955964216718,1.1585236472631073,1.3911399182610529,0.47756904940918316,-0.8834858887081368,0.1965548011315805,0.4641189188808483,0.8736864772292585,0.3435884333413832,0.41369818995709984,-0.7090595931703995,-0.5154067865557038,-0.3428811194922796,0.707811702753433,0.7033683903364382
1.4455818439311225,0.559113631275777,-1.6613247698494156,1.672513497301823,-0.010684955964216718,0.3335602422231336,-0.6983308925851475,0.05293427887298657,-0.8834858887081368,0.06187427813815743,0.34603342384203284,0.848463601492263,0.39644996460150334,0.41369818995709984,-0.655836854599641,-0.5407512379996445,-0.39690510160399795,0.8208320339125282,0.8060902057876773
1.4455818439311225,0.559113631275777,-1.516861746266454,-0.7054689621240783,-0.010684955964216718,1.0095681970352968,1.511583865175704,-0.09872103764130656,-0.5844078777385264,0.01755537633370697,0.247797403440981,0.8137973847361577,0.33587435924086445,0.41369818995709984,-0.6126923283433763,-0.5666374002819551,-0.41529862365539255,0.6723759663652661,0.6655765058996086
1.4455818439311225,0.559113631275777,-1.3723987226834924,-0.7054689621240783,-0.010684955964216718,-0.6991224441542135,-0.6983308925851475,-0.09872103764130656,-0.9433014909020588,-0.05413188886657297,0.178724760497055,0.8117847716159087,0.38781858647207507,0.41369818995709984,-0.593445611620955,-0.6045362908378552,-0.47387374338671284,-1.2740310493992413,-1.2860490588430924
1.4455818439311225,0.559113631275777,-1.2279356991005308,0.9046859643583117,-0.010684955964216718,0.22762582220413347,0.35466277291918685,-0.40203167066989287,0.7315353705277589,-0.2025507764154916,0.09644313027062652,0.5681477667402304,0.24442820321079087,0.41369818995709984,-0.5388768914314099,-0.5250510896427905,-0.42175117937291307,0.8600280042680639,0.8433005694366361
1.4455818439311225,0.559113631275777,-1.0834726755175694,-0.7054689621240783,-0.010684955964216718,1.2346150078926,1.3276768549396247,-0.40203167066989287,0.7315353705277589,-0.25082235112667217,0.019734879642932936,0.4373986665242089,0.2007078497597855,0.41369818995709984,-0.47450986905246834,-0.46193037479857757,-0.384827390932332,0.7026319080092597,0.6975861721853023
1.4455818439311225,0.559113631275777,-0.9390096519346078,1.1282470835090055,-0.010684955964216718,0.1543479435232079,0.19728629048221835,-0.34136960191608773,0.7913509727216809,-0.3284469872391431,-0.038546706689032,0.46096610190562487,0.2924734690759784,0.41369818995709984,-0.4127296023123567,-0.43999646422861544,-0.38596122037025193,0.8163251174569289,0.8019201812795883
1.4455818439311225,0.559113631275777,-0.7945466283516462,-0.7054689621240783,-0.010684955964216718,1.2171422080787127,1.2548609143289466,-0.40203167066989287,0.7315353705277589,-0.30926826242803135,-0.045900716492605194,0.5224807993205025,0.3718504530840012,0.41369818995709984,-0.3944936989641014,-0.4482109777081539,-0.4009727580546398,0.6839257835807535,0.6728014611428508
1.4455818439311225,0.559113631275777,-0.6500836047686848,1.1653724140990822,-0.010684955964216718,0.09790465294143526,0.12568423885116875,0.20458959538727972,0.013748144200694123,-0.16245278610900477,0.10534769281301454,1.7521669572094403,0.7244825808629111,0.41369818995709984,-0.4502718239355324,-0.782889098419445,-0.48013429358397397,0.804684035048208,0.7897678721300998
1.4455818439311225,0.559113631275777,-0.5056205811857232,-0.7054689621240783,-0.010684955964216718,-0.6991224441542135,1.233414424401,0.6595555449301591,-1.003117093095981,0.06531656190495946,0.321526644915039,2.249022403416366,1.0203902709272346,0.41369818995709984,-0.5542620549366486,-0.8984750888252566,-0.5555140138378606,-0.273541948893797,-0.25932708212768013
1.4455818439311225,0.559113631275777,-0.3611575576027617,-0.7054689621240783,-0.010684955964216718,-0.6991224441542135,-0.6983308925851475,0.9628661779587454,-1.3021951040655912,0.48466913615890367,0.5364599322086847,2.7204188477387703,1.1688434345601417,-0.037991609759744166,-0.6596132282701344,-1.001888505384441,-0.5840916300417038,-1.2740310493992413,-1.2860490588430924
1.4455818439311225,0.559113631275777,-0.21669453401980013,-0.7054689621240783,-0.010684955964216718,-0.6991224441542135,-0.6983308925851475,1.2661768109873317,-2.079797932586578,0.777298709317963,0.7184413272058974,2.839053909389837,1.212284572068161,0.08372270273165561,-0.7513815214814431,-1.028864543404314,-0.5954877861296048,-1.2740310493992413,-1.2860490588430924
1.4455818439311225,0.559113631275777,-0.0722315104368386,-0.7054689621240783,-0.010684955964216718,-0.6991224441542135,-0.6983308925851475,1.6301495127697232,-2.199429136974422,1.1172887824718436,0.8899069116394593,2.618259765074646,1.1785598139815343,0.1990338928566614,-0.8289151783223955,-0.9648069140640323,-0.5727633043464001,-1.2740310493992413,-1.2860490588430924
1.4455818439311225,0.559113631275777,0.07223151314612293,-0.7054689621240783,-0.010684955964216718,-0.6991224441542135,-0.6983308925851475,1.2661768109873317,-1.2423795018716692,1.374838634430236,0.9989671593300892,2.195900839750735,1.1371067275270292,0.41282306926825224,-0.8412198826405725,-0.8017663657838633,-0.4974119731705654,-1.2740310493992413,-1.2860490588430924
1.4455818439311225,0.559113631275777,0.21669453672908448,-0.7054689621240783,-0.010684955964216718,-0.6991224441542135,-0.6983308925851475,0.9628661779587454,-0.7638546843202927,1.5219236871888313,1.072744392422827,1.7778109387835401,1.2977514821840173,0.41369818995709984,-0.8244045231771858,-0.617346525893747,-0.47786165036618594,-1.2740310493992413,-1.2860490588430924
1.4455818439311225,0.559113631275777,0.361157560312046,2.2546218021342233,-0.010684955964216718,-0.6991224441542135,-0.6983308925851475,1.1145214944730386,-1.182563899677747,1.6667758710757623,1.140543845953543,1.4761687359491742,1.784870107042319,0.41369818995709984,-0.8194197099321345,-0.48030444055420024,-0.5883863991167608,0.8963787327217263,0.8742918571755655
1.4455818439311225,0.559113631275777,0.5056205838950075,-0.7054689621240783,-0.010684955964216718,1.2013815374601797,1.2073928453918283,0.9628661779587454,-1.3021951040655912,1.6251246388519582,1.1926768590217145,1.1731890532394715,2.738096566670792,0.41369818995709984,-0.8419838442406223,-0.38305486721587995,-0.8648511602646913,0.8134413533630399,0.8061844621521665
1.4455818439311225,0.559113631275777,0.6500836074779691,1.2139953643604293,-0.010684955964216718,0.6060429547409223,-0.6983308925851475,0.9628661779587454,-1.062932695289903,1.413458302326184,1.210862153705848,1.1869517126322795,3.095480396398359,0.41369818995709984,-0.8156389928286655,-0.3524688578426128,-0.9304680716159986,0.7938402180060184,0.7831086599789334
1.4455818439311225,0.559113631275777,0.7945466310609306,1.255911818336601,-0.010684955964216718,0.750012858823935,-0.6983308925851475,0.9931973569654283,-1.122748297483825,1.2380824397445496,1.1693162328702487,1.2007382403721296,3.1760061066583067,0.41369818995709984,-0.7788571132780601,-0.3432847292921716,-0.9402597030176689,0.7561995361505577,0.7466730426650483
1.4455818439311225,0.559113631275777,0.9390096546438922,1.241149130157428,-0.010684955964216718,0.7038774521539286,-0.6983308925851475,0.6595555449301591,0.07356374639461619,0.9931946533558805,1.0096191813996986,1.0934883802602604,2.392354280944487,0.41369818995709984,-0.6630949724037797,-0.2639922893803394,-0.6905593411570915,0.725147229191248,0.7150133543588061
1.4455818439311225,0.559113631275777,1.0834726782268538,0.5204280012860608,-0.010684955964216718,0.19182962401000267,0.7631896571476657,0.6595555449301591,0.3726417573642265,0.8554404238120387,0.843441849889186,1.1801509386071434,1.1544055386974426,0.41369818995709984,-0.5142457656301779,-0.22221924124804332,-0.2188904124822491,0.7895300527460885,0.7770877273394715
1.4455818439311225,0.559113631275777,1.2279357018098151,1.2688714437923045,-0.010684955964216718,0.7322648653562266,-0.6983308925851475,0.8112108614444523,0.07356374639461619,0.7794038136736035,0.7260931673489244,1.1572253912729733,0.8983293025538848,0.41369818995709984,-0.42074926869822554,-0.18286926268388076,-0.09159270294495195,0.7377351654784869,0.7280713442279522
1.4455818439311225,0.559113631275777,1.3723987253927767,-0.7054689621240783,-0.010684955964216718,0.91444096186605,1.6219339405785207,0.507900228415866,0.3726417573642265,0.7182661515215619,0.6000982300962274,1.1566499936210597,0.5405119754013218,0.41369818995709984,-0.3217798049151256,-0.1593338844884915,0.07440083695071524,0.6943069742982679,0.6854617301348802
1.4455818439311225,0.559113631275777,1.5168617489757383,1.5145655615443456,-0.010684955964216718,0.4688532420478133,-0.6983308925851475,0.507900228415866,-0.8236702865142147,0.5488691331505138,0.5044721068404361,1.1523136264280454,0.6099025873944339,0.41369818995709984,-0.2524803317886725,-0.1842022413790912,0.017755524395365402,0.7460952011868761,0.7329501356159726
1.4455818439311225,0.559113631275777,1.6613247725587,-0.7054689621240783,-0.010684955964216718,0.9726417917495371,1.5987604205515997,0.598893476176354,-0.4049610711567603,0.5182130074706127,0.4371511579783209,1.1703444577366038,0.5790873768218073,0.41369818995709984,-0.17451112514099545,-0.16231114274591846,0.060818505142298786,0.6736588993675849,0.6655533516187666
1.4455818439311225,0.6691914832879408,-1.6613247698494156,1.606010444146576,-0.010684955964216718,0.38223693299351386,-0.6983308925851475,0.35624491190157287,0.3726417573642265,0.38759419202324913,0.3639575876598206,1.1678468057068156,0.6113472993156507,0.41369818995709984,-0.06999268442967407,-0.12051378431785756,0.09187160561016346,0.7477329343782745,0.7338084832482453
1.4455818439311225,0.6691914832879408,-1.516861746266454,-0.7054689621240783,-0.010684955964216718,-0.6991224441542135,1.7637765848658853,0.20458959538727972,0.7315353705277589,0.36090880020260524,0.2954319080170241,1.1052844583449724,0.562398145202598,0.41369818995709984,0.02782166748373566,-0.05903175551648161,0.1532869334097902,0.046670352042475646,0.048215350147277555
1.4455818439311225,0.6691914832879408,-1.3723987226834924,-0.7054689621240783,-0.010684955964216718,-0.6991224441542135,-0.6983308925851475,0.26525166414108486,0.851166574915603,0.2637997409343998,0.2447393492683435,0.8918929113767712,0.6259101296393257,0.41369818995709984,0.12148779960357022,0.07204548681089522,0.17817591986156237,-1.2740310493992413,-1.2860490588430924
1.4455818439311225,0.6691914832879408,-1.2279356991005308,0.7866690503750879,-0.010684955964216718,0.42297053421042174,0.2708630340719264,0.05293427887298657,0.7315353705277589,0.0762307286245751,0.18323879568934426,0.5052938845680841,0.49833611374305076,0.41369818995709984,0.2044497824567539,0.24130645891180585,0.24419374567390786,0.8390913729177488,0.8227063734162932
1.4455818439311225,0.6691914832879408,-1.0834726755175694,-0.7054689621240783,-0.010684955964216718,1.2311993690128205,1.155653840871921,0.05293427887298657,0.7315353705277589,0.02085183463195812,0.1362782910521123,0.42788286802300635,0.4633905195813855,0.41369818995709984,0.2636927604335915,0.27713510189120333,0.2623525702327055,0.695021794973476,0.6839026069231438
1.4455818439311225,0.6691914832879408,-0.9390096519346078,2.4054163332240215,-0.010684955964216718,-0.6991224441542135,-0.6983308925851475,0.14392752663347458,0.7315353705277589,-0.029097401891725282,0.09784406208061623,0.4339454281717614,0.4756265503801757,0.41369818995709984,0.3196892635629648,0.2759914423134534,0.2585393319319333,0.8845063371506677,0.8734736709507706
1.4455818439311225,0.6691914832879408,-0.7945466283516462,-0.7054689621240783,-0.010684955964216718,1.227605453419183,1.192987163085492,-0.09872103764130656,1.0904289836912913,-0.004293693754721886,0.07830935600066398,0.4119720573963876,0.4371811143385577,0.41369818995709984,0.36238907054288966,0.2858586256342776,0.27576023336242095,0.7369335798661218,0.725833575191893
1.4455818439311225,0.6691914832879408,-0.6500836047686848,1.5070102802099428,-0.010684955964216718,0.444220782131152,-0.6983308925851475,0.20458959538727972,0.7315353705277589,0.14514329637738227,0.20381449643918811,1.5721936534234162,0.5519707293858532,0.41369818995709984,0.2965098095829269,-0.15734581861979563,0.24019261935274644,0.8052580877133398,0.7917802455119456
1.4455818439311225,0.6691914832879408,-0.5056205811857232,-0.7054689621240783,-0.010684955964216718,-0.6991224441542135,2.206262699793414,0.38657609090825573,-0.04606745799322794,0.3198963905589209,0.39933729125417033,1.7100325051519791,0.762348622860675,0.41369818995709984,0.166356427449335,-0.21347700072858375,0.14339431490604224,0.2798771321319317,0.3062622286403721
1.4455818439311225,0.6691914832879408,-0.3611575576027617,-0.7054689621240783,-0.010684955964216718,-0.6991224441542135,-0.6983308925851475,0.35624491190157287,0.013748144200694123,0.4866511584676939,0.5452720403092044,1.5928107906222053,0.9819574121803456,0.41369818995709984,0.0726058396883073,-0.17545247112200538,0.049720759439721894,-1.2740310493992413,-1.2860490588430924
1.4455818439311225,0.6691914832879408,-0.21669453401980013,1.4125583195671083,-0.010684955964216718,-0.6991224441542135,0.4375151501288318,0.05293427887298657,1.0904289836912913,0.5125238074246253,0.6297408179810526,1.2664213741097592,1.0735821657955724,0.41369818995709984,0.03366913477811686,-0.043094527992080474,0.026072874133012364,0.8138191948632317,0.7964367148228553
1.4455818439311225,0.6691914832879408,-0.0722315104368386,-0.7054689621240783,-0.010684955964216718,1.4484348006482928,0.8379615290429087,0.02260324449608401,0.851166574915603,0.44513438000159045,0.5971051057606273,0.7192207644628065,1.0170296177756173,0.41369818995709984,0.07045608166719386,0.16735561487204922,0.04367193541999282,0.7069213720912373,0.6996716967021973
1.4455818439311225,0.6691914832879408,0.07223151314612293,1.4991876791284784,-0.010684955964216718,0.48746959868367146,-0.6983308925851475,0.05293427887298657,0.7315353705277589,1.0608235556309393,0.6836431691084905,0.9306977290218256,1.1123856354938124,-0.7200405515514785,0.02921060082861488,0.07214509448292272,-0.003907942684464684,0.8191395776072383,0.8050240843432477
1.4455818439311225,0.6691914832879408,0.21669453672908448,-0.7054689621240783,-0.010684955964216718,1.143770618495426,1.3907420662003838,0.507900228415866,0.07356374639461619,1.1854347631285072,0.8203543525087359,1.2585209512387439,1.4689712262492383,-0.12791377038116586,-0.04843839828802422,-0.048819495077013504,-0.13479091105604094,0.6799266760208384,0.674546228411603
1.4455818439311225,0.6691914832879408,0.361157560312046,2.254672395536016,-0.010684955964216718,-0.6991224441542135,-0.6983308925851475,0.7808796824377694,-0.7638546843202927,1.4997013574148457,0.9231538112389532,1.3857213397141483,2.0520286168148503,-0.3594393500587046,-0.11231437143888566,-0.10550873831158858,-0.35125871475434206,0.8105080864523082,0.7925976121161796
1.4455818439311225,0.6691914832879408,0.5056205838950075,-0.7054689621240783,-0.010684955964216718,0.9093814140664432,0.8386768452478789,0.9628661779587454,-1.062932695289903,1.5114242534531677,0.9885035749397075,1.4812083669389717,3.0084396474687334,0.41369818995709984,-0.15108795631065733,-0.1429784338227913,-0.656467742495596,0.4835661025790791,0.5014628564896902
1.4455818439311225,0.6691914832879408,0.6500836074779691,0.5605146605640567,-0.010684955964216718,-0.19570731899611044,-0.6983308925851475,0.35624491190157287,0.7315353705277589,1.2890638262589393,0.9857101804289069,1.4564423995596438,2.820430891912786,0.41369818995709984,-0.11165634134307509,-0.0912616141812438,-0.564175933301481,-0.14068799914876287,-0.1780648795563935
1.4455818439311225,0.6691914832879408,0.7945466310609306,0.7148310844690855,-0.010684955964216718,0.40079179677700943,0.3796850054061033,0.4472381596620609,0.4922729617520706,1.099136856258097,0.9279600306979103,1.3363002222810463,2.958441546975273,0.41369818995709984,-0.059155577853602016,-0.031455274704753934,-0.5940468778855816,0.7672910472872037,0.757848773916372
1.4455818439311225,0.6691914832879408,0.9390096546438922,1.2629957916337347,-0.010684955964216718,0.6930400990159222,-0.6983308925851475,0.20458959538727972,0.7315353705277589,0.7953549793757335,0.7635365105465033,1.1347541949735735,2.289130746130078,0.41369818995709984,0.05765139995315356,0.05001347451643085,-0.37739378669312496,0.739736519360875,0.7292042647480851
1.4455818439311225,0.6691914832879408,1.0834726782268538,0.6462606988001529,-0.010684955964216718,0.29132243123304774,0.5492656731698625,0.20458959538727972,0.7315353705277589,0.6367818229616662,0.5981058721619197,1.036474571144796,1.2210769395701218,0.41369818995709984,0.18559011387282928,0.09885371924938267,0.021133824683540973,0.7717913033638095,0.76053938331226
1.4455818439311225,0.6691914832879408,1.2279357018098151,0.7212926871604765,-0.010684955964216718,0.37486777672875926,0.4229188216427384,0.20458959538727972,0.7315353705277589,0.5826317426650491,0.46610704226056665,0.957709878346031,1.0472721421949118,0.41369818995709984,0.28492973466618715,0.13461222810117546,0.0949363257766513,0.7649456938303197,0.753974632430723
1.4455818439311225,0.6691914832879408,1.3723987253927767,0.7493609017834972,-0.010684955964216718,0.39476802002915934,0.41031018133646335,0.05293427887298657,1.0904289836912913,0.5245323340825402,0.3611726622581988,0.8936992337832971,0.9256673103770711,0.41369818995709984,0.36497196535240795,0.1631787618430772,0.1474387833310997,0.7705832546226055,0.7594937523818498
1.4455818439311225,0.6691914832879408,1.5168617489757383,0.7615864743901386,-0.010684955964216718,0.40043187963771093,0.40504063288906517,0.20458959538727972,0.7315353705277589,0.46354517986822324,0.29467956881830926,0.8263666267768485,0.8227389227456383,0.41369818995709984,0.42728188961371655,0.1986078984575609,0.19828947330607063,0.7778864501939645,0.7667873508470568
1.4455818439311225,0.6691914832879408,1.6613247725587,0.7656710842433954,-0.010684955964216718,0.3999527609692172,0.40063638123115186,0.17425856101037715,0.5520885639459927,0.4194363202524195,0.23596958671371773,0.7763070310603637,0.7634185313989643,0.41369818995709984,0.4757459147559894,0.21710695785777964,0.22114766547979461,0.7792970104586159,0.768168616397105
1.4455818439311225,0.7792693353001046,-1.6613247698494156,0.7816922384398597,-0.010684955964216718,0.4126007369823452,0.41166430373473667,-0.09872103764130656,1.0904289836912913,0.3928639766161109,0.18128172570994805,0.7459217728344958,0.731670085557438,0.41369818995709984,0.5181074165674777,0.22574399718583218,0.23062159925990697,0.7869240444572475,0.7758468218104564
1.4455818439311225,0.7792693353001046,-1.516861746266454,-0.7054689621240783,-0.010684955964216718,0.9593797281406786,0.9563611913307549,-0.2503763541555997,0.7315353705277589,0.3434525551232298,0.1222111007061602,0.7264562833804995,0.7113275690625808,0.41369818995709984,0.5598005123043803,0.2236307225371795,0.2289882520745853,0.5671554790381442,0.5559778690383169
1.4455818439311225,0.7792693353001046,-1.3723987226834924,2.367894687653234,-0.010684955964216718,-0.6991224441542135,-0.6983308925851475,-0.1593831063951117,0.851166574915603,0.2669577319299444,0.07431052495008378,0.7083683385272328,0.692921955956006,0.41369818995709984,0.5904159235387264,0.21625265534023919,0.2218029980907025,0.8105811706109923,0.7995147998388503
1.4455818439311225,0.7792693353001046,-1.2279356991005308,-0.7054689621240783,-0.010684955964216718,1.2220309423995344,1.21764791196934,-0.09872103764130656,0.7315353705277589,0.247335510395671,0.03927170300017989,0.6247029626160955,0.6103788476215094,0.41369818995709984,0.615298485848882,0.23812159503125463,0.24392459120871354,0.7076948761056843,0.6965813173777906
1.4455818439311225,0.7792693353001046,-1.0834726755175694,2.3567774155415413,-0.010684955964216718,-0.6991224441542135,-0.6983308925851475,-0.09872103764130656,0.7315353705277589,0.21291467950015364,0.00803833410794075,0.5775135356314525,0.5639132899742977,0.41369818995709984,0.6324145073949163,0.24035814224161742,0.24618011429546263,0.810303054785458,0.7992363337533266
1.4455818439311225,0.7792693353001046,-0.9390096519346078,-0.7054689621240783,-0.010684955964216718,1.2413441129128486,1.2366517411686366,0.05293427887298657,0.6717197683338367,0.2200467489757936,-0.010688277804536333,0.4998868515220278,0.4875825267496645,0.41369818995709984,0.6481401477850794,0.2643610095759176,0.27033076800736605,0.7268404055375102,0.7157356449779901
1.4455818439311225,0.7792693353001046,-0.7945466283516462,1.4919937279756743,-0.010684955964216718,0.5653282744016644,-0.6983308925851475,0.20458959538727972,0.7315353705277589,0.20968912716367494,6.819661161137225e-05,0.5293574405915945,0.48008645909111697,0.41369818995709984,0.646828431026434,0.2548414849980663,0.27656119544241947,0.7683865896264925,0.757300857571493
1.4455818439311225,0.7792693353001046,-0.6500836047686848,-0.7054689621240783,-0.010684955964216718,1.0183654590986815,1.4651221649125967,0.35624491190157287,0.7315353705277589,0.2884281909394751,0.15225173672238795,1.7064309420714827,0.5739918954838885,0.41369818995709984,0.5627342599775982,-0.17007645359220974,0.2721812591332068,0.6829755095076174,0.6761676427859585
1.4455818439311225,0.7792693353001046,-0.5056205811857232,-0.7054689621240783,-0.010684955964216718,-0.6991224441542135,-0.6983308925851475,0.598893476176354,-0.2853298667689162,0.39269273202918875,0.345604322310308,2.1985902909978274,0.7293063926346811,0.41369818995709984,0.4153075275035208,-0.350422920561875,0.1931122589956906,-1.2740310493992413,-1.2860490588430924
1.4455818439311225,0.7792693353001046,-0.3611575576027617,-0.7054689621240783,-0.010684955964216718,-0.6991224441542135,-0.1080906868866156,0.05293427887298657,1.0904289836912913,0.5604756363836623,0.5337554633442613,2.204524132560747,0.843805891416892,0.41369818995709984,0.2865498351661036,-0.34702356672665546,0.15157145293758556,-0.9540879537814713,-1.0182248242279286
1.4455818439311225,0.7792693353001046,-0.21669453401980013,-0.7054689621240783,-0.010684955964216718,-0.6991224441542135,0.6667144103400978,0.507900228415866,0.07356374639461619,0.8165163954198031,0.7640870026431239,2.1898485088935695,1.004517724979102,0.34652916724571464,0.14167269784873124,-0.33195419524752207,0.09742134530352982,-0.5268551980951166,-0.5173749339201906
1.4455818439311225,0.7792693353001046,-0.0722315104368386,-0.7054689621240783,-0.010684955964216718,-0.6991224441542135,-0.6983308925851475,0.6292243659234763,-0.04606745799322794,1.1971355846692964,0.916128685175156,2.080368663215173,1.09669755653504,-0.08462688486422622,0.05832101253689919,-0.278556953303152,0.07890928259797964,-1.2740310493992413,-1.2860490588430924
1.4455818439311225,0.7792693353001046,0.07223151314612293,1.7586920014777125,-0.010684955964216718,-0.6991224441542135,-0.6983308925851475,0.6595555449301591,0.07356374639461619,1.5098148219057668,0.9700917315850418,1.7057992833158264,1.0322699450420334,-0.36758452417067883,0.04132226368120744,-0.12528441094250112,0.12867468629139414,0.5326334746437713,0.48832351927988715
1.4455818439311225,0.7792693353001046,0.21669453672908448,-0.7054689621240783,-0.010684955964216718,-0.6991224441542135,1.8278427147724268,0.6595555449301591,0.07356374639461619,1.689048370162323,1.0377930846011039,1.4245542879110742,1.4372303267845492,-0.3577663252123784,0.021858857913667824,0.006538705680597886,-0.005605436183552455,0.1299758523482284,0.16944307088257218
1.4455818439311225,0.7792693353001046,0.361157560312046,1.2129223177784323,-0.010684955964216718,-0.6991224441542135,-0.6983308925851475,0.6595555449301591,0.07356374639461619,1.783529226375774,1.0820928774380025,1.1034713164107202,2.039678551877183,-0.14796549964073583,0.013085847208356169,0.15429732874521201,-0.21107409746564018,0.07553814469707934,0.0254250832869048
1.4455818439311225,0.7792693353001046,0.5056205838950075,0.4359249101691883,-0.010684955964216718,0.7657442020821104,0.247289461011398,0.507900228415866,0.3726417573642265,1.6718964855792349,1.1075785442342436,0.8268150107248582,3.0401252068366142,0.41369818995709984,0.0139106168700652,0.286402487826255,-0.5312055948677756,0.8352002715036724,0.8262973359981938
1.4455818439311225,0.7792693353001046,0.6500836074779691,1.066383732352927,-0.010684955964216718,0.9613336241060058,-0.6983308925851475,0.507900228415866,0.07356374639461619,1.4443913626114981,1.1034773781144198,0.8220916353333717,3.298789011749107,0.41369818995709984,0.013806133176817684,0.27403586188423085,-0.6206368252047532,0.7953472637609522,0.7858031625724852
1.4455818439311225,0.7792693353001046,0.7945466310609306,1.1800281743794307,-0.010684955964216718,0.8724496478653495,-0.6983308925851475,0.507900228415866,-0.04606745799322794,1.247193855832309,1.0371953066449016,0.8542337743897493,3.242494717514256,0.41369818995709984,0.05897349269057421,0.2503395624390002,-0.6113351762876276,0.752147865599668,0.7425489169083627
1.4455818439311225,0.7792693353001046,0.9390096546438922,1.2048973430897962,-0.010684955964216718,0.7918569053269262,-0.6983308925851475,0.20458959538727972,0.3726417573642265,0.9728312638438348,0.8666704990892824,0.9483466667777064,2.3976040437644164,0.41369818995709984,0.16530676448022022,0.1879352483460866,-0.3612141793087393,0.7316567596009369,0.721434466737067
1.4455818439311225,0.7792693353001046,1.0834726782268538,0.5121218923399447,-0.010684955964216718,0.24499707997463227,0.735072751901166,0.20458959538727972,0.3726417573642265,0.800794670707182,0.6846213512186395,0.9661737646954389,1.0615247325819355,0.41369818995709984,0.2873726744131568,0.1572044528750343,0.11416743398583654,0.780734932280213,0.7682989360662684
1.4455818439311225,0.7792693353001046,1.2279357018098151,0.6296147519733918,-0.010684955964216718,0.3609817446213972,0.5079763641201597,0.23492077439396258,0.07356374639461619,0.7227425920515734,0.5444110142093619,0.9284012530599659,0.8207986654120948,0.41369818995709984,0.3728171705137549,0.1443531269652391,0.18572221357089908,0.7635556547333777,0.7526624199129204
1.4455818439311225,0.7792693353001046,1.3723987253927767,0.6890458522496617,-0.010684955964216718,0.394297731103569,0.46868396637496923,0.05293427887298657,0.7315353705277589,0.6423004473448992,0.42260969751835714,0.8770519141622288,0.7545540540738899,0.41369818995709984,0.4619608236986127,0.16305548928136712,0.2115066478891631,0.7674514364137739,0.7564113643579107
1.4455818439311225,0.7792693353001046,1.5168617489757383,0.7221055903644605,-0.010684955964216718,0.40532219069833686,0.4480271016907216,0.05293427887298657,0.7315353705277589,0.545330524303568,0.33722555029610257,0.8137990896180892,0.6971227723955277,0.41369818995709984,0.5255998384504693,0.1806085985003657,0.2274799468590037,0.7800771748520562,0.7690298327013405
1.4455818439311225,0.7792693353001046,1.6613247725587,0.7422998928673191,-0.010684955964216718,0.4088697501417318,0.43522236517646135,0.08326531324988914,0.4324573595581485,0.48386241361270016,0.2716047751016273,0.7762098527902628,0.6814204391693957,0.41369818995709984,0.5681688598374609,0.18238195927903253,0.22026023590252353,0.7869883081140214,0.7759080884473744
1.4455818439311225,0.8893471873122684,-1.6613247698494156,0.7529261219268591,-0.010684955964216718,0.40727766340346816,0.42398723679196426,-0.09872103764130656,0.7315353705277589,0.42146583617711386,0.2012222432713835,0.7219153303556939,0.6487672665936889,0.41369818995709984,0.6115978809536305,0.18693465378323576,0.21609267590240136,0.7879052802921906,0.7767932786530126
1.4455818439311225,0.8893471873122684,-1.516861746266454,-0.7054689621240783,-0.010684955964216718,0.9714738480185952,0.9842384001434425,-0.2503763541555997,0.7315353705277589,0.3741367756181727,0.14096523722346832,0.72168687617686,0.664834341366965,0.41369818995709984,0.6547006619929627,0.1816844904394792,0.20384809813073568,0.5663657741018214,0.5750383500843075
1.4455818439311225,0.8893471873122684,-1.3723987226834924,2.287983844795196,-0.010684955964216718,-0.6991224441542135,-0.6983308925851475,-0.22004531977869715,0.3726417573642265,0.23940675223634247,0.08638394584353164,0.7043030475613423,0.6561920629154382,0.41369818995709984,0.6828909898159057,0.16644107445349862,0.18485558820349807,0.8139896645634136,0.7970043020611929
1.4455818439311225,0.8893471873122684,-1.2279356991005308,-0.7054689621240783,-0.010684955964216718,1.258085725921549,1.26351702647085,-0.553686987184186,1.0904289836912913,0.2288658452022837,0.009442088954323387,0.5184879658367049,0.4843920863200478,0.41369818995709984,0.7181109226081019,0.20459898798374238,0.21882821278979891,0.6970692314780886,0.6904806766387932
1.4455818439311225,0.8893471873122684,-1.0834726755175694,1.493171011318103,-0.010684955964216718,0.5172358182867225,-0.6983308925851475,-0.553686987184186,1.0904289836912913,0.13259963038533568,-0.049978592562187334,0.5276073792888113,0.46249669316930364,0.41369818995709984,0.7385308488376119,0.1614770411395403,0.18832772414660853,0.7741418771177423,0.7608274799393728
1.4455818439311225,0.8893471873122684,-0.9390096519346078,-0.7054689621240783,-0.010684955964216718,1.0387788786473453,1.4676895474410876,-0.37170063629299027,0.910982177109525,0.11559490911913385,-0.07993594900482376,0.5676226631052987,0.3984967096970866,0.41369818995709984,0.7474759077491256,0.12421409071001888,0.19409785843828617,0.693357060245618,0.6822369330385063
1.4455818439311225,0.8893471873122684,-0.7945466283516462,1.605294242515522,-0.010684955964216718,0.3838545629166051,-0.6983308925851475,-0.2503763541555997,0.7315353705277589,0.07753713752402405,-0.05779558033420046,0.7679820925883809,0.429072113183545,0.41369818995709984,0.718984435239871,0.02648132335145286,0.16244165259470833,0.7716602559068587,0.7573656075957943
1.4455818439311225,0.8893471873122684,-0.6500836047686848,-0.7054689621240783,-0.010684955964216718,0.9969660515924768,1.5013986008828095,0.05293427887298657,0.3726417573642265,0.16223363993704515,0.08490820356912937,1.8758672230792783,0.5309850938871812,0.41369818995709984,0.6006934511664359,-0.3786833166854287,0.11210825062973644,0.675066219447861,0.6686443456585939
1.4455818439311225,0.8893471873122684,-0.5056205811857232,-0.7054689621240783,-0.010684955964216718,-0.6991224441542135,-0.6983308925851475,0.35624491190157287,-0.10588306018714999,0.28138241268146386,0.2847467152697978,2.3407791489748577,0.6932171031389824,0.41369818995709984,0.45307415983043825,-0.5240122009857261,0.04961218746946236,-1.2740310493992413,-1.2860490588430924
1.4455818439311225,0.8893471873122684,-0.3611575576027617,-0.7054689621240783,-0.010684955964216718,-0.6991224441542135,0.23503507253996536,0.6595555449301591,-0.8236702865142147,0.5366639427873054,0.4765184004776791,2.7062632130607294,0.8323194673839565,0.37081493630867945,0.30540322990239677,-0.6427791828355953,-0.017326874761193125,-0.7641637815881559,-0.8238899718222154
1.4455818439311225,0.8893471873122684,-0.21669453401980013,-0.7054689621240783,-0.010684955964216718,-0.6991224441542135,-0.6983308925851475,0.6595555449301591,-0.5245922755446044,0.9222639413892292,0.6502925229215566,2.898743530696941,0.881571315056823,-0.06879515603871128,0.189017082490615,-0.6894648469306304,-0.02555667344897012,-1.2740310493992413,-1.2860490588430924
1.4455818439311225,0.8893471873122684,-0.0722315104368386,-0.7054689621240783,-0.010684955964216718,-0.6991224441542135,-0.6983308925851475,0.507900228415866,-0.5245922755446044,1.1413820931427872,0.7651223512402296,2.5723489995387,0.8462249244364568,0.1763755206896685,0.10156254212962008,-0.6023709534319008,-0.0215096044976789,-1.2740310493992413,-1.2860490588430924
1.4455818439311225,0.8893471873122684,0.07223151314612293,-0.7054689621240783,-0.010684955964216718,-0.6991224441542135,-0.6983308925851475,0.6595555449301591,-1.3021951040655912,1.359914267325471,0.8717745488876932,2.129149597482961,0.8128481381706688,0.3489895667225147,-0.004173990229538377,-0.5077296812073203,-0.0574577621795605,-1.2740310493992413,-1.2860490588430924
1.4455818439311225,0.8893471873122684,0.21669453672908448,-0.7054689621240783,-0.010684955964216718,-0.6991224441542135,-0.6983308925851475,0.35624491190157287,0.7315353705277589,1.3589657328557225,0.9830092403599746,1.7057566612675366,0.9189543889369891,0.41369818995709984,-0.04114191349260068,-0.30775813635926785,-0.02755972878052486,-1.2740310493992413,-1.2860490588430924
1.4455818439311225,0.8893471873122684,0.361157560312046,1.1438639390141925,-0.010684955964216718,-0.6991224441542135,0.851284856704743,0.507900228415866,-0.04606745799322794,1.2841913826216704,1.10380061578141,1.415023145472487,1.2903107546222778,0.41369818995709984,-0.1195442569286826,-0.20505273027231352,-0.1669602874097477,0.9182044346625357,0.9040629348046391
1.4455818439311225,0.8893471873122684,0.5056205838950075,-0.7054689621240783,-0.010684955964216718,1.2334749198981982,0.8481460596781571,0.507900228415866,0.3726417573642265,1.1890242102121953,1.1577608391549028,1.104433722261106,1.6897279033345187,0.41369818995709984,-0.12118872891362908,-0.029983533701859383,-0.2524796761595896,0.7663135916673648,0.7598107406337299
1.4455818439311225,0.8893471873122684,0.6500836074779691,1.399176723611345,-0.010684955964216718,0.5626470809226672,-0.6983308925851475,0.49273463891252456,-0.10588306018714999,0.9654242665352846,1.1121151637176763,1.031538937952826,2.0026987899146635,0.41369818995709984,-0.07983804047630665,0.017294613176682648,-0.34406782629695276,0.8230738814796502,0.810577628357927
1.4455818439311225,0.8893471873122684,0.7945466310609306,0.6955949169388328,-0.010684955964216718,0.3037279046642944,0.5189145707744471,0.47756904940918316,-0.10588306018714999,0.8134467024143903,0.9995642315271931,0.9621553579826674,2.1934150177826304,0.41369818995709984,-0.0007113089406195372,0.05420474161457317,-0.399853014800486,0.8120952367654055,0.8017394549459371
1.4455818439311225,0.8893471873122684,0.9390096546438922,1.2937147775740951,-0.010684955964216718,0.6874384680716419,-0.6983308925851475,0.20458959538727972,0.7315353705277589,0.5822143339844265,0.7990707753833657,0.8871610115756268,1.5290705713828014,0.41369818995709984,0.1474036163582659,0.10634150548030574,-0.14643195003095447,0.7743884911507403,0.7642387407133233
1.4455818439311225,0.8893471873122684,1.0834726782268538,0.6437280684582765,-0.010684955964216718,0.27196710920896866,0.6249604863839285,0.20458959538727972,0.7315353705277589,0.46468168202908544,0.6083506712318495,0.8320754239247974,0.7581771534421878,0.41369818995709984,0.3002707399361735,0.1532580098174261,0.18201711381934746,0.8178728455267953,0.8065432510526463
1.4455818439311225,0.8893471873122684,1.2279357018098151,0.7095910791989986,-0.010684955964216718,0.35296728131278937,0.45890137532156117,0.23492077439396258,0.31282615517030443,0.4241482220894489,0.4681826797684658,0.7709698981735028,0.6578170493944387,0.41369818995709984,0.39361063197917057,0.16330526143519852,0.20927778019631008,0.7920815179312809,0.7812751687844771
1.4455818439311225,0.8893471873122684,1.3723987253927767,-0.7054689621240783,-0.010684955964216718,1.2488163879607959,1.318968129063671,0.05293427887298657,0.7315353705277589,0.37205374576006517,0.3546973225319239,0.7538562933441431,0.6362989750855678,0.41369818995709984,0.4754587655759327,0.16601940914642754,0.21403175886214543,0.67356403396949,0.666733195416004
1.4455818439311225,0.8893471873122684,1.5168617489757383,1.608892653365734,-0.010684955964216718,0.4254054409320076,-0.6983308925851475,-0.09872103764130656,0.7315353705277589,0.22935415984467886,0.26387177266230377,0.807248080795932,0.6550047662930105,0.41369818995709984,0.5284052135490735,0.11789405921724981,0.1790104720720803,0.7901235465174712,0.7754870083842756
1.4455818439311225,0.8893471873122684,1.6613247725587,-0.7054689621240783,-0.010684955964216718,1.0977144692795757,1.5309184691651672,0.05293427887298657,0.13337934858853825,0.2152131029402492,0.20490771728234886,0.8589494778125436,0.5740614898480563,0.41369818995709984,0.552526227277499,0.06141048538755227,0.17596980677325474,0.691541296923829,0.684544984537652
1.4455818439311225,0.999425039324432,-1.6613247698494156,1.66192960881967,-0.010684955964216718,0.34665023096136377,-0.6983308925851475,-0.2503763541555997,0.7315353705277589,0.11398079510255918,0.13313201699219587,0.9032269664580208,0.588641928384352,0.41369818995709984,0.5784290137332677,0.006271507562545697,0.1303102005819106,0.7779874359403235,0.763212985581512
1.4455818439311225,0.999425039324432,-1.516861746266454,-0.7054689621240783,-0.010684955964216718,0.994285909273349,1.4830940522285034,-0.40203167066989287,1.0904289836912913,0.10229000742428494,0.06553441056357392,0.8955609648525998,0.4863943916409216,0.41369818995709984,0.6117923702302067,-0.01562776621433558,0.14667227822369852,0.6462141776895255,0.6382999434472573
1.4455818439311225,0.999425039324432,-1.3723987226834924,2.290357608267258,-0.010684955964216718,-0.6991224441542135,-0.6983308925851475,-0.1593831063951117,0.25301055297638236,0.04556256230965614,0.028503936438460477,0.8832380782510246,0.5111993323056658,0.41369818995709984,0.6131948164776768,-0.04372595027588336,0.10166908819585964,0.8394405927892935,0.8207317025802431
1.4455818439311225,0.999425039324432,-1.2279356991005308,-0.7054689621240783,-0.010684955964216718,1.11732007246857,1.2661319919381038,-0.2503763541555997,0.7315353705277589,0.06656745009849227,-0.006555352525292126,0.7751502686697759,0.4562306849352627,0.41369818995709984,0.6268578088080715,-0.01871581918254905,0.10713279381299239,0.6927626664230199,0.6816422983216631
1.4455818439311225,0.999425039324432,-1.0834726755175694,2.369812931099934,-0.010684955964216718,-0.6991224441542135,-0.6983308925851475,-0.2503763541555997,0.7315353705277589,0.06010898725969055,-0.04151301217889938,0.6925538537297492,0.43446106473180957,0.41369818995709984,0.6359795006605948,-0.008077805864155591,0.09393859054496484,0.8268000935110799,0.8157410329856768
1.4455818439311225,0.999425039324432,-0.9390096519346078,-0.7054689621240783,-0.010684955964216718,1.191761742798953,1.2644932103731346,-0.1593831063951117,0.6717197683338367,0.08398021510696949,-0.06767903074583569,0.5747882818637964,0.3714949348863251,0.41369818995709984,0.6371691186922582,0.019267834705486743,0.10072379690988735,0.7235249768807531,0.7124188454736691
1.4455818439311225,0.999425039324432,-0.7945466283516462,1.5415860262862657,-0.010684955964216718,0.5252824470873354,-0.6983308925851475,-0.09872103764130656,1.0904289836912913,0.0919357302330046,-0.05138799348135582,0.6206743266117343,0.37778106679193263,0.41369818995709984,0.6254582581825852,0.0065047142935992985,0.1033928036678045,0.7785512280216007,0.7674700947741835
1.4455818439311225,0.999425039324432,-0.6500836047686848,-0.7054689621240783,-0.010684955964216718,1.0176799977478155,1.4957408427323768,0.20458959538727972,0.3726417573642265,0.18727147153273116,0.10236797790028075,1.767479354278069,0.4940548026172628,0.41369818995709984,0.5124097977107563,-0.3914479430448414,0.06951488157851647,0.6945361273376888,0.6879628022760887
1.4455818439311225,0.999425039324432,-0.5056205811857232,-0.7054689621240783,-0.010684955964216718,-0.6991224441542135,-0.6983308925851475,0.4472381596620609,-0.5844078777385264,0.29932831025156975,0.29123617017803727,2.261480828131503,0.6412091509478111,0.41369818995709984,0.3526578502627838,-0.5705285535518504,-0.017403373574569607,-1.2740310493992413,-1.2860490588430924
1.4455818439311225,0.999425039324432,-0.3611575576027617,-0.7054689621240783,-0.010684955964216718,-0.6991224441542135,0.2774850279858353,0.6595555449301591,-1.062932695289903,0.535394324717078,0.47209611396816,2.591677245997203,0.7661117494436237,0.07675449574933466,0.19715426286865828,-0.6925419279954456,-0.09715176119065595,-0.7389784134733565,-0.7964172639244133
1.4455818439311225,0.999425039324432,-0.21669453401980013,-0.7054689621240783,-0.010684955964216718,-0.6991224441542135,-0.6983308925851475,0.9628661779587454,-1.7209043194230456,0.916949338877134,0.659896492730292,2.7677156822851035,0.8362477757710142,-0.5634196870915549,0.03548541366743338,-0.7777843665795559,-0.16958010087974285,-1.2740310493992413,-1.2860490588430924
1.4455818439311225,0.999425039324432,-0.0722315104368386,-0.7054689621240783,-0.010684955964216718,-0.6991224441542135,-0.6983308925851475,0.9931973569654283,-1.7807199216169676,1.1673851823124133,0.8139975803109639,2.488117602826273,0.8434637890002603,-0.6900430990621049,-0.08176290519001436,-0.7152255852976234,-0.1914435917690531,-1.2740310493992413,-1.2860490588430924
1.4455818439311225,0.999425039324432,0.07223151314612293,-0.7054689621240783,-0.010684955964216718,-0.6991224441542135,-0.6983308925851475,0.8112108614444523,-1.7209043194230456,1.3543474804021662,0.8879413725508843,2.0395009384328873,0.7895902047576048,-0.7641499101222414,-0.16382217788975936,-0.6243917786876062,-0.21901350405731382,-1.2740310493992413,-1.2860490588430924
1.4455818439311225,0.999425039324432,0.21669453672908448,-0.7054689621240783,-0.010684955964216718,-0.6991224441542135,-0.6983308925851475,0.6595555449301591,-0.8236702865142147,1.4721791414604533,0.9582730897260555,1.6270380002809248,0.9912570639030471,-0.28724891291345084,-0.21943259808796392,-0.49673411291935937,-0.29030107957185736,-1.2740310493992413,-1.2860490588430924
1.4455818439311225,0.999425039324432,0.361157560312046,2.2662634874141454,-0.010684955964216718,-0.6991224441542135,-0.6983308925851475,0.689886723936842,-0.7040390821263706,1.569838056394479,1.016218028968164,1.3120158840473943,1.4876661171345824,0.29248461497215295,-0.2498108096214733,-0.3728150694502358,-0.4384153514788563,0.8937356423228141,0.8804396260968075
1.4455818439311225,0.999425039324432,0.5056205838950075,-0.7054689621240783,-0.010684955964216718,1.1745689719742864,1.264614997542391,0.507900228415866,0.07356374639461619,1.514501304624425,1.0523705387750772,0.9768974720451772,2.376278821308058,0.41369818995709984,-0.24713163538099484,-0.20160884341741864,-0.6670083254525896,0.835518709623653,0.8275853697094536
1.4455818439311225,0.999425039324432,0.6500836074779691,1.3079431850775973,-0.010684955964216718,0.7042320083778929,-0.6983308925851475,0.6595555449301591,-0.22551426457499413,1.2843646339810957,1.0890424872782891,1.0362367401153383,2.245895037769301,0.41369818995709984,-0.25887724335447315,-0.20107745907636476,-0.6093596431920468,0.8087515465004874,0.7984736768215244
1.4455818439311225,0.999425039324432,0.7945466310609306,0.6195792277911676,-0.010684955964216718,0.3210510193127725,0.6103695031178284,0.5685622971696711,-0.16569866238107206,1.037485460345289,1.0041149661925903,1.0241192917865205,1.8597888593120313,0.41369818995709984,-0.1943791940807662,-0.16671603925728606,-0.4611740735241389,0.8123211496204512,0.8015624169048094
1.4455818439311225,0.999425039324432,0.9390096546438922,1.250899662783808,-0.010684955964216718,0.7389972289720705,-0.6983308925851475,0.20458959538727972,0.7315353705277589,0.77911550735734,0.8141662567354413,0.9640673830689522,1.3494483559522221,0.41369818995709984,-0.058897384893382976,-0.11934753552722879,-0.2636162130451534,0.7598931663279928,0.7499765233352568
1.4455818439311225,0.999425039324432,1.0834726782268538,0.6061796012081697,-0.010684955964216718,0.2788735448991929,0.6887416426990687,0.507900228415866,0.07356374639461619,0.674285056421782,0.6586317724262611,0.9576024707843405,0.8284414681758153,0.41369818995709984,0.057328538101963776,-0.0913795083589351,-0.044452963905558564,0.811460340638118,0.799857606138395
1.4455818439311225,0.999425039324432,1.2279357018098151,-0.7054689621240783,-0.010684955964216718,1.1715895644403271,1.3485596861788784,0.6595555449301591,-0.5844078777385264,0.6111145337242079,0.5555443639839652,0.9643964252817502,0.7431238086240777,0.41369818995709984,0.13510349677489666,-0.07980242919086547,0.003357277481106302,0.6680377195074181,0.661640278156481
1.4455818439311225,0.999425039324432,1.3723987253927767,1.5477535772558888,-0.010684955964216718,0.4380918893963573,-0.6983308925851475,0.35624491190157287,0.3726417573642265,0.4614481026025947,0.4509572174579273,0.99618309645539,0.7554747120480605,0.41369818995709984,0.22937626170032996,-0.057307875870787416,0.03395615270014065,0.7548454991022285,0.7407228022989534
1.4455818439311225,0.999425039324432,1.5168617489757383,-0.7054689621240783,-0.010684955964216718,1.058774987727839,1.5406207771104423,0.20458959538727972,0.7315353705277589,0.39307870127393124,0.36540368805209716,1.0211357484062276,0.661150032497652,0.41369818995709984,0.31257327253786255,-0.034487392479172256,0.10577098490857932,0.6813914193686522,0.6740483089209315
1.4455818439311225,0.999425039324432,1.6613247725587,1.640139281840395,-0.010684955964216718,0.3721531563659137,-0.6983308925851475,0.2955828431477677,0.13337934858853825,0.2867364817194513,0.3057719845652152,1.065691132806555,0.6885609886302672,0.41369818995709984,0.36338178627965706,-0.04461531985722615,0.10154209583144429,0.7702057731428997,0.7558058696686373
1.4455818439311225,1.1095028913365959,-1.6613247698494156,-0.7054689621240783,-0.010684955964216718,1.039808805087429,1.5591737212820787,0.05293427887298657,0.7315353705277589,0.2664774443775612,0.2364466798641223,1.0550543744353282,0.5980514218143543,0.41369818995709984,0.4175762473278006,-0.039781873707243426,0.13965995923436084,0.672608179578819,0.6653306197313757
1.4455818439311225,1.1095028913365959,-1.516861746266454,-0.7054689621240783,-0.010684955964216718,-0.6991224441542135,-0.6983308925851475,0.05293427887298657,0.7315353705277589,0.17797141882969023,0.1852255075508662,1.0428985662630494,0.6300002658852312,0.41369818995709984,0.45519134210423434,-0.03571323376472892,0.1257230890160749,-1.2740310493992413,-1.2860490588430924
1.4455818439311225,1.1095028913365959,-1.3723987226834924,1.405168632948503,-0.010684955964216718,-0.6991224441542135,0.5852968578697998,0.20458959538727972,0.31282615517030443,0.038364938265585034,0.15837419689954702,0.8722279507367783,0.520981952145965,0.41369818995709984,0.47746736202533757,0.029311429022126415,0.17035938813443396,0.8309597702078082,0.8129426434860467
1.4455818439311225,1.1095028913365959,-1.2279356991005308,-0.7054689621240783,-0.010684955964216718,0.8569525030260868,0.5346011145226797,0.05293427887298657,0.7315353705277589,0.014327817224725271,0.10693212198854446,0.517436906125876,0.47439565246935383,0.41369818995709984,0.5195277191505144,0.17289169311024327,0.1913181126049147,0.2992541547363382,0.30679098635464286
1.4455818439311225,1.1095028913365959,-1.0834726755175694,0.9596761480580601,-0.010684955964216718,0.29961408539922857,0.2554990900715177,0.05293427887298657,0.7315353705277589,-0.03387285152468287,0.07210432200901182,0.46654618046773827,0.4780321676186962,0.41369818995709984,0.5480273959220563,0.1947524576575502,0.19055399131322778,0.8082086356074056,0.7971411786948425
1.4455818439311225,1.1095028913365959,-0.9390096519346078,-0.7054689621240783,-0.010684955964216718,1.2279214320759386,1.1915649153343644,0.05293427887298657,0.7315353705277589,-0.07088777034240355,0.03932534069164549,0.466176221088582,0.4899168726513867,0.41369818995709984,0.5760116519804881,0.1965925103980497,0.187167022604273,0.675643152276882,0.6645150972734034
1.4455818439311225,1.1095028913365959,-0.7945466283516462,1.7095925403115362,-0.010684955964216718,0.3632494118077541,-0.6983308925851475,0.05293427887298657,1.0904289836912913,-0.09654569464151465,0.036027328425609254,0.5537926608761928,0.5411961802345853,0.41369818995709984,0.5870135677078028,0.1705576895814605,0.17571300480767083,0.796501129418994,0.78542818616593
1.4455818439311225,1.1095028913365959,-0.6500836047686848,-0.7054689621240783,-0.010684955964216718,1.0978954790090942,1.4516700279297503,0.507900228415866,0.3726417573642265,0.005326773624630403,0.17900494685905294,1.1124816174192045,0.6438025891209528,0.41369818995709984,0.5182739148315442,0.0004776971621724918,0.1864956534149236,0.6792775590843488,0.6737610319143794
1.4455818439311225,1.1095028913365959,-0.5056205811857232,-0.7054689621240783,-0.010684955964216718,-0.6991224441542135,-0.6983308925851475,0.8415420404511351,-0.6442234799324486,0.13402711455913194,0.3955854758879712,1.4838381473184585,0.8193237679835282,0.41369818995709984,0.36580590448373224,-0.1364144388309311,0.11564626657076886,-1.2740310493992413,-1.2860490588430924
1.4455818439311225,1.1095028913365959,-0.3611575576027617,1.0993221898308039,-0.010684955964216718,-0.6991224441542135,0.19973806952732726,0.9628661779587454,-0.7638546843202927,0.537586389214515,0.6307916932783194,1.7339008521943218,1.0173591428975197,-0.05323368507298749,0.21218881481202953,-0.21278103783655572,0.049771036280241286,0.5648247064109485,0.5002928481391823
1.4455818439311225,1.1095028913365959,-0.21669453401980013,-0.7054689621240783,-0.010684955964216718,-0.6991224441542135,-0.6983308925851475,0.9628661779587454,-1.062932695289903,0.8266465830149159,0.8185045579122708,1.8335128412526414,1.0714364793147868,-0.20358480117524516,0.07978360398239648,-0.25867650975155393,0.01599128405627775,-1.2740310493992413,-1.2860490588430924
1.4455818439311225,1.1095028913365959,-0.0722315104368386,1.5436917523743614,-0.010684955964216718,-0.6991224441542135,-0.6983308925851475,1.2055147422335266,-1.4816419106473573,1.4788055042653387,0.9804522751470816,1.9151042282939923,1.0736157052481834,-1.066114515619894,-0.034237061570481335,-0.30258520661002075,-0.0026035620677138482,0.34883671611668027,0.32814384365655436
1.4455818439311225,1.1095028913365959,0.07223151314612293,-0.7054689621240783,-0.010684955964216718,-0.6991224441542135,-0.6983308925851475,0.9628661779587454,-1.062932695289903,1.5741726850009456,1.1420802835103934,1.6886498759659032,1.1315987109219958,-0.5462436886517541,-0.13554280969081556,-0.22354404479954523,-0.024457734404686435,-1.2740310493992413,-1.2860490588430924
1.4455818439311225,1.1095028913365959,0.21669453672908448,1.6806048534041589,-0.010684955964216718,-0.6991224441542135,-0.6983308925851475,0.9628661779587454,-0.7638546843202927,1.7450399986925205,1.2730988140243027,1.571810054988807,1.2970261915213055,-0.347380701743261,-0.21134223026532484,-0.172795549416736,-0.07848540059523591,0.4076817045538925,0.4097016218925709
1.4455818439311225,1.1095028913365959,0.361157560312046,-0.7054689621240783,-0.010684955964216718,-0.6991224441542135,1.7743745839888418,0.8112108614444523,-0.5844078777385264,1.872079400918711,1.3466847864014198,1.3477075872853546,2.094432546750876,0.2511456919511106,-0.2465829150150714,-0.0802544285838024,-0.3552427209444646,0.1403288714627033,0.14873761137110378
1.4455818439311225,1.1095028913365959,0.5056205838950075,0.32035935414836514,-0.010684955964216718,0.57115748145768,-0.6983308925851475,0.8112108614444523,-0.5245922755446044,1.7702577708893084,1.3192978045945427,1.0368019084756623,2.6929004773049052,0.41369818995709984,-0.22432957746617432,0.04750865351121214,-0.5420279015000933,0.23232454626262503,0.19321483336447443
1.4455818439311225,1.1095028913365959,0.6500836074779691,1.0650351131994624,-0.010684955964216718,0.9477184758970001,-0.6983308925851475,0.6595555449301591,-0.22551426457499413,1.5196894804688315,1.278401887888415,0.9990208724305314,3.1765653770305944,0.41369818995709984,-0.19451335789934732,0.06845444736924695,-0.6826598093010022,0.8054575390626549,0.7981579180004853
1.4455818439311225,1.1095028913365959,0.7945466310609306,1.1750275010171156,-0.010684955964216718,0.8629198324889475,-0.6983308925851475,0.6595555449301591,-0.22551426457499413,1.3306856258193662,1.1966820419041788,1.0315073976370914,3.2785093817278956,0.41369818995709984,-0.1407457597919771,0.05952353313840915,-0.7091283987292649,0.7564774719658489,0.7470547809412298
1.4455818439311225,1.1095028913365959,0.9390096546438922,1.199875678848014,-0.010684955964216718,0.7831496225483662,-0.6983308925851475,0.507900228415866,0.07356374639461619,1.0676853797428427,1.0283217975028358,0.965126967189439,2.464696364767363,0.41369818995709984,-0.02720818050672406,0.09360011373985411,-0.45490268780090376,0.7322781549599946,0.7221629045104568
1.4455818439311225,1.1095028913365959,1.0834726782268538,0.486897852180124,-0.010684955964216718,0.2172687440104772,0.7781454778803595,0.35624491190157287,0.3726417573642265,0.8878437794178795,0.8334610047219948,1.0729573395990168,1.1533540768580892,0.41369818995709984,0.10793049747558303,0.058289516709143965,0.022187037808214353,0.7856081695804479,0.7730519156982095
1.4455818439311225,1.1095028913365959,1.2279357018098151,0.6127411348385627,-0.010684955964216718,0.34396704027861463,0.530203151358876,0.6292243659234763,-0.2853298667689162,0.7923200704270392,0.6993498378396346,1.0397462395715285,0.8008502374854163,0.41369818995709984,0.19919036772690896,0.07047370786525166,0.16468287278717172,0.764739222081525,0.7539740177153025
1.4455818439311225,1.1095028913365959,1.3723987253927767,-0.7054689621240783,-0.010684955964216718,1.182993597863952,1.3095812939062288,0.507900228415866,0.7315353705277589,0.7104303738215388,0.581129542813057,1.0124783579575836,0.8147607254558082,0.41369818995709984,0.3191395779897134,0.13515350866882386,0.2143865139825344,0.6524893347627447,0.6454195774484397
1.4455818439311225,1.1095028913365959,1.5168617489757383,1.542016608429184,-0.010684955964216718,0.4600988673071021,-0.6983308925851475,0.507900228415866,0.7315353705277589,0.5530251590042139,0.49352366594956937,1.0638745811084396,0.840792371599798,0.41369818995709984,0.4142115345826658,0.15558814090971534,0.24580152101793087,0.7519849563296948,0.7378998241824999
1.4455818439311225,1.1095028913365959,1.6613247725587,-0.7054689621240783,-0.010684955964216718,1.0558813548392267,1.5287057577044594,0.35624491190157287,0.7315353705277589,0.47819930160925167,0.4148519935105955,1.0896728544973489,0.7471871133078944,0.41369818995709984,0.5080282390456561,0.18381476078163123,0.32680444583128765,0.6684414824826111,0.6609409369129986
1.4455818439311225,1.2195807433487595,-1.6613247698494156,1.625521197497552,-0.010684955964216718,0.3747944057698719,-0.6983308925851475,0.20458959538727972,1.0904289836912913,0.35206294700940854,0.3424658116004721,1.1307681810175023,0.7680863847160934,0.41369818995709984,0.5797952647059408,0.18240175173222156,0.3337528352173787,0.7563608253283433,0.7419803051443242
1.4455818439311225,1.2195807433487595,-1.516861746266454,-0.7054689621240783,-0.010684955964216718,-0.6991224441542135,1.6642200807528347,0.20458959538727972,0.7315353705277589,0.330127585703351,0.28131884332968693,1.0723793846242058,0.6739495261003062,0.41369818995709984,0.6371570536006592,0.20617679071948694,0.37535865443132777,-0.014850308647643404,-0.012144683977954379
1.4455818439311225,1.2195807433487595,-1.3723987226834924,-0.7054689621240783,-0.010684955964216718,-0.6991224441542135,-0.6983308925851475,0.32591373289489,0.4922729617520706,0.24023488035591126,0.23928806599360267,0.8692802098770489,0.7168087541055255,0.41369818995709984,0.6794008001181411,0.28694484407070714,0.35181283977929334,-1.2740310493992413,-1.2860490588430924
1.4455818439311225,1.2195807433487595,-1.2279356991005308,0.7903864095422809,-0.010684955964216718,0.42281843137731284,0.24452514380904056,0.20458959538727972,0.7315353705277589,0.06865248672910283,0.19236920114316639,0.5083089682641115,0.5787209583020326,0.41369818995709984,0.7248635130742417,0.43909696147256916,0.4083630164165914,0.8315532639791909,0.8154291673623015
1.4455818439311225,1.2195807433487595,-1.0834726755175694,-0.7054689621240783,-0.010684955964216718,1.2340351881086131,1.1370434617874168,0.05293427887298657,1.0904289836912913,0.010577159416629855,0.1447198756260604,0.43247070530093096,0.5301063602287742,0.41369818995709984,0.767963881095254,0.4690577874874952,0.4262802087461687,0.6879130104646264,0.6767905544121484
1.4455818439311225,1.2195807433487595,-0.9390096519346078,1.645552058195328,-0.010684955964216718,0.41009435138963696,-0.6983308925851475,0.20458959538727972,0.7315353705277589,-0.044946891120370334,0.10733863922912586,0.47095756246574266,0.5276822962913177,0.41369818995709984,0.8047899188811118,0.4466023888030738,0.42229121821409815,0.7997461740707129,0.7886747032071646
1.4455818439311225,1.2195807433487595,-0.7945466283516462,-0.7054689621240783,-0.010684955964216718,1.0470673793339178,1.3848126451044152,0.05293427887298657,1.0904289836912913,-0.05553328499783031,0.09328909286062954,0.5481980908176609,0.48944983577377926,0.41369818995709984,0.8267271510301146,0.4104882611999603,0.4380928824525105,0.685025646165876,0.6739018017456928
1.4455818439311225,1.2195807433487595,-0.6500836047686848,1.6165139572953842,-0.010684955964216718,0.2827557936450197,-0.6983308925851475,0.507900228415866,0.7315353705277589,0.10324054866653634,0.25150969629767916,1.6442675370816329,0.6255906663532064,0.41369818995709984,0.750402898971048,0.015528567000281341,0.43749172747147264,0.7859455087759503,0.7710182321817836
1.4455818439311225,1.2195807433487595,-0.5056205811857232,-0.7054689621240783,-0.010684955964216718,-0.6991224441542135,1.3845696996153132,0.8415420404511351,-0.3451454689628382,0.31536777394383153,0.45455517734071194,2.2718243468104955,0.8487781152664655,0.41369818995709984,0.5997393437227854,-0.21811660991853024,0.33255182551841983,-0.14953964283096047,-0.14604998818962486
1.4455818439311225,1.2195807433487595,-0.3611575576027617,-0.7054689621240783,-0.010684955964216718,-0.6991224441542135,-0.6983308925851475,1.1145214944730386,-0.5245922755446044,0.6890368410912895,0.6477793147727539,2.710362601665252,0.9884322035068898,-0.14707633958254845,0.4891540923518127,-0.33001324402283055,0.3167818010158516,-1.2740310493992413,-1.2860490588430924
1.4455818439311225,1.2195807433487595,-0.21669453401980013,-0.7054689621240783,-0.010684955964216718,-0.6991224441542135,-0.6983308925851475,1.4178321275016248,-1.003117093095981,0.9542184488785672,0.8103600979186782,2.861185834184849,1.0385401457076509,-0.3514696680634779,0.3954160522860479,-0.35756412372662894,0.3226527056990875,-1.2740310493992413,-1.2860490588430924
1.4455818439311225,1.2195807433487595,-0.0722315104368386,-0.7054689621240783,-0.010684955964216718,-0.6991224441542135,-0.6983308925851475,1.569487444015918,-1.2423795018716692,1.2264699161938921,0.9433356984119838,2.5434768240271235,1.0013943634547071,-0.26397397844295173,0.3370909864780638,-0.2181258607390425,0.37930473628054123,-1.2740310493992413,-1.2860490588430924
1.4455818439311225,1.2195807433487595,0.07223151314612293,-0.7054689621240783,-0.010684955964216718,-0.6991224441542135,-0.6983308925851475,1.7211427605302112,-1.8405355238108898,1.4836732654334341,1.077510383613185,2.1503770824132613,1.0272339962324992,-0.19452472816129396,0.24727796201129237,-0.09304185929145464,0.3502165500928028,-1.2740310493992413,-1.2860490588430924
1.4455818439311225,1.2195807433487595,0.21669453672908448,-0.7054689621240783,-0.010684955964216718,-0.6991224441542135,-0.6983308925851475,1.8727980770445043,-1.7209043194230456,1.6451870124885548,1.1949917488639141,1.841741453895489,1.2909748357839745,0.02456782001840652,0.18386963181080898,0.04295122602907237,0.2581238978660899,-1.2740310493992413,-1.2860490588430924
1.4455818439311225,1.2195807433487595,0.361157560312046,0.261181579699512,-0.010684955964216718,-0.6991224441542135,-0.6983308925851475,2.0244533935587974,-2.199429136974422,1.7985800201482276,1.2934112666305062,1.648115455601245,1.8553834522115829,0.41369818995709984,0.11328305471257241,0.10299787170352061,0.011889170633038583,-0.5258500659004067,-0.6133752972839295
1.4455818439311225,1.2195807433487595,0.5056205838950075,-0.7054689621240783,-0.010684955964216718,-0.6991224441542135,-0.6983308925851475,1.1145214944730386,-0.7638546843202927,1.680575776654683,1.319737492512741,1.3430592266988584,2.391018572244256,0.41369818995709984,0.10777920122693131,0.2353136483027384,-0.180762363684917,-1.2740310493992413,-1.2860490588430924
1.4455818439311225,1.2195807433487595,0.6500836074779691,1.0264325270407242,-0.010684955964216718,0.8998828181381638,-0.6983308925851475,1.1145214944730386,-0.7638546843202927,1.363125103330261,1.3089916044830667,1.077124071039837,2.779897624946136,0.41369818995709984,0.11481146051633631,0.34571767327415137,-0.3186795388082984,0.8817303991923742,0.8749789041106361
1.4455818439311225,1.2195807433487595,0.7945466310609306,1.1795028641650707,-0.010684955964216718,0.811499509343325,-0.6983308925851475,0.9628661779587454,-0.7638546843202927,1.1052548366955575,1.235897546197417,0.9733462029816629,2.8458747591497686,0.41369818995709984,0.1630211535277018,0.37829519068188644,-0.3508788212136934,0.8054326976491121,0.7973157578742878
1.4455818439311225,1.2195807433487595,0.9390096546438922,1.2049391454395046,-0.010684955964216718,0.7473707684920813,-0.6983308925851475,0.507900228415866,0.07356374639461619,0.8594854082539064,1.0524502895531775,0.8237530427757119,1.8861785391126429,0.41369818995709984,0.28678148492480476,0.434205213639823,-0.013291508177953831,0.7667621771930809,0.7571363187439172
1.4455818439311225,1.2195807433487595,1.0834726782268538,0.47011313231688495,-0.010684955964216718,0.17898786667494226,0.836456273169534,0.507900228415866,0.3726417573642265,0.7106838960810836,0.8560184770196729,0.8830079191902591,0.7602364758325003,0.41369818995709984,0.43145496349598567,0.4089967277438767,0.4622699748477905,0.8348510516321278,0.8223277087172145
1.4455818439311225,1.2195807433487595,1.2279357018098151,-0.7054689621240783,-0.010684955964216718,1.0937764039446813,1.4110574656544785,0.8112108614444523,-0.46477667335068235,0.6480398167034614,0.7227104639911003,0.9141663413721058,0.547648332430617,0.41369818995709984,0.5209137568734099,0.3794272329501559,0.5447372126412744,0.6995805543790778,0.69342331935712
1.4455818439311225,1.2195807433487595,1.3723987253927767,2.2800121546467462,-0.010684955964216718,-0.6991224441542135,-0.6983308925851475,0.6595555449301591,0.07356374639461619,0.4894887347869271,0.6125266478160858,0.9315476126647261,0.5948668507889445,0.41369818995709984,0.6159775092040749,0.378216236004491,0.5293312618114328,0.8180044330144752,0.8017242919655627
1.4455818439311225,1.2195807433487595,1.5168617489757383,-0.7054689621240783,-0.010684955964216718,1.1877749036461165,1.3329317302341006,0.6595555449301591,0.07356374639461619,0.4733576284836953,0.5206107001396979,0.7869957883305043,0.5250184252676929,0.41369818995709984,0.7010180660379378,0.4509741544688858,0.5717334921844712,0.7258537693952751,0.7192546858556826
1.4455818439311225,1.2195807433487595,1.6613247725587,1.4683775533012005,-0.010684955964216718,0.5457306600276779,-0.6983308925851475,0.507900228415866,0.7315353705277589,0.39840467549687675,0.4350204712607597,0.8114250415283419,0.5520931483878833,0.41369818995709984,0.7983833552420321,0.47645607740834606,0.5967899958678016,0.7752719814236996,0.7626142527618649
1.4455818439311225,1.3296585953609235,-1.6613247698494156,-0.7054689621240783,-0.010684955964216718,1.0394965054902165,1.5460433455811748,0.35624491190157287,0.7315353705277589,0.3637229641759702,0.35664239460665015,0.8474023124898445,0.47309683716699474,0.41369818995709984,0.8825344735232152,0.4737378421252628,0.6491726125049774,0.6966949901827582,0.6890606840172485
1.4455818439311225,1.3296585953609235,-1.516861746266454,-0.7054689621240783,-0.010684955964216718,-0.6991224441542135,-0.6983308925851475,0.35624491190157287,0.7315353705277589,0.26948358958704594,0.30131864465537384,0.8766060875371166,0.5288419228653414,0.41369818995709984,0.9360894847166107,0.45835243680118687,0.6198497288246421,-1.2740310493992413,-1.2860490588430924
1.4455818439311225,1.3296585953609235,-1.3723987226834924,1.3431956627552064,-0.010684955964216718,-0.6991224441542135,0.6380336367884348,0.38657609090825573,0.7315353705277589,0.19163887742341335,0.2701459710455826,0.7708531137611885,0.4954584287090311,0.41369818995709984,0.9661141890662688,0.504309222293999,0.634194664951109,0.8194574756964897,0.80839497880458
1.4455818439311225,1.3296585953609235,-1.2279356991005308,-0.7054689621240783,-0.010684955964216718,-0.6991224441542135,0.7608904788929505,0.05293427887298657,0.7315353705277589,0.11816759146797191,0.20577791825046843,0.5269757205331551,0.4856171148266628,0.41369818995709984,1.0211208720808582,0.6165425432378739,0.6382657887700626,-0.495511049529239,-0.4883723017931297
1.4455818439311225,1.3296585953609235,-1.0834726755175694,0.7845363231984468,-0.010684955964216718,0.6056145019781359,0.06983062023121399,0.05293427887298657,0.7315353705277589,-0.008873148606553742,0.14837217895940888,0.15660290750843203,0.5174695329712831,0.41369818995709984,1.07393460404641,0.799952537744627,0.6264099896703442,0.8331494148044415,0.8190150073156973
1.4455818439311225,1.3296585953609235,-0.9390096519346078,-0.7054689621240783,-0.010684955964216718,1.3373793399773233,1.0740530836065625,0.08326531324988914,0.6717197683338367,-0.04246317568583167,0.1079025407486129,0.13590649329982354,0.5226170004607489,0.41369818995709984,1.1079065237636037,0.810390044906801,0.6240008188252837,0.7118754339906082,0.7007640460045718
1.4455818439311225,1.3296585953609235,-0.7945466283516462,1.5691893916041613,-0.010684955964216718,0.41346773364266465,-0.6983308925851475,0.20458959538727972,1.0904289836912913,-0.07437085848343312,0.12626215793000956,0.4154977532309279,0.5648087933590101,0.41369818995709984,1.0953969541900752,0.6721997821469285,0.6026973079183101,0.82363371333558,0.8087004923686093
1.4455818439311225,1.3296585953609235,-0.6500836047686848,-0.7054689621240783,-0.010684955964216718,1.0889160509403346,1.3701581480478078,0.40174139115203655,0.13337934858853825,0.04333571375550068,0.25988352799819703,1.6917212207656733,0.6678998473356059,0.41369818995709984,0.970728362697398,0.09194593795104308,0.527279013191956,0.6938337273692521,0.6887270984490126
1.4455818439311225,1.3296585953609235,-0.5056205811857232,-0.7054689621240783,-0.010684955964216718,-0.6991224441542135,-0.6983308925851475,0.598893476176354,-0.16569866238107206,0.23045587794882247,0.43986268443372667,2.3626826195910358,0.8092736710086567,0.41369818995709984,0.821809419694354,-0.16642065840697556,0.4528870594858597,-1.2740310493992413,-1.2860490588430924
1.4455818439311225,1.3296585953609235,-0.3611575576027617,-0.7054689621240783,-0.010684955964216718,-0.6991224441542135,-0.4900304075659088,0.6595555449301591,0.3726417573642265,0.4738693554719587,0.5931627354379057,2.7597351299633033,0.8768690838007677,0.41369818995709984,0.7192474542367296,-0.2833570534722184,0.44752715820755795,-1.1659546095607838,-1.21168058875921
1.4455818439311225,1.3296585953609235,-0.21669453401980013,-0.7054689621240783,-0.010684955964216718,-0.6991224441542135,-0.6983308925851475,0.9628661779587454,-0.22551426457499413,0.8835606579723231,0.7625773839320066,2.949164561382924,0.8569659341351139,0.1853022196948916,0.6079325061258481,-0.32936396550408537,0.4788682669558117,-1.2740310493992413,-1.2860490588430924
1.4455818439311225,1.3296585953609235,-0.0722315104368386,-0.7054689621240783,-0.010684955964216718,-0.6991224441542135,-0.6983308925851475,1.1145214944730386,0.013748144200694123,1.1301187480076507,0.8947865300446326,2.616526752591179,0.8308210923385623,0.147709468392686,0.5408148841641619,-0.17589285320546175,0.542239623904266,-1.2740310493992413,-1.2860490588430924
1.4455818439311225,1.3296585953609235,0.07223151314612293,-0.7054689621240783,-0.010684955964216718,-0.6991224441542135,-0.6983308925851475,1.1145214944730386,-0.22551426457499413,1.342437285596898,0.9947488371999589,2.1863262228228924,0.799719119446112,0.1382399137729906,0.4907278628999889,0.005364066610899854,0.5867361447375604,-1.2740310493992413,-1.2860490588430924
1.4455818439311225,1.3296585953609235,0.21669453672908448,-0.7054689621240783,-0.010684955964216718,-0.6991224441542135,-0.6983308925851475,1.1145214944730386,-0.5245922755446044,1.4864539831984158,1.08317551189469,1.7657207685656278,1.0052170225660402,0.2642104950692399,0.4297195207203826,0.16735346351844171,0.4881816182409893,-1.2740310493992413,-1.2860490588430924
1.4455818439311225,1.3296585953609235,0.361157560312046,1.790183164727706,-0.010684955964216718,-0.6991224441542135,-0.6983308925851475,1.1145214944730386,-0.46477667335068235,1.5894054261470039,1.1374879090582004,1.4525552687556051,1.5214655005032685,0.41369818995709984,0.39816592796329664,0.30467694590985017,0.26794825255620164,0.5599336480966501,0.5459819815842306
1.4455818439311225,1.3296585953609235,0.5056205838950075,-0.7054689621240783,-0.010684955964216718,0.9746008383982246,1.1082044278006615,0.9628661779587454,-0.22551426457499413,1.536766445545141,1.1844815843730492,1.133507073840611,2.522151962548868,0.41369818995709984,0.37306426358970285,0.4490166378214165,-0.12304910168956912,0.829227351628558,0.8215740676115808
1.4455818439311225,1.3296585953609235,0.6500836074779691,1.1177103796533474,-0.010684955964216718,0.520449844703542,-0.6983308925851475,1.1145214944730386,-0.5245922755446044,1.3297163547004203,1.2090723486327326,1.1452213175926065,2.9584012996321403,0.41369818995709984,0.3637456694422835,0.44912226928354504,-0.27403153732188745,0.7471581616721704,0.7393691989428315
1.4455818439311225,1.3296585953609235,0.7945466310609306,1.1294977452249564,-0.010684955964216718,0.6367806562953158,-0.6983308925851475,0.8112108614444523,-0.04606745799322794,1.1575914635736357,1.16322553185251,1.1300964575364534,3.0829165174502964,0.41369818995709984,0.3990013149056128,0.454557449037547,-0.3175905684479108,0.7681120740058196,0.7584268113168593
1.4455818439311225,1.3296585953609235,0.9390096546438922,1.2352158876372428,-0.010684955964216718,0.7110207141627392,-0.6983308925851475,0.507900228415866,0.7315353705277589,0.9142328378322481,1.0087814453500976,0.9988913014037301,2.169255711580647,0.41369818995709984,0.5194973151196849,0.5213666596418283,0.020666163382502878,0.7448522304585176,0.7349608697566967
1.4455818439311225,1.3296585953609235,1.0834726782268538,0.5195378624101908,-0.010684955964216718,0.19276967628124866,0.7633310434568972,0.35624491190157287,1.0904289836912913,0.7599147080486953,0.8210594058478693,1.0590003236660068,1.0316603654908294,0.41369818995709984,0.6682579641209498,0.4999497193437497,0.5094649750696513,0.8049022074628018,0.7926078573731893
1.4455818439311225,1.3296585953609235,1.2279357018098151,0.6355341799831583,-0.010684955964216718,0.32243066664142106,0.5241563450395278,0.47756904940918316,0.6119041661399147,0.6732682916869319,0.6831830141764436,1.0191222828450128,0.7168867333328459,0.41369818995709984,0.7784050113650463,0.5192030433187599,0.6600408617674248,0.78053620097187,0.769896171634081
1.4455818439311225,1.3296585953609235,1.3723987253927767,-0.7054689621240783,-0.010684955964216718,1.181180136857183,1.3237494807516916,0.35624491190157287,1.0904289836912913,0.6009034063048078,0.5576376454693202,0.9810079423822549,0.7324154998917163,0.41369818995709984,0.8831044284503529,0.5404790699555468,0.6565689425348339,0.6610776234593394,0.6545845745590391
1.4455818439311225,1.3296585953609235,1.5168617489757383,1.54804368197468,-0.010684955964216718,0.42886743596202964,-0.6983308925851475,0.507900228415866,0.7315353705277589,0.4265389570646822,0.47590933037590527,1.0288239134767594,0.7705414726472151,0.41369818995709984,0.9596926647136061,0.525253079933787,0.6450041856627774,0.7643928823738695,0.7499302147735729
1.4455818439311225,1.3296585953609235,1.6613247725587,-0.7054689621240783,-0.010684955964216718,1.047587177889359,1.5212756922974633,0.689886723936842,0.3726417573642265,0.4115470286189832,0.4222949289605458,1.0895526603211712,0.7383997767238253,0.41369818995709984,1.0063980821044058,0.4998980868571696,0.6628847539145625,0.6693714153982809,0.6620254998200458
1.4455818439311225,1.4397364473730871,-1.6613247698494156,1.6130945968529358,-0.010684955964216718,0.34458323019408416,-0.6983308925851475,0.507900228415866,0.7315353705277589,0.31396905350924487,0.3671518533384168,1.1333578966715965,0.7596562433023308,0.41369818995709984,1.0614650905769905,0.48568796600887393,0.6584090315557396,0.7453726400712163,0.7309203452972103
1.4455818439311225,1.4397364473730871,-1.516861746266454,-0.7054689621240783,-0.010684955964216718,-0.6991224441542135,0.9575675341174519,0.35624491190157287,1.0904289836912913,0.29737772737865975,0.31920610900005353,1.0866381646591081,0.6965869796400678,0.41369818995709984,1.1098996768957616,0.5111509570365881,0.6938620057006091,-0.38869297129492203,-0.40030694120969035
1.4455818439311225,1.4397364473730871,-1.3723987226834924,-0.7054689621240783,-0.010684955964216718,-0.6991224441542135,-0.6983308925851475,0.49273463891252456,0.7913509727216809,0.22581889561857144,0.2782127975383697,0.9091360872329322,0.6716864515353823,0.41369818995709984,1.147693335027861,0.5943459523924354,0.7078682232851287,-1.2740310493992413,-1.2860490588430924
1.4455818439311225,1.4397364473730871,-1.2279356991005308,1.2226073660372436,-0.010684955964216718,-0.6991224441542135,0.5325415278935413,0.20458959538727972,1.0904289836912913,0.08021550989135312,0.22524769449338336,0.6271631072433883,0.483075662805068,0.41369818995709984,1.191451009239188,0.7216013150360786,0.7952107976353568,0.8307905605793278,0.8164559470198138
1.4455818439311225,1.4397364473730871,-1.0834726755175694,-0.7054689621240783,-0.010684955964216718,1.1241597595070842,0.6449212147702403,0.20458959538727972,1.0904289836912913,0.03997637658548906,0.17085131199718334,0.24667949192333577,0.432309508846817,0.41369818995709984,1.236478413690396,0.9018479591983556,0.8115356010677942,0.5542183228793607,0.5631227063717432
1.4455818439311225,1.4397364473730871,-0.9390096519346078,0.9286103640834246,-0.010684955964216718,0.34245494680641586,0.24058969938700003,0.416906980655378,0.851166574915603,-0.0035491811561111854,0.14493583791011927,0.2442091180044533,0.45378565883992433,0.41369818995709984,1.2611862734741976,0.9009977442526694,0.7985728446345713,0.8155681743848439,0.8045040350974352
1.4455818439311225,1.4397364473730871,-0.7945466283516462,-0.7054689621240783,-0.010684955964216718,1.2200743134185466,1.1308710952023462,0.507900228415866,0.7315353705277589,-0.013214466454697002,0.15431396480742068,0.3346906118781111,0.509929025538026,0.41369818995709984,1.265186092641105,0.8614442476372368,0.7766291708530535,0.6797272246715234,0.668601110674013
1.4455818439311225,1.4397364473730871,-0.6500836047686848,1.6049585678532723,-0.010684955964216718,0.34050914477208344,-0.6983308925851475,0.6595555449301591,1.0904289836912913,0.015693760375096386,0.21506570798319619,0.5860950588341404,0.6278428405960317,0.41369818995709984,1.2431846742047954,0.7726845610402157,0.7539218092008877,0.7992846278074962,0.7840825741102757
1.4455818439311225,1.4397364473730871,-0.5056205811857232,-0.7054689621240783,-0.010684955964216718,1.0020347444829478,1.3313287930855562,0.9022041092049403,0.1931949507824603,0.21641449074537483,0.4414372329818813,1.5306448283094582,0.8846024430865377,0.41369818995709984,1.0593368084189232,0.34742369668490325,0.6368417839465587,0.6703877532306216,0.6639057093864663
1.4455818439311225,1.4397364473730871,-0.3611575576027617,-0.7054689621240783,-0.010684955964216718,-0.6991224441542135,-0.6983308925851475,0.7808796824377694,0.5520885639459927,0.46457264738975607,0.6581850269170805,1.7063252393917239,1.0385569154339562,0.41369818995709984,0.8952872753433797,0.2878105487623674,0.5795417889118594,-1.2740310493992413,-1.2860490588430924
1.4455818439311225,1.4397364473730871,-0.21669453401980013,0.7953490481486382,-0.010684955964216718,-0.6991224441542135,-0.0442478509250836,0.6595555449301591,0.3726417573642265,0.44800406468087156,0.7175725377559743,1.5187890793571404,1.0158481905573964,0.41369818995709984,0.8492068296974093,0.3637038499743408,0.5862853868570417,0.1905402086220687,0.12540567777262804
1.4455818439311225,1.4397364473730871,-0.0722315104368386,-0.7054689621240783,-0.010684955964216718,-0.6991224441542135,0.23012679807916533,1.1145214944730386,0.07356374639461619,0.5359896672262995,0.8475204317178664,1.346650560487765,1.0824340658259177,0.41369818995709984,0.7587210557230765,0.4511086140693549,0.5677850265195434,-0.767075987300449,-0.7640814398818156
1.4455818439311225,1.4397364473730871,0.07223151314612293,1.1804103160312704,-0.010684955964216718,-0.6991224441542135,-0.6983308925851475,1.2661768109873317,0.07356374639461619,0.6895351895961996,0.9643969614214111,1.217423067395693,1.1106533227664568,0.41369818995709984,0.6914301790460283,0.5405485586770693,0.5867326773692487,0.09486548447440012,0.05387216635261465
1.4455818439311225,1.4397364473730871,0.21669453672908448,-0.7054689621240783,-0.010684955964216718,0.6557661802773235,0.4375767773711062,0.8112108614444523,0.3726417573642265,0.7065646610566051,1.0090856275214355,1.0107862626404747,1.0850476276706262,0.41369818995709984,0.6753546509994937,0.6570419900345267,0.6195643210704868,0.19800307327902575,0.21183661250530955
1.4455818439311225,1.4397364473730871,0.361157560312046,2.238325523889357,-0.010684955964216718,-0.6991224441542135,-0.6983308925851475,0.9325349989520626,0.07356374639461619,0.7217398747242442,1.0245085810950905,0.9476502225086494,1.0749631527568284,0.41369818995709984,0.6755419012211105,0.699395258234767,0.6365903997439617,0.8504827811193398,0.8394344192514549
1.4455818439311225,1.4397364473730871,0.5056205838950075,-0.7054689621240783,-0.010684955964216718,1.1801609322477677,1.0943563253053787,0.507900228415866,1.0904289836912913,0.7155309205999814,0.9766715236578549,0.839996305378992,0.9829216714429104,0.41369818995709984,0.7274299993591853,0.765047255733571,0.6945524454156727,0.768059871035331,0.7569740338728835
1.4455818439311225,1.4397364473730871,0.6500836074779691,1.3959039405067153,-0.010684955964216718,0.619103511002808,-0.6983308925851475,0.6595555449301591,0.7315353705277589,0.6671623518844895,0.8971331790462527,0.8075890571822512,0.9066328325340409,0.41369818995709984,0.8035385275804614,0.7928547919227448,0.7439041487273997,0.7954896518632161,0.7844161596785116
1.4455818439311225,1.4397364473730871,0.7945466310609306,-0.7054689621240783,-0.010684955964216718,1.05582206942259,1.4671870967617284,0.6595555449301591,0.4922729617520706,0.579426926977768,0.7579899497935012,0.9118263909209905,0.772672904860641,0.41369818995709984,0.9237888825295775,0.7432833020986018,0.8125090647212989,0.6969155027305118,0.6897331826873654
1.4455818439311225,1.4397364473730871,0.9390096546438922,2.275264089474943,-0.010684955964216718,-0.6991224441542135,-0.6983308925851475,0.35624491190157287,0.7315353705277589,0.3850081311910578,0.5953272985921819,0.905710979432356,0.741905488007985,0.41369818995709984,1.062652778193998,0.7342992494336587,0.815886281456877,0.8289686769092747,0.8123695238089239
1.4455818439311225,1.4397364473730871,1.0834726782268538,-0.7054689621240783,-0.010684955964216718,1.2242924077426616,1.311807420821037,0.20458959538727972,1.0904289836912913,0.3445342055023435,0.4503806122746721,0.7376999797193745,0.585591515169386,0.41369818995709984,1.1784506317394117,0.7895072857094662,0.8682530782261308,0.7176010197917522,0.7113547730806413
1.4455818439311225,1.4397364473730871,1.2279357018098151,1.5013881332880161,-0.010684955964216718,0.5067914938239021,-0.6983308925851475,0.2955828431477677,0.31282615517030443,0.27181345246302174,0.36069627486689243,0.7678278007735715,0.5959007044156771,0.41369818995709984,1.2360657875577095,0.7292289392514896,0.8162399530246686,0.781376668796737,0.7682716836826226
1.4455818439311225,1.4397364473730871,1.3723987253927767,-0.7054689621240783,-0.010684955964216718,1.053176510263167,1.5161685966145637,0.05293427887298657,1.0904289836912913,0.24688800012750337,0.26889183712802506,0.7867528426552518,0.47792819531560227,0.41369818995709984,1.2924054218921588,0.6711763832358382,0.8256269858864694,0.6875018670694676,0.6801282542407693
1.4455818439311225,1.4397364473730871,1.5168617489757383,1.6164287379129316,-0.010684955964216718,0.3853821084388847,-0.6983308925851475,0.20458959538727972,0.7315353705277589,0.1632263234018594,0.21740388787563744,0.8622194413573445,0.5162344426288848,0.41369818995709984,1.308868480680854,0.5869614311346726,0.7552082028445217,0.7789810924820381,0.7647278492829666
1.4455818439311225,1.4397364473730871,1.6613247725587,-0.7054689621240783,-0.010684955964216718,0.9948864369067638,1.5048319090501963,0.2955828431477677,1.0904289836912913,0.16084495336497343,0.18786998689193998,0.8894549302145891,0.4920667515637487,0.41369818995709984,1.3345077655361002,0.5677763050690203,0.7604053545226939,0.6853570450233573,0.6742333382625267
1.4455818439311225,1.5498142993852508,-1.6613247698494156,1.698162557918549,-0.010684955964216718,0.3710653110170235,-0.6983308925851475,0.20458959538727972,0.7315353705277589,0.12732449439913263,0.15147893050982436,0.9246675616297708,0.5116923622590468,0.41369818995709984,1.3487928339893402,0.524281958915359,0.7216559966660123,0.764739222081525,0.7536517019297773
1.4455818439311225,1.5498142993852508,-1.516861746266454,-0.7054689621240783,-0.010684955964216718,-0.6991224441542135,1.7488043092402714,0.20458959538727972,0.7315353705277589,0.1173535107559241,0.11954403707394302,0.8991241680896352,0.49460065720850604,0.41369818995709984,1.3563759853611566,0.5062372653970454,0.6986617102860547,0.056263907941462514,0.044853164154403505
1.4455818439311225,1.5498142993852508,-1.3723987226834924,-0.7054689621240783,-0.010684955964216718,-0.6991224441542135,-0.6983308925851475,0.35624491190157287,0.7315353705277589,0.051665826415427954,0.09570278897658159,0.7094270702067539,0.5502836949195224,0.41369818995709984,1.365543041958092,0.5788531945233448,0.656175396231458,-1.2740310493992413,-1.2860490588430924
1.4455818439311225,1.5498142993852508,-1.2279356991005308,0.811629986904663,-0.010684955964216718,0.41606031434466745,0.232261008171738,0.20458959538727972,1.0904289836912913,-0.08626433018450973,0.0645710493944878,0.3735167405473104,0.44558610116286207,0.41369818995709984,1.3856140457385584,0.7316720164081728,0.700108469714104,0.8441953833495922,0.8275380366220688
1.4455818439311225,1.5498142993852508,-1.0834726755175694,-0.7054689621240783,-0.010684955964216718,1.2334984658792738,1.134019115353626,0.20458959538727972,0.7315353705277589,-0.12214074006886526,0.03926676268649227,0.3138646266427013,0.41456210749773226,0.41369818995709984,1.393021529376693,0.7409637126389893,0.6956050084087877,0.6959490277354999,0.6848302124928022
1.4455818439311225,1.5498142993852508,-0.9390096519346078,1.649617650670606,-0.010684955964216718,0.3924107940219256,-0.6983308925851475,0.32591373289489,1.0904289836912913,-0.15710005491935264,0.025301201650685508,0.3736130663764456,0.43384393880376804,0.41369818995709984,1.4057743311968576,0.7132146932679397,0.6874720793232183,0.8039589537891452,0.792889397035816
1.4455818439311225,1.5498142993852508,-0.7945466283516462,-0.7054689621240783,-0.010684955964216718,1.0484372508757804,1.378995788053009,0.20458959538727972,0.7315353705277589,-0.16279460635868137,0.01585461612085564,0.44616772673937244,0.39538424849479037,0.41369818995709984,1.4032831310834917,0.6632088451504413,0.6913087223600943,0.6922701583979961,0.6811497063646367
1.4455818439311225,1.5498142993852508,-0.6500836047686848,1.6379049193371027,-0.010684955964216718,0.2998911711408147,-0.6983308925851475,0.20458959538727972,0.7315353705277589,-0.10938903866067498,0.06367402958063544,0.64007503055233,0.45690063550116644,0.41369818995709984,1.3421797159820852,0.5469798151513463,0.6355733772760416,0.7874349135270637,0.7725789946346416
1.4455818439311225,1.5498142993852508,-0.5056205811857232,-0.7054689621240783,-0.010684955964216718,1.0553436865660049,1.480110371389955,0.35624491190157287,0.7315353705277589,-0.004712440283679926,0.17659689681588675,0.8647895508692254,0.5389741914991097,0.41369818995709984,1.2366198165639364,0.4412891907986173,0.5920585550959921,0.6745823519145044,0.6680999127010983
1.4455818439311225,1.5498142993852508,-0.3611575576027617,2.266517710287693,-0.010684955964216718,-0.6991224441542135,-0.6983308925851475,0.35624491190157287,0.7315353705277589,0.14667981519050785,0.3020462822856506,0.9929617220456396,0.6716160186848993,0.41369818995709984,1.1239159351081756,0.3876892913444202,0.532320783427661,0.8558776881039749,0.8368483114770657
1.4455818439311225,1.5498142993852508,-0.21669453401980013,-0.7054689621240783,-0.010684955964216718,1.1584054968937816,1.2811281638413343,0.35624491190157287,0.7315353705277589,0.2974459576437616,0.43751956422759775,1.077192266317101,0.7984362353837431,0.41369818995709984,1.0101469473660534,0.3561409815025158,0.47866065827814974,0.690389411378461,0.68469067209233
1.4455818439311225,1.5498142993852508,-0.0722315104368386,2.263282244302116,-0.010684955964216718,-0.6991224441542135,-0.6983308925851475,0.35624491190157287,0.4922729617520706,0.5296208402259649,0.5537009212193843,1.1483813162528196,0.9101771141887032,0.29106780861627807,0.8987398219553554,0.3090723764653448,0.41057346371528863,0.8227723643225175,0.8061676599306707
1.4455818439311225,1.5498142993852508,0.07223151314612293,-0.7054689621240783,-0.010684955964216718,1.20040101553396,1.2620140763786487,0.20458959538727972,0.7315353705277589,0.6022553020476579,0.63427955474178,1.1359314159473404,0.971674216009828,0.41369818995709984,0.8082318482124804,0.28429695805058935,0.35212446950630577,0.6956282494823595,0.6888873342686443
1.4455818439311225,1.5498142993852508,0.21669453672908448,2.334003567184151,-0.010684955964216718,-0.6991224441542135,-0.6983308925851475,0.20458959538727972,0.7315353705277589,0.6707711977690399,0.6818138415258742,1.1673916022310795,1.0402338880645037,0.41369818995709984,0.7572177453098385,0.2539217813308577,0.3044895469299003,0.799886582060303,0.7888152681333377
1.4455818439311225,1.5498142993852508,0.361157560312046,-0.7054689621240783,-0.010684955964216718,1.2019169982976756,1.231805198758346,0.26525166414108486,0.5520885639459927,0.7045538750086052,0.6997895257578329,1.1249289604017862,1.0406917015926433,0.41369818995709984,0.7146105982333941,0.24236514002205933,0.2744502182721636,0.705928615600738,0.6948142154487572
1.4455818439311225,1.5498142993852508,0.5056205838950075,2.3349684300027396,-0.010684955964216718,-0.6991224441542135,-0.6983308925851475,0.05293427887298657,1.0904289836912913,0.6762550380955543,0.6601696215013078,1.081179132714138,1.0312620844910743,0.41369818995709984,0.7164290488391986,0.23520263845659112,0.2527522942197362,0.7899302155164202,0.7788542145530845
1.4455818439311225,1.5498142993852508,0.6500836074779691,-0.7054689621240783,-0.010684955964216718,1.235137224115741,1.2453413919457912,0.05293427887298657,0.7315353705277589,0.6309454595987926,0.581473953252994,0.9660757339843722,0.9360871798169783,0.41369818995709984,0.7382205346816851,0.24140585144847262,0.25128581413441425,0.7177277470028695,0.7066190054804765
1.4455818439311225,1.5498142993852508,0.7945466310609306,1.4842715960608908,-0.010684955964216718,0.5827071005232233,-0.6983308925851475,0.05293427887298657,0.7315353705277589,0.544454902568095,0.4721582207688043,0.9092392325897938,0.8486129334623566,0.41369818995709984,0.7742353157084249,0.2153650068417824,0.23847843914365868,0.7578981128041119,0.7468076653421558
1.4455818439311225,1.5498142993852508,0.9390096546438922,-0.7054689621240783,-0.010684955964216718,1.0690173843797386,1.5164891001976843,0.05293427887298657,0.013748144200694123,0.44036896423114785,0.32145606900521584,0.8666214465047252,0.6460363166648422,0.41369818995709984,0.8124835864919752,0.1347378671518538,0.22469586681524262,0.6795509946435634,0.671875699719454
1.4455818439311225,1.5498142993852508,1.0834726782268538,1.589137724057878,-0.010684955964216718,0.4032802075359501,-0.6983308925851475,0.05293427887298657,0.3726417573642265,0.2717064245961954,0.21813223126501244,0.8882836763275826,0.61782292912851,0.41369818995709984,0.8230164114579199,0.05583073467112587,0.16370594176535536,0.7547527938270505,0.7405652302461441
1.4455818439311225,1.5498142993852508,1.2279357018098151,-0.7054689621240783,-0.010684955964216718,1.0087786708573556,1.5095954433382397,0.17425856101037715,-0.04606745799322794,0.2438397126954558,0.16506267587348783,0.8983544138975197,0.55258869380021,0.41369818995709984,0.8087101084434656,-0.0016831224012060857,0.13485093609657753,0.6803509601637409,0.6692250468259038
1.4455818439311225,1.5498142993852508,1.3723987253927767,1.6949740971502405,-0.010684955964216718,0.3902025173681924,-0.6983308925851475,0.05293427887298657,0.3726417573642265,0.17620880364789399,0.10296505009738467,0.8817147662451437,0.509365562734162,0.41369818995709984,0.7818010933483385,-0.045131429587666735,0.10017031824313513,0.7591083216682327,0.7480182449104222
1.4455818439311225,1.5498142993852508,1.5168617489757383,-0.7054689621240783,-0.010684955964216718,1.0027581527051008,1.5294379480352904,0.05293427887298657,0.3726417573642265,0.1483287132638011,0.06368249868981422,0.8923140172138754,0.46625898126593707,0.41369818995709984,0.7548616742223819,-0.0769850165064762,0.08830606743315707,0.682999630880188,0.6718748800988933
1.4455818439311225,1.5498142993852508,1.6613247725587,1.1143486095725144,-0.010684955964216718,0.1780999519332208,0.3133640311283195,0.05293427887298657,0.3726417573642265,0.0960001134757347,0.03331509621110525,0.9116746564290785,0.5092724907531666,0.41369818995709984,0.7370680771321467,-0.09903617584804737,0.055009796378153675,0.7651719667058514,0.7540846664910072
1.4455818439311225,1.6598921513974148,-1.6613247698494156,-0.7054689621240783,-0.010684955964216718,1.1940248899978714,1.3111414692948276,0.05293427887298657,0.3726417573642265,0.05277891623042185,0.006417911218401013,0.8965233707029857,0.5625650039793375,0.41369818995709984,0.7251400449736912,-0.1027874911334548,0.02358655434301696,0.6534223278525467,0.6422841189931903
1.4455818439311225,1.6598921513974148,-1.516861746266454,-0.7054689621240783,-0.010684955964216718,-0.6991224441542135,-0.6983308925851475,0.05293427887298657,0.3726417573642265,-0.030404479715341912,-0.018470683380736107,0.8730846539074052,0.6096359487461769,0.41369818995709984,0.7135633482825992,-0.101990414621874,-0.003505727960309583,-1.2740310493992413,-1.2860490588430924
1.4455818439311225,1.6598921513974148,-1.3723987226834924,1.0264246330347706,-0.010684955964216718,0.28503449801000574,0.34102449651069533,0.11359634762679172,0.013748144200694123,-0.11870380769540455,-0.031402307337633585,0.7589010389797354,0.5490527970087006,0.41369818995709984,0.687861807554702,-0.07804004031559693,0.0009806132139678382,0.8148934959938391,0.803829077565636
1.4455818439311225,1.6598921513974148,-1.2279356991005308,-0.7054689621240783,-0.010684955964216718,1.1132014178681047,1.1557529894623828,-0.09872103764130656,0.7315353705277589,-0.19029943028471444,-0.062232687784782484,0.6366439556649931,0.4749079676079861,0.41369818995709984,0.6833422242417091,-0.04249021276373217,0.019363733160427363,0.662912107846407,0.6517781937589413
1.4455818439311225,1.6598921513974148,-1.0834726755175694,1.7364321605534305,-0.010684955964216718,-0.6991224441542135,0.33259644708850117,-0.09872103764130656,0.7315353705277589,-0.2370217766235838,-0.09240318347508485,0.5736707317576353,0.47954311995881954,0.41369818995709984,0.6891214031176398,-0.019038952494396383,0.016735684690691963,0.803983615192445,0.7929139856526393
1.4455818439311225,1.6598921513974148,-0.9390096519346078,-0.7054689621240783,-0.010684955964216718,1.3787241906583143,1.0441439575388187,0.11359634762679172,0.1931949507824603,-0.22808093619857875,-0.10203467788865139,0.48315514024534556,0.5079636136150243,0.41369818995709984,0.6744989947032911,0.012498170308749019,0.0017347658217586519,0.6735829350450118,0.6624539564681915
1.4455818439311225,1.6598921513974148,-0.7945466283516462,1.151560415409627,-0.010684955964216718,0.23358169402441728,0.1699291925365145,0.05293427887298657,0.3726417573642265,-0.23122354193826705,-0.1027990149920362,0.4844789810652298,0.5611605394012539,0.41369818995709984,0.6550857797168035,0.010440185447809208,-0.020897180569628082,0.7758744757072356,0.7647921894969875
1.4455818439311225,1.6598921513974148,-0.6500836047686848,-0.7054689621240783,-0.010684955964216718,1.245885964476753,1.190322518514772,0.05293427887298657,0.7315353705277589,-0.19840746012097707,-0.06581229793101312,0.5512020927811329,0.6277145521897948,0.41369818995709984,0.6274031509483472,0.005523266777855265,-0.02612185448377427,0.6482756549930971,0.637135057725254
1.4455818439311225,1.6598921513974148,-0.5056205811857232,1.180296032354171,-0.010684955964216718,0.14096762442903657,0.11790275143167954,0.17425856101037715,-0.04606745799322794,-0.12291134071001489,0.05333607030973907,0.7878934086674895,0.8228445720213627,0.41369818995709984,0.5167937693941764,-0.09497614131996289,-0.11172857757296667,0.7682386212066937,0.7534004882278993
1.4455818439311225,1.6598921513974148,-0.3611575576027617,-0.7054689621240783,-0.010684955964216718,1.278610673532361,1.2551155983403866,0.20458959538727972,0.3726417573642265,-0.007995520098577787,0.19953759630390466,1.021922551417659,1.0096350069612177,0.41369818995709984,0.40791162635332134,-0.16637612538730018,-0.1670157653027346,0.621518212423057,0.6153419617296356
1.4455818439311225,1.6598921513974148,-0.21669453401980013,1.7544905962181891,-0.010684955964216718,0.17846444161795139,-0.6983308925851475,0.20458959538727972,0.013748144200694123,0.17173704558705613,0.33921790823041037,1.2528445468474954,1.1152364889657433,0.3392918723510476,0.2995477996475602,-0.2468440649102734,-0.20393673650656247,0.7756969856075742,0.7590374286346376
1.4455818439311225,1.6598921513974148,-0.0722315104368386,-0.7054689621240783,-0.010684955964216718,1.0523230735651634,1.3605811907517844,0.35624491190157287,0.013748144200694123,0.29231263358110343,0.483441897231331,1.4107600882025317,1.1954251277269512,0.41369818995709984,0.2000001766750352,-0.28793663989651547,-0.21897362932172948,0.6316589094558376,0.6248805009108088
1.4455818439311225,1.6598921513974148,0.07223151314612293,2.280312126872979,-0.010684955964216718,-0.6991224441542135,-0.6983308925851475,0.05293427887298657,1.0904289836912913,0.4051608095902892,0.5372362672167396,1.4293253999966453,1.2280606920900372,0.41369818995709984,0.18351974415443736,-0.2562878618411405,-0.1916219445265852,0.8543576816115405,0.8341933555755715
1.4455818439311225,1.6598921513974148,0.21669453672908448,-0.7054689621240783,-0.010684955964216718,1.136105560727422,1.2121020890140588,0.05293427887298657,1.0904289836912913,0.44555045083387784,0.5547532080348476,1.3538911940512528,1.1875064629655057,0.41369818995709984,0.18998373762952853,-0.19885661674733676,-0.14493252994667152,0.6787044064704324,0.6675778144038839
1.4455818439311225,1.6598921513974148,0.361157560312046,1.6339157551921928,-0.010684955964216718,0.4055642728162704,-0.6983308925851475,0.20458959538727972,0.4922729617520706,0.44869974581524275,0.5466256862596126,1.3199001105400596,1.1671329224769833,0.41369818995709984,0.21482334821359161,-0.15670471524475899,-0.1065986061558333,0.7505315536271941,0.7394376372596563
1.4455818439311225,1.6598921513974148,0.5056205838950075,-0.7054689621240783,-0.010684955964216718,1.0621928340433442,1.4722455614235133,0.35624491190157287,0.3726417573642265,0.6151642006352493,0.6722578633358185,1.4685453563920432,1.633985333095118,0.41369818995709984,0.1529038503164273,-0.1731313757148676,-0.24097299770675373,0.6482900558125423,0.642150725746924
1.4455818439311225,1.6598921513974148,0.6500836074779691,1.6417887702662237,-0.010684955964216718,0.2948568511780746,-0.6983308925851475,0.35624491190157287,0.013748144200694123,0.6669603367858548,0.7112905760226149,1.5490140786814381,1.791301297080469,0.41369818995709984,0.12255097547527588,-0.2097349362636886,-0.30418030479196156,0.7337531588916629,0.7191999761832509
1.4455818439311225,1.6598921513974148,0.7945466310609306,-0.7054689621240783,-0.010684955964216718,0.9935539866562534,1.3860001224087832,0.4472381596620609,-0.5844078777385264,0.6007248035520413,0.6809379944849688,1.5134800770221506,2.201034342929523,0.41369818995709984,0.11863585325139378,-0.23269740899339914,-0.4751616540039832,0.6252525249154246,0.6180555205012255
1.4455818439311225,1.6598921513974148,0.9390096546438922,1.5573130390563492,-0.010684955964216718,0.19532483569189918,-0.6983308925851475,0.20458959538727972,-0.2853298667689162,0.38303614274478254,0.5328351534801673,1.3850982053681502,1.725880079303863,0.41369818995709984,0.19087607180419205,-0.2331565078532408,-0.3603473372308188,0.7282768872771628,0.7132780127265027
1.4455818439311225,1.6598921513974148,1.0834726782268538,-0.7054689621240783,-0.010684955964216718,1.093112491371139,1.4416943801071767,0.05293427887298657,0.013748144200694123,0.3015993078007911,0.36997136093585203,1.2341445493807857,1.1915462900324947,0.41369818995709984,0.27531868269840754,-0.21839456480461997,-0.2099465526327851,0.6309682101532001,0.6249407430220258
1.4455818439311225,1.6598921513974148,1.2279357018098151,1.693363719935727,-0.010684955964216718,0.27981759157794284,-0.6983308925851475,0.14392752663347458,-0.4049610711567603,0.20974665464209408,0.2698403773560483,1.2026621996319358,1.087025616888357,0.41369818995709984,0.316521453112726,-0.24622469020667254,-0.21131963048421115,0.7515190898206445,0.7362243148511332
1.4455818439311225,1.6598921513974148,1.3723987253927767,-0.7054689621240783,-0.010684955964216718,1.0784660502142194,1.5031382079700029,-0.09872103764130656,0.3726417573642265,0.18112606520439647,0.17978481066259885,1.1195901226329936,0.8386525545232193,0.41369818995709984,0.35403182289408025,-0.24705640351133418,-0.1503806324064017,0.6452693039236813,0.6384788256346466
1.4455818439311225,1.6598921513974148,1.5168617489757383,1.7808752346624004,-0.010684955964216718,0.3367095171919952,-0.6983308925851475,-0.09872103764130656,0.3726417573642265,0.13161162938969506,0.12486687219280569,1.10821429794442,0.801544504154463,0.41369818995709984,0.374072422643717,-0.2631184095449706,-0.15738883389586927,0.7673029279632458,0.7562167044747263
1.4455818439311225,1.6598921513974148,1.6613247725587,-0.7054689621240783,-0.010684955964216718,1.0271888950428152,1.5061258715214874,0.05293427887298657,-0.16569866238107206,0.1181261181695767,0.0874644630229242,1.0911364956356238,0.7257151557463636,0.41369818995709984,0.3769448796516118,-0.2810056239792148,-0.15397325939834314,0.6725894585135402,0.6614599616331102
1.4455818439311225,1.7699700034095784,-1.6613247698494156,1.7829375437177517,-0.010684955964216718,0.33062540386763895,-0.6983308925851475,-0.09872103764130656,0.3726417573642265,0.08073593289379617,0.04960048740279925,1.0841251686919358,0.6985943158788331,0.41369818995709984,0.38284808766918044,-0.29599044726157325,-0.16217098492923707,0.7699791402468819,0.758894199941642
1.4455818439311225,1.7699700034095784,-1.516861746266454,-0.7054689621240783,-0.010684955964216718,0.9474373957479101,1.4513042471890403,-0.09872103764130656,0.7315353705277589,0.07015221471300687,0.01641640036304799,1.0587215754701909,0.628097740435875,0.41369818995709984,0.4001310900829451,-0.2883017246037091,-0.13682690638655665,0.636233689773072,0.6250874551024048
1.4455818439311225,1.7699700034095784,-1.3723987226834924,-0.7054689621240783,-0.010684955964216718,-0.6991224441542135,-0.6983308925851475,-0.09872103764130656,0.3726417573642265,0.00941925168240243,-0.013948884838366291,1.0099687717542745,0.6024241279485071,0.41369818995709984,0.4106726019148412,-0.2760577258173128,-0.1321041340355264,-1.2740310493992413,-1.2860490588430924
1.4455818439311225,1.7699700034095784,-1.2279356991005308,0.927869403979153,-0.010684955964216718,0.21521393669768318,0.34017701712118775,-0.09872103764130656,0.7315353705277589,-0.11878073397468597,-0.042888536661352755,0.7838451665209151,0.45827575305821544,0.41369818995709984,0.429874919100178,-0.1900083144950272,-0.07072608044525026,0.8322356828106475,0.8151060319562154
1.4455818439311225,1.7699700034095784,-1.0834726755175694,-0.7054689621240783,-0.010684955964216718,1.2205069708208107,1.3115091365837706,-0.2503763541555997,0.7315353705277589,-0.17457034740624902,-0.09118222023514419,0.5858009667009401,0.35261222306635964,0.41369818995709984,0.45859418053882206,-0.12046559399704944,-0.03259976533207398,0.6686256329612659,0.6632530865149483
1.4455818439311225,1.7699700034095784,-0.9390096519346078,1.1727192219126223,-0.010684955964216718,0.179669175944324,0.221698643848736,-0.03805896888750143,0.13337934858853825,-0.22441924530478272,-0.1077739108754707,0.5935291964968643,0.4034261707445812,0.41369818995709984,0.4587225531134356,-0.13256502182102142,-0.06205679282396758,0.7877376907558978,0.7766607050273071
1.4455818439311225,1.7699700034095784,-0.7945466283516462,-0.7054689621240783,-0.010684955964216718,1.1986525162071227,1.2364217919006946,-0.09872103764130656,0.7315353705277589,-0.2195835924967353,-0.07805933556262595,0.6900502346132006,0.4838227541119769,0.41369818995709984,0.4250455042349221,-0.1697520294681979,-0.09495778389143923,0.6509853491819431,0.6398459527300213
1.4455818439311225,1.7699700034095784,-0.6500836047686848,1.162357980280203,-0.010684955964216718,0.08629212195770557,0.11634084670720062,0.20458959538727972,-0.5844078777385264,-0.0838876426167974,0.1139967705618427,1.78203052156424,0.8360348002469347,0.41369818995709984,0.2619520090176849,-0.5604365537790418,-0.25338054178906844,0.7724425804232159,0.7574619130116855
1.4455818439311225,1.7699700034095784,-0.5056205811857232,-0.7054689621240783,-0.010684955964216718,-0.6991224441542135,0.8001445168240722,0.5685622971696711,-0.8236702865142147,0.07875926197834729,0.3198638764796054,2.240804020065108,1.0528849695893545,0.41369818995709984,0.10886457686717918,-0.6965255894704636,-0.3305325206712635,-0.49741825805450457,-0.4956654904480564
1.4455818439311225,1.7699700034095784,-0.3611575576027617,-0.7054689621240783,-0.010684955964216718,-0.6991224441542135,-0.6983308925851475,0.8112108614444523,-1.062932695289903,0.375015741974484,0.5224520256269841,2.6266332926816793,1.1407298268953272,-0.15726892172324358,-0.024714567375038535,-0.7897702029330516,-0.3439202464331868,-1.2740310493992413,-1.2860490588430924
1.4455818439311225,1.7699700034095784,-0.21669453401980013,-0.7054689621240783,-0.010684955964216718,-0.6991224441542135,-0.6983308925851475,0.9628661779587454,-1.062932695289903,0.5719309627549185,0.6840369826853038,2.6557773968613456,1.1403650853481833,-0.08056950712502389,-0.1121809315258005,-0.7640462527127468,-0.30297019325118457,-1.2740310493992413,-1.2860490588430924
1.4455818439311225,1.7699700034095784,-0.0722315104368386,-0.7054689621240783,-0.010684955964216718,-0.6991224441542135,-0.6983308925851475,1.1448526734797215,-1.4218263084534353,0.8139544158576477,0.8351759993306975,2.383587029395299,1.0751987674114203,0.0010787851654754294,-0.1976565555627241,-0.6678930091728115,-0.2566448523439975,-1.2740310493992413,-1.2860490588430924
1.4455818439311225,1.7699700034095784,0.07223151314612293,-0.7054689621240783,-0.010684955964216718,-0.6991224441542135,-0.6983308925851475,1.2661768109873317,-1.2423795018716692,1.0017408285219636,0.9494835659166793,1.9678583899033644,1.0096006290222916,0.21810169631500034,-0.23323096074609953,-0.4910007555553571,-0.17304855274402214,-1.2740310493992413,-1.2860490588430924
1.4455818439311225,1.7699700034095784,0.21669453672908448,-0.7054689621240783,-0.010684955964216718,-0.6991224441542135,-0.6983308925851475,1.2661768109873317,-1.4816419106473573,1.0680894099401121,1.098751615192661,1.6489363562513084,1.1519303270947543,0.41369818995709984,-0.3014870447510693,-0.35502251457472184,-0.1895761972226929,-1.2740310493992413,-1.2860490588430924
1.4455818439311225,1.7699700034095784,0.361157560312046,2.230210844587613,-0.010684955964216718,-0.6991224441542135,-0.6983308925851475,1.3571700587478197,-1.5414575128412795,1.2580551775426791,1.204917544821443,1.4262267770859696,1.6740507246978449,0.41369818995709984,-0.3516824105378016,-0.2589555403144474,-0.3541008732173238,0.9069518143583473,0.872757117675512
1.4455818439311225,1.7699700034095784,0.5056205838950075,-0.7054689621240783,-0.010684955964216718,1.0069751958693463,1.0625136969153945,1.2661768109873317,-1.4816419106473573,1.0185575820970516,1.1625487088773059,1.0270389020943784,1.1968379771681874,0.41369818995709984,-0.3187384366248446,-0.10524777911899816,-0.17447255756752603,0.8239971540163267,0.8158272980496986
1.4455818439311225,1.7699700034095784,0.6500836074779691,2.2547499003217415,-0.010684955964216718,-0.6991224441542135,-0.6983308925851475,0.9628661779587454,-1.062932695289903,0.7967771121561884,1.052540626717751,0.8717582557646236,1.0008535397813554,0.41369818995709984,-0.2380666494589869,-0.03186768919131275,-0.086011106805222,0.8396414842205532,0.8282619664823744
1.4455818439311225,1.7699700034095784,0.7945466310609306,-0.7054689621240783,-0.010684955964216718,1.26444145895617,1.263499418687343,0.9628661779587454,-1.003117093095981,0.7126144112289637,0.9110281641722362,0.672489098276797,0.7406737516108477,0.41369818995709984,-0.14216751018600565,0.05709013707295962,0.02721407172859467,0.7839752966656123,0.7759062443011127
1.4455818439311225,1.7699700034095784,0.9390096546438922,1.3779029157943457,-0.010684955964216718,0.6227642803641423,-0.6983308925851475,0.6443899554268178,-0.5245922755446044,0.5144242209849604,0.7312557951524884,0.5386413751501,0.5734426869473842,0.41369818995709984,-0.0145299409526415,0.12212727771073849,0.10659405146156482,0.7964177846764552,0.7847163457088959
1.4455818439311225,1.7699700034095784,1.0834726782268538,-0.7054689621240783,-0.010684955964216718,1.065155633251366,1.5200230242708253,0.5685622971696711,-0.4049610711567603,0.4471518552912669,0.5846675131724919,0.7421539837656688,0.5032731211673828,0.41369818995709984,0.08580118906832387,0.04278169936480094,0.13756610219514392,0.7257904057897165,0.7184321966229438
1.4455818439311225,1.7699700034095784,1.2279357018098151,1.5566424073687544,-0.010684955964216718,0.44127122753748516,-0.6983308925851475,0.47756904940918316,-0.2853298667689162,0.2989757872152105,0.4734123546863619,0.8253300585624381,0.5388056557497397,0.41369818995709984,0.16709625886618693,0.010773214986251067,0.12335357619607928,0.7852200674964014,0.7715694270089056
1.4455818439311225,1.7699700034095784,1.3723987253927767,-0.7054689621240783,-0.010684955964216718,1.042895010464124,1.5564866477490344,0.40174139115203655,-0.22551426457499413,0.2646292069023039,0.3849136925636113,0.8755047338093056,0.4737575643834305,0.41369818995709984,0.2299433210054839,-0.015440598450482595,0.14326775596266586,0.7019037665760648,0.6946740603328645
1.4455818439311225,1.7699700034095784,1.5168617489757383,1.6338027273796767,-0.010684955964216718,0.3644785330430979,-0.6983308925851475,0.2955828431477677,-0.16569866238107206,0.17480205612329533,0.31024579148890524,0.9256666224416861,0.512186230698743,0.41369818995709984,0.27041784249088546,-0.05783388182782252,0.10272641882040313,0.7810101679418582,0.7667103065143439
1.4455818439311225,1.7699700034095784,1.6613247725587,-0.7054689621240783,-0.010684955964216718,1.041736211824046,1.572067859220931,0.1894240058839383,-0.22551426457499413,0.16657696455769141,0.2416121307040793,0.9273280298840263,0.4500233707432909,0.41369818995709984,0.2947434801728303,-0.10054104769649751,0.08347428969082833,0.6929241356110485,0.6858307642923697
1.7699823188770847,-1.5323655569553345,-1.6613247698494156,1.731950518082558,-0.010684955964216718,0.3761608084841654,-0.6983308925851475,0.09843090275323058,-0.22551426457499413,0.12880214788550373,0.1924814168397852,0.9549795099325802,0.4863273127356997,0.41369818995709984,0.3032778433663133,-0.14775099666568162,0.029217560481188367,0.7808904611302204,0.7698105212854799
1.7699823188770847,-1.5323655569553345,-1.516861746266454,-0.7054689621240783,-0.010684955964216718,0.42581045282970537,0.9706071458867068,0.0074376549927425714,-0.22551426457499413,0.11383831425484661,0.14185237640994544,0.9358157845804764,0.44303458730548395,0.41369818995709984,0.29206792545983157,-0.20342673721576082,-0.020530506370667723,0.268284472478595,0.25697045302043203
1.7699823188770847,-1.5323655569553345,-1.3723987226834924,2.121636327884744,-0.010684955964216718,-0.6991224441542135,-0.6983308925851475,-0.053224413761062565,-0.16569866238107206,0.09291035274529191,0.10570551267581794,0.8756658451518414,0.42146536533138124,0.41369818995709984,0.27061040135280584,-0.2420874220840786,-0.07635361921510998,0.6670865453830667,0.6559545703263765
1.7699823188770847,-1.5323655569553345,-1.2279356991005308,-0.7054689621240783,-0.010684955964216718,1.0966612070903903,1.2731537244609146,-0.113886627144648,-0.10588306018714999,0.11200077956627195,0.07819219999035754,0.7455287975492629,0.3632895078050559,0.41369818995709984,0.23875228568376064,-0.25402076540955115,-0.11551234324308955,0.6866581590602255,0.6755351006181796
1.7699823188770847,-1.5323655569553345,-1.0834726755175694,2.344662986950541,-0.010684955964216718,-0.6991224441542135,-0.6983308925851475,-0.1593831063951117,0.013748144200694123,0.11780837918993602,0.06074583508207256,0.6810126554938107,0.373956730707969,0.41369818995709984,0.21358981324850776,-0.27167563365418473,-0.16207736598482164,0.7951146905269132,0.7840411832719566
1.7699823188770847,-1.5323655569553345,-0.9390096519346078,-0.7054689621240783,-0.010684955964216718,1.1791511880771774,1.2667340104408655,-0.2048797302753557,0.1931949507824603,0.15204124239433964,0.04243773831484681,0.5792422859100906,0.33906563815679647,0.41369818995709984,0.19520985270656016,-0.2648237875496403,-0.1792395388645302,0.6991557302054462,0.6880384122728204
1.7699823188770847,-1.5323655569553345,-0.7945466283516462,1.5127122642375357,-0.010684955964216718,0.5359216565899511,-0.6983308925851475,-0.09872103764130656,0.013748144200694123,0.17740550898384597,0.06502626401284717,0.6114466531569714,0.3878730880825679,0.41369818995709984,0.1554703366013709,-0.29491670667606723,-0.21692679846523974,0.7421623373964087,0.7310645985159069
1.7699823188770847,-1.5323655569553345,-0.6500836047686848,-0.7054689621240783,-0.010684955964216718,1.0466402930789618,1.5224246001712922,0.05293427887298657,-0.2853298667689162,0.264393745595286,0.18742465290095583,0.8529900630206501,0.4943633655812836,0.41369818995709984,0.052151407296824145,-0.39112136756722204,-0.27021981599475164,0.65996678024939,0.6524933126982186
1.7699823188770847,-1.5323655569553345,-0.5056205811857232,2.2886598587595772,-0.010684955964216718,-0.6991224441542135,-0.6983308925851475,0.2955828431477677,-0.9433014909020588,0.3665418106185088,0.31554674807572275,1.0063484549725306,0.6575386719377678,0.41369818995709984,-0.05532032653610543,-0.4613084184706477,-0.3489178077229178,0.7931649995842845,0.7759847229698069
1.7699823188770847,-1.5323655569553345,-0.3611575576027617,-0.7054689621240783,-0.010684955964216718,1.0970652729442054,1.2316287016903358,0.507900228415866,-1.062932695289903,0.49349224593039975,0.4789328023527294,1.1220809551350552,0.8198025436695495,0.24554866337431017,-0.1890787580394846,-0.5135779208539634,-0.4206964492746033,0.6629643108168957,0.6558521177562794
1.7699823188770847,-1.5323655569553345,-0.21669453401980013,2.2163857490246444,-0.010684955964216718,-0.6991224441542135,-0.6983308925851475,0.8112108614444523,-1.5414575128412795,0.6840687412980445,0.6583981661647464,1.2542246487711222,0.9876943355494489,0.04921393289442616,-0.32638239605831987,-0.5663297567160818,-0.48864018147356864,0.7296865474905988,0.6905644828411326
1.7699823188770847,-1.5323655569553345,-0.0722315104368386,-0.7054689621240783,-0.010684955964216718,0.8078450469412073,0.8773673292985427,0.9325349989520626,-1.4816419106473573,0.8257435353885687,0.8311228248295536,1.3621445274821087,1.1595538446732236,0.12436550702293284,-0.4365977317208667,-0.587637408250899,-0.5322408210193322,0.4422897538444501,0.4485725367976623
1.7699823188770847,-1.5323655569553345,0.07223151314612293,1.135797879612753,-0.010684955964216718,-0.6991224441542135,-0.6983308925851475,0.9325349989520626,-1.3021951040655912,1.1595928846832884,1.0258071778358366,1.4690031171906768,1.3065254029870421,-0.23919566150564894,-0.5340279311177636,-0.582091864056832,-0.5401074128764605,-0.029757946932129548,-0.0709349398241597
1.7699823188770847,-1.5323655569553345,0.21669453672908448,-0.7054689621240783,-0.010684955964216718,1.146825919771959,-0.6983308925851475,0.947700588455404,-1.122748297483825,1.3042049247940277,1.18780570972572,1.5795067444689967,1.442849862069514,-0.11311042535979131,-0.5976348527259668,-0.5601570929454268,-0.5266280185647971,-0.2959534041655373,-0.2765869592542155
1.7699823188770847,-1.5323655569553345,0.361157560312046,2.1249475045637842,-0.010684955964216718,-0.6991224441542135,-0.6983308925851475,0.947700588455404,-0.9433014909020588,1.4990016627354683,1.3181078947549243,1.6935906238036682,1.6910904435968386,-0.22469767276741504,-0.6354200652939468,-0.5358181841776343,-0.545302397449438,0.6551398055816225,0.6272752272842567
1.7699823188770847,-1.5323655569553345,0.5056205838950075,-0.7054689621240783,-0.010684955964216718,0.6918018326897142,-0.6983308925851475,0.9628661779587454,-0.7638546843202927,1.4857790387132421,1.3794171876183028,1.6973021517687525,1.7455987619801563,0.3237619899663383,-0.6079191368049718,-0.44386588882707495,-0.46965503970399336,-0.5380711413122806,-0.5446752141425194
1.7699823188770847,-1.5323655569553345,0.6500836074779691,1.9260917534999207,-0.010684955964216718,-0.6991224441542135,-0.6983308925851475,0.8567073406949159,-1.182563899677747,1.3585436417059262,1.338929905430051,1.640352275725723,1.6126165093503655,0.41369818995709984,-0.5871312252816917,-0.43271714416225965,-0.4331982624328919,0.49472745769003396,0.47783954778185866
1.7699823188770847,-1.5323655569553345,0.7945466310609306,-0.7054689621240783,-0.010684955964216718,1.1583733314017766,-0.6983308925851475,0.7657143821939886,-1.2423795018716692,1.241440439066226,1.215805290429862,1.4310021513763698,1.2335142070845777,0.41369818995709984,-0.5272229781540841,-0.3794145617766198,-0.3198166189040106,-0.28977068235213155,-0.2893263216303599
1.7699823188770847,-1.5323655569553345,0.9390096546438922,2.279052135877265,-0.010684955964216718,-0.6991224441542135,-0.6983308925851475,0.6595555449301591,-0.22551426457499413,0.9632154789336561,1.037306110823324,1.3496579722151003,0.845217902371813,0.41369818995709984,-0.3976752636187631,-0.31208579927612606,-0.13707113914201075,0.7285094605112018,0.7160948436887503
1.7699823188770847,-1.5323655569553345,1.0834726782268538,-0.7054689621240783,-0.010684955964216718,0.9030359823985425,1.5890981493521559,0.507900228415866,0.07356374639461619,0.8919202032956276,0.8597293583581747,1.1188936783639367,0.35853109796587723,0.41369818995709984,-0.2845548952010042,-0.2210075988962962,0.06521751197722572,0.7371454519222085,0.7258583687138564
1.7699823188770847,-1.5323655569553345,1.2279357018098151,2.2907600231616603,-0.010684955964216718,-0.6991224441542135,-0.6983308925851475,0.35624491190157287,0.3726417573642265,0.8002408014963558,0.7324499395466963,1.0507785305508857,0.2673842815503564,0.41369818995709984,-0.19161725331191848,-0.17647673057453875,0.1250987460094527,0.7315663944589186,0.7206052156347017
1.7699823188770847,-1.5323655569553345,1.3723987253927767,-0.7054689621240783,-0.010684955964216718,1.1509809445039072,1.428040382463411,0.28041725364442627,0.25301055297638236,0.7844970022862017,0.6374709973839833,0.8837478379485718,0.3525401132432461,0.41369818995709984,-0.11673864052824642,-0.09690160279868036,0.10968802754818248,0.7293150063489142,0.719317386828582
1.7699823188770847,-1.5323655569553345,1.5168617489757383,1.3817135677591708,-0.010684955964216718,0.6623182699755574,-0.6983308925851475,0.20458959538727972,0.7315353705277589,0.6705999531821178,0.5601092138313272,0.9144970884668355,0.42980411173677896,0.41369818995709984,-0.046393365261990276,-0.08317230948166217,0.10488203835767188,0.7275199442050777,0.7162436048205312
1.7699823188770847,-1.5323655569553345,1.6613247725587,0.6176085071457994,-0.010684955964216718,0.26164240673929134,0.7350534671858965,0.05293427887298657,1.0904289836912913,0.6292129460045413,0.4873122801260331,0.9550425905640493,0.40701405368763766,0.41369818995709984,0.025453290002847965,-0.06991394746932696,0.14498410327694838,0.7709947580382502,0.7592730695458607
1.7699823188770847,-1.4222877049431708,-1.6613247698494156,0.6948652596158128,-0.010684955964216718,0.356997848716195,0.5495696170518279,0.20458959538727972,0.7315353705277589,0.6175622937763269,0.45227275241703097,0.9673586576378981,0.4581323718983036,0.41369818995709984,0.06386878295596073,-0.057343803476032754,0.14218116941799253,0.7544680176225228,0.7433759140541859
1.7699823188770847,-1.4222877049431708,-1.516861746266454,-0.7054689621240783,-0.010684955964216718,-0.6991224441542135,-0.6983308925851475,0.20458959538727972,0.7315353705277589,0.5866513079885457,0.4237974900806809,0.9456248227739135,0.5139277667755666,0.41369818995709984,0.08809934771610527,-0.04169959031297388,0.12687338845347537,-1.2740310493992413,-1.2860490588430924
1.7699823188770847,-1.4222877049431708,-1.3723987226834924,1.1378228715490515,-0.010684955964216718,-0.6991224441542135,0.8318399944518909,0.12876193713013315,0.910982177109525,0.4633799555988101,0.38325939323735647,0.7597935446709259,0.43920018938573696,0.41369818995709984,0.1322604785905035,0.0478816982267536,0.17685615279792843,0.7735917658149379,0.7604867226912301
1.7699823188770847,-1.4222877049431708,-1.2279356991005308,-0.7054689621240783,-0.010684955964216718,0.8716110325215051,0.4598369984368387,0.05293427887298657,1.0904289836912913,0.4068531877344807,0.3334222145157325,0.44885632554549915,0.4615341108793693,0.41369818995709984,0.18614462548272023,0.19492714757047966,0.18933564477271056,0.2592675793932644,0.2569444300676274
1.7699823188770847,-1.4222877049431708,-1.0834726755175694,1.3661160884504153,-0.010684955964216718,0.6677113508017395,-0.6983308925851475,0.20458959538727972,1.030613381497369,0.34288463850488254,0.31071865008472044,0.45059445267476117,0.4782996447532685,0.41369818995709984,0.22626877670808626,0.2221643599183037,0.21028916819072377,0.7736592696560871,0.7625759355006486
1.7699823188770847,-1.4222877049431708,-0.9390096519346078,0.6582541158680708,-0.010684955964216718,0.29974800316659606,0.6089520765455182,0.35624491190157287,1.0904289836912913,0.3313349938259856,0.3047832160685927,0.5221466424619097,0.4359980101477064,0.41369818995709984,0.2704718941012491,0.24086091357969147,0.2777936281667029,0.776937796213016,0.7658558520797347
1.7699823188770847,-1.4222877049431708,-0.7945466283516462,1.2928966715025507,-0.010684955964216718,0.7188094934473768,-0.6983308925851475,0.35624491190157287,0.7315353705277589,0.35423628163015086,0.308501860757175,0.5994681527055786,0.41111509025564175,0.41369818995709984,0.3067260465453133,0.2522699720310149,0.3338408196882876,0.7321067852085975,0.7210045757529399
1.7699823188770847,-1.4222877049431708,-0.6500836047686848,0.6036199697777478,-0.010684955964216718,0.24587826729318926,0.7064608373600034,0.40174139115203655,0.6717197683338367,0.46909323691483346,0.37635706925665147,0.7971781956669608,0.4047937419247927,0.41369818995709984,0.2827198924889106,0.1951366894118507,0.3632217817878437,0.7663402331833383,0.7547213067615901
1.7699823188770847,-1.4222877049431708,-0.5056205811857232,2.2657702914512776,-0.010684955964216718,-0.6991224441542135,-0.6983308925851475,0.4472381596620609,0.4922729617520706,0.6424837325668393,0.4936478795508581,0.9209219360260547,0.5037191958871085,0.41369818995709984,0.20962329373441382,0.15198720524147255,0.3271797884510272,0.7134647444266222,0.7031552889906363
1.7699823188770847,-1.4222877049431708,-0.3611575576027617,-0.7054689621240783,-0.010684955964216718,1.1524868361328762,1.352089627539083,0.32591373289489,0.7913509727216809,0.8397548210044714,0.7205494296323152,1.210837108493938,0.744705193814684,0.41369818995709984,0.06782420258578356,0.047400010154033105,0.2339383537605502,0.704815792278115,0.694432886982856
1.7699823188770847,-1.4222877049431708,-0.21669453401980013,1.9176152057888993,-0.010684955964216718,-0.6991224441542135,-0.6983308925851475,0.20458959538727972,0.7315353705277589,1.0965213627625283,0.8745474763846451,1.4789255300325648,0.9330241893072831,0.3975599349009992,-0.019863194043072453,-0.051256978714317294,0.15879983231484493,0.4877547609249408,0.4639094816360466
1.7699823188770847,-1.4222877049431708,-0.0722315104368386,-0.7054689621240783,-0.010684955964216718,0.8685429070945646,0.9886214805378535,0.26525166414108486,0.851166574915603,1.3962013966487725,1.0282385179292444,1.6716044664138074,1.1411096611961462,0.41369818995709984,-0.10062474549042683,-0.10976841845444957,0.08735470825263934,0.5567537671529205,0.5579422946173572
1.7699823188770847,-1.4222877049431708,0.07223151314612293,1.3896147500817178,-0.010684955964216718,-0.6991224441542135,-0.6983308925851475,0.507900228415866,0.3726417573642265,1.743573047992832,1.1876116259737062,1.7053023102327662,1.330506111603872,0.41369818995709984,-0.18515253593133138,-0.10926715306390078,0.025259776263922958,0.12386099439645787,0.09441029193089491
1.7699823188770847,-1.4222877049431708,0.21669453672908448,-0.7054689621240783,-0.010684955964216718,0.5973393510219054,0.6765070629840814,0.5533967076663298,0.31282615517030443,1.8043956468619036,1.3208081290647584,1.7120809207927916,1.67579729169256,0.41369818995709984,-0.24119271469229306,-0.0893066791581035,-0.08506559880873024,0.22193651515587418,0.22226782092973807
1.7699823188770847,-1.4222877049431708,0.361157560312046,0.9069648203497057,-0.010684955964216718,-0.6991224441542135,-0.6983308925851475,0.598893476176354,0.1931949507824603,1.8255590696784763,1.4321613880655426,1.7433748810882002,2.014772992854606,0.41369818995709984,-0.2718242931493819,-0.07121530126650706,-0.18127726787920176,-0.2034584709564769,-0.23294595513797678
1.7699823188770847,-1.4222877049431708,0.5056205838950075,0.409026443701095,-0.010684955964216718,0.3837718366348796,-0.6983308925851475,0.49273463891252456,0.07356374639461619,1.6811436932730301,1.4608893121590596,1.6615038934100674,2.0783855956491664,0.41369818995709984,-0.27863358954603695,-0.04387353313335823,-0.20733454074149124,0.08054998988447376,0.076349440611341
1.7699823188770847,-1.4222877049431708,0.6500836074779691,0.7231361169598445,-0.010684955964216718,0.45356286035487076,-0.6983308925851475,0.40174139115203655,-0.16569866238107206,1.4311861306176312,1.369130043002479,1.491388216952531,1.7389512424726659,0.41369818995709984,-0.22534111474583618,-0.0075939664378275925,-0.10980895579141178,0.32185462076329596,0.31861247615528804
1.7699823188770847,-1.4222877049431708,0.7945466310609306,0.9755217503266722,-0.010684955964216718,0.6033142488358262,-0.6983308925851475,0.2955828431477677,-0.4049610711567603,1.1639689865881502,1.1757548731234155,1.3756923717515355,1.2327394457292649,0.41369818995709984,-0.12487847522644148,-0.008304988805108177,0.04099772760960815,0.5652174887613146,0.5617678735847801
1.7699823188770847,-1.4222877049431708,0.9390096546438922,1.2263130636047326,-0.010684955964216718,0.7633166534796106,-0.6983308925851475,0.20458959538727972,0.013748144200694123,0.9632188235544944,0.9747687971290225,1.3062934478439927,0.8556092632770009,0.41369818995709984,-0.007370274295950847,-0.015580436434970457,0.1594727184778307,0.6761921835182279,0.6661588463080401
1.7699823188770847,-1.4222877049431708,1.0834726782268538,0.4455180111995641,-0.010684955964216718,0.14375603621471728,0.9729364041049131,0.20458959538727972,0.013748144200694123,0.9247530082171093,0.8062984543083555,1.269249773234277,0.3483032418921677,0.41369818995709984,0.09189985156979667,-0.028868702262450006,0.34833680304683223,0.7544419161372785,0.7413084211896279
1.7699823188770847,-1.4222877049431708,1.2279357018098151,1.259877838691329,-0.010684955964216718,0.7549679213325189,-0.6983308925851475,0.23492077439396258,0.13337934858853825,0.8671399075044924,0.6953390088843845,1.2293188810734035,0.3019735190280303,0.41369818995709984,0.16740657302211373,-0.022254150460813433,0.35937278625135727,0.6800143410092108,0.670587461103054
1.7699823188770847,-1.4222877049431708,1.3723987253927767,0.5158900243181566,-0.010684955964216718,0.1856525881531873,0.8906056574816619,0.08326531324988914,0.31282615517030443,0.8075066558055286,0.6020503597619361,1.194459160218062,0.22176391810894064,0.41369818995709984,0.22474423173363406,-0.03140600870714205,0.36997686539055846,0.7492407001741805,0.7367628055595632
1.7699823188770847,-1.4222877049431708,1.5168617489757383,1.2923968373983132,-0.010684955964216718,0.7510661210131204,-0.6983308925851475,-0.068390003264404,0.4324573595581485,0.7476372738753793,0.5195788803380833,1.1377036407152343,0.24936940306669925,0.41369818995709984,0.26635528484766335,-0.039739492041175564,0.3237568457958387,0.6924067861724819,0.6827664079207677
1.7699823188770847,-1.4222877049431708,1.6613247725587,0.5513830897681212,-0.010684955964216718,0.20365538277324957,0.8749777015368839,-0.22004531977869715,0.5520885639459927,0.7019009217596475,0.4345730199924809,1.1000615525475284,0.17927949348664882,0.41369818995709984,0.3073592225524299,-0.05744749871991452,0.3187536500326012,0.7654947250716656,0.7531074738774218
1.7699823188770847,-1.312209852931007,-1.6613247698494156,0.6463563239177259,-0.010684955964216718,0.31569062955853017,0.6136684471277394,-0.2503763541555997,0.3726417573642265,0.6424155023017375,0.36829941763214136,1.026779760040776,0.2635943234053189,0.41369818995709984,0.33108932731304713,-0.0668132015148292,0.24034908434781108,0.742712448699213,0.7318504097285511
1.7699823188770847,-1.312209852931007,-1.516861746266454,-0.7054689621240783,-0.010684955964216718,-0.6991224441542135,-0.6983308925851475,-0.2503763541555997,0.3726417573642265,0.5842485323782944,0.3133638351848924,0.9400907760239532,0.2980183790788839,0.41369818995709984,0.34035386985010285,-0.07919531720282741,0.17605887479676108,-1.2740310493992413,-1.2860490588430924
1.7699823188770847,-1.312209852931007,-1.3723987226834924,1.127669924028269,-0.010684955964216718,-0.6991224441542135,0.910186560823752,-0.28070738853250227,0.6717197683338367,0.4314956851470769,0.2725540210887488,0.7407559805817602,0.2355830110709678,0.41369818995709984,0.34365101808228316,-0.04020827199225103,0.16284906837133095,0.7787072969023374,0.7653370322647635
1.7699823188770847,-1.312209852931007,-1.2279356991005308,-0.7054689621240783,-0.010684955964216718,1.2837926814567584,0.9157918100483693,-0.09872103764130656,0.3726417573642265,0.3796574067739087,0.23250289802320415,0.4152334965315306,0.3097764726779681,0.41369818995709984,0.34322198342502197,0.04950962750155305,0.09317641964795326,0.684159796896737,0.675840819087349
1.7699823188770847,-1.312209852931007,-1.0834726755175694,2.3548003258686423,-0.010684955964216718,-0.6991224441542135,-0.6983308925851475,0.05293427887298657,0.013748144200694123,0.3247721788170282,0.2154390545461607,0.40262759952931043,0.3735081405292975,0.41369818995709984,0.33239187460207736,0.027380804294750934,0.03956072015493548,0.7911708461116189,0.78009552989238
1.7699823188770847,-1.312209852931007,-0.9390096519346078,-0.7054689621240783,-0.010684955964216718,1.2639198734289507,1.2169796546619567,-0.09872103764130656,0.4324573595581485,0.3171471122298194,0.18753051676569057,0.360131712502351,0.3616242739829222,0.41369818995709984,0.3243357716395795,0.015286754854797717,0.01518447079225327,0.7098762402311367,0.6987637620259974
1.7699823188770847,-1.312209852931007,-0.7945466283516462,1.4187238970352432,-0.010684955964216718,0.5899196339674303,-0.6983308925851475,0.05293427887298657,0.013748144200694123,0.327857926002465,0.24938253837560914,0.6464726000006435,0.44458243304347933,0.41369818995709984,0.25586106817483545,-0.11936022851351308,-0.04365243524659901,0.7433577854205983,0.7309949307682408
1.7699823188770847,-1.312209852931007,-0.6500836047686848,-0.7054689621240783,-0.010684955964216718,1.015696143726209,1.4677100898551791,0.05293427887298657,-0.2853298667689162,0.4095395871918217,0.40393742905644386,1.7148718125148141,0.5875544116334419,0.3654928453814501,0.09870118500599642,-0.5380831292556161,-0.15937541922794354,0.6592582599326892,0.652339633843073
1.7699823188770847,-1.312209852931007,-0.5056205811857232,1.3647723133460583,-0.010684955964216718,-0.6991224441542135,-0.6983308925851475,0.14392752663347458,-0.5844078777385264,0.5725998869225831,0.560145207545337,2.344620247966743,0.7550705616440986,0.13621356479827942,-0.036069266380708565,-0.7559743739773861,-0.26025004854606876,0.15087000128118028,0.09044568482585036
1.7699823188770847,-1.312209852931007,-0.3611575576027617,-0.7054689621240783,-0.010684955964216718,-0.6991224441542135,0.42958158596012475,0.20458959538727972,-0.2853298667689162,0.7406904963941824,0.7214337457823994,2.7423564159935805,0.9352755250637933,-0.06154499172214934,-0.1363024278578899,-0.8504736568638712,-0.30808716203714914,-0.6680381317816114,-0.6666627231376536
1.7699823188770847,-1.312209852931007,-0.21669453401980013,-0.7054689621240783,-0.010684955964216718,-0.6991224441542135,-0.6983308925851475,0.20458959538727972,-0.8236702865142147,1.0318658284127387,0.8639208616425721,2.8110418468127505,0.9836905633940165,-0.644662007618645,-0.27119304755692114,-0.9160116326214773,-0.3851734776319417,-1.2740310493992413,-1.2860490588430924
1.7699823188770847,-1.312209852931007,-0.0722315104368386,1.0730618819803606,-0.010684955964216718,-0.6991224441542135,-0.6983308925851475,0.20458959538727972,-0.7638546843202927,1.2984294335304114,0.9477198739301985,2.437670998911316,0.9476985383108896,-0.9566554026146948,-0.37263657902331615,-0.8625595311601159,-0.4269808376290073,-0.036538482762751616,-0.07244970107304421
1.7699823188770847,-1.312209852931007,0.07223151314612293,-0.7054689621240783,-0.010684955964216718,-0.6991224441542135,-0.6983308925851475,0.20458959538727972,-0.8834858887081368,1.426866218342853,1.0277684823698223,1.9839311643134847,0.8473912589010026,-0.9368973301638157,-0.4537390899592589,-0.771062247097544,-0.4306200573826369,-1.2740310493992413,-1.2860490588430924
1.7699823188770847,-1.312209852931007,0.21669453672908448,2.2538524953722097,-0.010684955964216718,-0.6991224441542135,-0.6983308925851475,0.20458959538727972,-1.122748297483825,1.5959976738193384,1.0886592600879494,1.554352064009265,1.0568887417447868,-1.040076165284344,-0.5246627657167721,-0.686600104466876,-0.5416521254593148,0.7672096826573386,0.7604320130187983
1.7699823188770847,-1.312209852931007,0.361157560312046,-0.7054689621240783,-0.010684955964216718,2.4396285223265477,-0.6983308925851475,0.1894240058839383,-1.062932695289903,1.6297214857321494,1.1547112540914442,1.2521702660435492,1.518631416757643,-0.874202186482047,-0.597584661944915,-0.6322194787885151,-0.7192221245950905,0.4233751775544756,0.44760436001024545
1.7699823188770847,-1.312209852931007,0.5056205838950075,2.314481331642697,-0.010684955964216718,-0.6991224441542135,-0.6983308925851475,0.20458959538727972,-1.3620107062595133,1.5675951536602994,1.203411454905817,1.3354392569055904,2.1176611331429056,-0.4071474669702364,-0.6602068307768062,-0.7012318906222428,-0.9278486915670424,0.7536572514877615,0.7389886900974911
1.7699823188770847,-1.312209852931007,0.6500836074779691,-0.7054689621240783,-0.010684955964216718,2.1265039748484535,-0.6983308925851475,0.05293427887298657,-0.5844078777385264,1.4689616162139865,1.2100752323113197,1.5229114838677391,2.470204381372396,0.2099506724658012,-0.6669345671542519,-0.7449060899374915,-1.0093879749161125,0.18149712404637228,0.21009748012791254
1.7699823188770847,-1.312209852931007,0.7945466310609306,1.5672026138330468,-0.010684955964216718,0.42786999036191187,-0.6983308925851475,0.08326531324988914,-0.7638546843202927,1.2824622136482575,1.1774635159002342,1.7114867694396305,2.488635149068429,0.41369818995709984,-0.6678809529392791,-0.8117084162102286,-1.0269133546264697,0.667740522596119,0.65421595021183
1.7699823188770847,-1.312209852931007,0.9390096546438922,1.3026821889280429,-0.010684955964216718,0.5695331241114243,-0.6983308925851475,-0.09872103764130656,-0.2853298667689162,1.0678017725480164,1.0379229442751783,1.7189456278903625,1.7135509765240773,0.41369818995709984,-0.6040882289204509,-0.8166591111318204,-0.8258116270224259,0.6452657037188201,0.6343465036723532
1.7699823188770847,-1.312209852931007,1.0834726782268538,0.4543844151591525,-0.010684955964216718,0.04722324262604007,1.0088679161732128,-0.09872103764130656,-0.2853298667689162,0.9784167806438342,0.8433451608927283,1.5658600170475374,0.6568142197613713,0.41369818995709984,-0.516141191520384,-0.7809023233629137,-0.5139159962026129,0.7387963258613506,0.7251436595848596
1.7699823188770847,-1.312209852931007,1.2279357018098151,1.3047911443822107,-0.010684955964216718,0.7056432956186117,-0.6983308925851475,-0.1593831063951117,-0.4049610711567603,0.889847207300035,0.6951082256592628,1.450640686346423,0.44086961563944704,0.41369818995709984,-0.44134848218889694,-0.7583438748406927,-0.45349385271376347,0.6710550512016608,0.6618207995849918
1.7699823188770847,-1.312209852931007,1.3723987253927767,-0.7054689621240783,-0.010684955964216718,0.8140323841647432,1.7788813381007422,-0.2503763541555997,-0.2853298667689162,0.8311885781133586,0.572618088088384,1.3880212254398714,0.3497840087249412,0.41369818995709984,-0.385139392145549,-0.7524035572596484,-0.43627728549366546,0.6674336051316945,0.6573874719717534
1.7699823188770847,-1.312209852931007,1.5168617489757383,1.528052650125124,-0.010684955964216718,0.472997544949093,-0.6983308925851475,-0.2503763541555997,-0.2853298667689162,0.6759834548834825,0.49492459775955905,1.3720123841021858,0.46241871394198314,0.41369818995709984,-0.361357407491056,-0.7635464932697233,-0.4918618000561601,0.6886722936698713,0.6762246064149325
1.7699823188770847,-1.312209852931007,1.6613247725587,-0.7054689621240783,-0.010684955964216718,0.9295297310960327,1.6886936421286862,-0.31103842290940487,-0.22551426457499413,0.6344833995215706,0.4270609201509038,1.3540284370467464,0.484328361360087,0.41369818995709984,-0.33176921815545046,-0.7665966824144447,-0.5082448986183375,0.6524178706962482,0.6437670174927747
1.7699823188770847,-1.2021320009188432,-1.6613247698494156,1.6193732021335865,-0.010684955964216718,0.3953949317752972,-0.6983308925851475,-0.31103842290940487,-0.22551426457499413,0.5028177177518119,0.37238082249721466,1.3544947222550379,0.5728154991835595,0.41369818995709984,-0.3116429562554607,-0.7756562475910114,-0.5470317473948892,0.7081569623996302,0.6946058269211798
1.7699823188770847,-1.2021320009188432,-1.516861746266454,-0.7054689621240783,-0.010684955964216718,-0.6991224441542135,2.2882495705971038,-0.5385213976808445,0.1931949507824603,0.46984510767928844,0.30761683884799257,1.2747821151023055,0.5888037562431998,0.41369818995709984,-0.2868315779857393,-0.7635761819495069,-0.5636166034507027,0.28548175104973667,0.2973745706370254
1.7699823188770847,-1.2021320009188432,-1.3723987226834924,-0.7054689621240783,-0.010684955964216718,-0.6991224441542135,-0.6983308925851475,-0.7660043724522843,0.6717197683338367,0.3558965514142944,0.23734228815977818,1.0333750957931547,0.7025335245879893,0.41369818995709984,-0.26098887568613366,-0.7070992773159926,-0.613233343727754,-1.2740310493992413,-1.2860490588430924
1.7699823188770847,-1.2021320009188432,-1.2279356991005308,0.8232454784375572,-0.010684955964216718,0.4547255482864655,0.2595193243558031,-0.8569976202127723,0.7913509727216809,0.16412335071069764,0.18150686286228393,0.6441138958482806,0.6424517876670468,0.41369818995709984,-0.23934530786665106,-0.6016622975535885,-0.6056419742303654,0.8071771769146476,0.7899174528824415
1.7699823188770847,-1.2021320009188432,-1.0834726755175694,0.8127100304464826,-0.010684955964216718,0.40753046735207005,0.33376180985525045,-1.0086529367270654,1.0904289836912913,0.08192260436723318,0.12257103784625832,0.4512116199339989,0.5237942352473932,0.41369818995709984,-0.22487081747530635,-0.560685680526791,-0.5871609011291008,0.7901867301127867,0.7799680788951793
1.7699823188770847,-1.2021320009188432,-0.9390096519346078,0.8089492542465454,-0.010684955964216718,0.4093747273430139,0.3681465619890518,-0.9176596889665775,0.7913509727216809,0.07536714752412009,0.08112039448892042,0.40657184387805756,0.4780371985365878,0.41369818995709984,-0.2147863313131812,-0.561153169665702,-0.587114958498971,0.7940049273784222,0.7832131616004324
1.7699823188770847,-1.2021320009188432,-0.7945466283516462,0.8018473400267901,-0.010684955964216718,0.40575495321658794,0.38059924764140807,-0.553686987184186,0.7315353705277589,0.17329363212521165,0.136780085770955,0.6875790082533524,0.57414953091116,0.41369818995709984,-0.2541040518160687,-0.6513564145333592,-0.6213933616282583,0.7875771216190846,0.7766877525058128
1.7699823188770847,-1.2021320009188432,-0.6500836047686848,0.7676782249616855,-0.010684955964216718,0.36363876142339707,0.36035763318486624,-0.09872103764130656,-0.5844078777385264,0.3656414386888323,0.31857868916172566,1.6597632089579082,0.7500882759587417,0.41369818995709984,-0.37908392267200064,-0.9273256012433491,-0.6808227542273693,0.769416428227063,0.7586544609276149
1.7699823188770847,-1.2021320009188432,-0.5056205811857232,-0.7054689621240783,-0.010684955964216718,-0.6991224441542135,-0.6983308925851475,-0.03805896888750143,-0.9433014909020588,0.4758359925248926,0.49898835864717656,2.173499543610531,0.8503192531139387,0.41369818995709984,-0.4905974621906021,-1.0613458953057935,-0.718170645154573,-1.2740310493992413,-1.2860490588430924
1.7699823188770847,-1.2021320009188432,-0.3611575576027617,2.2553399772667655,-0.010684955964216718,-0.6991224441542135,-0.6983308925851475,0.05293427887298657,-0.8834858887081368,0.7565841346178932,0.6857957343580968,2.556026459925601,0.8755971000604973,0.41369818995709984,-0.5995852954338645,-1.1502818853309498,-0.7257953880719614,0.7779080514231322,0.764463316746976
1.7699823188770847,-1.2021320009188432,-0.21669453401980013,-0.7054689621240783,-0.010684955964216718,-0.6991224441542135,1.1894737814264427,0.05293427887298657,-1.122748297483825,1.0471179683596592,0.839059791648266,2.7822975374460435,0.9068491620033816,0.40442518650816167,-0.7058350767896453,-1.2145099018769456,-0.7528499627448985,-0.23552990590689477,-0.2415799405777633
1.7699823188770847,-1.2021320009188432,-0.0722315104368386,-0.7054689621240783,-0.010684955964216718,-0.6991224441542135,-0.6983308925851475,0.14392752663347458,-1.003117093095981,1.3529775237067891,0.9468235598754444,2.4593707361366683,0.9984747541049238,0.006325999456225837,-0.7726223565433503,-1.1416334438287774,-0.7780182890562805,-1.2740310493992413,-1.2860490588430924
1.7699823188770847,-1.2021320009188432,0.07223151314612293,2.2549185449943847,-0.010684955964216718,-0.6991224441542135,-0.6983308925851475,0.20458959538727972,-0.8236702865142147,1.6564108910977993,1.033168245230392,2.010818857256684,1.0020140048416943,-0.2110256669253394,-0.8295365305397451,-1.0249501555154577,-0.7662938165313671,0.7684346523613907,0.7565066452481009
1.7699823188770847,-1.2021320009188432,0.21669453672908448,-0.7054689621240783,-0.010684955964216718,-0.6991224441542135,2.3516971222997283,0.17425856101037715,-0.8834858887081368,1.7534042264849987,1.1208284655444436,1.6442683895225987,1.3656822895022378,-0.08114629121540069,-0.8840825683570841,-0.932735825295504,-0.868758017509879,0.37230339143326313,0.3982743695816591
1.7699823188770847,-1.2021320009188432,0.361157560312046,0.9659411182375185,-0.010684955964216718,-0.6991224441542135,-0.6983308925851475,0.14392752663347458,-0.7638546843202927,1.8012891630272692,1.1957857278494246,1.2881603236195387,2.098615754977777,0.17117744419160738,-0.925882802107386,-0.8296089690368393,-1.051244961622139,-0.15900422139079182,-0.21108421592039334
1.7699823188770847,-1.2021320009188432,0.5056205838950075,0.8297971445605085,-0.010684955964216718,1.2438418789946273,-0.6983308925851475,0.17425856101037715,-0.6442234799324486,1.698561140750681,1.2561500092802709,1.0337058428878843,2.709937680744953,0.41369818995709984,-0.955058606612137,-0.7396535601047667,-1.1798738155253428,0.7846731963779723,0.7753790233753933
1.7699823188770847,-1.2021320009188432,0.6500836074779691,1.114332462742155,-0.010684955964216718,0.9657534360090674,-0.6983308925851475,0.20458959538727972,-0.8236702865142147,1.5616972492740007,1.2935157189770443,1.1153858837896782,3.096999733601635,0.41369818995709984,-0.9792696259238911,-0.7589027965079226,-1.2622265218092814,0.7284660780426233,0.7196390878986867
1.7699823188770847,-1.2021320009188432,0.7945466310609306,1.1785783684223803,-0.010684955964216718,0.8559351905044364,-0.6983308925851475,-0.09872103764130656,0.31282615517030443,1.3257028096944325,1.192599225520909,1.0654584164228922,2.5041764929220287,0.41369818995709984,-0.9027026242218522,-0.6802671648524619,-1.0752363331022246,0.6874037614869977,0.677357117124785
1.7699823188770847,-1.2021320009188432,0.9390096546438922,1.2161046786330494,-0.010684955964216718,0.7927339931219923,-0.6983308925851475,-0.2503763541555997,0.25301055297638236,1.0891203857714873,0.9969112830769405,1.2186198945116733,1.669750966873121,0.41369818995709984,-0.8112550211452455,-0.7270741652909601,-0.8626994415167732,0.6798962542897606,0.6694543356777809
1.7699823188770847,-1.2021320009188432,1.0834726782268538,0.48206160737363585,-0.010684955964216718,0.21014156474766915,0.8727595400479478,-0.40203167066989287,-0.3451454689628382,1.0189201389959257,0.7851165064931307,1.2012820977083087,0.7630898447633769,0.41369818995709984,-0.7421519677100245,-0.7798150292496804,-0.6580757345501386,0.7504523491202459,0.7374963659614578
1.7699823188770847,-1.2021320009188432,1.2279357018098151,1.2709355469399182,-0.010684955964216718,0.7916556082119272,-0.6983308925851475,-0.09872103764130656,-0.8834858887081368,0.9305345197982343,0.6562399548423542,1.196337087665715,0.6815914903777115,0.41369818995709984,-0.6888199194093789,-0.795869075274969,-0.6517519048811892,0.6904300936933936,0.680758337546866
1.7699823188770847,-1.2021320009188432,1.3723987253927767,0.556579678005464,-0.010684955964216718,0.2393111460088223,0.8481211153181889,-0.09872103764130656,-0.5844078777385264,0.892765054519388,0.5663107190274882,1.2081382803962217,0.5432789802417253,0.41369818995709984,-0.64488899048269,-0.7996358803063505,-0.6093791471388,0.753442499267786,0.7411088435830789
1.7699823188770847,-1.2021320009188432,1.5168617489757383,1.3096231730718826,-0.010684955964216718,0.7759656806526081,-0.6983308925851475,-0.09872103764130656,-0.5844078777385264,0.8166454977841624,0.4987815712313947,1.1653585305276515,0.5078797649834969,0.41369818995709984,-0.6198601992623543,-0.7945606220108842,-0.6058235776456897,0.6987597076707048,0.6888557788770544
1.7699823188770847,-1.2021320009188432,1.6613247725587,0.5742933788420489,-0.010684955964216718,0.23064927333662238,0.8502521811637068,-0.09872103764130656,-0.5844078777385264,0.7749420894752805,0.43561119162597955,1.140549088659068,0.37455792539602023,0.41369818995709984,-0.6017953789129731,-0.7967735043315644,-0.573712929842762,0.7622320394161264,0.7499093144492731
1.7699823188770847,-1.0920541489066795,-1.6613247698494156,0.6650210730624811,-0.010684955964216718,0.3360914351887607,0.6011932277048236,-0.12905207201820915,-0.4049610711567603,0.7134519042868798,0.3830533115806728,1.0751046383918619,0.4191712667727922,0.41369818995709984,-0.5819992179191324,-0.7786005901382435,-0.5881818243863717,0.7422172405205433,0.7312838470159145
1.7699823188770847,-1.0920541489066795,-1.516861746266454,-0.7054689621240783,-0.010684955964216718,-0.6991224441542135,-0.6983308925851475,-0.09872103764130656,-0.2853298667689162,0.6680774401458546,0.3525906316237026,1.022973611128488,0.45710187221683213,0.41369818995709984,-0.5717641594138515,-0.7617621605876582,-0.5979604531568731,-1.2740310493992413,-1.2860490588430924
1.7699823188770847,-1.0920541489066795,-1.3723987226834924,0.6301886820880563,-0.010684955964216718,0.37682051641823,0.5328791152189932,-0.17454869589845315,-0.04606745799322794,0.5162376744034992,0.3082696660138568,0.8035169466886344,0.3714672648379211,0.41369818995709984,-0.5467855589745677,-0.6862967636082177,-0.5578512367904537,0.7894287069792433,0.7759123914553184
1.7699823188770847,-1.0920541489066795,-1.2279356991005308,-0.7054689621240783,-0.010684955964216718,1.1873805084631002,1.304434790326909,-0.2503763541555997,0.013748144200694123,0.40843184877016914,0.2392238419156636,0.6607620679103146,0.3581906725218761,0.41369818995709984,-0.5074478104196258,-0.632750002588126,-0.5421275883390542,0.6498550648657427,0.6429250622717173
1.7699823188770847,-1.0920541489066795,-1.0834726755175694,2.387060616471423,-0.010684955964216718,-0.6991224441542135,-0.6983308925851475,-0.2958729780358437,0.4324573595581485,0.3199264921464658,0.20067245693386107,0.6624362619671418,0.41451766772302273,0.41369818995709984,-0.4779930609971055,-0.6137916291927048,-0.5401423032700968,0.795637980303501,0.7845647159051523
1.7699823188770847,-1.0920541489066795,-0.9390096519346078,-0.7054689621240783,-0.010684955964216718,1.2102861229462347,1.2790565242651524,-0.34136960191608773,0.6717197683338367,0.29450536700270796,0.15883505759069225,0.5973464271417076,0.40071282902835526,0.41369818995709984,-0.438823258517222,-0.5616221647521381,-0.5024957852470495,0.7049947224597208,0.6938800529146125
1.7699823188770847,-1.0920541489066795,-0.7945466283516462,1.5239714490471652,-0.010684955964216718,0.5553052548145182,-0.6983308925851475,-0.2503763541555997,0.3726417573642265,0.2680935651666389,0.14505440543862216,0.6155946308965443,0.42623719095160434,0.41369818995709984,-0.4133837715788556,-0.5340622493631882,-0.47665132211488953,0.7433923473872666,0.7322952587879124
1.7699823188770847,-1.0920541489066795,-0.6500836047686848,-0.7054689621240783,-0.010684955964216718,1.0630355489106795,1.5366653143154863,-0.09872103764130656,0.013748144200694123,0.3435201164641639,0.24241316728057216,0.953272070678087,0.540132979586818,0.41369818995709984,-0.45565623301434316,-0.612713370764623,-0.4872549678330517,0.6632332461200336,0.6556945457034702
1.7699823188770847,-1.0920541489066795,-0.5056205811857232,2.291041695646819,-0.010684955964216718,-0.6991224441542135,-0.6983308925851475,0.05293427887298657,-0.10588306018714999,0.5352899725469223,0.460802556878258,1.4299110269401485,0.7547083355559002,0.3174150250773035,-0.5621757898182781,-0.7258784429559086,-0.5279217803660934,0.7899476765099974,0.772225533267807
1.7699823188770847,-1.0920541489066795,-0.3611575576027617,-0.7054689621240783,-0.010684955964216718,1.149097476249833,1.322450068252172,0.20458959538727972,-0.5844078777385264,0.7342795271712848,0.7168808938397073,2.0266998324495,1.0802062076862353,0.19222947851663813,-0.6908311701789356,-0.8753353445582877,-0.6147843409156731,0.6511185567618106,0.6456732500119999
1.7699823188770847,-1.0920541489066795,-0.21669453401980013,1.172288639769704,-0.010684955964216718,-0.6991224441542135,-0.6983308925851475,0.20458959538727972,-0.2853298667689162,1.0472477396481863,0.9275683343983918,2.19624266857802,1.247299760593994,-0.31798226234571897,-0.7814180496208681,-0.890479798278323,-0.633115667047977,-0.000645160336715434,-0.05604345876055723
1.7699823188770847,-1.0920541489066795,-0.0722315104368386,-0.7054689621240783,-0.010684955964216718,-0.6991224441542135,-0.6983308925851475,0.47756904940918316,-0.6442234799324486,1.3269329612387677,1.0957916615346779,2.1220274532137187,1.3171875949720635,-0.6165353010937998,-0.828565049364192,-0.8225357486460826,-0.6005698645219332,-1.2740310493992413,-1.2860490588430924
1.7699823188770847,-1.0920541489066795,0.07223151314612293,1.6562717594617264,-0.010684955964216718,-0.6991224441542135,-0.6983308925851475,0.35624491190157287,-0.2853298667689162,1.473033357622561,1.1856093874120233,1.8160727515333812,1.2145518390646612,-0.7644833451440617,-0.8373836661157479,-0.6920535707265418,-0.5186712751315651,0.33372953647775744,0.3301568317538207
1.7699823188770847,-1.0920541489066795,0.21669453672908448,-0.7054689621240783,-0.010684955964216718,-0.6991224441542135,-0.6983308925851475,0.507900228415866,-0.2853298667689162,1.5938216635019256,1.2827366602697532,1.5988938093541396,1.3337586000208193,-0.7343712378050797,-0.8376990476101462,-0.5620524354736393,-0.4879441072849985,-1.2740310493992413,-1.2860490588430924
1.7699823188770847,-1.0920541489066795,0.361157560312046,2.275177793637133,-0.010684955964216718,-0.6991224441542135,-0.6983308925851475,0.416906980655378,-0.16569866238107206,1.594973550918644,1.3489460385521537,1.4113602066424533,1.491487099273285,-0.5005057632375742,-0.8386316791907505,-0.4655373342569214,-0.5008201795104292,0.7395295075813512,0.7305601220607492
1.7699823188770847,-1.0920541489066795,0.5056205838950075,-0.7054689621240783,-0.010684955964216718,1.2254734909719716,1.2986944432871699,0.38657609090825573,-0.16569866238107206,1.5523791356184329,1.3679281352581907,1.1948990197564138,1.7142318274120796,-0.06670095011219104,-0.7959880955376771,-0.33837727657809064,-0.5184591155329941,0.7678564594606684,0.7559827028046248
1.7699823188770847,-1.0920541489066795,0.6500836074779691,1.1992579728821529,-0.010684955964216718,0.7662790322236848,-0.6983308925851475,0.35624491190157287,0.013748144200694123,1.3620969668845606,1.319426958509519,1.169879877410244,1.7242777319553748,0.41369818995709984,-0.7118299795033666,-0.2719555247585212,-0.46741078556425725,0.7173817673157,0.7074441584800379
1.7699823188770847,-1.0920541489066795,0.7945466310609306,1.2432891234077308,-0.010684955964216718,0.8110845114268675,-0.6983308925851475,0.32591373289489,-0.16569866238107206,1.1681865534652753,1.1930339731254196,1.2629996760730462,1.5385597210127548,0.41369818995709984,-0.6041837844459151,-0.28206064778833556,-0.38445919975973525,0.6968254976089797,0.6869749545952133
1.7699823188770847,-1.0920541489066795,0.9390096546438922,0.49354343903299924,-0.010684955964216718,0.21490636731988313,0.8181585370505133,0.3107484326511092,-0.22551426457499413,0.9654704223028535,0.9829217262317939,1.229907065339804,0.8183360311041357,0.41369818995709984,-0.46944035886439195,-0.27556011772789674,-0.13187290391124112,0.7401179610659282,0.7276041605083098
1.7699823188770847,-1.0920541489066795,1.0834726782268538,1.24540938164315,-0.010684955964216718,0.7624391452205967,-0.6983308925851475,0.28041725364442627,-0.22551426457499413,0.8901535745688254,0.8030329069608378,1.1534823229921545,0.7014275611381433,0.41369818995709984,-0.3531895817803512,-0.25709526485003736,-0.09611306767078774,0.6799273960618107,0.6702329752105184
1.7699823188770847,-1.0920541489066795,1.2279357018098151,0.5508088008350043,-0.010684955964216718,0.23380275294496186,0.8147270106231244,0.26525166414108486,-0.2853298667689162,0.8434593230449979,0.6774381351168384,1.1369551975472638,0.5288276685979817,0.41369818995709984,-0.2755367218344004,-0.26930763873840335,-0.048698322982174094,0.745010459462171,0.7328212502827904
1.7699823188770847,-1.0920541489066795,1.3723987253927767,1.288319403914105,-0.010684955964216718,0.7566533510671893,-0.6983308925851475,0.20458959538727972,0.013748144200694123,0.7826507715834474,0.5948749070102155,1.1136128065808184,0.49898845609633374,0.41369818995709984,-0.2100215853388961,-0.26471127175596776,-0.04092535006946119,0.6899449660883354,0.6800432186075888
1.7699823188770847,-1.0920541489066795,1.5168617489757383,0.5690804643651205,-0.010684955964216718,0.22755444844899803,0.8292208366552308,0.1894240058839383,-0.04606745799322794,0.755345955983546,0.5255227834633898,1.111420328416786,0.3838240376661108,0.41369818995709984,-0.15484695624924813,-0.2656996036032558,0.0026544852664322762,0.7572732972504359,0.7450493743341506
1.7699823188770847,-1.0920541489066795,1.6613247725587,1.3083107945821135,-0.010684955964216718,0.7514633543277842,-0.6983308925851475,0.17425856101037715,0.013748144200694123,0.7367384924116198,0.479656911187515,1.099088064964587,0.38132534844659494,0.41369818995709984,-0.11667686725925944,-0.2599294580925652,0.0052426590005833365,0.7034313334987079,0.6923160119795113
1.7699823188770847,-0.9819762968945157,-1.6613247698494156,0.5956247770206636,-0.010684955964216718,0.24026234057468443,0.8587030787811659,0.14392752663347458,0.13337934858853825,0.7226670036206273,0.43511292570262805,1.0960618995360045,0.34072835651998434,0.41369818995709984,-0.07645426488644541,-0.25626462722217946,0.024364761818470068,0.7621983775006733,0.7511096487605299
1.7699823188770847,-0.9819762968945157,-1.516861746266454,-0.7054689621240783,-0.010684955964216718,-0.6991224441542135,-0.6983308925851475,0.12876193713013315,0.1931949507824603,0.6784972719055661,0.3963963930918393,1.041608823081797,0.3330176363647267,0.41369818995709984,-0.039202088065310184,-0.2323807297423743,0.032641153267935284,-1.2740310493992413,-1.2860490588430924
1.7699823188770847,-0.9819762968945157,-1.3723987226834924,1.0556006996296745,-0.010684955964216718,-0.6991224441542135,0.9230999834778738,0.11359634762679172,0.25301055297638236,0.5455164852221788,0.35912878390972003,0.8500269782235365,0.27396639912525556,0.41369818995709984,-0.0020215778882731465,-0.15675656286669987,0.06389622793995543,0.7719866144775342,0.7587644949878991
1.7699823188770847,-0.9819762968945157,-1.2279356991005308,-0.7054689621240783,-0.010684955964216718,-0.6991224441542135,0.9969078292261107,0.05293427887298657,0.3726417573642265,0.4758754590507848,0.3149814350380392,0.5801220049867941,0.3520890076056288,0.41369818995709984,0.03939015991254033,-0.050036515812779396,0.038469799399872565,-0.38290645202650064,-0.3764380536913361
1.7699823188770847,-0.9819762968945157,-1.0834726755175694,1.0932857870055448,-0.010684955964216718,0.9579996603480823,-0.6983308925851475,0.05293427887298657,0.4922729617520706,0.33020384305846473,0.2755280899286967,0.23586627827218876,0.42543979046577896,0.41369818995709984,0.08268308679547305,0.09879520243125851,0.02274961831678474,0.8072702422103119,0.7921898508871935
1.7699823188770847,-0.9819762968945157,-0.9390096519346078,0.6409770073834823,-0.010684955964216718,0.41953040330568425,0.5219043304906347,0.05293427887298657,0.3726417573642265,0.3084316992493173,0.24726314380361966,0.2339687446823225,0.3998525420688843,0.41369818995709984,0.1100293408101486,0.10267000541373676,0.03609725263260422,0.8075604187221314,0.7964924490209881
1.7699823188770847,-0.9819762968945157,-0.7945466283516462,0.6934435312026652,-0.010684955964216718,0.43268913789937624,0.4239871319837291,0.20458959538727972,0.013748144200694123,0.3513311439699835,0.31293967396685524,0.5294222261049952,0.4518672021505779,0.41369818995709984,0.07865213969224036,-0.011877311470371148,0.01755029953341773,0.7767410450173468,0.7661355475960996
1.7699823188770847,-0.9819762968945157,-0.6500836047686848,-0.7054689621240783,-0.010684955964216718,1.205425980173862,1.207224732982631,0.32591373289489,0.013748144200694123,0.4395174237657108,0.4908375468216999,1.6392031853038274,0.7431934029882454,0.41369818995709984,-0.016408234412776987,-0.3841877700255924,-0.07042095203382225,0.6430483375447549,0.636626073357012
1.7699823188770847,-0.9819762968945157,-0.5056205811857232,1.4263843121762083,-0.010684955964216718,-0.6991224441542135,-0.6983308925851475,0.4472381596620609,-0.22551426457499413,0.6076555268532142,0.661569141793101,2.3049766284113438,0.9277509488705263,0.39470994292501976,-0.11444723833176047,-0.584136725660766,-0.12928451346657058,0.20017273673867897,0.13818274269456812
1.7699823188770847,-0.9819762968945157,-0.3611575576027617,-0.7054689621240783,-0.010684955964216718,-0.6991224441542135,-0.01706541590327468,0.5533967076663298,-0.4049610711567603,0.7992247056856733,0.8373313876166969,2.7415286958157905,1.1075408615641607,0.17379110678370024,-0.21599501218957107,-0.7036381796322377,-0.18675809362737344,-0.9108774849902385,-0.9185265377991078
1.7699823188770847,-0.9819762968945157,-0.21669453401980013,-0.7054689621240783,-0.010684955964216718,-0.6991224441542135,-0.6983308925851475,0.6595555449301591,-0.5245922755446044,1.1148191144448258,1.0011874774531258,2.8941497263322558,1.126609717346117,-0.29197082080140374,-0.3003138352439806,-0.7326407927503809,-0.1765731326328468,-1.2740310493992413,-1.2860490588430924
1.7699823188770847,-0.9819762968945157,-0.0722315104368386,0.13650248350998806,-0.010684955964216718,-0.6991224441542135,-0.6983308925851475,0.7353832031873058,-0.6442234799324486,1.4292014326121703,1.122215987931567,2.581049012035634,1.075455344223894,-0.5208336000941604,-0.3503209856017681,-0.6237575596441135,-0.1337186274056533,-0.6964113012908353,-0.7371646396293601
1.7699823188770847,-0.9819762968945157,0.07223151314612293,-0.7054689621240783,-0.010684955964216718,-0.6991224441542135,-0.6983308925851475,0.8112108614444523,-0.5245922755446044,1.604834162074188,1.2801479358974397,2.196251192987678,1.1022885832852856,-0.37276154161473024,-0.40242577278496133,-0.4637304123619775,-0.09346573196481861,-1.2740310493992413,-1.2860490588430924
1.7699823188770847,-0.9819762968945157,0.21669453672908448,1.0554467665135814,-0.010684955964216718,-0.6991224441542135,-0.6983308925851475,0.8415420404511351,-0.8236702865142147,1.7679165363024822,1.4190321515611402,1.9056839031809591,1.3967456920241854,-0.06810605699361608,-0.4666979635439346,-0.35736598405937764,-0.18992098365918578,-0.05051753820839091,-0.04594768005062636
1.7699823188770847,-0.9819762968945157,0.361157560312046,-0.7054689621240783,-0.010684955964216718,-0.6991224441542135,-0.6983308925851475,0.8718729301982574,-0.8236702865142147,1.7398725594973115,1.5467752541001567,1.7099421464096045,1.7117213993841498,0.41369818995709984,-0.5296215183639694,-0.28574462570582804,-0.2967809408148324,-1.2740310493992413,-1.2860490588430924
1.7699823188770847,-0.9819762968945157,0.5056205838950075,0.8485104239009551,-0.010684955964216718,0.8074333076203452,-0.6983308925851475,0.7657143821939886,-0.7040390821263706,1.629149555568796,1.593157742035937,1.5118664062738951,2.0441024056765675,0.41369818995709984,-0.5495125109777783,-0.21477297614174512,-0.40813439059189927,0.7265738103675321,0.7286706917630198
1.7699823188770847,-0.9819762968945157,0.6500836074779691,0.9313327196820242,-0.010684955964216718,0.6263165700269498,-0.6983308925851475,0.6595555449301591,-0.22551426457499413,1.4600114108506341,1.5577914478644537,1.430187217813067,2.279735506967435,0.41369818995709984,-0.5101040609860662,-0.1617582448687895,-0.4635136802924463,0.6044390205713654,0.6075977768611418
1.7699823188770847,-0.9819762968945157,0.7945466310609306,1.0886381910004226,-0.010684955964216718,0.6883581278414206,-0.6983308925851475,0.6595555449301591,-0.5844078777385264,1.2946058629880406,1.4719217383826158,1.3757938122264655,2.1149746229887683,0.41369818995709984,-0.45212815892895764,-0.13903995077353087,-0.40665079037553836,0.7109552216280637,0.7010908697031812
1.7699823188770847,-0.9819762968945157,0.9390096546438922,1.1658401339518272,-0.010684955964216718,0.6934256644560352,-0.6983308925851475,0.6595555449301591,-0.5844078777385264,1.106575961926695,1.2853889029609076,1.3721393978060896,1.4137678027105585,0.41369818995709984,-0.33606921680134133,-0.13844402582425183,-0.1614304850841735,0.6872260913770932,0.6769809112873887
1.7699823188770847,-0.9819762968945157,1.0834726782268538,1.2458195111342796,-0.010684955964216718,0.7227911819168531,-0.6983308925851475,0.6595555449301591,-0.5844078777385264,0.9992243358032092,1.0969406373465989,1.3913985965463627,0.939446155995965,0.41369818995709984,-0.21980420290921376,-0.14772604096383454,0.01797635241471564,0.6705899047335828,0.6601338155657742
1.7699823188770847,-0.9819762968945157,1.2279357018098151,0.40835374880739855,-0.010684955964216718,0.08462062009130523,1.0464669272629155,0.6595555449301591,-0.5245922755446044,0.9809473207701094,0.9498117438973569,1.4143514219914384,0.38989635556132346,0.41369818995709984,-0.12336141060878067,-0.15430875273208003,0.24764854477545992,0.7497443688342743,0.7361390743128124
1.7699823188770847,-0.9819762968945157,1.3723987253927767,-0.7054689621240783,-0.010684955964216718,-0.6991224441542135,-0.6983308925851475,0.507900228415866,-0.2853298667689162,0.9116695204217573,0.8317700059226318,1.3297909830662131,0.243816108200641,0.41369818995709984,-0.04535383696981868,-0.1257004827301927,0.3089756713936582,-1.2740310493992413,-1.2860490588430924
1.7699823188770847,-0.9819762968945157,1.5168617489757383,0.5435883868213334,-0.010684955964216718,0.31569441373406015,0.6967301263829998,0.35624491190157287,0.013748144200694123,0.7224843873228549,0.7448113101522227,1.0674872259214914,0.20600624478600052,0.41369818995709984,0.016087883300024412,-0.03001666454741497,0.32307095700168414,0.8091949117291546,0.7966225637850113
1.7699823188770847,-0.9819762968945157,1.6613247725587,1.2739528513064167,-0.010684955964216718,0.7720888979381024,-0.6983308925851475,0.35624491190157287,0.013748144200694123,0.6275219057086852,0.6610849910517141,0.951221097714377,0.2252536981531101,0.41369818995709984,0.07964220110885596,0.015308483526233523,0.3152786968527375,0.743648501963147,0.7347119100113609
1.7699823188770847,-0.8718984448823519,-1.6613247698494156,0.5652911620982151,-0.010684955964216718,0.2338864252705698,0.8266730532667149,0.3107484326511092,0.25301055297638236,0.6049958843625798,0.5866873957116308,0.9425321669499985,0.17075963403715194,0.41369818995709984,0.13884126215227316,0.023693169076125665,0.3451041322277473,0.7990257730779698,0.7871860673636548
1.7699823188770847,-0.8718984448823519,-1.516861746266454,-0.7054689621240783,-0.010684955964216718,-0.6991224441542135,-0.6983308925851475,0.2500860746377434,0.3726417573642265,0.5671762497711585,0.5230420402331057,0.8914232164046165,0.2015781985550397,0.41369818995709984,0.1938918621002832,0.0509800776922831,0.3394282670120435,-1.2740310493992413,-1.2860490588430924
1.7699823188770847,-0.8718984448823519,-1.3723987226834924,0.9960483187164827,-0.010684955964216718,-0.6991224441542135,0.8746952433431264,0.20458959538727972,0.4922729617520706,0.4375802193761541,0.472851981962366,0.7192412230459857,0.1527581713345392,0.41369818995709984,0.2415103656232967,0.12752868121310268,0.3699814163114675,0.7945357775852186,0.7817148952153335
1.7699823188770847,-0.8718984448823519,-1.2279356991005308,-0.7054689621240783,-0.010684955964216718,-0.6991224441542135,1.1449130929326758,0.20458959538727972,0.4922729617520706,0.3958192835888531,0.42264427971417046,0.4819685424209548,0.277207987220104,0.41369818995709984,0.28943242685094156,0.23282517758493673,0.3222617599219454,-0.29485615172893925,-0.28300663729649506
1.7699823188770847,-0.8718984448823519,-1.0834726755175694,1.0304477055234353,-0.010684955964216718,0.9040997561864224,-0.6983308925851475,0.20458959538727972,0.7315353705277589,0.27820903643006295,0.37806571203347017,0.1766693678433158,0.3847698502297396,0.41369818995709984,0.3386695830628796,0.38417354927903463,0.294584142505503,0.8155985961159217,0.8004329797720598
1.7699823188770847,-0.8718984448823519,-0.9390096519346078,0.6363298599014257,-0.010684955964216718,0.42289379953995215,0.48783515595290156,0.20458959538727972,0.6119041661399147,0.266649357888651,0.34643358925073015,0.188245516158852,0.38578022623964453,0.41369818995709984,0.3704244215478372,0.38739326508802746,0.3023445462080861,0.8094611468786466,0.7983941736271291
1.7699823188770847,-0.8718984448823519,-0.7945466283516462,0.6950752581150985,-0.010684955964216718,0.43907787735389814,0.41286310032850215,0.35624491190157287,0.3726417573642265,0.2894202054801217,0.34506441660016085,0.28361234920749784,0.42193491766793456,0.41369818995709984,0.39437314576822863,0.3663756160195019,0.3072138148702849,0.7823762656764727,0.7712969031724475
1.7699823188770847,-0.8718984448823519,-0.6500836047686848,0.7069978982432743,-0.010684955964216718,0.41613936156684983,0.3935058577602443,0.35624491190157287,0.3726417573642265,0.3750899925570948,0.4089017385534049,0.49336056348787866,0.5667297655073024,0.41369818995709984,0.3636457704838436,0.28960951064896356,0.25815640444401194,0.7635003915887569,0.7527755275503075
1.7699823188770847,-0.8718984448823519,-0.5056205811857232,0.7141875435746492,-0.010684955964216718,0.4014889260024263,0.38417740078978657,0.598893476176354,0.013748144200694123,0.5146416213394515,0.5376293750344545,0.757104945864799,0.772409620157645,0.41369818995709984,0.29991264801751455,0.20798414288515235,0.19970480970879528,0.7472787685350234,0.7364464320231036
1.7699823188770847,-0.8718984448823519,-0.3611575576027617,1.1722136467131459,-0.010684955964216718,0.6294718366070673,-0.6983308925851475,0.507900228415866,0.07356374639461619,0.6647923535584538,0.6730440789712484,1.0163671936435539,0.876558005377801,0.41369818995709984,0.22186501827444385,0.11721208012367056,0.17109945455845857,0.722440235156048,0.7116270920119593
1.7699823188770847,-0.8718984448823519,-0.21669453401980013,-0.7054689621240783,-0.010684955964216718,0.8123649292638403,1.2628447864505308,0.6292243659234763,0.31282615517030443,0.7706917453139397,0.8218943188610772,1.2861707264053661,0.9944257036884667,0.41369818995709984,0.16032002082051314,0.05769832473780144,0.17075011720105662,0.6472927990659664,0.6428094957726479
1.7699823188770847,-0.8718984448823519,-0.0722315104368386,1.2835858708896255,-0.010684955964216718,-0.6991224441542135,-0.6983308925851475,0.7505487926906471,0.1931949507824603,0.8214931912272277,0.8985270532652601,1.3719083863043584,1.0798414661390914,0.41369818995709984,0.1470479374579268,0.07086417854501392,0.1838054090260974,0.01975504048926818,0.0083275934839732
1.7699823188770847,-0.8718984448823519,0.07223151314612293,-0.7054689621240783,-0.010684955964216718,0.5219599409719888,0.6369949871779945,0.7050520241806228,0.4324573595581485,0.8854349834901193,0.9831355712385581,1.3822919697087432,1.1376735442761543,0.41369818995709984,0.15797842784297528,0.1454165410534291,0.24117973576897836,0.18257565541769163,0.1712224671200173
1.7699823188770847,-0.8718984448823519,0.21669453672908448,1.304173976644028,-0.010684955964216718,-0.6991224441542135,-0.6983308925851475,0.6595555449301591,-1.5414575128412795,0.9212659065310737,1.0495729097096873,1.3818342089101097,1.1967365203240392,0.41369818995709984,0.08948538543900073,0.0790477125326043,0.14775127990019005,0.06537791655292625,0.05397134044046857
1.7699823188770847,-0.8718984448823519,0.361157560312046,-0.7054689621240783,-0.010684955964216718,0.8468651524549305,-0.6983308925851475,0.7202176136839643,0.5520885639459927,0.9167660536551939,1.0589312753522382,1.309941042736642,1.1275605608276373,0.41369818995709984,0.09853661715658579,0.11049146658918396,0.17957500297532603,-0.42104585226037083,-0.4326744743227329
1.7699823188770847,-0.8718984448823519,0.5056205838950075,2.279923705898222,-0.010684955964216718,-0.6991224441542135,-0.6983308925851475,0.8112108614444523,0.07356374639461619,0.8739040686879169,1.0443502923827734,1.271118323831306,0.9377658294201564,0.41369818995709984,0.14696348181673366,0.17053531550394244,0.3067119133071689,0.7733188702864526,0.7610975449141486
1.7699823188770847,-0.8718984448823519,0.6500836074779691,-0.7054689621240783,-0.010684955964216718,0.8863069833082755,1.2541934954874447,0.8112108614444523,0.3726417573642265,0.8482581850238238,0.9835971376888015,1.1190215445088065,0.7199111534720385,0.41369818995709984,0.25330278615217916,0.3197527714498061,0.49508991618097653,0.7242459179042254,0.7143998683690651
1.7699823188770847,-0.8718984448823519,0.7945466310609306,2.080926939182553,-0.010684955964216718,-0.6991224441542135,-0.6983308925851475,0.7202176136839643,0.4324573595581485,0.7693425252677601,0.8862757810790578,1.0480549816651612,0.6848121163146781,0.41369818995709984,0.37073811392941175,0.4065652678966739,0.5707647961623951,0.6066331654240754,0.5954735397158599
1.7699823188770847,-0.8718984448823519,0.9390096546438922,-0.7054689621240783,-0.010684955964216718,1.174771004901194,1.3150906435956742,0.7050520241806228,0.5520885639459927,0.6826359057309069,0.7438938233245216,0.8630778494099031,0.5799174782739284,0.41369818995709984,0.5513843870085677,0.5694420981673118,0.7048745841690303,0.701643651774837,0.6926381228598963
1.7699823188770847,-0.8718984448823519,1.0834726782268538,2.3087133250198564,-0.010684955964216718,-0.6991224441542135,-0.6983308925851475,0.6747211344335006,0.6119041661399147,0.6330003946418582,0.6570388741415524,0.8278618082308581,0.5925123812156557,0.41369818995709984,0.6629666975492835,0.6257307593601694,0.7401489888458482,0.7456935983345998,0.7345975729431327
1.7699823188770847,-0.8718984448823519,1.2279357018098151,-0.7054689621240783,-0.010684955964216718,1.2114428192665736,1.2797849414995177,0.6595555449301591,0.6717197683338367,0.6228655245775719,0.5855341853451204,0.7586674701551067,0.5714965602096338,0.41369818995709984,0.788211035213066,0.7147331186441171,0.8087218316828643,0.6963803322778819,0.6852617427180508
1.7699823188770847,-0.8718984448823519,1.3723987253927767,1.4100677606887797,-0.010684955964216718,0.6248188774449625,-0.6983308925851475,0.6443899554268178,0.7315353705277589,0.5846819952389412,0.5369038546814724,0.7896767151679388,0.6037548057308466,0.41369818995709984,0.9013574642286788,0.7530999286096496,0.8474050928311045,0.7157141524239529,0.7046043781420886
1.7699823188770847,-0.8718984448823519,1.5168617489757383,0.6561943185418864,-0.010684955964216718,0.2790660122712886,0.6621607021388457,0.6140590656796955,0.851166574915603,0.5700098125453857,0.49993901615249453,0.8527633137237478,0.5799568871307462,0.41369818995709984,1.0015580499585428,0.7683947619468496,0.9075734683016426,0.7503133812126003,0.7392194132853496
1.7699823188770847,-0.8718984448823519,1.6613247725587,1.3072818826697656,-0.010684955964216718,0.7182514326726877,-0.6983308925851475,0.598893476176354,0.9707977793034471,0.569716154835781,0.47243558409440933,0.8953504119340477,0.5569295374543825,0.41369818995709984,1.0869909635712058,0.7879062483547605,0.9619968479007628,0.70854290436076,0.6974298295633342
1.7699823188770847,-0.7618205928701882,-1.6613247698494156,0.6157709081462833,-0.010684955964216718,0.2504098174903731,0.7518009846986585,0.6595555449301591,0.7315353705277589,0.5878413240828211,0.4522579314759681,0.9468156828031332,0.5007207688236893,0.41369818995709984,1.1560361045667515,0.7906892393814297,1.0217435047003927,0.7485102186078259,0.7374154284310812
1.7699823188770847,-0.7618205928701882,-1.516861746266454,-0.7054689621240783,-0.010684955964216718,-0.6991224441542135,-0.6983308925851475,0.6595555449301591,0.7315353705277589,0.57479195142002,0.43356096144561673,0.9316362665251691,0.4711289097850472,0.41369818995709984,1.2173952996100574,0.8160700487013371,1.0568761806974705,-1.2740310493992413,-1.2860490588430924
1.7699823188770847,-0.7618205928701882,-1.3723987226834924,0.7807818263214272,-0.010684955964216718,-0.6991224441542135,-0.6983308925851475,0.5685622971696711,0.851166574915603,0.5101237075110447,0.41619011276084256,0.8109493794694267,0.3890385840607984,0.41369818995709984,1.2553236041644016,0.8782958004448278,1.103796175270111,-0.32129290605096045,-0.33287604050664216
1.7699823188770847,-0.7618205928701882,-1.2279356991005308,-0.7054689621240783,-0.010684955964216718,-0.6991224441542135,1.019939229286154,0.507900228415866,1.0904289836912913,0.43505837526405855,0.38971285443158615,0.5740202325536125,0.22352222391206975,0.41369818995709984,1.3006627705825282,1.0061959237646405,1.2025598274179805,-0.3085316198996507,-0.306217369504546
1.7699823188770847,-0.7618205928701882,-1.0834726755175694,0.9856145957566723,-0.010684955964216718,-0.6991224441542135,-0.6983308925851475,0.507900228415866,1.0904289836912913,0.2991951943422045,0.3587787273969972,0.31457897217204,0.22740357706547207,0.41369818995709984,1.3468696583884563,1.15071138126594,1.2064402459797914,-0.10586690773553879,-0.1339159155976137
1.7699823188770847,-0.7618205928701882,-0.9390096519346078,0.43562224680456213,-0.010684955964216718,0.6298495183481595,0.44592150424634774,0.6595555449301591,0.7315353705277589,0.28327814377262533,0.34357385338469576,0.03718104284593378,0.1775983284245249,0.41369818995709984,1.373489593888871,1.3071375928798332,1.2365690760820733,0.8319950091156706,0.8221502608658064
1.7699823188770847,-0.7618205928701882,-0.7945466283516462,1.1046707376827516,-0.010684955964216718,0.868033304789857,-0.6983308925851475,0.6595555449301591,1.0904289836912913,0.3166521083457476,0.3733307742434344,0.106671177936817,0.20615214140485816,0.41369818995709984,1.3671882378485345,1.2862182606711707,1.2386651002264852,0.7773574000895987,0.7662757027119924
1.7699823188770847,-0.7618205928701882,-0.6500836047686848,0.5109581543940953,-0.010684955964216718,0.2888016447501281,0.6477021964819883,0.9628661779587454,0.3726417573642265,0.5447171208418196,0.571435941598846,1.300854022041236,0.36732346546783806,0.41369818995709984,1.2312252728081825,0.6996106087308783,1.1836041582790544,0.795461570265298,0.7844973021140285
1.7699823188770847,-0.7618205928701882,-0.5056205811857232,-0.7054689621240783,-0.010684955964216718,-0.6991224441542135,-0.6983308925851475,1.2965079899940146,0.13337934858853825,0.684983160635242,0.7872055534238962,2.0416056151774424,0.5257722244651241,0.41369818995709984,1.090854205901212,0.4143092803422509,1.15524802022612,-1.2740310493992413,-1.2860490588430924
1.7699823188770847,-0.7618205928701882,-0.3611575576027617,-0.6904117554788223,-0.010684955964216718,-0.6991224441542135,-0.6983308925851475,0.9628661779587454,0.3726417573642265,0.9760641743461578,0.942485964457713,2.5498607544199845,0.5957112065084252,0.32237209240169806,0.9685378246666799,0.1981057725255691,1.1112358474038635,-1.2740310493992413,-1.2860490588430924
1.7699823188770847,-0.7618205928701882,-0.21669453401980013,-0.6907475717061647,-0.010684955964216718,-0.6991224441542135,-0.6983308925851475,0.6595555449301591,0.3726417573642265,1.1921199912601472,1.0737522164151017,2.6712781833834156,0.6367584655863378,0.16329667820219942,0.8469646530746474,0.11228505009176133,1.040171700434904,-1.2740310493992413,-1.2860490588430924
1.7699823188770847,-0.7618205928701882,-0.0722315104368386,-0.6686094851712927,-0.010684955964216718,-0.6991224441542135,-0.6983308925851475,0.8112108614444523,0.4324573595581485,1.4499012909805513,1.1976136439138445,2.3686079367442976,0.674895338663935,0.2911040769870726,0.757052694856764,0.2244865310022452,1.0093749685115843,-1.2585241021687235,-1.2730004802030026
1.7699823188770847,-0.7618205928701882,0.07223151314612293,-0.1496940744018043,-0.010684955964216718,-0.6991224441542135,-0.6983308925851475,0.9628661779587454,0.3726417573642265,1.6565373177654878,1.3623773399505992,2.049471940409826,0.7716457591244306,0.41369818995709984,0.6609764400391092,0.38208845736264024,0.9875149449905858,-0.8921396787589531,-0.8971287806583512
1.7699823188770847,-0.7618205928701882,0.21669453672908448,0.1795319923256029,-0.010684955964216718,-0.6991224441542135,-0.6983308925851475,0.9628661779587454,0.3726417573642265,1.6557720685176796,1.5421362995474805,1.8569055262360687,1.0490279325390952,0.41369818995709984,0.552784902841382,0.48887046340045687,0.869091747936519,-0.6642740275940167,-0.6668482647420992
1.7699823188770847,-0.7618205928701882,0.361157560312046,0.004860066727960538,-0.010684955964216718,-0.6991224441542135,-0.6983308925851475,0.5685622971696711,0.7315353705277589,1.1795341830455377,1.425662758289026,1.341807843361067,0.8282829942622285,0.41369818995709984,0.6258675060896239,0.6868978299934065,0.9413248314475543,-0.7935520738605798,-0.8039471692425492
1.7699823188770847,-0.7618205928701882,0.5056205838950075,1.8636252285253045,-0.010684955964216718,-0.6991224441542135,-0.6983308925851475,0.8112108614444523,1.0904289836912913,1.2453603346887403,1.4322496079528215,1.1210980907014902,1.42361917842871,0.41369818995709984,0.6315738118122965,0.807484426724504,0.6571167867280796,0.5012827107014611,0.5228463471100608
1.7699823188770847,-0.7618205928701882,0.6500836074779691,0.16198612882014302,-0.010684955964216718,0.5853694782405573,0.6778064754836008,0.8112108614444523,1.0904289836912913,1.0268187955677093,1.2871342452108343,0.7041606899200541,0.7836193437065402,0.41369818995709984,0.7566781944135303,1.04106205114004,1.0013493111331575,0.8474823703879452,0.8350293685475632
1.7699823188770847,-0.7618205928701882,0.7945466310609306,1.0074766864264337,-0.010684955964216718,0.9458032626148686,-0.6983308925851475,0.8112108614444523,0.013748144200694123,0.8674857412991751,1.1236825553376921,0.5542461594699973,0.5715225532854072,0.41369818995709984,0.8772803674336738,1.0865605983144533,1.0815226680779444,0.7634498087104559,0.7549477269415046
1.7699823188770847,-0.7618205928701882,0.9390096546438922,0.4576192532124378,-0.010684955964216718,0.3174217847475216,0.7816200804923995,0.8112108614444523,1.0904289836912913,0.7768070500547295,0.9589047441189728,0.6427278268378931,0.32631309978779754,0.41369818995709984,1.067023719578491,1.1239093877529143,1.3061812625705163,0.791947410300198,0.7804629248087479
1.7699823188770847,-0.7618205928701882,1.0834726782268538,1.0892962640421824,-0.010684955964216718,0.7343553069885949,-0.6983308925851475,0.8112108614444523,0.7315353705277589,0.6800505138228833,0.8372177604018816,0.7439142743600415,0.2631859805697806,0.41369818995709984,1.2105683881796676,1.111828246434606,1.3879166689397158,0.7252885372320534,0.715580326881723
1.7699823188770847,-0.7618205928701882,1.2279357018098151,0.5079419264829541,-0.010684955964216718,0.2561814209855429,0.7822123518292913,0.8870385197015989,-0.4049610711567603,0.6837182250341883,0.754219784690748,0.8316330070635483,0.2652151174527431,0.41369818995709984,1.244101621166321,0.9774602936291887,1.2919507495983347,0.766582886990989,0.7547409776550488
1.7699823188770847,-0.7618205928701882,1.3723987253927767,0.8286028173415894,-0.010684955964216718,0.39765387433473776,-0.6983308925851475,0.9628661779587454,0.7315353705277589,0.6770570781725842,0.7115608817572376,0.8662429627159108,0.3074505116393986,0.41369818995709984,1.321417141151163,1.003360439709948,1.3149476365045258,0.36742151364136105,0.35615273707995926
1.7699823188770847,-0.7618205928701882,1.5168617489757383,0.5384632931606377,-0.010684955964216718,0.26906033682198827,0.7520531533124547,0.35624491190157287,0.7315353705277589,0.6367778094166603,0.62171210247957,0.8443991629673383,0.2540271945480451,0.41369818995709984,1.3839456848722458,0.9604508314668069,1.28711723817185,0.7647899849700691,0.7537025184045454
1.7699823188770847,-0.7618205928701882,1.6613247725587,1.2527210252483516,-0.010684955964216718,0.7506551175041668,-0.6983308925851475,0.35624491190157287,0.3726417573642265,0.5997475053430833,0.5403161999214222,0.8318350355724423,0.2373320935246289,0.41369818995709984,1.3952675668287666,0.8534132446204186,1.1734560380728394,0.7160120693762242,0.7049025151210709
1.7699823188770847,-0.6517427408580244,-1.6613247698494156,0.570400736860843,-0.010684955964216718,0.24176139966450208,0.8181736294363765,0.20458959538727972,0.3726417573642265,0.5806450378870853,0.47019056440293466,0.8353607314069826,0.18659193264215143,0.41369818995709984,1.3508438995611736,0.6907203550832224,1.0258519027286968,0.7668395815975986,0.7557532090476073
1.7699823188770847,-0.6517427408580244,-1.516861746266454,-0.7054689621240783,-0.010684955964216718,-0.6991224441542135,-0.6983308925851475,0.20458959538727972,0.3726417573642265,0.5434133876390412,0.4179368665289658,0.8005487472457259,0.1814419496937399,0.41369818995709984,1.2795141128204375,0.5521510238177074,0.8591625053549788,-1.2740310493992413,-1.2860490588430924
1.7699823188770847,-0.6517427408580244,-1.3723987226834924,0.8063501527863561,-0.010684955964216718,-0.6991224441542135,0.6916869637235482,0.17425856101037715,0.3726417573642265,0.4683406972262108,0.3867966578376932,0.673923756422235,0.15919439229058072,0.41369818995709984,1.2116392857099967,0.4960133876480968,0.7467404560063555,0.5796595305521152,0.568487737657444
1.7699823188770847,-0.6517427408580244,-1.2279356991005308,-0.7054689621240783,-0.010684955964216718,-0.6991224441542135,0.45979863862276993,0.05293427887298657,0.7315353705277589,0.3768111344404958,0.3311835466561419,0.4162513110446933,0.17678751215765515,0.41369818995709984,1.1697589397514774,0.5227678362463966,0.6414932585366799,-0.6506288911492616,-0.656390982138581
1.7699823188770847,-0.6517427408580244,-1.0834726755175694,1.0886279646745283,-0.010684955964216718,0.9422676863939853,-0.6983308925851475,0.05293427887298657,0.7315353705277589,0.23419783974273822,0.29079083618705315,0.11255643036468606,0.2078609765153861,0.41369818995709984,1.1340621945392877,0.6043305996202294,0.5650837298942237,0.8209375199149639,0.8082816662620527
1.7699823188770847,-0.6517427408580244,-0.9390096519346078,0.6026943975797001,-0.010684955964216718,0.38257519623950176,0.5812834361207998,0.05293427887298657,0.9707977793034471,0.21245178397612974,0.2546355033437469,0.1112931128533735,0.15596035057256974,0.41369818995709984,1.1217152624005142,0.5794785930170467,0.564269115051498,0.82140608657766,0.8103444463083862
1.7699823188770847,-0.6517427408580244,-0.7945466283516462,0.6690332015883467,-0.010684955964216718,0.41458028124848684,0.4524733814509343,0.12876193713013315,0.7913509727216809,0.22162541001148206,0.24236164686640127,0.17690549399084182,0.16523987862370465,0.41369818995709984,1.080585365139454,0.5284764530439126,0.5390789009776484,0.7850128757066345,0.7739346470421655
1.7699823188770847,-0.6517427408580244,-0.6500836047686848,0.7023708445945539,-0.010684955964216718,0.41491875472644857,0.4322403612696756,0.20458959538727972,0.7315353705277589,0.26919729004328546,0.28405083679894144,0.29396353985518237,0.2586095222610163,0.41369818995709984,1.003856208606324,0.4739445872069441,0.4940210998989006,0.7785074855325361,0.7674262450741819
1.7699823188770847,-0.6517427408580244,-0.5056205811857232,0.7089827025129005,-0.010684955964216718,0.39905023510531046,0.40820521274150046,0.17425856101037715,0.7315353705277589,0.36542069371350294,0.3672901821216702,0.4986150096010572,0.4418757992177756,0.31520499435372995,0.8937743128568626,0.37840146755009724,0.40536395953750604,0.7611764593507977,0.7504168644815338
1.7699823188770847,-0.6517427408580244,-0.3611575576027617,0.7193778524890744,-0.010684955964216718,0.39439254572379306,0.4003716356291365,0.35624491190157287,0.013748144200694123,0.518238426588984,0.5108112350607522,0.7622869344958848,0.6862190963517074,0.01734690438796917,0.7180544579794186,0.22004334039666398,0.2511271820341548,0.7521467855382096,0.7413213302134601
1.7699823188770847,-0.6517427408580244,-0.21669453401980013,1.2657353705180512,-0.010684955964216718,0.7040077959777399,-0.6983308925851475,-0.09872103764130656,1.0904289836912913,0.5699890758961882,0.5627184052174894,0.8359642596107676,0.7175181135282471,-0.06284012354374593,0.6299484026720765,0.1595543764205126,0.20702290724111944,0.72112562035095,0.7100181768511555
1.7699823188770847,-0.6517427408580244,-0.0722315104368386,0.6382362623391955,-0.010684955964216718,0.28775689695588524,0.6705063722882038,0.03776868936964514,0.9707977793034471,0.6637240816626934,0.6403490829865717,0.9698460803760965,0.7146043735826707,-0.26802433649748414,0.5284529913118057,0.09318016951566903,0.1953872860291929,0.7581225855772129,0.7470322413758085
1.7699823188770847,-0.6517427408580244,0.07223151314612293,1.2920407100842748,-0.010684955964216718,0.7222516215558663,-0.6983308925851475,0.1894240058839383,0.6119041661399147,0.8200750719917789,0.7420383826552707,1.1410179311902569,0.7671456030703562,-0.7078953271251062,0.4214245289442241,0.030422818295763786,0.17796982815753679,0.7027159727927706,0.6926797186033558
1.7699823188770847,-0.6517427408580244,0.21669453672908448,1.0274949884783746,-0.010684955964216718,-0.6991224441542135,1.1033524353621427,0.32591373289489,0.25301055297638236,0.8832255269643231,0.8038141822825803,1.1949390844818062,0.7879140706133725,-0.9291136698123413,0.3629599906773553,0.011805004176410729,0.17163949717300303,0.7417299527925684,0.7306320437649573
1.7699823188770847,-0.6517427408580244,0.361157560312046,-0.7054689621240783,-0.010684955964216718,-0.6991224441542135,-0.6983308925851475,0.47756904940918316,-0.04606745799322794,0.8990148130178783,0.818462212366377,1.1047192899846485,0.8410120550143998,-1.1226159575279206,0.32686702785705396,0.04736386741342701,0.1500046358817443,-1.2740310493992413,-1.2860490588430924
1.7699823188770847,-0.6517427408580244,0.5056205838950075,1.1056560531531292,-0.010684955964216718,0.9139248423701518,-0.6983308925851475,0.5533967076663298,-0.16569866238107206,1.0480330566210245,0.9534111152983381,1.079352351724433,1.3903228868491884,-1.4734960657003278,0.22025794807345433,0.06591950741352316,-0.06068696563033375,0.7697528673713501,0.7575233845537438
1.7699823188770847,-0.6517427408580244,0.6500836074779691,1.2202287585160736,-0.010684955964216718,0.7907103001413339,-0.6983308925851475,0.6140590656796955,-0.3451454689628382,1.0248180433822245,0.9702773462278766,1.1391928550824835,1.8787512273319478,-1.2649599533167122,0.1926824573183974,0.03562479131871221,-0.24740106513557303,0.7134568239759274,0.7044324627294658
1.7699823188770847,-0.6517427408580244,0.7945466310609306,1.250080121438454,-0.010684955964216718,0.7512562758335033,-0.6983308925851475,0.689886723936842,-0.46477667335068235,0.9907363570397131,0.9771754356539922,1.2516153269748147,2.141864040633283,-0.9720601006227909,0.18502160675668344,-0.005387968448691398,-0.33688582297086217,0.6779793252113696,0.6677337472155715
1.7699823188770847,-0.6517427408580244,0.9390096546438922,1.2383327641242912,-0.010684955964216718,0.7006726759439601,-0.6983308925851475,0.6292243659234763,-0.46477667335068235,0.946624152803071,0.8833729939080313,1.2725913418202048,1.6012441194563074,-0.6831544485060428,0.22991195176732646,-0.03393772163245459,-0.16423558604832417,0.6608923929192263,0.6502571829032809
1.7699823188770847,-0.6517427408580244,1.0834726782268538,1.2730574198583733,-0.010684955964216718,0.7104723240588489,-0.6983308925851475,0.5685622971696711,-0.5245922755446044,0.8923984840755078,0.7376012752046887,1.2665006511195784,0.9850497497110753,-0.37818190812733815,0.30472613696185974,-0.06635603887323427,0.037361758513770715,0.6550519605830072,0.6443241545689623
1.7699823188770847,-0.6517427408580244,1.2279357018098151,1.2970318747576004,-0.010684955964216718,0.7129704054885885,-0.6983308925851475,0.507900228415866,-0.5245922755446044,0.8829659843872693,0.6276814129324129,1.294804248506968,0.5093353772268122,-0.17847187926867716,0.3570741563916892,-0.1086017393930993,0.19929869419528956,0.6520675707632453,0.641256314809977
1.7699823188770847,-0.6517427408580244,1.3723987253927767,-0.7054689621240783,-0.010684955964216718,0.6010701276305448,1.9211144978723147,0.46240374916540233,-0.5844078777385264,0.8547286884976435,0.54194932647473,1.309219877679577,0.04748621445191626,-0.025932961444300583,0.3813042385481698,-0.1579946668678193,0.350508242452023,0.6779264021999087,0.6656433049753119
1.7699823188770847,-0.6517427408580244,1.5168617489757383,2.3122146754786854,-0.010684955964216718,-0.6991224441542135,-0.6983308925851475,0.4320725701587194,-0.6442234799324486,0.7837779088059622,0.49228364721397644,1.27459457808983,0.13134155386981633,0.1904663677170482,0.3813288513350318,-0.18426721225803785,0.2677532130886695,0.7114426893662816,0.7003308765382016
1.7699823188770847,-0.6517427408580244,1.6613247725587,-0.7054689621240783,-0.010684955964216718,1.0350785856749198,1.5024833661167203,0.38657609090825573,-0.7040390821263706,0.7469790524943972,0.4456957833806108,1.1477539197019921,0.1917125685695284,0.31016954055052154,0.34118008732280375,-0.21495605633374382,0.15410978325225622,0.6916770246470995,0.6805560961734946
1.7699823188770847,-0.5416648888458606,-1.6613247698494156,1.4509030946677743,-0.010684955964216718,0.596996252440518,-0.6983308925851475,0.28041725364442627,-0.7040390821263706,0.6781547827317218,0.40247791924130094,1.0913709169012182,0.2953444462194758,0.41369818995709984,0.27798603314911896,-0.2830954488735457,0.012182379965895183,0.7008766281291403,0.6897600252607308
1.7699823188770847,-0.5416648888458606,-1.516861746266454,-0.7054689621240783,-0.010684955964216718,-0.6991224441542135,1.7367672930485616,0.1894240058839383,-0.7638546843202927,0.6199202514673446,0.3625030181583653,1.0474702071626238,0.34963056572924606,0.41369818995709984,0.216653381307331,-0.35139769888143574,-0.10174190670376436,0.02930917414502398,0.01788611091631527
1.7699823188770847,-0.5416648888458606,-1.3723987226834924,-0.7054689621240783,-0.010684955964216718,-0.6991224441542135,-0.6983308925851475,0.08326531324988914,-0.7638546843202927,0.49716196391420775,0.31699637726349045,0.8683706553665426,0.46968503635014575,0.41369818995709984,0.16097780961449173,-0.37240351550511996,-0.23496469855416743,-1.2740310493992413,-1.2860490588430924
1.7699823188770847,-0.5416648888458606,-1.2279356991005308,0.7033226105396291,-0.010684955964216718,0.44776308577519974,0.3450195768185422,0.03776868936964514,-0.5844078777385264,0.30248630124711434,0.28140141714418004,0.5522454805232695,0.43850927666195133,0.41369818995709984,0.12027405138870877,-0.32069551641336325,-0.2822019573273269,0.7970123585092964,0.7818798438531898
1.7699823188770847,-0.5416648888458606,-1.0834726755175694,-0.7054689621240783,-0.010684955964216718,1.217021955389648,1.1772162487079552,-0.022893379384159997,-0.4049610711567603,0.2374434598042469,0.24735136369089863,0.49805410344556217,0.44359385767777154,0.41369818995709984,0.09523633200058976,-0.3378818198422821,-0.32064315282530775,0.6644792770225243,0.653345922986566
1.7699823188770847,-0.5416648888458606,-0.9390096519346078,1.6029856045925763,-0.010684955964216718,0.46227981380422967,-0.6983308925851475,-0.068390003264404,-0.2853298667689162,0.16437352834940422,0.21217068416225018,0.5501015914942877,0.48605648165586623,0.41369818995709984,0.06943344450326089,-0.38538585884961224,-0.3659727088954837,0.7554820153217037,0.7443903994032867
1.7699823188770847,-0.5416648888458606,-0.7945466283516462,-0.7054689621240783,-0.010684955964216718,1.087154937695064,1.479745219498656,0.03776868936964514,-0.4049610711567603,0.18453155814197694,0.28081493133354957,0.8922739524884828,0.5307989499251904,0.41369818995709984,-0.018903054053622415,-0.5132724286416975,-0.3981676570904891,0.6551689672409989,0.6483105840714375
1.7699823188770847,-0.5416648888458606,-0.6500836047686848,2.2787494725126387,-0.010684955964216718,-0.6991224441542135,-0.6983308925851475,0.12876193713013315,-0.5245922755446044,0.3208516142703459,0.44105824034613095,1.5363655596309282,0.6911913202012809,0.24172059533432458,-0.14852653736418533,-0.7094679176378562,-0.45404451414376246,0.8091742105512022,0.7905292996310609
1.7699823188770847,-0.5416648888458606,-0.5056205811857232,-0.7054689621240783,-0.010684955964216718,0.9531267985412892,1.1237235927973428,0.23492077439396258,-0.6442234799324486,0.469341407781037,0.6141258979326786,2.5527079072457495,0.8988500025556697,-0.0794510373676198,-0.2710530924943725,-0.9747855375017254,-0.5144907125002741,0.6463958080247774,0.644167607041854
1.7699823188770847,-0.5416648888458606,-0.3611575576027617,-0.7054689621240783,-0.010684955964216718,-0.6991224441542135,-0.6983308925851475,0.23492077439396258,-0.5245922755446044,0.6465267102362041,0.7608454511049462,2.89365190080823,1.0017901289955162,-0.39052251377702274,-0.365261429830667,-1.0445141349513916,-0.5312472032875158,-1.2740310493992413,-1.2860490588430924
1.7699823188770847,-0.5416648888458606,-0.21669453401980013,-0.7054689621240783,-0.010684955964216718,-0.6991224441542135,-0.6983308925851475,0.23492077439396258,-0.4049610711567603,0.8599784053654752,0.8849694209882312,2.8412114374742714,1.0144143789582782,-0.7401940662387619,-0.43600943785449847,-1.0150317699787748,-0.5139211972550803,-1.2740310493992413,-1.2860490588430924
1.7699823188770847,-0.5416648888458606,-0.0722315104368386,-0.7054689621240783,-0.010684955964216718,-0.6991224441542135,-0.6983308925851475,0.23492077439396258,-0.2853298667689162,1.06654620188531,1.0423113543479825,2.5314096697152877,0.9738987202042493,-0.980069560831147,-0.5222596407720792,-0.9122910816926573,-0.46901726064516336,-1.2740310493992413,-1.2860490588430924
1.7699823188770847,-0.5416648888458606,0.07223151314612293,2.2425811107351974,-0.010684955964216718,-0.6991224441542135,-0.6983308925851475,0.21975518489062115,-0.2853298667689162,1.3287323672497855,1.1753356522190659,2.1109823756198747,0.9238083862161091,-1.2484730539220066,-0.5965692638359414,-0.788610623338606,-0.43800598530755835,0.8239618720086861,0.7755046302263323
1.7699823188770847,-0.5416648888458606,0.21669453672908448,-0.7054689621240783,-0.010684955964216718,-0.6991224441542135,2.213998805247079,0.20458959538727972,-0.2853298667689162,1.3572800439532078,1.275193507027854,1.8299436709288455,1.1880179396178225,-0.9214739129966,-0.6519859186630658,-0.7029484556656714,-0.517352808331048,0.3330744792032467,0.3602680519156165
1.7699823188770847,-0.5416648888458606,0.361157560312046,0.8422809767482875,-0.010684955964216718,-0.6991224441542135,-0.6983308925851475,0.11359634762679172,-0.22551426457499413,1.0999114704442525,1.2252808120827192,1.461298755741795,1.1916695475208399,0.396379457929011,-0.6307448422993265,-0.5888548592573865,-0.5131215354381987,-0.21705194446147258,-0.2705765792294736
1.7699823188770847,-0.5416648888458606,0.5056205838950075,0.5166033554015909,-0.010684955964216718,0.6585071847528922,0.3416457997287266,0.09843090275323058,-0.22551426457499413,0.9966215518668262,1.1561679408701941,1.0086108332957584,1.2254940854789842,0.41369818995709984,-0.5955953696420685,-0.44375961195886415,-0.5215420393831182,0.8022301354147563,0.7936219329120097
1.7699823188770847,-0.5416648888458606,0.6500836074779691,1.1791639601367487,-0.010684955964216718,0.8887903484998428,-0.6983308925851475,0.09843090275323058,-0.2853298667689162,0.91670986402511,1.064498303119089,0.8878523411988889,1.1600066272834715,0.41369818995709984,-0.547754868433633,-0.4051045206099259,-0.5013881777819866,0.7681453759007865,0.7585028311238713
1.7699823188770847,-0.5416648888458606,0.7945466310609306,0.5966475890193204,-0.010684955964216718,0.3537364149892634,0.651826505343788,0.08326531324988914,-0.3451454689628382,0.8122178887183904,0.9390157469717083,0.9766639032205485,0.935850726676071,0.41369818995709984,-0.47558631652493294,-0.4333965416315099,-0.4262253847580996,0.7854110583642926,0.7744440412206879
1.7699823188770847,-0.5416648888458606,0.9390096546438922,1.2694094920617258,-0.010684955964216718,0.7951055149034506,-0.6983308925851475,0.06809986837632802,-0.3451454689628382,0.690266323711457,0.7867136393324288,0.951689940245566,0.8276348443405219,0.41369818995709984,-0.3928431944333554,-0.4301538063389168,-0.3945371057576387,0.7327357409978639,0.7227806935081419
1.7699823188770847,-0.5416648888458606,1.0834726782268538,0.5960976997409687,-0.010684955964216718,0.2814537219147363,0.74137801532842,0.05293427887298657,-0.2853298667689162,0.6723920010272912,0.6489819282761405,0.9521340619887466,0.5798587842318592,0.41369818995709984,-0.321405545773724,-0.4383584235918607,-0.3167369457116786,0.7749044005073624,0.7632168787791757
1.7699823188770847,-0.5416648888458606,1.2279357018098151,0.6744410441895586,-0.010684955964216718,0.3623781053919699,0.5328527035437327,-0.068390003264404,-0.16569866238107206,0.6163983657245905,0.5369017374041777,0.9048789970497372,0.5367664570309939,0.41369818995709984,-0.27190102713195163,-0.4394620679925111,-0.31892203787959666,0.7496919858535426,0.7388958680689832
1.7699823188770847,-0.5416648888458606,1.3723987253927767,0.715094098394718,-0.010684955964216718,0.3877924180195255,0.48882360241869993,-0.08355544813796513,-0.22551426457499413,0.5695489237938649,0.457907533057312,0.873477629192638,0.5802511958274073,0.41369818995709984,-0.2412513510374643,-0.4475776192061043,-0.3534386058697926,0.7581222255567268,0.7471830515589913
1.7699823188770847,-0.5416648888458606,1.5168617489757383,0.7391802355372644,-0.010684955964216718,0.39895668187692973,0.4636640711437233,-0.09872103764130656,-0.2853298667689162,0.5318898310026832,0.39676127054562504,0.8499579305053068,0.6298879087189845,0.41369818995709984,-0.22085265936916862,-0.45867085894784587,-0.3900815374771274,0.7611917602214582,0.7502062219974143
1.7699823188770847,-0.5416648888458606,1.6613247725587,0.7602243098400946,-0.010684955964216718,0.4099428792524497,0.45299448799615216,-0.2503763541555997,-0.10588306018714999,0.5136409107846253,0.34895950106330104,0.841864855976021,0.6586790133265402,0.41369818995709984,-0.20108545459516566,-0.4679733119466999,-0.4122180836209826,0.758282254662811,0.7471918624800197
1.7699823188770847,-0.43158703683369687,-1.6613247698494156,0.7743671391426918,-0.010684955964216718,0.4158431447156398,0.44498126956872314,-0.17454869589845315,-0.22551426457499413,0.4949712372651062,0.3080360597523421,0.8301207767902227,0.6841513890982424,0.41369818995709984,-0.1934393234452025,-0.4822910004753709,-0.4394234888154778,0.7626595637434039,0.7515713000413871
1.7699823188770847,-0.43158703683369687,-1.516861746266454,-0.7054689621240783,-0.010684955964216718,1.029523626228843,1.054200936551877,-0.09872103764130656,-0.2853298667689162,0.46217120962784014,0.27846898809102777,0.8359940950445706,0.7219939534791785,0.41369818995709984,-0.19194132167226816,-0.49936801514102847,-0.4676010574003608,0.6152165938441073,0.6040609092362523
1.7699823188770847,-0.43158703683369687,-1.3723987226834924,2.371883313570465,-0.010684955964216718,-0.6991224441542135,-0.6983308925851475,-0.1593831063951117,-0.16569866238107206,0.4019125138321099,0.2494509970081376,0.8510175146257937,0.7616778338084559,0.41369818995709984,-0.19002876335199145,-0.5170196563552507,-0.493814361836676,0.7636087577550816,0.7525208304610462
1.7699823188770847,-0.43158703683369687,-1.2279356991005308,-0.7054689621240783,-0.010684955964216718,1.2125349743709286,1.226702924254264,-0.09872103764130656,-0.2853298667689162,0.3926913941808534,0.2233047396959518,0.7847700649688059,0.7149858848561202,0.41369818995709984,-0.19232281986862917,-0.5092749985035915,-0.49199052610473126,0.6652455806272487,0.6541128829263123
1.7699823188770847,-0.43158703683369687,-1.0834726755175694,2.355733253844965,-0.010684955964216718,-0.6991224441542135,-0.6983308925851475,0.05293427887298657,-0.5844078777385264,0.38630985762133313,0.2198288761371612,0.7959736965822883,0.7393045034580057,0.41369818995709984,-0.19909085365201562,-0.5189862086878716,-0.5061972009197699,0.76108789431121,0.7499988579955379
1.7699823188770847,-0.43158703683369687,-0.9390096519346078,-0.7054689621240783,-0.010684955964216718,1.2290901116187891,1.2349662151307859,-0.31103842290940487,0.5520885639459927,0.39897861243273297,0.19601232960823786,0.7379301387801399,0.6921421636828015,0.41369818995709984,-0.1827397589133593,-0.4996291894689796,-0.4898526768300599,0.6758152420692514,0.6646872175911664
1.7699823188770847,-0.43158703683369687,-0.7945466283516462,1.5022130569101566,-0.010684955964216718,0.5788891827614067,-0.6983308925851475,-0.28070738853250227,0.31282615517030443,0.3993565545874635,0.20781685628525948,0.7928205174498016,0.7109728893512199,0.41369818995709984,-0.18998725943689082,-0.5169555460177471,-0.495868994271867,0.7325906527419541,0.7214885616940782
1.7699823188770847,-0.43158703683369687,-0.6500836047686848,-0.7054689621240783,-0.010684955964216718,1.0687979021989982,1.515992518779494,-0.2503763541555997,0.3726417573642265,0.4553789536293738,0.3101970941111273,1.044806329144505,0.7664530133739401,0.41369818995709984,-0.2536098656641728,-0.5954199299260504,-0.5139649727800153,0.6482281322889282,0.6405596373333172
1.7699823188770847,-0.43158703683369687,-0.5056205811857232,1.5895512623243055,-0.010684955964216718,0.38740096608414365,-0.6983308925851475,-0.12905207201820915,-0.4049610711567603,0.47540052289174295,0.39331857766445133,1.2447932419255336,0.8529822856512482,0.41369818995709984,-0.31876449722269845,-0.668320267999262,-0.555346279895783,0.7123259996289979,0.6982797760848591
1.7699823188770847,-0.43158703683369687,-0.3611575576027617,-0.7054689621240783,-0.010684955964216718,1.0246196500899143,1.5282343302627075,0.05293427887298657,-0.8236702865142147,0.6271038281038948,0.6241533232003531,1.641676968986573,1.0887730223693877,0.41369818995709984,-0.47649626573333104,-0.8019784892495633,-0.6508952481976843,0.6196405255776539,0.6121894961477502
1.7699823188770847,-0.43158703683369687,-0.21669453401980013,2.2383226533417377,-0.010684955964216718,-0.6991224441542135,-0.6983308925851475,0.05293427887298657,-0.8834858887081368,0.9240519756893967,0.8411093160695305,1.9503952842780277,1.2816349367181399,0.06395410075377163,-0.6205710744593685,-0.9048951582607747,-0.7305961762100045,0.7484187734043493,0.6926536956505511
1.7699823188770847,-0.43158703683369687,-0.0722315104368386,-0.7054689621240783,-0.010684955964216718,0.8292246926418665,1.0105684297886914,0.05293427887298657,-0.9433014909020588,1.259806421013625,1.0473984659280358,2.1673449198374692,1.5294218971489013,-0.43443298128213853,-0.7504616788979337,-0.9789137699391678,-0.8220131250369783,0.49033088751343307,0.5097799561301667
1.7699823188770847,-0.43158703683369687,0.07223151314612293,1.526173697298965,-0.010684955964216718,-0.6991224441542135,-0.6983308925851475,0.05293427887298657,-1.003117093095981,1.566849972137521,1.1696458223691228,2.093051279904315,1.6211942243556163,-0.8258131601575348,-0.8342807658583119,-0.9785798798592829,-0.8670564065109211,0.23033516306140064,0.1852966840319558
1.7699823188770847,-0.43158703683369687,0.21669453672908448,-0.7054689621240783,-0.010684955964216718,1.2357069527649809,-0.6983308925851475,0.05293427887298657,-1.122748297483825,1.6607983647135114,1.271229258173087,2.0154527263467616,1.7377002208902774,-0.41398931962849916,-0.9182424622013904,-0.9907888115818769,-0.9316151203956069,-0.2750605153042869,-0.25195141915382524
1.7699823188770847,-0.43158703683369687,0.361157560312046,2.2915478090739745,-0.010684955964216718,-0.6991224441542135,-0.6983308925851475,0.05293427887298657,-1.182563899677747,1.7378577599043057,1.388974577326555,2.076697199975481,1.980352291126302,0.03819185801523785,-1.0092270070624267,-1.036927601589884,-1.0260354603120558,0.737687822784561,0.7232050520534837
1.7699823188770847,-0.43158703683369687,0.5056205838950075,-0.7054689621240783,-0.010684955964216718,0.8525562371041008,1.3052045020059275,0.05293427887298657,-1.122748297483825,1.69992775282522,1.4261003289299297,1.9981413552133367,2.4392055422967247,0.41369818995709984,-1.051562448276061,-1.0389823594204126,-1.1572543299888263,0.6739719371802736,0.6646997168047183
1.7699823188770847,-0.43158703683369687,0.6500836074779691,0.5118827398413989,-0.010684955964216718,-0.18587976258668784,-0.6983308925851475,0.05293427887298657,-1.122748297483825,1.5094776841252637,1.4028250996293499,1.9573665464963232,2.683271300460301,0.41369818995709984,-1.0583883944991228,-1.043606478864385,-1.2260027083466212,-0.20670711581305715,-0.23542602450231542
1.7699823188770847,-0.43158703683369687,0.7945466310609306,1.197024328015765,-0.010684955964216718,0.6837734940708297,-0.6983308925851475,-0.007727789880818559,-0.9433014909020588,1.3702524903367272,1.3485846898938592,1.8598882171753959,2.7812861582842294,0.41369818995709984,-1.0321900132991781,-1.0195730623088581,-1.2472837897148286,0.6921747529691721,0.6827590313357207
1.7699823188770847,-0.43158703683369687,0.9390096546438922,1.2653354673528159,-0.010684955964216718,0.6889929232865794,-0.6983308925851475,-0.12905207201820915,-0.7638546843202927,1.1768344051048434,1.189683028927016,1.7220536276516618,2.284239855453086,0.41369818995709984,-0.9560276747693703,-0.9857215132947583,-1.1351415136468541,0.664545880812458,0.6543589739996853
1.7699823188770847,-0.43158703683369687,1.0834726782268538,0.5249366448454789,-0.010684955964216718,0.17052671297981314,0.8009061582689833,-0.2503763541555997,-0.5844078777385264,0.9776334704434989,0.9723141669853731,1.5671420882600975,1.2543883239033184,0.41369818995709984,-0.8475820467425679,-0.946475660245199,-0.8736305368298699,0.7234160706836993,0.710792718281089
1.7699823188770847,-0.43158703683369687,1.2279357018098151,1.2880187140509674,-0.010684955964216718,0.7239616484314818,-0.6983308925851475,-0.34136960191608773,-0.46477667335068235,0.916203488430188,0.7984786434999495,1.4382478995856525,1.0331679638856917,0.41369818995709984,-0.7576184499326406,-0.9131014965966046,-0.8119252503551788,0.6809977369670707,0.6711917263614863
1.7699823188770847,-0.43158703683369687,1.3723987253927767,0.5910520843674866,-0.010684955964216718,0.2316159199525654,0.8134972955999865,-0.4930249184303809,-0.10588306018714999,0.8667124649613548,0.647727794358583,1.3720174987479805,0.7706261597650577,0.41369818995709984,-0.680664400092105,-0.89816938147763,-0.7386010293785611,0.7514344850064044,0.739259984503108
1.7699823188770847,-0.43158703683369687,1.5168617489757383,0.68208576102323,-0.010684955964216718,0.3374484825802161,0.5790020752660618,-0.644680234944674,0.25301055297638236,0.7583868852497494,0.5224809617500116,1.2203793326650803,0.6628144278334704,0.41369818995709984,-0.6168152114445935,-0.8610880052925821,-0.7101722933016007,0.7368601356869516,0.7259550839400281
1.7699823188770847,-0.43158703683369687,1.6613247725587,0.7251469355672719,-0.010684955964216718,0.37359408631495095,0.5211792671197946,-0.7963355514589672,0.6119041661399147,0.6593613582411848,0.4084867522036447,1.0778904154680895,0.6442117704428064,0.41369818995709984,-0.5656145822258308,-0.8304202444822297,-0.7132439482047119,0.748852238069648,0.7377959372764216
1.7699823188770847,-0.3215091848215331,-1.6613247698494156,0.7453314602673018,-0.010684955964216718,0.3871881062105807,0.48326121976226344,-0.8569976202127723,0.6717197683338367,0.5756990125913732,0.31231719444221495,0.9602612341566643,0.6406674887881442,0.41369818995709984,-0.5277200599279638,-0.8094165792121529,-0.7242719131200162,0.749177516578865,0.738062518863814
1.7699823188770847,-0.3215091848215331,-1.516861746266454,-0.7054689621240783,-0.010684955964216718,1.2359188665946612,1.3175641179454611,-0.8569976202127723,0.31282615517030443,0.518870559927427,0.25045105765033177,0.9188863069997292,0.6871439467574544,0.41369818995709984,-0.5118416754781571,-0.8146960009649716,-0.755459157399439,0.6070599697103807,0.59957061799404
1.7699823188770847,-0.3215091848215331,-1.3723987226834924,1.5861559427181702,-0.010684955964216718,0.4080852695311639,-0.6983308925851475,-1.0086529367270654,0.6717197683338367,0.3467657365256726,0.18556215464072268,0.9393636438801275,0.7153061866285548,0.41369818995709984,-0.49990664556657416,-0.842614331864932,-0.7867324357550955,0.7073625771969877,0.6927526648332648
1.7699823188770847,-0.3215091848215331,-1.2279356991005308,-0.7054689621240783,-0.010684955964216718,1.085690671996925,1.528249632265041,-1.0086529367270654,0.6717197683338367,0.3097468041629459,0.12975143091166655,0.9348951483374147,0.6085962257152374,0.41369818995709984,-0.4971449460995584,-0.8655311958981633,-0.7809965417254957,0.6348609316594642,0.6274067763842612
1.7699823188770847,-0.3215091848215331,-1.0834726755175694,1.657781488100333,-0.010684955964216718,0.3515415931818591,-0.6983308925851475,-1.0086529367270654,0.6717197683338367,0.1990639356844904,0.08820198128057621,0.9812278721514307,0.6352231971430715,0.41369818995709984,-0.49743523220343083,-0.8965291894872678,-0.8081906779729779,0.7226620077755032,0.7080404324380026
1.7699823188770847,-0.3215091848215331,-0.9390096519346078,-0.7054689621240783,-0.010684955964216718,1.0144545136884189,1.5120605330292138,-1.0086529367270654,0.4922729617520706,0.18288199114451606,0.05466219165531623,0.979863966606154,0.5836420344863744,0.41369818995709984,-0.4970585600437094,-0.9111988394661267,-0.8092835491227162,0.639377568668189,0.6282329539095236
1.7699823188770847,-0.3215091848215331,-0.7945466283516462,1.685400462020909,-0.010684955964216718,0.31797889947832825,-0.6983308925851475,-0.7053423036984792,0.31282615517030443,0.18758519696736586,0.11169246710611655,1.2626322740167875,0.6486230469474618,0.41369818995709984,-0.5477459402658498,-0.9920856475364812,-0.8363613118212375,0.7268038634581682,0.7122026705507644
1.7699823188770847,-0.3215091848215331,-0.6500836047686848,-0.7054689621240783,-0.010684955964216718,0.9954866491922177,1.5324945754055104,-0.09872103764130656,-0.5844078777385264,0.3117595969834487,0.2724093404736113,2.306581774749941,0.8311858338857063,0.41369818995709984,-0.6404367303808195,-1.2259697322734062,-0.8756455112399961,0.6290093386881751,0.6225554422850269
1.7699823188770847,-0.3215091848215331,-0.5056205811857232,-0.7054689621240783,-0.010684955964216718,-0.6991224441542135,-0.6983308925851475,0.20458959538727972,-1.182563899677747,0.40522235061371437,0.49874698903558135,2.798331099571737,0.9855411026918257,0.41369818995709984,-0.7712435578754143,-1.3256534546509386,-0.9137830953001853,-1.2740310493992413,-1.2860490588430924
1.7699823188770847,-0.3215091848215331,-0.3611575576027617,-0.7054689621240783,-0.010684955964216718,-0.6991224441542135,-0.6983308925851475,0.507900228415866,-1.3620107062595133,0.5889149473719227,0.7167983200252143,3.1128809635102153,1.0561366195199862,0.3332526036400434,-0.879649612401772,-1.369850648028172,-0.9095156317505828,-1.2740310493992413,-1.2860490588430924
1.7699823188770847,-0.3215091848215331,-0.21669453401980013,-0.7054689621240783,-0.010684955964216718,-0.6991224441542135,-0.6983308925851475,0.6595555449301591,-1.7807199216169676,0.7943007548874941,0.87608603121879,3.1213985536404687,1.0133587246873486,0.14968082983748296,-0.9674371492908999,-1.360071455069895,-0.8829059637741385,-1.2740310493992413,-1.2860490588430924
1.7699823188770847,-0.3215091848215331,-0.0722315104368386,-0.7054689621240783,-0.010684955964216718,-0.6991224441542135,-0.6983308925851475,0.7202176136839643,-1.6012731150352015,0.9811774306837859,0.9870828818749674,2.7453135337039334,0.9181838200132525,-0.0682019926841047,-1.0134367588231568,-1.251405616245666,-0.8152901145911466,-1.2740310493992413,-1.2860490588430924
1.7699823188770847,-0.3215091848215331,0.07223151314612293,-0.7054689621240783,-0.010684955964216718,-0.6991224441542135,-0.6983308925851475,0.8112108614444523,-1.7209043194230456,1.132190406154908,1.0816468376879202,2.2875604070391256,0.8507368192989451,-0.2472390501899096,-1.0522081719784406,-1.1299034034192141,-0.7704442564004503,-1.2740310493992413,-1.2860490588430924
1.7699823188770847,-0.3215091848215331,0.21669453672908448,-0.7054689621240783,-0.010684955964216718,-0.6991224441542135,-0.6983308925851475,0.35624491190157287,-0.5844078777385264,1.1050534905210905,1.0621678865767283,1.732942708548765,0.8641836243369906,0.15025878387530475,-1.001660264215185,-0.9185059119940193,-0.6858688586734638,-1.2740310493992413,-1.2860490588430924
1.7699823188770847,-0.3215091848215331,0.361157560312046,2.2929588626381623,-0.010684955964216718,-0.6991224441542135,-0.6983308925851475,0.5685622971696711,-0.9433014909020588,1.1327362482757222,1.1403215318376,1.4198189783460664,1.359879125714228,0.41369818995709984,-1.022376267792535,-0.805564795713275,-0.7996353800849418,0.8755319264827003,0.8525292920458359
1.7699823188770847,-0.3215091848215331,0.5056205838950075,-0.7054689621240783,-0.010684955964216718,1.1199845525056429,1.3191245029505303,0.38657609090825573,-0.8236702865142147,1.1040166580612103,1.159348797125924,1.0875784070443832,2.2262518188613822,0.41369818995709984,-1.0194726828483147,-0.6939631121885638,-1.0145937950150639,0.7852760506819944,0.7779376738609964
1.7699823188770847,-0.3215091848215331,0.6500836074779691,1.337140780779647,-0.010684955964216718,0.6188747786152164,-0.6983308925851475,0.20458959538727972,-0.5844078777385264,0.9785599304157143,1.1463748276231325,1.0407214320364013,2.6396582732576506,0.41369818995709984,-0.9989446533980776,-0.6578793186713161,-1.0968096486059509,0.7705719139772924,0.7599650342042961
1.7699823188770847,-0.3215091848215331,0.7945466310609306,0.67058670607815,-0.010684955964216718,0.31379044786253174,0.5703412467535763,0.05293427887298657,-0.6442234799324486,0.9256105690000552,1.1266283938137107,1.151336729081241,2.871044441361657,0.41369818995709984,-0.9919350764808788,-0.6960516462707301,-1.1554975661626605,0.7751623551856734,0.7645792930563259
1.7699823188770847,-0.3215091848215331,0.9390096546438922,1.294333918813766,-0.010684955964216718,0.7187245597299255,-0.6983308925851475,0.05293427887298657,-0.5844078777385264,0.802613475519062,1.023196574931478,1.1428089096593983,2.3912743105704144,0.41369818995709984,-0.9380830227323154,-0.6921062788899257,-1.039980132109043,0.7270909797958556,0.7170632253813073
1.7699823188770847,-0.3215091848215331,1.0834726782268538,0.629373087745679,-0.010684955964216718,0.27123781449154666,0.6045950934016622,-0.09872103764130656,-0.2853298667689162,0.664602379094837,0.8315491033248854,1.1023708151238751,1.3089276662803015,0.41369818995709984,-0.8416344391879148,-0.6808566357409184,-0.7502561545372409,0.7551385557779371,0.7437236380770952
1.7699823188770847,-0.3215091848215331,1.2279357018098151,0.7066543295750709,-0.010684955964216718,0.3613420822246435,0.44458184538452655,-0.12905207201820915,-0.4049610711567603,0.6383992815990792,0.6783937329358439,1.0236649407517502,1.0726715696571851,0.41369818995709984,-0.7670637275418497,-0.6665888586159415,-0.6892913679076134,0.7435023336457789,0.732648720154747
1.7699823188770847,-0.3215091848215331,1.3723987253927767,0.7511523926118758,-0.010684955964216718,0.39837896441268195,0.43446323912919405,-0.09872103764130656,-0.2853298667689162,0.6111934667759923,0.5734981696838788,0.9998017083552023,0.9988420111110137,0.41369818995709984,-0.7068577139535783,-0.6556124373750875,-0.6630774133397397,0.7510735644690606,0.7401242743844465
1.7699823188770847,-0.3215091848215331,1.5168617489757383,0.7666460836832656,-0.010684955964216718,0.40594552850091864,0.4233139486892934,-0.2503763541555997,0.013748144200694123,0.5529836857058187,0.4780371940570735,0.9264056887590328,0.892909327011955,0.41369818995709984,-0.6553465292770568,-0.6351694148551267,-0.6321151145795372,0.754129598365562,0.7431328965579157
1.7699823188770847,-0.3215091848215331,1.6613247725587,0.7772800273395327,-0.010684955964216718,0.41129498619251875,0.42022378268382204,-0.2503763541555997,-0.22551426457499413,0.5174511028436428,0.40473705411474026,0.8824879302011224,0.8457771727441007,0.41369818995709984,-0.6179647733721482,-0.6305610002924891,-0.6262013012134442,0.7588377662729071,0.747801455272097
1.7699823188770847,-0.21143133280936935,-1.6613247698494156,0.7810244772998842,-0.010684955964216718,0.4112362263558167,0.41583064069883574,-0.2503763541555997,-0.3451454689628382,0.4888485743584721,0.3450764145048308,0.847615422731294,0.8141125755341017,0.41369818995709984,-0.5965193143567215,-0.6386399784947547,-0.6351319417212199,0.7579708369423098,0.7468972088884206
1.7699823188770847,-0.21143133280936935,-1.516861746266454,-0.7054689621240783,-0.010684955964216718,1.1375879063753154,1.1389467793379309,-0.2503763541555997,-0.46477667335068235,0.4604667908486308,0.30454749252978336,0.8530514387701875,0.8218576736282855,0.41369818995709984,-0.5861377856394284,-0.6585875442789069,-0.6559745093532593,0.6090310818719341,0.5978725690972518
1.7699823188770847,-0.21143133280936935,-1.3723987226834924,2.3911192119868785,-0.010684955964216718,-0.6991224441542135,-0.6983308925851475,-0.2503763541555997,-0.5844078777385264,0.4014034625405172,0.265768147359252,0.8725859759424134,0.843701919113798,0.41369818995709984,-0.5874417807394505,-0.6944252229434559,-0.6928969975307235,0.7689082593108927,0.7578227509635673
1.7699823188770847,-0.21143133280936935,-1.2279356991005308,-0.7054689621240783,-0.010684955964216718,1.223626813313328,1.2223282285186658,-0.32620401241274627,-0.46477667335068235,0.3891802112247819,0.22588570071818473,0.8085173653940052,0.7830223414500652,0.41369818995709984,-0.5834154183710255,-0.7021907489251079,-0.7014007183151234,0.6632730283837508,0.6521392366159633
1.7699823188770847,-0.21143133280936935,-1.0834726755175694,1.5421350185184863,-0.010684955964216718,0.529696582727102,-0.6983308925851475,-0.40203167066989287,0.013748144200694123,0.34982138212356445,0.1866525524474905,0.8042372593047337,0.7464920081525325,0.41369818995709984,-0.5761083162949948,-0.717325091283188,-0.7069816643232949,0.7206611939238442,0.7095536568983356
1.7699823188770847,-0.21143133280936935,-0.9390096519346078,-0.7054689621240783,-0.010684955964216718,1.047287176862619,1.4719122712357031,-0.4323627050467954,-0.22551426457499413,0.32259951312045354,0.15323909370081396,0.8413030973795602,0.6769437607321489,0.41369818995709984,-0.571130259501239,-0.7427340833353538,-0.7010847543777214,0.6498088022332752,0.6386689776047467
1.7699823188770847,-0.21143133280936935,-0.7945466283516462,1.614668015766849,-0.010684955964216718,0.37248952752413655,-0.6983308925851475,-0.09872103764130656,-2.079797932586578,0.32052049680735195,0.24433071475046741,1.200416017687058,0.7393439123148235,0.41369818995709984,-0.6730696662323538,-0.912579363076063,-0.7938522431620954,0.7191327269499858,0.7049207516785482
1.7699823188770847,-0.21143133280936935,-0.6500836047686848,-0.7054689621240783,-0.010684955964216718,0.9811582890117926,1.486934854814194,-0.09872103764130656,-0.8834858887081368,0.4184235690625753,0.43164411973481975,2.2448676061490667,0.8816367169894144,0.41369818995709984,-0.7771667939450374,-1.1639629883271598,-0.831118000802416,0.6132314408835949,0.6065410810531611
1.7699823188770847,-0.21143133280936935,-0.5056205811857232,-0.7054689621240783,-0.010684955964216718,-0.6991224441542135,-0.6983308925851475,-0.007727789880818559,-0.8236702865142147,0.48601568050841254,0.5905641304382169,2.725651130386838,1.0166061821864039,0.41369818995709984,-0.8592596075994277,-1.2632362324363802,-0.862233080478852,-1.2740310493992413,-1.2860490588430924
1.7699823188770847,-0.21143133280936935,-0.3611575576027617,-0.7054689621240783,-0.010684955964216718,-0.6991224441542135,0.6424030921122749,0.05293427887298657,-0.8834858887081368,0.6378046080140254,0.7541012171622451,3.0203578735234715,1.1430423721528524,0.3735058154321412,-0.9471639345752341,-1.323059460038689,-0.895828412050738,-0.5650156595274253,-0.612790805371526
1.7699823188770847,-0.21143133280936935,-0.21669453401980013,-0.7054689621240783,-0.010684955964216718,-0.6991224441542135,-0.6983308925851475,0.08326531324988914,-0.7638546843202927,0.9001131865011837,0.8955289886159722,3.036203046195724,1.2112423335782756,0.295435222428401,-1.015257381145449,-1.316682417675321,-0.9022218057964405,-1.2740310493992413,-1.2860490588430924
1.7699823188770847,-0.21143133280936935,-0.0722315104368386,-0.7054689621240783,-0.010684955964216718,-0.6991224441542135,-0.6983308925851475,0.11359634762679172,-0.6442234799324486,1.0339134052899601,0.9739289438021269,2.6940315376424944,1.1597014182647118,0.41369818995709984,-1.0394614027040756,-1.2216094763493943,-0.8589648691345724,-1.2740310493992413,-1.2860490588430924
1.7699823188770847,-0.21143133280936935,0.07223151314612293,2.242572319683113,-0.010684955964216718,-0.6991224441542135,-0.6983308925851475,0.09843090275323058,-0.7040390821263706,1.3097877658973565,1.0383231096838756,2.1243162572068863,1.0314473899667498,0.11873688986511785,-1.0674082569785506,-1.0853081020569117,-0.8139159531871232,0.8386352269618241,0.8226117072415234
1.7699823188770847,-0.21143133280936935,0.21669453672908448,-0.7054689621240783,-0.010684955964216718,-0.6991224441542135,2.4319014146398086,0.09843090275323058,-0.7040390821263706,1.4610241620404782,1.1103698214677495,1.7684681857983946,1.386652832247235,0.10298588741330676,-1.1009446268890195,-0.9935530858321607,-0.9060569318596802,0.4238327635923449,0.46733426614924994
1.7699823188770847,-0.21143133280936935,0.361157560312046,1.8002937716711014,-0.010684955964216718,-0.6991224441542135,-0.6983308925851475,0.08326531324988914,-0.7638546843202927,1.572173270663796,1.183347429502191,1.501792258940095,2.0860443296528772,0.2729464926409307,-1.134855979846386,-0.9234385355453081,-1.0826257283954577,0.4495771085144195,0.398550889068351
1.7699823188770847,-0.21143133280936935,0.5056205838950075,-0.7054689621240783,-0.010684955964216718,1.5301809809114597,0.9004854057690637,0.06809986837632802,-0.8834858887081368,1.527287121165166,1.2545444073317942,1.1799054356089935,3.0929951229598873,0.41369818995709984,-1.1708512154247352,-0.8400981086855934,-1.3111916135542558,0.7007680819525726,0.694893308832872
1.7699823188770847,-0.21143133280936935,0.6500836074779691,1.3220451090766172,-0.010684955964216718,0.6519599303900577,-0.6983308925851475,0.06809986837632802,-0.9433014909020588,1.3565489098379504,1.2799919631367307,1.2639731636559874,3.566576386258094,0.41369818995709984,-1.1857692185832598,-0.8668454578169885,-1.4095402650573208,0.7410628348317724,0.7285715176751659
1.7699823188770847,-0.21143133280936935,0.7945466310609306,1.2905071200185814,-0.010684955964216718,0.75399149892979,-0.6983308925851475,0.05293427887298657,-1.062932695289903,1.2715741349711807,1.2811352928758657,1.4065132273109262,3.696120006508947,0.41369818995709984,-1.191669289677013,-0.9122312740623686,-1.4400987237644722,0.7061210465505737,0.6962835902090887
1.7699823188770847,-0.21143133280936935,0.9390096546438922,1.284960145562439,-0.010684955964216718,0.7276624669838421,-0.6983308925851475,-0.09872103764130656,-0.7638546843202927,1.1206140045093043,1.176368883538877,1.4662710438952942,3.095873646480222,0.41369818995709984,-1.1471145955146544,-0.9313544411441247,-1.3239765590062453,0.6804798474977749,0.6701881009848158
1.7699823188770847,-0.21143133280936935,1.0834726782268538,1.2849072198407054,-0.010684955964216718,0.7103780350185596,-0.6983308925851475,-0.22004531977869715,-0.5245922755446044,0.9822865069537738,0.9845181533119938,1.4630539316903728,2.2815709535115696,0.41369818995709984,-1.058253265473214,-0.9310919760040091,-1.1454704787815753,0.6708181577217882,0.6602086059419451
1.7699823188770847,-0.21143133280936935,1.2279357018098151,0.536429061649189,-0.010684955964216718,0.18717897739961056,0.7929491170556003,-0.32620401241274627,-0.2853298667689162,0.9738065552802897,0.8196930562336929,1.457462771395704,1.1462420359319372,0.41369818995709984,-0.9790681388941875,-0.9298732341853572,-0.8566729386805506,0.7347068531594173,0.7220157826197975
1.7699823188770847,-0.21143133280936935,1.3723987253927767,0.6620401887689044,-0.010684955964216718,0.33185662742272165,0.5526115712691254,-0.37170063629299027,-0.2853298667689162,0.887481891443173,0.6789110543548477,1.3492854555130465,1.0091168224183786,0.41369818995709984,-0.9120542767202529,-0.9047852240914311,-0.8215955238659401,0.7190050996876532,0.7080717829244523
1.7699823188770847,-0.21143133280936935,1.5168617489757383,0.7077591315901083,-0.010684955964216718,0.3671897896943612,0.4921361714991818,-0.40203167066989287,-0.3451454689628382,0.7855585849402854,0.5653572384857773,1.2142698882632064,0.9115161768341955,0.41369818995709984,-0.8589432608977013,-0.8761625400203735,-0.8013480433203932,0.7309518394890974,0.7198737042842089
1.7699823188770847,-0.21143133280936935,1.6613247725587,0.745869329127497,-0.010684955964216718,0.39602331514525235,0.47373624735087977,-0.5840180215610886,0.013748144200694123,0.7183878957200769,0.4654281020080679,1.1329973141430638,0.8839568086237769,0.41369818995709984,-0.8124364349146216,-0.8604488381357922,-0.7998204508685778,0.7435806381015118,0.7324817224654889
1.7699823188770847,-0.10135348079720558,-1.6613247698494156,0.7594802997789774,-0.010684955964216718,0.4012865777275579,0.4520197714091598,-0.553686987184186,0.013748144200694123,0.6347395974777862,0.38646283378422963,1.0284420199240818,0.8468127033434638,0.41369818995709984,-0.7798966415702318,-0.8420478804600757,-0.7994557270642928,0.7442110339727227,0.7330833239570986
1.7699823188770847,-0.10135348079720558,-1.516861746266454,-0.7054689621240783,-0.010684955964216718,1.2199357705477536,1.2619178624187715,-0.8569976202127723,0.25301055297638236,0.5747625187566427,0.3059801834991935,0.9950109901274178,0.8604121128908891,0.41369818995709984,-0.7488727063343428,-0.8454478797013775,-0.8161498052219243,0.5977069975012492,0.5895968602950946
1.7699823188770847,-0.10135348079720558,-1.3723987226834924,1.5847901002789888,-0.010684955964216718,0.40981432240041643,-0.6983308925851475,-1.1603082532413587,0.7913509727216809,0.40750873341879196,0.23070532960000828,1.0529846477703708,0.8944303411878617,0.41369818995709984,-0.7140016959911902,-0.8661847771241236,-0.8309162433087801,0.7056742611272883,0.691032691086476
1.7699823188770847,-0.10135348079720558,-1.2279356991005308,-0.7054689621240783,-0.010684955964216718,1.097309352265891,1.51631637622614,-1.1603082532413587,1.0904289836912913,0.3550309635413364,0.16116970868764235,0.9991129360548375,0.7203882521854292,0.41369818995709984,-0.6874570466623535,-0.8650077715654573,-0.7951418874635215,0.630732396734786,0.6233478104621574
1.7699823188770847,-0.10135348079720558,-1.0834726755175694,1.6666713946685556,-0.010684955964216718,0.3558782583392475,-0.6983308925851475,-1.1603082532413587,0.6717197683338367,0.21621983381258442,0.10212449101139084,0.9942241871159864,0.7038516250755997,0.41369818995709984,-0.6780991203163214,-0.8936175475148698,-0.8215645342616545,0.7265216073970434,0.7118528974764531
1.7699823188770847,-0.10135348079720558,-0.9390096519346078,-0.7054689621240783,-0.010684955964216718,1.071143670563655,1.5574751990230682,-1.129977218864456,0.7913509727216809,0.1924710190879881,0.04910292723854598,0.948411452291107,0.5502719561111086,0.41369818995709984,-0.6793509942206357,-0.9154378666143557,-0.8134305216234877,0.636597670484548,0.6292410871992784
1.7699823188770847,-0.10135348079720558,-0.7945466283516462,1.6979992955226926,-0.010684955964216718,0.31825482894405793,-0.6983308925851475,-0.6901767141951377,0.25301055297638236,0.19406640322786817,0.11461007521820596,1.2922128279709422,0.6427092029658358,0.41369818995709984,-0.732527644141486,-1.0155685327038473,-0.8526377888078308,0.730200116714061,0.7154026741251748
1.7699823188770847,-0.10135348079720558,-0.6500836047686848,-0.7054689621240783,-0.010684955964216718,0.997599900993753,1.5303944279893649,-0.2503763541555997,0.013748144200694123,0.31145055401798766,0.26755936395056384,2.2749008062560603,0.8159413141877138,0.41369818995709984,-0.7956384491831375,-1.2107454633345325,-0.8618174297024892,0.6258326979288206,0.6193400708251019
1.7699823188770847,-0.10135348079720558,-0.5056205811857232,-0.7054689621240783,-0.010684955964216718,-0.6991224441542135,-0.6983308925851475,0.11359634762679172,-0.5844078777385264,0.41011352412767793,0.4976608257834029,2.8019983006066,0.9954385951573175,0.41369818995709984,-0.903788723767596,-1.3090551161629511,-0.8950259329971031,-1.2740310493992413,-1.2860490588430924
1.7699823188770847,-0.10135348079720558,-0.3611575576027617,-0.7054689621240783,-0.010684955964216718,-0.6991224441542135,0.6042112856445045,0.40174139115203655,-1.182563899677747,0.5977072866317062,0.719732160596563,3.1375523099423397,1.1855469204467108,0.41369818995709984,-1.0124563494798204,-1.369822250160553,-0.9382887208429972,-0.5872173128608742,-0.6380645225310506
1.7699823188770847,-0.10135348079720558,-0.21669453401980013,-0.7054689621240783,-0.010684955964216718,-0.6991224441542135,-0.6983308925851475,0.6747211344335006,-1.6610887172291235,0.9169767647680083,0.9158075647854605,3.185922367664613,1.2730756684118252,0.22995443388012685,-1.098780149456155,-1.3662109879949942,-0.944760780507271,-1.2740310493992413,-1.2860490588430924
1.7699823188770847,-0.10135348079720558,-0.0722315104368386,-0.7054689621240783,-0.010684955964216718,-0.6991224441542135,-0.6983308925851475,0.9628661779587454,-2.1396135347805,1.1466110733614214,1.166623761910495,3.002682510097651,1.3545094593512146,0.3371169400508235,-1.212603671412305,-1.32528976832359,-0.9604250502763328,-1.2740310493992413,-1.2860490588430924
1.7699823188770847,-0.10135348079720558,0.07223151314612293,-0.7054689621240783,-0.010684955964216718,-0.6991224441542135,-0.6983308925851475,0.9628661779587454,-2.079797932586578,1.3135397615537872,1.2717479911102874,2.5753709027624536,1.2760070165700224,0.3664650717082313,-1.2561584107829364,-1.2298697060930923,-0.9318961939393726,-1.2740310493992413,-1.2860490588430924
1.7699823188770847,-0.10135348079720558,0.21669453672908448,-0.7054689621240783,-0.010684955964216718,-0.6991224441542135,-0.6983308925851475,0.9628661779587454,-1.9601667281987338,1.3931731769417548,1.3399285545540487,2.1456136422963823,1.4963042031545328,0.41369818995709984,-1.279822640143423,-1.1198720718181372,-0.9737839535391654,-1.2740310493992413,-1.2860490588430924
1.7699823188770847,-0.10135348079720558,0.361157560312046,2.2426218366295485,-0.010684955964216718,-0.6991224441542135,-0.6983308925851475,0.9931973569654283,-1.9601667281987338,1.493944596027924,1.4124318924744783,1.89349570225198,2.0183944152502735,0.41369818995709984,-1.3013778914924008,-1.0433737024040528,-1.087225517526683,0.8430737395250589,0.8267169817253113
1.7699823188770847,-0.10135348079720558,0.5056205838950075,-0.7054689621240783,-0.010684955964216718,0.9798899595133185,1.0599274489045747,0.9628661779587454,-1.9601667281987338,1.4770676392777462,1.49209021613278,1.5592766154686797,2.9491553110336164,0.41369818995709984,-1.3328598176053885,-0.953237364633589,-1.2916270962108505,0.7433588654820567,0.7402539793381894
1.7699823188770847,-0.10135348079720558,0.6500836074779691,0.8784235035971537,-0.010684955964216718,0.2294787017060068,-0.6983308925851475,0.8112108614444523,-1.5414575128412795,1.3671192495353863,1.5337758772698291,1.5559035065670173,3.131424627761515,0.41369818995709984,-1.336771802905455,-0.9291686658788991,-1.3105374728512051,0.34512706502761253,0.3278025741455612
1.7699823188770847,-0.10135348079720558,0.7945466310609306,1.2576635700213727,-0.010684955964216718,0.7324206472488786,-0.6983308925851475,0.689886723936842,-1.3021951040655912,1.2216797502292458,1.4758323495459171,1.4741774338530702,2.7170790686921396,0.41369818995709984,-1.2961800087297108,-0.8799861407869931,-1.1974736352991415,0.7332500302622984,0.7244334583689471
1.7699823188770847,-0.10135348079720558,0.9390096546438922,1.2707590082613218,-0.010684955964216718,0.6985351423494407,-0.6983308925851475,0.598893476176354,-1.003117093095981,1.0656859654056934,1.3103431331561803,1.4476503234384037,2.136730827411177,0.41369818995709984,-1.2073867258048887,-0.8473503216964946,-1.037676715997489,0.7001031241146932,0.6902815088425246
1.7699823188770847,-0.10135348079720558,1.0834726782268538,0.5362411304847279,-0.010684955964216718,0.1861361216931327,0.7717452581920502,0.507900228415866,-0.5245922755446044,0.9355728566290842,1.1097219346155731,1.4068865964539456,1.1535670523821688,0.41369818995709984,-1.0850158103563288,-0.7898816430499203,-0.7262602321362462,0.7509808591938825,0.7387065357194439
1.7699823188770847,-0.10135348079720558,1.2279357018098151,-0.7054689621240783,-0.010684955964216718,2.129126408490749,-0.6983308925851475,0.47756904940918316,-0.5844078777385264,0.861357058075032,0.9572066877286276,1.4136958948887397,0.922283179608626,0.41369818995709984,-0.9875170812391495,-0.7580583902169766,-0.6208472511191684,0.14229080310186037,0.1830858600218321
1.7699823188770847,-0.10135348079720558,1.3723987253927767,1.7336339148521416,-0.010684955964216718,0.2498222191233525,-0.6983308925851475,0.20458959538727972,-0.2853298667689162,0.6886281284248464,0.8156201204777983,1.5646665996954203,0.6854803899079512,0.41369818995709984,-0.904244060324543,-0.7855010568343175,-0.5295566445250515,0.6955087226809648,0.6796256219318734
1.7699823188770847,-0.10135348079720558,1.5168617489757383,-0.7054689621240783,-0.010684955964216718,0.7266586093085207,1.8656483028936306,0.05293427887298657,0.013748144200694123,0.656305712643293,0.6972989019001736,1.573396447626157,0.45549197849150647,0.41369818995709984,-0.8280508351602417,-0.7702539835472042,-0.4332203669058789,0.6611093052621188,0.6511630685280788
1.7699823188770847,-0.10135348079720558,1.6613247725587,2.322631892789684,-0.010684955964216718,-0.6991224441542135,-0.6983308925851475,0.08326531324988914,-0.7040390821263706,0.5648972251319252,0.615845832855069,1.5273578159453414,0.5344706814997743,0.41369818995709984,-0.7777480900582782,-0.7583264488764718,-0.460911420374529,0.7774483052623461,0.7614292863361227
1.7699823188770847,0.008724371214958183,-1.6613247698494156,-0.7054689621240783,-0.010684955964216718,1.0881409256526047,1.4947277663313157,-0.09872103764130656,-0.5844078777385264,0.5697649863000206,0.5257726221841638,1.2634940918332092,0.5110056419668375,0.41369818995709984,-0.7388261045598385,-0.7095184744476326,-0.4828765484974754,0.6768353601166964,0.6699043073656471
1.7699823188770847,0.008724371214958183,-1.516861746266454,-0.7054689621240783,-0.010684955964216718,-0.6991224441542135,-0.6983308925851475,-0.2503763541555997,-0.2853298667689162,0.4840791450430235,0.44383469663857406,1.1787972623534562,0.5583784418071756,0.41369818995709984,-0.7064409856897481,-0.7140014650949527,-0.5302236795040113,-1.2740310493992413,-1.2860490588430924
1.7699823188770847,0.008724371214958183,-1.3723987226834924,0.783155141270424,-0.010684955964216718,0.28459048808115156,0.44299693525242995,-0.40203167066989287,0.013748144200694123,0.3069707688671378,0.379960675212222,0.9247826411601536,0.47663021849955844,0.41369818995709984,-0.6810005335440538,-0.6607109302895149,-0.5265229139628492,0.7895421134323737,0.7742768386262896
1.7699823188770847,0.008724371214958183,-1.2279356991005308,-0.7054689621240783,-0.010684955964216718,1.2060142092368042,1.3271530233802928,-0.40203167066989287,0.07356374639461619,0.24367047488103663,0.31003194648214105,0.7890757442870513,0.4692548928704103,0.41369818995709984,-0.6530227926350856,-0.638505088623564,-0.5436348100020384,0.6422354112870767,0.6363160518798985
1.7699823188770847,0.008724371214958183,-1.0834726755175694,2.3253639364864993,-0.010684955964216718,-0.6991224441542135,-0.6983308925851475,-0.40203167066989287,0.013748144200694123,0.13224643842480877,0.25163885021265553,0.7746788688156897,0.5180246109119944,0.41369818995709984,-0.6300812622613803,-0.6528264344533677,-0.5787737706041812,0.834467809824644,0.8163274714969122
1.7699823188770847,0.008724371214958183,-0.9390096519346078,-0.7054689621240783,-0.010684955964216718,1.253580875185049,1.3249415696184068,-0.34136960191608773,0.013748144200694123,0.17261199839836144,0.2140338881815816,0.6563651774087288,0.48238642705391294,0.41369818995709984,-0.6139220024791484,-0.6267920439075001,-0.5774197632784694,0.6888780453776937,0.683425587756772
1.7699823188770847,0.008724371214958183,-0.7945466283516462,1.5935696701730886,-0.010684955964216718,0.5031615234467426,-0.6983308925851475,-0.2503763541555997,0.013748144200694123,0.20065263058269384,0.23687507563674887,0.7404789372678758,0.5466840731680521,0.41369818995709984,-0.6245248049763675,-0.6501492900241879,-0.5957547734896044,0.7539623688497554,0.7428700032630468
1.7699823188770847,0.008724371214958183,-0.6500836047686848,-0.7054689621240783,-0.010684955964216718,1.0309866305351385,1.4972266042740117,-0.09872103764130656,-0.2853298667689162,0.31675512266756795,0.41956999308227366,1.7776967116941231,0.7131772698740747,0.41369818995709984,-0.7168070710897944,-0.9297185518609775,-0.6379171053175784,0.6589745637896199,0.65247364180476
1.7699823188770847,0.008724371214958183,-0.5056205811857232,-0.7054689621240783,-0.010684955964216718,-0.6991224441542135,-0.6983308925851475,0.20458959538727972,-0.5844078777385264,0.4173385740626233,0.6105971024415207,2.422916950675285,0.8973004798450438,0.41369818995709984,-0.8000188013390779,-1.0665416294032801,-0.6674796708324588,-1.2740310493992413,-1.2860490588430924
1.7699823188770847,0.008724371214958183,-0.3611575576027617,-0.7054689621240783,-0.010684955964216718,-0.6991224441542135,0.723783437659091,0.8112108614444523,-1.3021951040655912,0.6081853147940045,0.8178150312732986,2.8475732044020217,1.1271438331289463,0.2840867322120623,-0.8814171483210285,-1.132769436695133,-0.6970799439777288,-0.5173497122075489,-0.5613595127302498
1.7699823188770847,0.008724371214958183,-0.21669453401980013,-0.7054689621240783,-0.010684955964216718,-0.6991224441542135,-0.6983308925851475,0.9628661779587454,-1.7209043194230456,0.9220920278781394,1.0095620149127418,3.0289990675937655,1.234169903383122,-0.24077860039871143,-0.9701160822295464,-1.168570434780674,-0.7226849419858633,-1.2740310493992413,-1.2860490588430924
1.7699823188770847,0.008724371214958183,-0.0722315104368386,-0.7054689621240783,-0.010684955964216718,-0.6991224441542135,-0.6983308925851475,1.1751835632268437,-1.8405355238108898,1.104980577786815,1.1475597971490634,2.753754404147265,1.2563076190789801,-0.2578469636735738,-1.0207728171190251,-1.0860142838785756,-0.7045796449253773,-1.2740310493992413,-1.2860490588430924
1.7699823188770847,0.008724371214958183,0.07223151314612293,-0.7054689621240783,-0.010684955964216718,-0.6991224441542135,-0.6983308925851475,1.2661768109873317,-2.079797932586578,1.299240169621621,1.273877266309652,2.3761776125205833,1.2076242651278692,0.042943014589315306,-1.0709435701188954,-0.9849902682035672,-0.6778735407677643,-1.2740310493992413,-1.2860490588430924
1.7699823188770847,0.008724371214958183,0.21669453672908448,-0.7054689621240783,-0.010684955964216718,-0.6991224441542135,-0.6983308925851475,1.4178321275016248,-2.259244739168344,1.4669040054742501,1.4219546999869173,2.0699688834324377,1.550592838123249,0.3378668763630578,-1.1287486304789618,-0.8980301888992245,-0.7684401175162981,-1.2740310493992413,-1.2860490588430924
1.7699823188770847,0.008724371214958183,0.361157560312046,1.4746575938556608,-0.010684955964216718,-0.6991224441542135,-0.6983308925851475,1.5088253752621128,-2.079797932586578,1.628649200291383,1.5852595919676273,1.8996375394105542,2.036803382302109,0.41369818995709984,-1.1747875722098315,-0.8151587571259461,-0.8655613206370277,0.29083309555555026,0.23722343730222128
1.7699823188770847,0.008724371214958183,0.5056205838950075,-0.7054689621240783,-0.010684955964216718,1.001403628097332,-0.6983308925851475,1.3116732902377954,-1.7807199216169676,1.558359986601522,1.6628846236639236,1.6669305325983372,2.578421940680576,0.41369818995709984,-1.192098324334274,-0.7269184072897767,-0.9855760397461565,-0.3231849937158086,-0.31082087083671556
1.7699823188770847,0.008724371214958183,0.6500836074779691,1.2425185607811338,-0.010684955964216718,0.502649923938283,-0.6983308925851475,1.1145214944730386,-1.4816419106473573,1.372556934094332,1.6550739877237948,1.6370371328097346,3.0074913194461588,0.41369818995709984,-1.1759373754392182,-0.7011507845912398,-1.0762826114902746,0.7674521564547461,0.7571207459532625
1.7699823188770847,0.008724371214958183,0.7945466310609306,0.9679291518732165,-0.010684955964216718,0.40288076678556045,-0.6983308925851475,1.2358456319806488,-1.6012731150352015,1.3290975998453305,1.6576937654964303,1.6645701235640427,3.1724467322499694,0.41369818995709984,-1.1751379424698671,-0.7047480629583498,-1.111701020307287,0.4803529197403825,0.4749186250083925
1.7699823188770847,0.008724371214958183,0.9390096546438922,0.8535114560817225,-0.010684955964216718,0.33184538001211855,-0.6983308925851475,1.1145214944730386,-1.3021951040655912,1.2027204325451282,1.5572974164956916,1.577983432463116,2.5781594944638955,0.41369818995709984,-1.1318324678916714,-0.6825372731791017,-0.9687181284357981,0.3422859633613297,0.3330864629957451
1.7699823188770847,0.008724371214958183,1.0834726782268538,1.0882569463947138,-0.010684955964216718,0.565792571715999,-0.6983308925851475,0.8112108614444523,-0.8236702865142147,1.0395571184925463,1.3473383193263822,1.48456613190325,1.8886981904900406,0.41369818995709984,-1.013460165100859,-0.6270119122461871,-0.7562664040845025,0.6291213050593611,0.6252776070725049
1.7699823188770847,0.008724371214958183,1.2279357018098151,0.47175858403512383,-0.010684955964216718,0.14247283280409048,0.8780259442482911,0.6595555449301591,-0.8236702865142147,0.9412861379451075,1.1569118109597303,1.4112204063240625,0.9010610909690467,0.41369818995709984,-0.901239369912723,-0.5840242098670935,-0.4280438027270573,0.7682137797931509,0.7556478878055476
1.7699823188770847,0.008724371214958183,1.3723987253927767,-0.7054689621240783,-0.010684955964216718,1.8143540628013106,-0.6983308925851475,0.598893476176354,-0.8236702865142147,0.8702049180407316,1.0095923625539658,1.398224091359507,0.6991334625795542,0.41369818995709984,-0.8148118101486367,-0.56972588352089,-0.34768060736720585,-0.0043353703195322495,0.03069657537610699
1.7699823188770847,0.008724371214958183,1.5168617489757383,2.339959594676065,-0.010684955964216718,-0.6991224441542135,-0.6983308925851475,0.5382314074225488,-0.8236702865142147,0.7300760077016805,0.8885744384619981,1.4852557566445805,0.4639967451873284,0.41369818995709984,-0.7392035006250559,-0.5883170208555101,-0.25501887331633816,0.7904698862251268,0.7713987410271239
1.7699823188770847,0.008724371214958183,1.6613247725587,-0.7054689621240783,-0.010684955964216718,0.8656552658172082,1.6922313392982926,0.47756904940918316,-0.8834858887081368,0.7318914678927222,0.7874885628222871,1.3847930315023944,0.31662690587375486,0.41369818995709984,-0.6799436315199796,-0.558527872858463,-0.20208277801241004,0.7081483219079632,0.6996278470021957
1.7699823188770847,0.11880222322712194,-1.6613247698494156,2.306333999861782,-0.010684955964216718,-0.6991224441542135,-0.6983308925851475,0.507900228415866,-0.8236702865142147,0.6782303711626679,0.7179727031646717,1.3265107902298228,0.4202135052626775,0.41369818995709984,-0.630010802126442,-0.5353737145223236,-0.23447601633273976,0.7553948903640606,0.7421626707190969
1.7699823188770847,0.11880222322712194,-1.516861746266454,-0.7054689621240783,-0.010684955964216718,-0.6991224441542135,1.47379127327566,0.35624491190157287,-0.6442234799324486,0.6929159323395765,0.6473022216223493,1.140434009128685,0.4629637300469111,0.41369818995709984,-0.5785992751065285,-0.4718876998355563,-0.24503393613129168,-0.09459376626364108,-0.10093909705020412
1.7699823188770847,0.11880222322712194,-1.3723987226834924,-0.7054689621240783,-0.010684955964216718,-0.6991224441542135,-0.6983308925851475,0.20458959538727972,-0.3451454689628382,0.6158083746087103,0.579938221455242,0.8726618431883694,0.5484189013543536,0.41369818995709984,-0.5314937792783053,-0.3814314557836563,-0.2732470452413694,-1.2740310493992413,-1.2860490588430924
1.7699823188770847,0.11880222322712194,-1.2279356991005308,0.62465659859769,-0.010684955964216718,0.5327476793641573,0.3689760143621118,0.20458959538727972,-0.2853298667689162,0.44099775294875254,0.528101627208328,0.5276568208648276,0.5115531735307113,0.41369818995709984,-0.4919564741083157,-0.25775659094898457,-0.25494280792400065,0.8209638014104512,0.8067352471690082
1.7699823188770847,0.11880222322712194,-1.0834726755175694,-0.7054689621240783,-0.010684955964216718,1.3001718545424736,1.2186222093233916,-0.09872103764130656,0.3726417573642265,0.362066039012665,0.4478038858070285,0.4604964069334702,0.511337682547686,0.41369818995709984,-0.43456452248459976,-0.22741841751130198,-0.2484009674724543,0.6739127138103055,0.6680355724870773
1.7699823188770847,0.11880222322712194,-0.9390096519346078,1.5341864721602183,-0.010684955964216718,0.4841103019728944,-0.6983308925851475,0.7202176136839643,-1.062932695289903,0.2759955663592608,0.4530857868981938,0.665498229916288,0.6180887292904519,0.41369818995709984,-0.41957050924900124,-0.28595653403616733,-0.27290334235747393,0.7764820102775774,0.7625601578048536
1.7699823188770847,0.11880222322712194,-0.7945466283516462,-0.7054689621240783,-0.010684955964216718,1.0383863755520941,1.42403607903087,0.35624491190157287,0.013748144200694123,0.3245721704908965,0.542113768344618,1.1654591185616157,0.7058824389311928,0.41369818995709984,-0.4554069682219074,-0.43493884703273067,-0.283765090304337,0.6452338419057977,0.6380585651921087
1.7699823188770847,0.11880222322712194,-0.6500836047686848,2.2667190074395074,-0.010684955964216718,-0.6991224441542135,-0.6983308925851475,0.9628661779587454,-0.8834858887081368,0.5217897449951153,0.7452333540929651,1.8405548560710983,0.9133700700772658,0.41369818995709984,-0.5486858109014134,-0.6181638251292383,-0.32697283367828306,0.7970163187346438,0.7790951829979527
1.7699823188770847,0.11880222322712194,-0.5056205811857232,-0.7054689621240783,-0.010684955964216718,-0.6991224441542135,0.39968346475707284,0.9931973569654283,-0.7040390821263706,0.6943467611342111,0.927943798238651,2.533290154485838,1.147650692941597,0.41369818995709984,-0.5892988396383717,-0.7493200221340106,-0.32936878518165524,-0.6855486281756848,-0.6956346707199705
1.7699823188770847,0.11880222322712194,-0.3611575576027617,-0.7054689621240783,-0.010684955964216718,-0.6991224441542135,-0.6983308925851475,1.0538594257192335,-0.9433014909020588,0.9772040211278582,1.0984057932345277,3.108617053799294,1.2155991084724382,0.3088931278880447,-0.6559425448020485,-0.8789595148454915,-0.32272617433855066,-1.2740310493992413,-1.2860490588430924
1.7699823188770847,0.11880222322712194,-0.21669453401980013,-0.7054689621240783,-0.010684955964216718,-0.6991224441542135,-0.6983308925851475,1.1145214944730386,-1.4816419106473573,1.1769106624599572,1.2371121576054738,3.1259983250919143,1.2197596775688266,0.12624210272468617,-0.7257308954400938,-0.8878534257942802,-0.32967564727723914,-1.2740310493992413,-1.2860490588430924
1.7699823188770847,0.11880222322712194,-0.0722315104368386,-0.7054689621240783,-0.010684955964216718,-0.6991224441542135,-0.6983308925851475,1.1145214944730386,-1.3620107062595133,1.3717936916190265,1.3346522995356693,2.8190616114189773,1.2036196544861217,0.18364674406024012,-0.7582103633264886,-0.7935174306466047,-0.3073434115342934,-1.2740310493992413,-1.2860490588430924
1.7699823188770847,0.11880222322712194,0.07223151314612293,-0.7054689621240783,-0.010684955964216718,-0.6991224441542135,-0.6983308925851475,1.1145214944730386,-1.4816419106473573,1.521553103199945,1.415736962331497,2.325601437578825,1.1712767218470663,0.19161525610802185,-0.7879800116397434,-0.6522718154933529,-0.29283659264977474,-1.2740310493992413,-1.2860490588430924
1.7699823188770847,0.11880222322712194,0.21669453672908448,0.8188040236333571,-0.010684955964216718,-0.6991224441542135,-0.6983308925851475,0.9628661779587454,-0.7638546843202927,1.676834483784935,1.478742194307926,2.0149369995624538,1.3803281299711248,0.17890143722338758,-0.7797656146754663,-0.5103977899513487,-0.3120388783598691,-0.19917908744811083,-0.24590200469987636
1.7699823188770847,0.11880222322712194,0.361157560312046,-0.7054689621240783,-0.010684955964216718,-0.6991224441542135,-0.6983308925851475,0.9628661779587454,-1.003117093095981,1.6790720351257729,1.5500245689884151,1.6997375756080373,1.8910098972612503,0.41369818995709984,-0.8056980812565687,-0.404575717893201,-0.47852218402956137,-1.2740310493992413,-1.2860490588430924
1.7699823188770847,0.11880222322712194,0.5056205838950075,0.9489367117767781,-0.010684955964216718,0.8209134869021139,-0.6983308925851475,0.8718729301982574,-0.8236702865142147,1.5748583322728018,1.5996768388263023,1.4676946203081769,2.420138363487399,0.41369818995709984,-0.7994968654765042,-0.299380980547002,-0.6184790385622897,0.8203010036954888,0.8123314114528478
1.7699823188770847,0.11880222322712194,0.6500836074779691,1.131487034725238,-0.010684955964216718,0.7646518367457815,-0.6983308925851475,0.7808796824377694,-0.7040390821263706,1.4577578053297722,1.62095335836069,1.4646701597615257,2.6067686475410365,0.41369818995709984,-0.7879097928066371,-0.2811828955164733,-0.6592340522767598,0.7504953715683382,0.7416715130980518
1.7699823188770847,0.11880222322712194,0.7945466310609306,1.1977708498060493,-0.010684955964216718,0.7396422206679629,-0.6983308925851475,0.689886723936842,-0.5844078777385264,1.308081340345644,1.5390824799294325,1.4233966730795204,2.160883425722638,0.41369818995709984,-0.7236125066571378,-0.2532918868073283,-0.5100999406650875,0.710717788117462,0.7009371908480357
1.7699823188770847,0.11880222322712194,0.9390096546438922,1.2373160520393258,-0.010684955964216718,0.7231991370621853,-0.6983308925851475,0.507900228415866,-0.2853298667689162,1.1103995324690659,1.3390562363086345,1.4137811389853197,1.4381996169650058,0.41369818995709984,-0.5965538205186947,-0.24027404612831219,-0.2572587932456847,0.686508210527753,0.6763817686574614
1.7699823188770847,0.11880222322712194,1.0834726782268538,0.4306374511587672,-0.010684955964216718,0.11269736299418835,0.9572789970460551,0.35624491190157287,0.013748144200694123,0.9440400987433827,1.106256657443256,1.3348476628753267,0.6113649075282714,0.41369818995709984,-0.43824485802596497,-0.1998873302606927,0.07081666166903355,0.7591830259191044,0.7459560795795094
1.7699823188770847,0.11880222322712194,1.2279357018098151,-0.7054689621240783,-0.010684955964216718,1.7654490601072865,-0.6983308925851475,0.35624491190157287,-0.22551426457499413,0.8854791324851852,0.9410942075160003,1.3349806436659912,0.43135363444740493,0.41369818995709984,-0.3382862980335773,-0.2165198752710396,0.12635610044347634,-0.03290398595016318,0.00017749153275492083
1.7699823188770847,0.11880222322712194,1.3723987253927767,1.0518514056202153,-0.010684955964216718,-0.6991224441542135,1.0551158076365927,0.20458959538727972,-0.2853298667689162,0.6900228353144271,0.8051699455102832,1.403864693230192,0.30785633901599113,0.41369818995709984,-0.26169709656299617,-0.2833972837846787,0.12896204444022477,0.8261374758063604,0.8062910128250675
1.7699823188770847,0.11880222322712194,1.5168617489757383,-0.7054689621240783,-0.010684955964216718,1.0977830049030635,1.3332859820689429,0.05293427887298657,-0.2853298667689162,0.6249284867106495,0.6837497387323235,1.269080137482083,0.42529892476481296,0.41369818995709984,-0.20630770884288563,-0.28821330397044065,0.022467027799382665,0.6359606142343437,0.6296070477796649
1.7699823188770847,0.11880222322712194,1.6613247725587,1.587134081819499,-0.010684955964216718,0.41940804829688066,-0.6983308925851475,0.05293427887298657,-0.6442234799324486,0.48559425828278385,0.5984516941200532,1.2224490593300377,0.5613852537337473,0.41369818995709984,-0.20587022862150517,-0.37096296912953425,-0.13978977260888883,0.7274578406712205,0.7138529765498872
1.7699823188770847,0.22888007523928572,-1.6613247698494156,-0.7054689621240783,-0.010684955964216718,1.0008449366267211,1.598987854421898,0.05293427887298657,-0.5844078777385264,0.46849789440561196,0.5304927390331367,1.21978091910709,0.5963350403269889,0.41369818995709984,-0.21499964213265188,-0.44914488030917205,-0.2392107077623414,0.648762762710829,0.6410731296146435
1.7699823188770847,0.22888007523928572,-1.516861746266454,-0.7054689621240783,-0.010684955964216718,-0.6991224441542135,-0.6983308925851475,-0.09872103764130656,-0.5844078777385264,0.3747254288857176,0.4599330616692367,1.1974716865911919,0.6495428664353171,0.41369818995709984,-0.22773000288244222,-0.5189081145519191,-0.3417184675552688,-1.2740310493992413,-1.2860490588430924
1.7699823188770847,0.22888007523928572,-1.3723987226834924,1.3647247699011111,-0.010684955964216718,-0.6991224441542135,0.6331857318710872,-0.12905207201820915,-0.4049610711567603,0.21852628434269197,0.4041392761585381,1.0110897316242988,0.5610037424602977,0.41369818995709984,-0.24941724633351325,-0.5270318409092208,-0.3828466567842837,0.7868938027364126,0.7695795931924811
1.7699823188770847,0.22888007523928572,-1.2279356991005308,-0.7054689621240783,-0.010684955964216718,1.1972500587093071,0.8964046971330907,-0.09872103764130656,-0.5844078777385264,0.20123459460856202,0.35144095005268333,0.6947292830744656,0.5858724080850027,0.41369818995709984,-0.26911905831104954,-0.4833255864252203,-0.45110071844714456,0.658831635656627,0.6514349776491163
1.7699823188770847,0.22888007523928572,-1.0834726755175694,2.311164413868418,-0.010684955964216718,-0.6991224441542135,-0.6983308925851475,-0.2503763541555997,-0.8834858887081368,0.12730375774993502,0.286743307758695,0.6324260777662248,0.5868987153348978,0.41211291116914733,-0.3085982097395319,-0.5591586497361836,-0.5487758336556653,0.8258345185672833,0.8092494332391892
1.7699823188770847,0.22888007523928572,-0.9390096519346078,-0.7054689621240783,-0.010684955964216718,1.2429902292684019,1.2074094050929838,-0.2503763541555997,-1.062932695289903,0.15629961364569248,0.2423447086480437,0.5421696283075378,0.5262778317132342,0.31595727056085426,-0.3503429440684784,-0.6084655230666033,-0.6076393950884136,0.7056627404717322,0.6945482485767853
1.7699823188770847,0.22888007523928572,-0.7945466283516462,1.5094455810465972,-0.010684955964216718,0.5119462767076808,-0.6983308925851475,-0.09872103764130656,-1.122748297483825,0.22270639146642807,0.32507237862455457,0.8435237060954638,0.5873665906988206,0.3196028267994224,-0.47107324836140335,-0.7699693594649312,-0.7009163703040854,0.7601756023993606,0.7471416607206721
1.7699823188770847,0.22888007523928572,-0.6500836047686848,-0.7054689621240783,-0.010684955964216718,1.0319403478846874,1.4664616141579476,-0.09872103764130656,-1.122748297483825,0.3318500654350873,0.509908569174114,1.8653361673878106,0.7098023624550978,0.12325522689764362,-0.625972374666418,-1.0762448795792126,-0.781560422497183,0.6546696188267388,0.6482718569999408
1.7699823188770847,0.22888007523928572,-0.5056205811857232,-0.7054689621240783,-0.010684955964216718,-0.6991224441542135,-0.6983308925851475,0.06809986837632802,-1.6012731150352015,0.399947883551679,0.6470502656242807,2.4392088024136154,0.8528405814639669,-0.0747162600577721,-0.7567977824020753,-1.2545067924708853,-0.8804946258238833,-1.2740310493992413,-1.2860490588430924
1.7699823188770847,0.22888007523928572,-0.3611575576027617,-0.7054689621240783,-0.010684955964216718,-0.6991224441542135,-0.6983308925851475,0.05293427887298657,-1.6012731150352015,0.5218432589285286,0.7946640155740077,2.8123776218061556,0.9211788931314104,0.023569854847835706,-0.8489439542822652,-1.3427140114614988,-0.9132124965023942,-1.2740310493992413,-1.2860490588430924
1.7699823188770847,0.22888007523928572,-0.21669453401980013,-0.7054689621240783,-0.010684955964216718,-0.6991224441542135,-0.6983308925851475,0.09843090275323058,-1.4816419106473573,0.6553116913301433,0.912618239420552,2.845743013648453,0.8732350841103711,-0.14644573790970244,-0.9316378508001187,-1.3607536492988348,-0.9149778203940793,-1.2740310493992413,-1.2860490588430924
1.7699823188770847,0.22888007523928572,-0.0722315104368386,-0.7054689621240783,-0.010684955964216718,-0.6991224441542135,-0.6983308925851475,0.14392752663347458,-1.4816419106473573,0.7570590707769351,0.9768507864688057,2.469180626771071,0.7314202166354863,-0.20711219272187004,-0.994801742244806,-1.2988186529953987,-0.8945485197226885,-1.2740310493992413,-1.2860490588430924
1.7699823188770847,0.22888007523928572,0.07223151314612293,-0.7054689621240783,-0.010684955964216718,-0.6991224441542135,-0.6983308925851475,0.05293427887298657,-1.6012731150352015,0.8403133726844714,1.022657374980429,1.9212776057683012,0.6046016769092731,-0.15748185215823055,-1.0506867639278041,-1.2089496209106672,-0.8930131256921718,-1.2740310493992413,-1.2860490588430924
1.7699823188770847,0.22888007523928572,0.21669453672908448,-0.7054689621240783,-0.010684955964216718,-0.6991224441542135,2.8046546280021394,0.05293427887298657,-1.6012731150352015,0.8885816027748136,1.076176498917527,1.601899516199543,0.9667858407917819,0.023439990681442553,-1.0967647965554548,-1.151731467391687,-1.0061852101487159,0.6546082353338538,0.6418495151908388
1.7699823188770847,0.22888007523928572,0.361157560312046,-0.7054689621240783,-0.010684955964216718,-0.6991224441542135,-0.6983308925851475,0.0074376549927425714,-1.4218263084534353,0.8712002772022166,1.1282798701035728,1.3108872522086779,1.6133325766636093,0.15945340084542906,-1.1534060581798797,-1.1006815673684662,-1.1816246198122227,-1.2740310493992413,-1.2860490588430924
1.7699823188770847,0.22888007523928572,0.5056205838950075,0.8266006103770203,-0.010684955964216718,0.5231783403766643,0.06432263304882574,0.05293427887298657,-1.3620107062595133,0.7724429887848856,1.1643794479781187,0.9021256127302099,2.5413868386212486,0.41369818995709984,-1.1903228254545621,-1.003090896915676,-1.3840364708617836,0.8707386137303859,0.8532669505505345
1.7699823188770847,0.22888007523928572,0.6500836074779691,1.312109246719556,-0.010684955964216718,0.7101299612893701,-0.6983308925851475,0.05293427887298657,-1.3620107062595133,0.7074958034979942,1.1679251816876342,0.8176299593183852,2.8946528620545053,0.39842569601028693,-1.2142570715650347,-0.9883640209308574,-1.4584284245678798,0.8340366852925052,0.8244224539654182
1.7699823188770847,0.22888007523928572,0.7945466310609306,0.7588584674009131,-0.010684955964216718,0.38647594539903074,0.40937665438588905,-0.03805896888750143,-1.4218263084534353,0.7049485402675274,1.1761479809411306,0.8992639684080261,2.9743249932455047,0.41369818995709984,-1.2362189165008994,-1.022836880866805,-1.4841838196765336,0.8004824159648456,0.7894113371861622
1.7699823188770847,0.22888007523928572,0.9390096546438922,1.3145284007258509,-0.010684955964216718,0.7072012196611184,-0.6983308925851475,-0.2503763541555997,-1.4218263084534353,0.6067571616960407,1.0588381151512716,0.9223173818870659,2.4132728375379373,0.41369818995709984,-1.2242160807745301,-1.06635811894056,-1.406758568829274,0.763836830733044,0.7534476164101439
1.7699823188770847,0.22888007523928572,1.0834726782268538,0.6827361194682626,-0.010684955964216718,0.3092532214020529,0.5102365537113952,-0.40203167066989287,-1.182563899677747,0.4926748205975136,0.829935738026328,0.8884311486146658,1.300598981710687,0.41369818995709984,-1.1387807541435473,-1.074214216909088,-1.1819383082891701,0.7759565603780728,0.765033567752136
1.7699823188770847,0.22888007523928572,1.2279357018098151,0.7625087275175013,-0.010684955964216718,0.4006024828845221,0.40756305268467224,-0.34136960191608773,-0.8236702865142147,0.5115498538365056,0.6576112447702182,0.8762898319388055,1.1329344196222269,0.41369818995709984,-1.0594781135723463,-1.06397334346664,-1.135358657587373,0.7694637709209889,0.7587036381612615
1.7699823188770847,0.22888007523928572,1.3723987253927767,0.7859035112068249,-0.010684955964216718,0.41760940864427076,0.40323960817606763,-0.2503763541555997,-0.5844078777385264,0.49059379751190907,0.5425238143806906,0.8566001505108044,1.013911287169114,0.41369818995709984,-1.0047441016278946,-1.0476196138838259,-1.0952302623399799,0.7692875408930291,0.7583665692056423
1.7699823188770847,0.22888007523928572,1.5168617489757383,0.7894411920339626,-0.010684955964216718,0.41675281846665885,0.3999391968508644,-0.553686987184186,-0.3451454689628382,0.4503305829360091,0.4365801988678515,0.8120422087875797,0.8878566084761152,0.41369818995709984,-0.9613203891520286,-1.0322583037201538,-1.059659831093552,0.7654549428079485,0.7544618968541045
1.7699823188770847,0.22888007523928572,1.6613247725587,0.7901879829380861,-0.010684955964216718,0.4151961558159955,0.400701152720481,-0.6750112693215766,-0.46477667335068235,0.41163064413994127,0.33772028742396293,0.7546976525773856,0.795753079174867,0.41369818995709984,-0.9319730190447395,-1.0301065198419268,-1.0485558007859102,0.7635587149075098,0.7525136587811395
1.7699823188770847,0.33895792725144946,-1.6613247698494156,0.7900311792743735,-0.010684955964216718,0.4138527735028429,0.4023003167725595,-0.7053423036984792,-0.6442234799324486,0.38737879844126116,0.2640933810191485,0.7292463226615562,0.7507305564762414,0.41369818995709984,-0.9206183200390695,-1.043945317057567,-1.0573798197181017,0.7628203128904603,0.7517450596002716
1.7699823188770847,0.33895792725144946,-1.516861746266454,-0.7054689621240783,-0.010684955964216718,1.2907868889960814,1.2772146243404423,-0.7660043724522843,-0.16569866238107206,0.35305295477755216,0.21045639531264565,0.7331223717330395,0.7420396458184287,0.41369818995709984,-0.9100210674839859,-1.0545144870605203,-1.064843763430036,0.61867099040851,0.6114794998369778
1.7699823188770847,0.33895792725144946,-1.3723987226834924,1.6156357491330575,-0.010684955964216718,0.4031843417558566,-0.6983308925851475,-0.8266665858358697,0.07356374639461619,0.23143116938527744,0.16138002489891537,0.8211974247602497,0.7659054818100663,0.41369818995709984,-0.8973459648537191,-1.0789286932045756,-1.073769202885344,0.7352958466747235,0.7203781807393667
1.7699823188770847,0.33895792725144946,-1.2279356991005308,-0.7054689621240783,-0.010684955964216718,1.1148973592014697,1.4979881409106877,-0.8569976202127723,-0.04606745799322794,0.2143876505173511,0.11640552636410713,0.8617284353610449,0.656789065171913,0.41369818995709984,-0.8883526455758094,-1.0944078975459388,-1.0522119239600594,0.6384461956705746,0.6313313245343979
1.7699823188770847,0.33895792725144946,-1.0834726755175694,1.7210279049813095,-0.010684955964216718,0.3864617547407932,-0.6983308925851475,-0.9328252784699188,0.4922729617520706,0.16290791549805106,0.07851402613915114,0.8946198700263589,0.6516541749771765,0.41369818995709984,-0.8762207133693304,-1.1006281062313197,-1.0492046320812338,0.7271871052656519,0.7160825493803387
1.7699823188770847,0.33895792725144946,-0.9390096519346078,-0.7054689621240783,-0.010684955964216718,1.0342546865692477,1.5041862903216077,-1.0086529367270654,-0.04606745799322794,0.1325006296085213,0.0376166979148268,0.8988752553276222,0.5828857198299975,0.41369818995709984,-0.8745011965146381,-1.112320605520432,-1.0428756013598168,0.6475064712244837,0.6363654340186852
1.7699823188770847,0.33895792725144946,-0.7945466283516462,1.1020944211942916,-0.010684955964216718,0.14930232359187126,0.2638368996032387,-0.553686987184186,-0.22551426457499413,0.13384182256468882,0.11331006695926336,1.2049723146492481,0.6965375089474666,0.41369818995709984,-0.9238438016271515,-1.1764026527241587,-1.0641403210838034,0.7326909184473409,0.7186967291589343
1.7699823188770847,0.33895792725144946,-0.6500836047686848,-0.7054689621240783,-0.010684955964216718,1.1980584006489114,1.3155130207833707,-0.09872103764130656,-1.122748297483825,0.23258773927116955,0.28890504787657834,2.170194629986132,0.9858463117105853,0.41369818995709984,-1.0210037429722305,-1.3746267606045148,-1.1278353351931014,0.5968722900041603,0.5910170578217796
1.7699823188770847,0.33895792725144946,-0.5056205811857232,-0.7054689621240783,-0.010684955964216718,-0.6991224441542135,-0.6983308925851475,0.14392752663347458,-1.3021951040655912,0.30738215723025153,0.5089833189963324,2.6919149267244182,1.1560950886227193,0.41369818995709984,-1.121554457660298,-1.459133113551817,-1.1502850280376054,-1.2740310493992413,-1.2860490588430924
1.7699823188770847,0.33895792725144946,-0.3611575576027617,-0.7054689621240783,-0.010684955964216718,-0.6991224441542135,0.832627733147357,0.3107484326511092,-1.5414575128412795,0.44758331137941054,0.7124374345572413,3.0257077930248197,1.3193986833854405,0.41369818995709984,-1.217358041407815,-1.5132068486380672,-1.1808269083900165,-0.4786881022585494,-0.5239128422283621
1.7699823188770847,0.33895792725144946,-0.21669453401980013,-0.7054689621240783,-0.010684955964216718,-0.6991224441542135,-0.6983308925851475,0.49273463891252456,-1.7209043194230456,0.6266462839732122,0.889009891825607,3.0769394950692766,1.4020700801261738,0.41369818995709984,-1.2946047903705427,-1.5062404429539231,-1.180125524793719,-1.2740310493992413,-1.2860490588430924
1.7699823188770847,0.33895792725144946,-0.0722315104368386,-0.7054689621240783,-0.010684955964216718,-0.6991224441542135,-0.6983308925851475,0.6595555449301591,-1.9601667281987338,0.7732115826535322,1.0054989597842225,2.7712379683557806,1.3737711669856838,0.41369818995709984,-1.3422828954460555,-1.4369903065465661,-1.157190617096099,-1.2740310493992413,-1.2860490588430924
1.7699823188770847,0.33895792725144946,0.07223151314612293,-0.7054689621240783,-0.010684955964216718,-0.6991224441542135,-0.6983308925851475,0.689886723936842,-1.7807199216169676,0.9122294099500926,1.1027638556661077,2.333540220293301,1.281353205316208,0.41369818995709984,-1.3740517294372678,-1.329679067521303,-1.109555477809174,-1.2740310493992413,-1.2860490588430924
1.7699823188770847,0.33895792725144946,0.21669453672908448,-0.7054689621240783,-0.010684955964216718,-0.6991224441542135,-0.6983308925851475,0.7202176136839643,-1.6610887172291235,1.0386835035295763,1.217216808626325,1.9462865188228815,1.4427073193959177,0.41369818995709984,-1.4025912210110865,-1.209274905576122,-1.1059620923304145,-1.2740310493992413,-1.2860490588430924
1.7699823188770847,0.33895792725144946,0.361157560312046,1.3324888789530955,-0.010684955964216718,0.6288753033811565,-0.6983308925851475,0.7505487926906471,-1.5414575128412795,1.1376595301497336,1.3624606195241904,1.6833400211899479,1.6885062287731647,0.41369818995709984,-1.442992628041398,-1.1135373035531566,-1.1275687812541408,0.8525975414548584,0.8350283440218622
1.7699823188770847,0.33895792725144946,0.5056205838950075,-0.7054689621240783,-0.010684955964216718,0.9733805469057841,1.514960367279634,0.6595555449301591,-1.3021951040655912,1.1364594801929433,1.4711729279793921,1.6789831954137546,2.2340748961828862,0.41369818995709984,-1.4587720787400928,-1.0630536397994315,-1.2060157138454892,0.7079132285305212,0.7030499677485765
1.7699823188770847,0.33895792725144946,0.6500836074779691,1.382764367597117,-0.010684955964216718,0.22643790643567197,-0.6983308925851475,0.6595555449301591,-1.3021951040655912,1.055385202147826,1.4823824997366044,1.706218684270999,2.5364682778958527,0.41369818995709984,-1.4348115307299343,-1.0254811095857899,-1.232802867737388,0.6941851073637135,0.6671001805220915
1.7699823188770847,0.33895792725144946,0.7945466310609306,1.3737217837773847,-0.010684955964216718,0.5688667938701821,-0.6983308925851475,0.6292243659234763,-1.003117093095981,1.0175929934472792,1.4597713897474607,1.6998654417529069,2.567022719224429,0.41369818995709984,-1.3990643534348608,-0.9829611114809679,-1.2026665611221838,0.7234567529986318,0.7123504071568443
1.7699823188770847,0.33895792725144946,0.9390096546438922,1.3542451181793895,-0.010684955964216718,0.6142955057599597,-0.6983308925851475,0.507900228415866,-0.5245922755446044,0.9223729760285586,1.3176667953185295,1.6213931362054108,2.0643619120262127,0.41369818995709984,-1.2902734224864945,-0.8918857078608279,-1.0177311132055775,0.6957328354335798,0.6857199106115247
1.7699823188770847,0.33895792725144946,1.0834726782268538,0.5735584289468555,-0.010684955964216718,0.14081657275579712,0.7719811815293964,0.35624491190157287,-0.2853298667689162,0.8231414203763534,1.0936807360718672,1.5234365875026707,1.1658961551619544,0.41369818995709984,-1.1849273164914802,-0.8576723011699455,-0.7673593821556508,0.7489629443691325,0.7365673260558181
1.7699823188770847,0.33895792725144946,1.2279357018098151,-0.7054689621240783,-0.010684955964216718,2.439599089850203,-0.6983308925851475,0.38657609090825573,-0.16569866238107206,0.7761361191145618,0.930765423113381,1.5018476676028718,0.9300215698122878,0.41369818995709984,-1.0924824129432986,-0.8279801792205969,-0.6721506493693333,0.2846481236141062,0.33522014022058577
1.7699823188770847,0.33895792725144946,1.3723987253927767,1.2000880993718537,-0.010684955964216718,-0.6991224441542135,0.9464526207786839,0.21975518489062115,0.1931949507824603,0.652398526579964,0.8016785552513315,1.625226563228604,0.7591799830752554,0.41369818995709984,-1.0239222886300334,-0.8536905759131742,-0.6111280010310045,0.8267187288812148,0.8051449783759622
1.7699823188770847,0.33895792725144946,1.5168617489757383,-0.7054689621240783,-0.010684955964216718,1.1135510336406826,1.4085202678977138,0.05293427887298657,0.7315353705277589,0.5922234463051919,0.7042852112135681,1.5747160262412123,0.7996369477872152,0.41369818995709984,-0.9722957616778254,-0.8347025138379695,-0.6177844813473559,0.6078943171869835,0.6028915156011648
1.7699823188770847,0.33895792725144946,1.6613247725587,1.6741039600922267,-0.010684955964216718,0.3312009138961609,-0.6983308925851475,0.11359634762679172,0.4922729617520706,0.48249446368982607,0.627416753270576,1.5204206513656775,0.8699775647755325,0.41369818995709984,-0.907212314159734,-0.7866148125969231,-0.6032568582529672,0.7227124106435612,0.7083053747842735
1.7699823188770847,0.44903577926361327,-1.6613247698494156,-0.7054689621240783,-0.010684955964216718,1.019256947783959,1.5942962185831746,0.05293427887298657,0.7315353705277589,0.470438443416007,0.5537707913701093,1.4627760359355226,0.8346839987930286,0.41369818995709984,-0.8282030966162214,-0.7191548175263714,-0.536302626285948,0.6342679779188106,0.6268713592529341
1.7699823188770847,0.44903577926361327,-1.516861746266454,-0.7054689621240783,-0.010684955964216718,-0.6991224441542135,-0.6983308925851475,0.05293427887298657,0.7315353705277589,0.3875614147390336,0.4937742104294416,1.4276921231061763,0.8809340654572149,0.41369818995709984,-0.7541847248635595,-0.6591922897779767,-0.4974579158006952,-1.2740310493992413,-1.2860490588430924
1.7699823188770847,0.44903577926361327,-1.3723987226834924,1.4121356314301439,-0.010684955964216718,-0.6991224441542135,0.5923676406466658,-0.03805896888750143,0.5520885639459927,0.22600820115802053,0.42624717991064276,1.1974793585598842,0.7316784704205906,0.41369818995709984,-0.6636613078034377,-0.5377397732198582,-0.39221028490998067,0.7857534378466008,0.767954285620462
1.7699823188770847,0.44903577926361327,-1.2279356991005308,-0.7054689621240783,-0.010684955964216718,1.1391501401732869,0.8476219136941197,-0.09872103764130656,0.7315353705277589,0.22327832162978128,0.3837922413565213,0.8949403878294989,0.7772124697715332,0.41369818995709984,-0.6193850759551848,-0.4227759542773373,-0.38917482066362263,0.5867398734425607,0.6041422565769093
1.7699823188770847,0.44903577926361327,-1.0834726755175694,2.323216049230243,-0.010684955964216718,-0.6991224441542135,-0.6983308925851475,-0.09872103764130656,0.7315353705277589,0.1594034217836562,0.3258028392912242,0.8064195081771764,0.753880749562725,0.41369818995709984,-0.5572221045095523,-0.36794117785243197,-0.355335906467841,0.8314654189805756,0.8146913039524627
1.7699823188770847,0.44903577926361327,-0.9390096519346078,-0.7054689621240783,-0.010684955964216718,1.2385333114219486,1.2047005314470263,-0.03805896888750143,0.7315353705277589,0.19336938424516165,0.2891944091068533,0.7002889030533999,0.678607317581652,0.41369818995709984,-0.5056860657443369,-0.3043514679217828,-0.3012594804104085,0.6977025075131886,0.6865846103031435
1.7699823188770847,0.44903577926361327,-0.7945466283516462,1.5544729910053519,-0.010684955964216718,0.5263969918969095,-0.6983308925851475,0.05293427887298657,0.7315353705277589,0.21816372744381776,0.28532190893485654,0.726437529679252,0.680913154948655,0.41369818995709984,-0.4493749050260612,-0.26400584290806667,-0.25205080604153846,0.7529399106691506,0.741847116803198
1.7699823188770847,0.44903577926361327,-0.6500836047686848,-0.7054689621240783,-0.010684955964216718,1.0425029278328204,1.4547576785375778,0.20458959538727972,0.3726417573642265,0.28044123637755974,0.34015092175827255,0.8500363550741602,0.696498938576964,0.41369818995709984,-0.4237348962653191,-0.255882977092208,-0.20509830489097589,0.6597498679064976,0.6486146632994855
1.7699823188770847,0.44903577926361327,-0.5056205811857232,2.3127694088061452,-0.010684955964216718,-0.6991224441542135,-0.6983308925851475,0.23492077439396258,0.25301055297638236,0.36042316125688073,0.4316949343898924,1.015274364325401,0.8070734829173782,0.41369818995709984,-0.41978961131243947,-0.26788946644033573,-0.19846371233709206,0.8065518213302425,0.7891041843810113
1.7699823188770847,0.44903577926361327,-0.3611575576027617,-0.7054689621240783,-0.010684955964216718,1.2246910075651556,1.3240244975607527,0.35624491190157287,0.013748144200694123,0.5748534924434452,0.676272926845658,1.3705547100506712,1.0693302016908193,0.3822780813746265,-0.512729183616181,-0.35529638188895735,-0.2581020138769818,0.665484634230038,0.6596629435536083
1.7699823188770847,0.44903577926361327,-0.21669453401980013,2.267958545783433,-0.010684955964216718,-0.6991224441542135,-0.6983308925851475,0.35624491190157287,0.013748144200694123,0.9080038159829553,0.8986378574436824,1.6829308495263648,1.2518485488543543,-0.05360689830793718,-0.6023713663859103,-0.4354420486415262,-0.2989062208793739,0.760263627408219,0.7442803653430025
1.7699823188770847,0.44903577926361327,-0.0722315104368386,-0.7054689621240783,-0.010684955964216718,0.994265096307934,1.0677413220687286,0.47756904940918316,-0.04606745799322794,1.2224858038512818,1.078565493465041,1.9386699587934768,1.4642404864584635,-0.3935374683427449,-0.6626391532431687,-0.4856070969259799,-0.33939511407592243,0.6364300809482552,0.6353523830055658
1.7699823188770847,0.44903577926361327,0.07223151314612293,1.5062156767470327,-0.010684955964216718,-0.6991224441542135,-0.6983308925851475,0.7960452719411109,-0.5844078777385264,1.7185934127997329,1.2705891346709912,1.9838706410049132,1.6390581753025242,-0.8796307426267698,-0.7140031438021821,-0.4603183655404737,-0.35751861482004477,0.21465249067540143,0.17235979310066435
1.7699823188770847,0.44903577926361327,0.21669453672908448,-0.7054689621240783,-0.010684955964216718,-0.6991224441542135,-0.6983308925851475,1.1145214944730386,-0.7638546843202927,1.8174129111646566,1.4028540357523775,1.9195198724968257,1.8638228169748134,-0.3118739667354608,-0.7248303570031429,-0.38059802139610865,-0.37329839129598963,-1.2740310493992413,-1.2860490588430924
1.7699823188770847,0.44903577926361327,0.361157560312046,1.4373512393563324,-0.010684955964216718,-0.6991224441542135,-0.6983308925851475,1.2965079899940146,-1.3021951040655912,1.8312937565678649,1.470126992995813,1.8358868893423888,2.4210984303183873,0.41369818995709984,-0.7382269521110312,-0.33483292150972527,-0.5373746932258162,0.16085012917714758,0.15046711320691164
1.7699823188770847,0.44903577926361327,0.5056205838950075,-0.7054689621240783,-0.010684955964216718,0.7358600423417074,-0.6983308925851475,1.2661768109873317,-1.2423795018716692,1.7912205164555817,1.5518115510251373,1.7213205284210755,2.9777183473634175,0.41369818995709984,-0.7519246919052309,-0.27399694419668325,-0.685899198146191,-0.4870007952730127,-0.5021092448443087
1.7699823188770847,0.44903577926361327,0.6500836074779691,0.6106209663077566,-0.010684955964216718,0.19989864251583475,-0.6983308925851475,0.9628661779587454,-0.7638546843202927,1.6267140026743292,1.5849525867598966,1.6843620979079397,3.262769316617576,0.41369818995709984,-0.7395130908754868,-0.24026802233821115,-0.7498424541555533,0.1147297948067815,0.10516145973173645
1.7699823188770847,0.44903577926361327,0.7945466310609306,0.8010471748778674,-0.010684955964216718,0.4455706816354952,-0.6983308925851475,0.8718729301982574,-0.3451454689628382,1.494139921884882,1.5842581198072367,1.6301280987819424,3.0501769807841166,0.41369818995709984,-0.715680191534446,-0.19664889767531457,-0.6684678708012882,0.3773910209329876,0.3737864636347787
1.7699823188770847,0.44903577926361327,0.9390096546438922,1.0204637614937484,-0.010684955964216718,0.5968506667985997,-0.6983308925851475,0.6595555449301591,0.07356374639461619,1.2710503673478994,1.4536065840244077,1.464584915664946,2.378868067049624,0.41369818995709984,-0.6189355306422053,-0.11181779790095936,-0.43915953540275104,0.5963616009445871,0.5935736592559807
1.7699823188770847,0.44903577926361327,1.0834726782268538,1.228356355282105,-0.010684955964216718,0.7339280105016648,-0.6983308925851475,0.5837278866730126,0.1931949507824603,1.088869539208613,1.2378891983726268,1.4573187088724842,1.7306292657935736,0.41369818995709984,-0.4749615860819356,-0.08922428231493604,-0.19751668736696393,0.6788388741220013,0.6688371613955165
1.7699823188770847,0.44903577926361327,1.2279357018098151,0.46039112575747304,-0.010684955964216718,0.14427189292064815,0.9049541144916007,0.507900228415866,0.31282615517030443,0.99205480657418,1.0559416798121293,1.4367655047461299,0.8229560907012942,0.41369818995709984,-0.3451387874581569,-0.06407216188350637,0.17447298721520557,0.7498489547854946,0.7369023459600353
1.7699823188770847,0.44903577926361327,1.3723987253927767,-0.7054689621240783,-0.010684955964216718,1.7098000259228676,-0.6983308925851475,0.507900228415866,0.07356374639461619,0.9408132085585686,0.9179735394579334,1.4419551653459077,0.6460857873574433,0.41369818995709984,-0.25093455225300604,-0.06461322731579403,0.2511594719015573,-0.06523211550719066,-0.03563818527947311
1.7699823188770847,0.44903577926361327,1.5168617489757383,1.09421100038514,-0.010684955964216718,-0.6991224441542135,1.037576987948369,0.35624491190157287,0.3726417573642265,0.7894209530843809,0.8048671748571418,1.495674290128563,0.5387159377140054,0.41369818995709984,-0.1714707220580423,-0.08130235292601834,0.3015665554431525,0.8116272101334385,0.7928291549245989
1.7699823188770847,0.44903577926361327,1.6613247725587,-0.7054689621240783,-0.010684955964216718,1.1068212979245122,1.2940036459143278,0.26525166414108486,0.3726417573642265,0.7150064840525323,0.7141700731433999,1.3841528483370802,0.6564528321594884,0.41369818995709984,-0.1010549866568479,-0.03972099040015102,0.25015848601207863,0.6289281540685532,0.6223779944336189
1.7699823188770847,0.559113631275777,-1.6613247698494156,1.583908483341364,-0.010684955964216718,0.42346184633340106,-0.6983308925851475,0.05293427887298657,0.7315353705277589,0.5552379601508484,0.624787094870565,1.3429074922069464,0.7364251414513555,0.41369818995709984,-0.032844991301786364,-0.03186682864986975,0.20747171472696277,0.7219738286162686,0.7083125464641803
1.7699823188770847,0.559113631275777,-1.516861746266454,-0.7054689621240783,-0.010684955964216718,-0.6991224441542135,1.5325480276054422,0.05293427887298657,0.7315353705277589,0.5303145145878331,0.5534764898261467,1.2838546443012933,0.7238084378654309,0.41369818995709984,0.02546245947246322,-0.019339066322643407,0.20206153660814158,-0.09540912265960053,-0.09950650276253743
1.7699823188770847,0.559113631275777,-1.3723987226834924,-0.7054689621240783,-0.010684955964216718,-0.6991224441542135,-0.6983308925851475,-0.03805896888750143,0.7315353705277589,0.4360430316388609,0.490048508149877,1.0851344587954406,0.7856803430694831,0.41369818995709984,0.06945371385714724,0.040677245265939,0.1583653277232873,-1.2740310493992413,-1.2860490588430924
1.7699823188770847,0.559113631275777,-1.2279356991005308,0.7655662195506722,-0.010684955964216718,0.41913821555839376,0.29841292676620795,-0.068390003264404,0.7913509727216809,0.2702307778823273,0.44128831781215444,0.7493724538640458,0.6978011078245842,0.41369818995709984,0.10828810679057799,0.16586214519771889,0.18590685093349613,0.7959754995092464,0.7805608694657606
1.7699823188770847,0.559113631275777,-1.0834726755175694,-0.7054689621240783,-0.010684955964216718,1.2743877438728468,1.2178179109267702,-0.09872103764130656,0.7913509727216809,0.22144011801703897,0.3878221258074237,0.6669678381413237,0.6786752349731893,0.41369818995709984,0.14517157441244716,0.1926112154119999,0.18674682090700107,0.6501828635183627,0.6439848316568009
1.7699823188770847,0.559113631275777,-0.9390096519346078,2.313174156020488,-0.010684955964216718,-0.6991224441542135,-0.6983308925851475,-0.12905207201820915,0.851166574915603,0.13914906691093978,0.3430882911251124,0.7085626950674347,0.7245530137133941,0.41369818995709984,0.17988332554649264,0.17700271471882564,0.16900364712456634,0.8393162057113361,0.8213187558068991
1.7699823188770847,0.559113631275777,-0.7945466283516462,-0.7054689621240783,-0.010684955964216718,1.2849910037079273,1.2627125184577581,0.20458959538727972,0.3726417573642265,0.24373402267696478,0.45746431634362256,1.022867908448729,0.7499599875525048,0.41369818995709984,0.10796958837236385,0.047333533327561184,0.15475926467913811,0.683470357665801,0.6781337076061205
1.7699823188770847,0.559113631275777,-0.6500836047686848,2.2787989894590743,-0.010684955964216718,-0.6991224441542135,-0.6983308925851475,0.507900228415866,-0.4049610711567603,0.464933866440295,0.6642072693022907,1.6094947652048028,0.9041207275334807,0.41369818995709984,-0.02641260836668466,-0.18518261321803148,0.07738624106707336,0.7930899353129267,0.7766693110431953
1.7699823188770847,0.559113631275777,-0.5056205811857232,-0.7054689621240783,-0.010684955964216718,-0.6991224441542135,1.1397001409322645,0.8112108614444523,-0.8834858887081368,0.6252676312636555,0.8474660882673025,2.294009122945387,1.1339900738931565,0.41369818995709984,-0.1378969503636164,-0.4237782699230741,-0.021408183974562203,-0.2981529493255392,-0.289306343379191
1.7699823188770847,0.559113631275777,-0.3611575576027617,-0.7054689621240783,-0.010684955964216718,-0.6991224441542135,-0.6983308925851475,0.9628661779587454,-0.5245922755446044,0.78535389414498,1.024924273203949,2.9093862561549284,1.2735234201041814,0.41369818995709984,-0.2240243306487191,-0.5868564668913745,-0.04305063013400272,-1.2740310493992413,-1.2860490588430924
1.7699823188770847,0.559113631275777,-0.21669453401980013,-0.7054689621240783,-0.010684955964216718,-0.6991224441542135,-0.6983308925851475,0.9628661779587454,-0.5245922755446044,0.980630919638804,1.1679138895420624,2.9289736446670336,1.306990762892019,0.41369818995709984,-0.286798519634758,-0.5727356272177904,-0.03150602734025782,-1.2740310493992413,-1.2860490588430924
1.7699823188770847,0.559113631275777,-0.0722315104368386,-0.7054689621240783,-0.010684955964216718,-0.6991224441542135,-0.6983308925851475,1.1751835632268437,-0.5844078777385264,1.1227077371540946,1.2642281279186298,2.637153266640592,1.2334328739119962,0.41369818995709984,-0.3003384480308426,-0.4405315058708021,0.0486742643411524,-1.2740310493992413,-1.2860490588430924
1.7699823188770847,0.559113631275777,0.07223151314612293,-0.7054689621240783,-0.010684955964216718,-0.6991224441542135,-0.6983308925851475,1.190349152730185,-0.5844078777385264,1.2475671155178658,1.3477257810713112,2.2398867935859093,1.2092408667437171,0.41369818995709984,-0.3182739305982823,-0.2768563082764188,0.09690752466184246,-1.2740310493992413,-1.2860490588430924
1.7699823188770847,0.559113631275777,0.21669453672908448,0.9033089985471049,-0.010684955964216718,-0.6991224441542135,-0.6983308925851475,1.190349152730185,-0.5844078777385264,1.4036384955448675,1.42269998159465,1.8484782948481902,1.391693811974661,0.41369818995709984,-0.30929098729914767,-0.08422001868851738,0.08256410550901183,-0.13168001657046394,-0.19918977988983913
1.7699823188770847,0.559113631275777,0.361157560312046,-0.7054689621240783,-0.010684955964216718,-0.6991224441542135,0.7662608528625731,1.2055147422335266,-0.5844078777385264,1.4031053629832388,1.5099191024723064,1.5716301899450238,2.1535835638618646,0.41369818995709984,-0.3069247815347478,0.07548378014641059,-0.1553961806692496,-0.43899395355533344,-0.430705233472898
1.7699823188770847,0.559113631275777,0.5056205838950075,0.14015121864815336,-0.010684955964216718,0.07386315510337679,-0.6983308925851475,1.3268388797411368,-1.062932695289903,1.3896459398056595,1.6002463864185752,1.3721990686736956,2.7516817219508583,0.41369818995709984,-0.34412218284002344,0.1562036431768227,-0.36325039134977444,-0.21426547590395975,-0.24247271227358877
1.7699823188770847,0.559113631275777,0.6500836074779691,0.9233701794041114,-0.010684955964216718,0.6663006942569424,-0.6983308925851475,1.4481633065083077,-1.4816419106473573,1.322558866106409,1.6641874549592592,1.367302647766152,3.225714929372997,0.41369818995709984,-0.3803806787170634,0.13600157226090256,-0.533922061229459,0.6881257825719282,0.701576289980301
1.7699823188770847,0.559113631275777,0.7945466310609306,0.7254180229080842,-0.010684955964216718,0.3567517721907576,-0.6983308925851475,1.569487444015918,-1.9003511260048118,1.296819333058843,1.722111927187519,1.4128059465204468,3.314748760274028,0.41369818995709984,-0.42540687665911137,0.07619179061864068,-0.5941099406467503,0.3096805280248618,0.3045796500816687
1.7699823188770847,0.559113631275777,0.9390096546438922,0.34981036538244475,-0.010684955964216718,-0.002602838903586499,-0.6983308925851475,1.3420044692444784,-1.6012731150352015,1.1522735164407023,1.6278803839098333,1.311848805618098,2.7208765732140145,0.41369818995709984,-0.3709452944829655,0.08475675960084178,-0.4333694637432812,-0.17543528636233058,-0.1912856665594238
1.7699823188770847,0.559113631275777,1.0834726782268538,0.6590077243227906,-0.010684955964216718,0.30802925085006944,-0.6983308925851475,1.1145214944730386,-1.3021951040655912,0.9622181129996682,1.4074280604680165,1.103443185858849,2.0248725605220788,0.41369818995709984,-0.2442210526836472,0.14200234287831778,-0.21792605067056256,0.22426638773185456,0.21823969323123335
1.7699823188770847,0.559113631275777,1.2279357018098151,1.2047258278695339,-0.010684955964216718,0.7630356784465075,-0.6983308925851475,0.9022041092049403,-0.9433014909020588,0.8638789021871276,1.2190983623822105,1.1092619478913857,1.4314883724975545,0.41369818995709984,-0.12849824400797957,0.12871321650939524,-0.005983596040045262,0.7278169611061337,0.7188557355477249
1.7699823188770847,0.559113631275777,1.3723987253927767,0.48981531531223343,-0.010684955964216718,0.18593776782576815,0.8364387701942622,0.7808796824377694,-0.7040390821263706,0.8109549598898397,1.0575804524382229,1.1400060837638546,0.6875313274351109,0.41369818995709984,-0.025187760267552112,0.10729928810636721,0.2920349766648584,0.7776025740406523,0.765364079743269
1.7699823188770847,0.559113631275777,1.5168617489757383,-0.7054689621240783,-0.010684955964216718,1.918762619153822,-0.6983308925851475,0.6595555449301591,0.07356374639461619,0.7539004108572228,0.9272281585130442,1.196619245625394,0.5199799609992128,0.41369818995709984,0.08337610565692079,0.11374969162775111,0.39787314372115623,0.05715468862926588,0.09376043527876948
1.7699823188770847,0.559113631275777,1.6613247725587,1.1060636709150915,-0.010684955964216718,-0.6991224441542135,0.9898668119880302,0.5382314074225488,0.1931949507824603,0.6029095098836339,0.8193288845390053,1.299828535559381,0.411942676248817,0.41369818995709984,0.1747455269399658,0.08754147171039697,0.46379041585246294,0.8360920422478126,0.8161465402581208
1.7699823188770847,0.6691914832879408,-1.6613247698494156,-0.7054689621240783,-0.010684955964216718,1.1271892022508292,1.319466597030094,0.35624491190157287,0.7315353705277589,0.564424964669554,0.7263980552793604,1.2656499150357121,0.553219235509296,0.41369818995709984,0.24951241697543095,0.11147076275132048,0.41074943265710645,0.6396191424143811,0.6334510682097053
1.7699823188770847,0.6691914832879408,-1.516861746266454,-0.7054689621240783,-0.010684955964216718,-0.6991224441542135,-0.6983308925851475,0.35624491190157287,0.7315353705277589,0.4660462873311212,0.6576359463386563,1.2396803010126776,0.6629921869323085,0.41369818995709984,0.31680184584148724,0.13767188320176987,0.3786236151178152,-1.2740310493992413,-1.2860490588430924
1.7699823188770847,0.6691914832879408,-1.3723987226834924,1.0421094846366934,-0.010684955964216718,-0.6991224441542135,0.3868467617310886,0.35624491190157287,0.7315353705277589,0.33345882805832067,0.6049235050508369,1.0738438782034465,0.6244369091833896,0.41369818995709984,0.37878939085526997,0.2244204844464948,0.4165358202377451,0.5889367184489166,0.5330256246646208
1.7699823188770847,0.6691914832879408,-1.2279356991005308,-0.7054689621240783,-0.010684955964216718,-0.6991224441542135,0.6412563852113842,0.20458959538727972,0.7315353705277589,0.2773822461588295,0.5367069478930658,0.809998907792562,0.6088083627530017,0.41369818995709984,0.44516283796712863,0.33835660177071036,0.4260951379625327,-0.5656950181847498,-0.55983394273522
1.7699823188770847,0.6691914832879408,-1.0834726755175694,1.3430271974917898,-0.010684955964216718,-0.6991224441542135,0.36598352963181,0.3714105014049143,0.6119041661399147,0.196384225468826,0.4948963673956298,0.5405065159832659,0.6800553834481299,0.41369818995709984,0.48960918760692773,0.46764305735519957,0.40422362878400164,0.761337208497854,0.7389847968998274
1.7699823188770847,0.6691914832879408,-0.9390096519346078,-0.7054689621240783,-0.010684955964216718,1.4884450987590345,0.7645291063930165,0.5382314074225488,0.4324573595581485,0.2083271975583098,0.47073329314947476,0.3026030290435446,0.7500362898071947,0.41369818995709984,0.5180828037806158,0.5879773003081367,0.3832382489196249,0.6970874125126382,0.6883314266232978
1.7699823188770847,0.6691914832879408,-0.7945466283516462,1.471025992298599,-0.010684955964216718,0.5895318610915915,-0.6983308925851475,0.7202176136839643,0.013748144200694123,0.2320385525295169,0.5110935387000448,0.42464700211683737,0.8217025536599599,0.41369818995709984,0.5046736609774645,0.5455676666433797,0.36509329383407396,0.7781229836533509,0.7670416381260378
1.7699823188770847,0.6691914832879408,-0.6500836047686848,-0.7054689621240783,-0.010684955964216718,1.1261836627197166,1.3527738156982105,0.9022041092049403,-0.4049610711567603,0.3682716485160895,0.6981549876863286,1.1602703104028036,0.9694849282406481,0.41369818995709984,0.3984598335946488,0.24183418595172698,0.3192421155435094,0.6533343028436883,0.6476600102513214
1.7699823188770847,0.6691914832879408,-0.5056205811857232,1.1019566349085579,-0.010684955964216718,-0.6991224441542135,-0.6983308925851475,1.0841903154663557,-0.7638546843202927,0.6693677948652796,0.9027785460730071,1.631142503531242,1.1511438269310277,0.014121359282150022,0.2735127797878662,0.05863653004603461,0.24754474043662894,-0.013557835102442196,-0.08233217353203306
1.7699823188770847,0.6691914832879408,-0.3611575576027617,-0.7054689621240783,-0.010684955964216718,-0.6991224441542135,-0.3919045751658869,1.2661768109873317,-1.003117093095981,0.8531212637227454,1.15751452922962,1.9658381048144233,1.374083922381281,-0.14040061946147336,0.11512249857775905,-0.05860514209611326,0.16466965344548343,-1.1147579413334454,-1.122545322389533
1.7699823188770847,0.6691914832879408,-0.21669453401980013,-0.36091948610711355,-0.010684955964216718,-0.6991224441542135,-0.6983308925851475,1.4178321275016248,-1.182563899677747,1.1974753981464699,1.343297142729908,2.236475324840786,1.3792875684538701,-0.38199476685053896,0.02463165726495468,-0.1372715381081613,0.18485255425622535,-1.0453011915586339,-1.0829059107561438
1.7699823188770847,0.6691914832879408,-0.0722315104368386,-0.7054689621240783,-0.010684955964216718,-0.6991224441542135,-0.6983308925851475,1.569487444015918,-1.2423795018716692,1.3176128408106969,1.5223616353741296,2.207494036885587,1.4618004912810167,0.03324415027040318,-0.05737525293725057,-0.09629040323878803,0.1844104647964859,-1.2740310493992413,-1.2860490588430924
1.7699823188770847,0.6691914832879408,0.07223151314612293,-0.6515017137668295,-0.010684955964216718,-0.6991224441542135,-0.6983308925851475,1.6756462812797475,-1.4816419106473573,1.5251853614303639,1.6503750436477687,1.9866308448521668,1.479227590857667,0.29321583212526753,-0.1138311947547145,0.0038632823343039808,0.19670228546139826,-1.2460616316145703,-1.2669575858946476
1.7699823188770847,0.6691914832879408,0.21669453672908448,-0.1292510210067974,-0.010684955964216718,-0.6991224441542135,-0.6983308925851475,1.766639239780675,-1.6012731150352015,1.5962331351263563,1.7774462635252688,1.8410697304144403,1.6745303388701813,0.41369818995709984,-0.18006034337104887,0.06700357449634521,0.12390532117867567,-0.864175897545018,-0.8690979111586605
1.7699823188770847,0.6691914832879408,0.361157560312046,-0.2591400714210172,-0.010684955964216718,-0.6991224441542135,-0.6983308925851475,1.8727980770445043,-1.7209043194230456,1.6311723822518138,1.9105432545834702,1.768959191794694,1.9758647123669568,0.41369818995709984,-0.2492985258321789,0.10279392338152908,0.011712334849142806,-0.9569149696462342,-0.9670588581300611
1.7699823188770847,0.6691914832879408,0.5056205838950075,-0.292935297658688,-0.010684955964216718,-0.6991224441542135,-0.6983308925851475,1.6756462812797475,-1.4218263084534353,1.5681884893970182,1.9872811470932894,1.6780327237368897,2.1649148679264747,0.41369818995709984,-0.2870311346007871,0.14552991738854465,-0.05448514398385171,-0.9918021698212237,-1.003290927800306
1.7699823188770847,0.6691914832879408,0.6500836074779691,-0.16268164284449096,-0.010684955964216718,-0.1124091011857058,-0.6983308925851475,1.4633286067520885,-1.062932695289903,1.4114167457664715,1.9544584087118329,1.4837571654267077,2.1619583651788195,0.41369818995709984,-0.25866248472401054,0.23344412201781606,-0.045046100597375655,-0.5438191383886862,-0.5510501204116666
1.7699823188770847,0.6691914832879408,0.7945466310609306,0.40229644480728516,-0.010684955964216718,0.2646301184362191,-0.6983308925851475,1.2661768109873317,-0.7040390821263706,1.188233541846016,1.833129244857545,1.2379080762447836,1.9350991846909762,0.41369818995709984,-0.17459485687669266,0.3496449692846528,0.05444591560646641,0.08555067443679822,0.08902640937229629
1.7699823188770847,0.6691914832879408,0.9390096546438922,0.8771037693291097,-0.010684955964216718,0.5897099275734757,-0.6983308925851475,1.2965079899940146,-0.7040390821263706,0.983867843686133,1.6288599775381787,1.043542159192227,1.4062214258730943,0.41369818995709984,-0.026310055088092987,0.4575403008143535,0.29405493541693256,0.5947877713894765,0.6008244325468873
1.7699823188770847,0.6691914832879408,1.0834726782268538,1.1502291989511053,-0.010684955964216718,0.7355768598728786,-0.6983308925851475,1.3420044692444784,-0.6442234799324486,0.8543079351961824,1.413485590808138,0.9529379138194941,0.9121416876253897,0.41369818995709984,0.14810242646368116,0.5394528742847666,0.5569046414680051,0.7510627638544767,0.7418426088901138
1.7699823188770847,0.6691914832879408,1.2279357018098151,-0.7054689621240783,-0.010684955964216718,0.7145766828850897,1.6414435743207016,1.372335648251161,-0.6442234799324486,0.826053916202365,1.25073471971954,1.0869066835633343,0.5097311427676214,0.41369818995709984,0.28815449234877333,0.5126192558737107,0.7889162238865373,0.7258705103478801,0.7158186315597687
1.7699823188770847,0.6691914832879408,1.3723987253927767,1.8209464647469416,-0.010684955964216718,-0.6991224441542135,-0.6983308925851475,1.2510112214839904,-0.46477667335068235,0.7277809288824232,1.1280568502285315,1.1297162688657076,0.49653839908310377,0.41369818995709984,0.4183054614640454,0.5374407132556668,0.8437764918929294,0.46638196475568117,0.4348557769027923
1.7699823188770847,0.6691914832879408,1.5168617489757383,-0.7054689621240783,-0.010684955964216718,1.0082527755746715,1.2988147631411342,1.12968708397638,-0.3451454689628382,0.7137830217498737,1.0198152830918503,1.049127352400135,0.518596458579011,0.41369818995709984,0.5199417930941928,0.5921408149447421,0.8515702690155124,0.7113498040808606,0.703305894268679
1.7699823188770847,0.6691914832879408,1.6613247725587,2.2705230212629623,-0.010684955964216718,-0.6991224441542135,-0.6983308925851475,0.9931973569654283,-0.16569866238107206,0.6458470832818569,0.9292028724698962,1.0384590537131737,0.6118067898164207,0.41369818995709984,0.6166821105534577,0.6125640450115138,0.8204848786802452,0.7650940222706046,0.7518839852853232
1.7699823188770847,0.7792693353001046,-1.6613247698494156,-0.7054689621240783,-0.010684955964216718,1.1937541112155021,1.332941162975265,0.8718729301982574,0.013748144200694123,0.64601230755127,0.8424537871516617,0.9206704659411442,0.6218367631197256,0.41369818995709984,0.7019412868470949,0.6705847609937742,0.8180793919140158,0.7024495576330356,0.6943076899421975
1.7699823188770847,0.7792693353001046,-1.516861746266454,0.2338468796978748,-0.010684955964216718,-0.6991224441542135,-0.6983308925851475,0.7505487926906471,0.25301055297638236,0.5709764079676611,0.765705308255369,0.9273169481514709,0.6963731656296729,0.41369818995709984,0.782730588005127,0.6701166264487809,0.7832405753813529,-0.646474839772629,-0.7021297026275564
1.7699823188770847,0.7792693353001046,-1.3723987226834924,-0.7054689621240783,-0.010684955964216718,-0.6991224441542135,0.19504549041448746,0.6292243659234763,0.4324573595581485,0.5142844158339186,0.7048039441507683,0.8244315857844872,0.6525773484102929,0.41369818995709984,0.8425251819698718,0.715377449049565,0.8012271150771639,-0.7682623448073639,-0.7800494925519977
1.7699823188770847,0.7792693353001046,-1.2279356991005308,1.052078178882152,-0.010684955964216718,-0.6991224441542135,-0.6983308925851475,0.7050520241806228,0.31282615517030443,0.4056745433510556,0.6464891871411865,0.6116742548948395,0.5783159694117554,0.41369818995709984,0.9063070474062609,0.8176904482385103,0.8370363613160587,-0.053214001644371615,-0.07786063111014845
1.7699823188770847,0.7792693353001046,-1.0834726755175694,-0.7054689621240783,-0.010684955964216718,1.0574178352203967,0.9165622553850339,0.7808796824377694,0.1931949507824603,0.36744686501735907,0.6026015576176549,0.35469825378635483,0.4386065410745231,0.41369818995709984,0.9605145387533314,0.9509147414661777,0.9120208015824136,0.6975810005991203,0.7145135907218728
1.7699823188770847,0.7792693353001046,-0.9390096519346078,2.2753324443901315,-0.010684955964216718,-0.6991224441542135,-0.6983308925851475,0.8567073406949159,0.13337934858853825,0.33516190898919473,0.576363551622699,0.36162945127925794,0.44822062516545225,0.41369818995709984,1.000891091694949,0.9570099565069624,0.9166575398572102,0.7968863513391514,0.7858136127346351
1.7699823188770847,0.7792693353001046,-0.7945466283516462,-0.7054689621240783,-0.010684955964216718,1.1099899142349718,1.0611507706253678,0.9325349989520626,0.013748144200694123,0.4137698636281327,0.6856785783477904,0.6815667421215794,0.509402456132034,0.41369818995709984,0.9386950618983351,0.8120848812787939,0.9024326613585353,0.7323762605424646,0.7235173274871395
1.7699823188770847,0.7792693353001046,-0.6500836047686848,1.376211983837261,-0.010684955964216718,-0.6991224441542135,-0.6983308925851475,1.008362657209209,-0.10588306018714999,0.5972584385152033,0.8668469388638402,1.405421250433739,0.6751896473605962,0.41369818995709984,0.8158980074144979,0.48687658887702073,0.8340995003560642,0.15999589056868627,0.12471924555297799
1.7699823188770847,0.7792693353001046,-0.5056205811857232,-0.7054689621240783,-0.010684955964216718,-0.6991224441542135,0.3136557124467711,1.0841903154663557,-0.16569866238107206,0.7244155713949026,1.0131345674679901,2.1880447438099413,0.8783959673808812,0.41369818995709984,0.736077774413699,0.18193835016516488,0.762365284460872,-0.7174179566257023,-0.728895436565404
1.7699823188770847,0.7792693353001046,-0.3611575576027617,-0.7054689621240783,-0.010684955964216718,-0.6991224441542135,-0.6983308925851475,1.4178321275016248,-0.7638546843202927,0.9331981758338748,1.1831441708819004,2.77073502818596,0.9908344668001491,0.41369818995709984,0.6131851644043976,-0.03838887224638358,0.7116491717184983,-1.2740310493992413,-1.2860490588430924
1.7699823188770847,0.7792693353001046,-0.21669453401980013,-0.7054689621240783,-0.010684955964216718,-0.6991224441542135,-0.6983308925851475,1.569487444015918,-0.7638546843202927,1.079857123897668,1.3222259990931056,2.8618038538850525,1.0817624382873834,0.41369818995709984,0.5255573693280408,-0.05486781060915461,0.6885450131051644,-1.2740310493992413,-1.2860490588430924
1.7699823188770847,0.7792693353001046,-0.0722315104368386,-0.7054689621240783,-0.010684955964216718,-0.6991224441542135,-0.6983308925851475,1.8121360082906992,-1.062932695289903,1.2372402642174598,1.4389084450446366,2.626112451251577,1.1264948447209244,0.41369818995709984,0.4600690173358863,0.0536759388978483,0.691911177604249,-1.2740310493992413,-1.2860490588430924
1.7699823188770847,0.7792693353001046,0.07223151314612293,-0.7054689621240783,-0.010684955964216718,-0.6991224441542135,-0.6983308925851475,1.569487444015918,-0.7638546843202927,1.3481505669129212,1.5201808397605938,2.248299533477369,1.107306923882199,0.41369818995709984,0.42835423495503744,0.23054796979139208,0.7343147082404045,-1.2740310493992413,-1.2860490588430924
1.7699823188770847,0.7792693353001046,0.21669453672908448,-0.48819674185838924,-0.010684955964216718,-0.6991224441542135,-0.6983308925851475,1.4178321275016248,-0.46477667335068235,1.4823053155105599,1.5837662057157693,1.8939202178529475,1.320637966159415,0.41369818995709984,0.4026053990680722,0.39981711703601125,0.6535794209186057,-1.1302161409463436,-1.1793393475369685
1.7699823188770847,0.7792693353001046,0.361157560312046,0.40275627065407643,-0.010684955964216718,-0.6991224441542135,-0.6983308925851475,1.3268388797411368,-0.16569866238107206,1.4483032311440007,1.6510786854687056,1.6118705181764819,1.8355297732385303,0.41369818995709984,0.39913644393152187,0.5770350855896419,0.46726016797985914,-0.49407069756936056,-0.4898146803012406
1.7699823188770847,0.7792693353001046,0.5056205838950075,0.09460136902265792,-0.010684955964216718,0.11299273891750282,-0.6983308925851475,1.2661768109873317,-0.22551426457499413,1.3757149250898766,1.696480168257944,1.3764894040545566,2.4399912039741363,0.41369818995709984,0.38201511374518404,0.6962794528050167,0.21521239777227313,-0.22389017357499674,-0.2273128054763321
1.7699823188770847,0.7792693353001046,0.6500836074779691,0.635527272727949,-0.010684955964216718,0.42135027638765693,-0.6983308925851475,1.4178321275016248,-0.22551426457499413,1.3160000646424577,1.7310461316120327,1.3589205957494608,2.956095462265137,0.41369818995709984,0.3808940254338031,0.7369122835253349,0.0365989374852007,0.3343754132298719,0.3397385034670047
1.7699823188770847,0.7792693353001046,0.7945466310609306,0.4963449141003601,-0.010684955964216718,0.19372381409474523,-0.6983308925851475,1.2358456319806488,0.07356374639461619,1.2600987408748945,1.7552120288945807,1.3496733161524845,3.085130121322619,0.41369818995709984,0.37118114409292774,0.7504150393074827,-0.005367271322643804,0.06655311342477112,0.059502242437156426
1.7699823188770847,0.7792693353001046,0.9390096546438922,0.43751752587030657,-0.010684955964216718,0.12154108632380252,-0.6983308925851475,1.099355904969697,0.31282615517030443,1.111980869201425,1.6603558888149599,1.2381936439683259,2.5267569293923517,0.41369818995709984,0.4585280638368594,0.8254740455904654,0.233297324043928,-0.02741547363913466,-0.037567981889820655
1.7699823188770847,0.7792693353001046,1.0834726782268538,0.9955014793949767,-0.010684955964216718,0.6180106200865445,-0.6983308925851475,0.9628661779587454,0.3726417573642265,0.9350825352141859,1.4391554607290176,1.0642070330851008,1.860807620185089,0.41369818995709984,0.6255499528787377,0.9129063470116556,0.5240918515819619,0.650685272106755,0.6533662085954453
1.7699823188770847,0.7792693353001046,1.2279357018098151,0.4708867449003278,-0.010684955964216718,0.20137667840826348,0.7900626982592809,0.8718729301982574,0.7913509727216809,0.8533139138830328,1.2459256772241898,1.0984487342402387,0.9131294245047822,0.41369818995709984,0.7866116866706999,0.9116133834935448,1.007818553560678,0.7872977457218489,0.7755263501711929
1.7699823188770847,0.7792693353001046,1.3723987253927767,1.1411308188620197,-0.010684955964216718,0.6612082451534219,-0.6983308925851475,0.8112108614444523,1.0904289836912913,0.8017786581578167,1.0993444528351757,1.1197179887778634,0.7272353314359549,0.41369818995709984,0.8991770608749039,0.8976196888181641,1.104668651821538,0.7220942554688786,0.7126440362227423
1.7699823188770847,0.7792693353001046,1.5168617489757383,0.5324255447661818,-0.010684955964216718,0.21881289785869407,0.7771775738286526,0.9628661779587454,0.7315353705277589,0.792591653639111,0.9877604106092697,1.1755562818014924,0.517833436032112,0.41369818995709984,0.9892231829113683,0.8698474348281535,1.2213122220896342,0.7692243572977135,0.7573522887616817
1.7699823188770847,0.7792693353001046,1.6613247725587,-0.7054689621240783,-0.010684955964216718,-0.6991224441542135,-0.6983308925851475,1.0235282467125506,0.13337934858853825,0.7617241479222281,0.9082319466250427,1.1487052438198226,0.5391913594547656,0.41369818995709984,1.0580810736852972,0.8836337390157706,1.2096271908792662,-1.2740310493992413,-1.2860490588430924
1.7699823188770847,0.8893471873122684,-1.6613247698494156,0.5920196383244688,-0.010684955964216718,0.3569244777573076,0.565854720631062,0.947700588455404,0.31282615517030443,0.6674760773191241,0.8466241176631122,0.9915773579171837,0.47923204153585297,0.41369818995709984,1.1105410571651657,0.9611810008811942,1.2410341796254418,0.8061066559991446,0.7935332089863056
1.7699823188770847,0.8893471873122684,-1.516861746266454,-0.7054689621240783,-0.010684955964216718,-0.6991224441542135,-0.6983308925851475,0.8567073406949159,0.4324573595581485,0.5992331026581492,0.7810294555552715,0.8960587903766258,0.4699298743542057,0.41369818995709984,1.1766181856273523,1.0096557306362308,1.2452812723862132,-1.2740310493992413,-1.2860490588430924
1.7699823188770847,0.8893471873122684,-1.3723987226834924,0.0705582003897902,-0.010684955964216718,-0.6991224441542135,-0.08838369923762732,0.7808796824377694,0.6119041661399147,0.45158214005370956,0.7238015675569663,0.699106567433838,0.3441049409115919,0.41369818995709984,1.2343892224291095,1.1082720589213995,1.3115964250312855,-0.3768256160106693,-0.4122555746498259
1.7699823188770847,0.8893471873122684,-1.2279356991005308,-0.7054689621240783,-0.010684955964216718,-0.6991224441542135,0.4660813682794644,0.7960452719411109,0.3726417573642265,0.3844596133735728,0.6660471832713805,0.4882578518666121,0.2915746117460049,0.41369818995709984,1.2961769695260126,1.208404661229138,1.3268857856016467,-0.625061316285876,-0.6190700209402025
1.7699823188770847,0.8893471873122684,-1.0834726755175694,1.2779204863441807,-0.010684955964216718,-0.6991224441542135,-0.6983308925851475,0.7960452719411109,0.13337934858853825,0.25833061693957404,0.6170907919043496,0.2562506990873152,0.29593557907174384,0.41369818995709984,1.3330575415258978,1.2914068953017526,1.2770267629638168,0.12832227825544035,0.10340511532256315
1.7699823188770847,0.8893471873122684,-0.9390096519346078,-0.7054689621240783,-0.010684955964216718,1.2006085144921887,0.9393096251277923,0.8112108614444523,-0.10588306018714999,0.2414697143694201,0.572349899631056,-0.013091663112000424,0.23967733974844965,0.41369818995709984,1.340271501094784,1.3611279630137925,1.2260737856236512,0.7831287084924812,0.7755460210646515
1.7699823188770847,0.8893471873122684,-0.7945466283516462,2.2683606018593827,-0.010684955964216718,-0.6991224441542135,-0.6983308925851475,0.8263764509477938,-0.3451454689628382,0.295356907468145,0.646652217492878,0.29930237762397494,0.33963413187855207,0.41369818995709984,1.22571152594743,1.0779655103817471,1.0625106542039535,0.8202136987276025,0.808143560197562
1.7699823188770847,0.8893471873122684,-0.6500836047686848,-0.7054689621240783,-0.010684955964216718,1.1516101688017577,1.0687772466650547,0.8263764509477938,-0.5844078777385264,0.4325733219811846,0.801628446355357,0.8794396013074289,0.5193049795154174,0.3860242530934632,1.0284728562976373,0.6668502262665053,0.8464324960196777,0.7477752367853946,0.739232527214322
1.7699823188770847,0.8893471873122684,-0.5056205811857232,0.9681082022809799,-0.010684955964216718,-0.6991224441542135,-0.6983308925851475,0.8415420404511351,-0.8236702865142147,0.5461399225464422,0.8411636595200944,0.8026593910770417,0.6334539910178438,0.19197910976341168,0.933424064680555,0.604878549384061,0.6869149165776349,-0.12017871211548233,-0.15986397557351695
1.7699823188770847,0.8893471873122684,-0.3611575576027617,-0.7054689621240783,-0.010684955964216718,0.5738318423975257,0.5704110490381932,0.7202176136839643,-0.6442234799324486,0.6053811846831545,0.8941605217245011,0.8312562281566656,0.7018233266789525,0.28572465863503904,0.8376730847324099,0.5151301006690304,0.5754606964090098,0.21693142035259466,0.20559397250415767
1.7699823188770847,0.8893471873122684,-0.21669453401980013,1.9886443949031207,-0.010684955964216718,-0.6991224441542135,-0.6983308925851475,0.598893476176354,-0.46477667335068235,0.7004406603016357,0.9725322465467267,0.9140904741261499,0.8016929162322665,0.41369818995709984,0.7008380548712805,0.3807528970431008,0.42961126614109757,0.5975687496345758,0.5864048480211518
1.7699823188770847,0.8893471873122684,-0.0722315104368386,-0.7054689621240783,-0.010684955964216718,1.0577997216009665,1.0643203812730908,0.47756904940918316,-0.2853298667689162,0.7767274480787774,1.0104152776625037,0.9354765130760889,0.8410590102480551,0.41369818995709984,0.6209208185340256,0.30950200178076365,0.3487739081646236,0.7293938508353763,0.7182901973607893
1.7699823188770847,0.8893471873122684,0.07223151314612293,2.254842475482469,-0.010684955964216718,-0.6991224441542135,-0.6983308925851475,0.6140590656796955,-0.5844078777385264,1.1145829842136403,1.1876949055472976,1.1483105636526583,1.0784185548620717,0.23419666331563654,0.44818490211085127,0.1756387565316671,0.20059527323333912,0.7628905168852553,0.7445823955196484
1.7699823188770847,0.8893471873122684,0.21669453672908448,-0.7054689621240783,-0.010684955964216718,1.0200746450464016,1.0230497280892463,0.7657143821939886,-0.8834858887081368,1.3369768576162517,1.3496616782777606,1.3649686644017973,1.4604052500524012,0.41369818995709984,0.3073978308455468,0.061498260614738495,0.01747813493043085,0.6828847843451131,0.6817599138721345
1.7699823188770847,0.8893471873122684,0.361157560312046,1.0784421852653483,-0.010684955964216718,-0.6991224441542135,-0.6983308925851475,0.9022041092049403,-1.182563899677747,1.558491764662552,1.468807929241218,1.5430836468823819,1.9666967029957532,0.41369818995709984,0.21029893886395898,-0.022507149645056086,-0.1887247415916555,-0.07321439972050955,-0.10981466565027943
1.7699823188770847,0.8893471873122684,0.5056205838950075,-0.7054689621240783,-0.010684955964216718,0.8721613147131603,-0.6983308925851475,0.8112108614444523,-0.9433014909020588,1.5524560618977143,1.5453785568447564,1.695798445905085,2.573512603304648,0.41369818995709984,0.15292025884100197,-0.08498310381309959,-0.40366018520671276,-0.43152001826842795,-0.4234305887331588
1.7699823188770847,0.8893471873122684,0.6500836074779691,0.7234143806697053,-0.010684955964216718,0.04526692899301321,-0.6983308925851475,0.8415420404511351,-0.9433014909020588,1.4428902967792587,1.5566911694303107,1.7507237746543443,3.115440563133451,0.41369818995709984,0.14330968947688633,-0.10807379721781744,-0.5780529914163903,0.0999573442148366,0.07924843853480638
1.7699823188770847,0.8893471873122684,0.7945466310609306,0.5819903934651622,-0.010684955964216718,0.12470654915465368,-0.6983308925851475,0.689886723936842,-0.5844078777385264,1.3489934113641786,1.5708846906548461,1.6834525433974332,3.324593428101658,0.41369818995709984,0.13345202703682274,-0.08364130456809839,-0.6410119482462739,0.04351873270690702,0.032947253435998414
1.7699823188770847,0.8893471873122684,0.9390096546438922,0.8394637136690197,-0.010684955964216718,0.391944709735813,-0.6983308925851475,0.5685622971696711,-0.3451454689628382,1.184238726716723,1.482838420114062,1.5608544836963718,2.866977782732579,0.41369818995709984,0.19223604892923363,-0.03790223606036582,-0.5013366006783504,0.3714089205354769,0.3668623091373414
1.7699823188770847,0.8893471873122684,1.0834726782268538,1.0655039095075645,-0.010684955964216718,0.5744357337425227,-0.6983308925851475,0.4472381596620609,-0.04606745799322794,1.005967760337436,1.2695975431379758,1.4288778684896013,2.1249635104626248,0.41369818995709984,0.3430134986421909,0.015151004442164115,-0.2509919584433586,0.6169036498421053,0.6137121462445322
1.7699823188770847,0.8893471873122684,1.2279357018098151,0.4977448442925225,-0.010684955964216718,0.18286039219197658,0.80641309736902,0.35624491190157287,0.1931949507824603,0.9131899850548589,1.0809820126173861,1.3749115358268647,1.0955597306052136,0.41369818995709984,0.4777149377049495,0.0359903062966274,0.14233936809721304,0.7571265889023385,0.7448694676210603
1.7699823188770847,0.8893471873122684,1.3723987253927767,1.2599984016913461,-0.010684955964216718,0.7277873447763323,-0.6983308925851475,0.28041725364442627,0.25301055297638236,0.850351917668614,0.9317859507694238,1.3039918572363383,0.909992647199343,0.41369818995709984,0.592145575070362,0.06656749512010383,0.22313620120654418,0.6964906785568802,0.6870661373825996
1.7699823188770847,0.8893471873122684,1.5168617489757383,-0.7054689621240783,-0.010684955964216718,0.887527169684729,1.6486824695067652,0.32591373289489,0.13337934858853825,0.8192643359005694,0.8100128644423483,1.321527420343768,0.6285631003408518,0.41369818995709984,0.684266892861858,0.05969671710381334,0.34539235721865585,0.6642429235733809,0.6552251080272856
1.7699823188770847,0.8893471873122684,1.6613247725587,1.5069141168646911,-0.010684955964216718,0.4689093739848417,-0.6983308925851475,0.3107484326511092,0.07356374639461619,0.7124217610686763,0.7199008370210404,1.3712196140039936,0.7321807237234397,0.41369818995709984,0.7584425934089711,0.043226599290833084,0.3029405001366564,0.6930496027504643,0.6803438144482534
1.7699823188770847,0.999425039324432,-1.6613247698494156,-0.7054689621240783,-0.010684955964216718,0.9586125916679565,1.6126248731315675,0.21975518489062115,0.31282615517030443,0.6717511716746686,0.6460826699006051,1.3938101520386053,0.728387411633141,0.41369818995709984,0.8163376593523662,0.0344587576634442,0.30459985258431566,0.6385389009457527,0.6302813905960435
1.7699823188770847,0.999425039324432,-1.516861746266454,-0.7054689621240783,-0.010684955964216718,-0.6991224441542135,-0.6983308925851475,0.14392752663347458,0.4922729617520706,0.5624797331899853,0.5793658508265762,1.377369975572226,0.7889303160274843,0.41369818995709984,0.8611580268317349,0.03493872465327869,0.27184730822268793,-1.2740310493992413,-1.2860490588430924
1.7699823188770847,0.999425039324432,-1.3723987226834924,0.9508072323693048,-0.010684955964216718,-0.6991224441542135,0.33315947692778325,0.05293427887298657,0.7315353705277589,0.3765482472426036,0.5212098896140965,1.191945311809924,0.6904282976543819,0.41369818995709984,0.8892301167570075,0.09506432500512238,0.3011127636153611,0.4758476233769709,0.4171221590921283
1.7699823188770847,0.999425039324432,-1.2279356991005308,-0.7054689621240783,-0.010684955964216718,-0.6991224441542135,0.6044992986747255,0.12876193713013315,0.6119041661399147,0.3329738580367638,0.4708751507282193,0.9239140038160054,0.6594370049555477,0.41369818995709984,0.9122454854912987,0.19263638624920773,0.3032881038099025,-0.5870665092797472,-0.5825101798850748
1.7699823188770847,0.999425039324432,-1.0834726755175694,1.2957241609077128,-0.010684955964216718,-0.6991224441542135,0.35441249085362364,0.1894240058839383,0.4922729617520706,0.2296558446442956,0.42790077347779937,0.6309598793050524,0.6957904176405576,0.41369818995709984,0.9426331077962553,0.3137261845891008,0.2851743550391568,0.7140326767434899,0.6919107096122075
1.7699823188770847,0.999425039324432,-0.9390096519346078,-0.7054689621240783,-0.010684955964216718,1.4552799537181282,0.7750863351124957,0.26525166414108486,0.3726417573642265,0.22337932917909864,0.39366792841807596,0.35267967357934527,0.7396709219777803,0.41369818995709984,0.9663617647458806,0.4340391291413236,0.2642916959610136,0.6915049348547301,0.6827957093558155
1.7699823188770847,0.999425039324432,-0.7945466283516462,1.4475985561301044,-0.010684955964216718,0.557571345261071,-0.6983308925851475,0.3410793223982314,0.25301055297638236,0.25809983810172976,0.513092954225335,0.8270298258482393,0.833913429869292,0.41369818995709984,0.8640502705898521,0.22671511820426019,0.22175207111862466,0.7821120106396543,0.7686230959980553
1.7699823188770847,0.999425039324432,-0.6500836047686848,-0.7054689621240783,-0.010684955964216718,1.083379802139934,1.345617719017924,0.40174139115203655,0.13337934858853825,0.3782847743818609,0.7337365383827725,1.950034701749495,1.0063146011527335,0.41369818995709984,0.6943687527558857,-0.20197156163564406,0.1519168895056369,0.6500753974032534,0.6444229188465358
1.7699823188770847,0.999425039324432,-0.5056205811857232,-0.7054689621240783,-0.010684955964216718,-0.6991224441542135,-0.6983308925851475,0.47756904940918316,0.07356374639461619,0.5566099236187285,0.8970985968504392,2.7096618951913656,1.1547593799224882,0.41369818995709984,0.5715895546076151,-0.45522955371728,0.09130620786483983,-1.2740310493992413,-1.2860490588430924
1.7699823188770847,0.999425039324432,-0.3611575576027617,-0.7054689621240783,-0.010684955964216718,-0.6991224441542135,-0.6983308925851475,0.5837278866730126,-0.04606745799322794,0.6616691466196277,1.0443008892458974,3.1472027941161382,1.202351863177428,0.41369818995709984,0.4616760875368758,-0.5880087318835545,0.07322019804058755,-1.2740310493992413,-1.2860490588430924
1.7699823188770847,0.999425039324432,-0.21669453401980013,-0.7054689621240783,-0.010684955964216718,-0.6991224441542135,-0.6983308925851475,0.7050520241806228,-0.10588306018714999,0.8274011294760415,1.1817361814809282,3.2718074998506883,1.1687126306949591,0.41369818995709984,0.3630338290379413,-0.6198745815179267,0.09289491268314858,-1.2740310493992413,-1.2860490588430924
1.7699823188770847,0.999425039324432,-0.0722315104368386,-0.7054689621240783,-0.010684955964216718,-0.6991224441542135,-0.6983308925851475,0.8112108614444523,-0.22551426457499413,1.0114516006639505,1.2957868517551536,3.002789917659342,1.1386881127176356,0.41369818995709984,0.28369957792675105,-0.5288116557487101,0.11921288830037266,-1.2740310493992413,-1.2860490588430924
1.7699823188770847,0.999425039324432,0.07223151314612293,-0.7054689621240783,-0.010684955964216718,-0.6991224441542135,-0.6983308925851475,0.9173696987082818,-0.2853298667689162,1.1561807025040312,1.397626478111776,2.588702227026568,1.114972365776432,0.41369818995709984,0.21867549065932682,-0.38180234914559025,0.14957879971096588,-1.2740310493992413,-1.2860490588430924
1.7699823188770847,0.999425039324432,0.21669453672908448,0.6304324095218706,-0.010684955964216718,-0.6991224441542135,-0.6983308925851475,1.038693836215892,-0.4049610711567603,1.3606387121990517,1.475844347450587,2.149728374838289,1.3101744954311136,0.41369818995709984,0.1766619460895542,-0.20059964344013778,0.10745590919753725,-0.3146506180870117,-0.406068873751947
1.7699823188770847,0.999425039324432,0.361157560312046,-0.7054689621240783,-0.010684955964216718,-0.6991224441542135,0.5003195985005114,1.1448526734797215,-0.46477667335068235,1.3804114416710496,1.588949300533182,1.8524549319536376,2.1392588636517273,0.41369818995709984,0.11638378325352064,-0.048378897858196365,-0.16545523285195826,-0.5814679207050849,-0.5737499728789287
1.7699823188770847,0.999425039324432,0.5056205838950075,0.3612429492092119,-0.010684955964216718,-0.6991224441542135,-0.6983308925851475,1.0538594257192335,-0.3451454689628382,1.3008261888231538,1.6318326348599301,1.5848899091680109,2.6866906476539874,0.41369818995709984,0.09633280752510873,0.0753923476180916,-0.33787770701852265,-0.5261514930524177,-0.5519358741064404
1.7699823188770847,0.999425039324432,0.6500836074779691,0.6730055909706054,-0.010684955964216718,0.5943387100585834,-0.6983308925851475,0.947700588455404,-0.22551426457499413,1.2120111203098218,1.6444833666957315,1.315705248547368,3.182231029062899,0.41369818995709984,0.09213077742300192,0.19578403171234912,-0.48926799184850256,0.4879043494369272,0.4991476333106377
1.7699823188770847,0.999425039324432,0.7945466310609306,1.0730417881470242,-0.010684955964216718,0.7155347099901032,-0.6983308925851475,0.8567073406949159,-0.10588306018714999,1.1677979085238623,1.6650160161405831,1.272666356625195,3.296935118506037,0.41369818995709984,0.0815395574137179,0.2226808999194658,-0.5179918876529949,0.772630511116975,0.7639328173390136
1.7699823188770847,0.999425039324432,0.9390096546438922,1.1444127518371867,-0.010684955964216718,0.6841152261443868,-0.6983308925851475,0.7657143821939886,0.013748144200694123,1.063368812088903,1.5721846989137889,1.212157539549959,2.731143838144542,0.41369818995709984,0.14521356093121174,0.25714300308737575,-0.3265565327703618,0.7311226692097653,0.7214221724286554
1.7699823188770847,0.999425039324432,1.0834726782268538,1.2056361502833532,-0.010684955964216718,0.6912092938713073,-0.6983308925851475,0.6595555449301591,0.1931949507824603,0.9501487142424958,1.3564397886571768,1.244817110272576,2.0268203642324596,0.41369818995709984,0.2925867243985894,0.24829986408372418,-0.07005362770330345,0.7046240813692515,0.6944886211809889
1.7699823188770847,0.999425039324432,1.2279357018098151,0.49145134804609597,-0.010684955964216718,0.16966733722854715,0.8271621933002088,0.5685622971696711,0.31282615517030443,0.8885307645380711,1.1603502692863146,1.2800382660974157,1.0097012473801243,0.41369818995709984,0.4302518325617314,0.23490532138803383,0.34673509559735466,0.7632638581293706,0.7507213535198621
1.7699823188770847,0.999425039324432,1.3723987253927767,1.20729568562585,-0.010684955964216718,0.6824789906916063,-0.6983308925851475,0.507900228415866,0.25301055297638236,0.8286928220438019,1.0087419228405967,1.264253616733735,0.7897897645006399,0.41369818995709984,0.53731649020411,0.23784794285237992,0.4415329452387379,0.6980776488597344,0.6884045777583472
1.7699823188770847,0.999425039324432,1.5168617489757383,-0.7054689621240783,-0.010684955964216718,0.8899175072278503,1.6462142355687361,0.4472381596620609,0.25301055297638236,0.8112031307560432,0.8793642822300758,1.3069310736864095,0.6251940623260819,0.41369818995709984,0.6304532061045796,0.21626642400332724,0.5132114665304236,0.6715144373419607,0.6625648101490365
1.7699823188770847,0.999425039324432,1.6613247725587,2.2919304889534926,-0.010684955964216718,-0.6991224441542135,-0.6983308925851475,0.38657609090825573,0.1931949507824603,0.6965769543092049,0.7810343958689592,1.3075311921263313,0.7050716226643231,0.41369818995709984,0.6985341049795315,0.207944773114135,0.46738347626544335,0.7541845014896967,0.73904032619282
1.7699823188770847,1.1095028913365959,-1.6613247698494156,-0.7054689621240783,-0.010684955964216718,1.155100440032268,1.4006984293076878,0.3107484326511092,0.1931949507824603,0.7042635619198389,0.6926331285017645,1.1683881057200973,0.6866794253387928,0.41369818995709984,0.7537714725454944,0.2489605447765891,0.45790650853805825,0.6803781417104436,0.6725611074134031
1.7699823188770847,1.1095028913365959,-1.516861746266454,-0.7054689621240783,-0.010684955964216718,-0.6991224441542135,-0.6983308925851475,0.21975518489062115,0.25301055297638236,0.6217985905301469,0.6172982850792296,1.1196830386982657,0.7270961427076195,0.41369818995709984,0.7786936083560948,0.22912484938002717,0.3968654398055737,-1.2740310493992413,-1.2860490588430924
1.7699823188770847,1.1095028913365959,-1.3723987226834924,0.8859271150744064,-0.010684955964216718,-0.6991224441542135,0.3934439160932645,0.14392752663347458,0.25301055297638236,0.44227874272983025,0.5548357818493407,0.943909711550728,0.6220824396101008,0.41369818995709984,0.7813078724037705,0.24497494708332432,0.3836008056187151,0.4652091980221177,0.41843334708423
1.7699823188770847,1.1095028913365959,-1.2279356991005308,-0.7054689621240783,-0.010684955964216718,0.7888317723386461,0.511990100293865,0.08326531324988914,0.1931949507824603,0.3851271996929021,0.4860122718670905,0.6269099322765463,0.5856426628346177,0.41369818995709984,0.7819323615449358,0.3138227803660778,0.33218861868777116,0.23951721554474267,0.24455340642981288
1.7699823188770847,1.1095028913365959,-1.0834726755175694,2.2821907208806853,-0.010684955964216718,-0.6991224441542135,-0.6983308925851475,0.02260324449608401,0.07356374639461619,0.27753877441406305,0.4273622792858487,0.5667310098550742,0.5695906808150165,0.41369818995709984,0.7721678416120167,0.2709260802445816,0.2699820807815225,0.804025557579079,0.7906147450745218
1.7699823188770847,1.1095028913365959,-0.9390096519346078,-0.7054689621240783,-0.010684955964216718,1.2928448497884837,1.247213686258698,-0.03805896888750143,-0.04606745799322794,0.30228763076931797,0.3689233086749781,0.42253124363972683,0.4533806699496471,0.41369818995709984,0.7603426040339849,0.26159759586707676,0.24943293919285922,0.7188816126609112,0.7115074274100859
1.7699823188770847,1.1095028913365959,-0.7945466283516462,1.4207607299804719,-0.010684955964216718,0.5665872485773005,-0.6983308925851475,0.26525166414108486,-0.5844078777385264,0.35976895342090476,0.48811543397982066,0.9321613701601007,0.5580195696642383,0.41369818995709984,0.6298919380433932,0.009420013567130073,0.15818675825523568,0.7545947448336401,0.7421538597980686
1.7699823188770847,1.1095028913365959,-0.6500836047686848,-0.7054689621240783,-0.010684955964216718,0.9040290131272086,1.355779715882613,0.5533967076663298,-1.062932695289903,0.4791404779131558,0.7152936416277845,2.0084107115283047,0.7860190915408537,0.41369818995709984,0.42396881546062554,-0.4097972682339778,0.02403817906561353,0.6523143648064863,0.6445483207923346
1.7699823188770847,1.1095028913365959,-0.5056205811857232,-0.7054689621240783,-0.010684955964216718,-0.6991224441542135,-0.6983308925851475,0.8567073406949159,-1.4816419106473573,0.5642684364143206,0.8916600172394666,2.6750672834763876,0.9641714404607582,0.41369818995709984,0.2689729271209868,-0.6403574040796264,-0.07609703396004552,-1.2740310493992413,-1.2860490588430924
1.7699823188770847,1.1095028913365959,-0.3611575576027617,-0.7054689621240783,-0.010684955964216718,-0.6991224441542135,-0.6983308925851475,1.038693836215892,-1.7807199216169676,0.7040862970154077,1.045506325785677,3.154857713989004,1.0408753300956881,0.41369818995709984,0.12712267998397667,-0.8039119107366285,-0.14266942199174065,-1.2740310493992413,-1.2860490588430924
1.7699823188770847,1.1095028913365959,-0.21669453401980013,-0.7054689621240783,-0.010684955964216718,-0.6991224441542135,-0.6983308925851475,1.220680331736868,-2.079797932586578,0.8813993639865988,1.202503848705491,3.210944919774646,1.046029505475676,0.29755399725126586,-0.010323084813895086,-0.847134325794301,-0.18184591628231758,-1.2740310493992413,-1.2860490588430924
1.7699823188770847,1.1095028913365959,-0.0722315104368386,-0.7054689621240783,-0.010684955964216718,-0.6991224441542135,-0.6983308925851475,1.4026665379982834,-2.3190603413622664,1.0378526997133368,1.3165382865204571,2.9118975472401694,1.0553635351373039,0.23773926417904617,-0.13408389881466204,-0.8090609604608323,-0.2388446836949395,-1.2740310493992413,-1.2860490588430924
1.7699823188770847,1.1095028913365959,0.07223151314612293,-0.7054689621240783,-0.010684955964216718,-0.6991224441542135,-0.6983308925851475,1.5998186230226008,-2.5583227501379544,1.1911199496294886,1.4250480421144665,2.5107405336175845,1.0662982351747892,0.13542736011525058,-0.24617704533368034,-0.7382633554035966,-0.291411720984193,-1.2740310493992413,-1.2860490588430924
1.7699823188770847,1.1095028913365959,0.21669453672908448,-0.7054689621240783,-0.010684955964216718,-0.6991224441542135,-0.6983308925851475,1.7818048292840163,-2.7377695567197207,1.284451594122892,1.5355925011886773,2.1480107062922063,1.3127385865832208,0.12805201142207545,-0.35289929567647876,-0.6705533730438528,-0.41800923883304986,-1.2740310493992413,-1.2860490588430924
1.7699823188770847,1.1095028913365959,0.361157560312046,-0.7054689621240783,-0.010684955964216718,-0.6991224441542135,-0.6983308925851475,1.9637913248049923,-2.917216363301487,1.3283651278817377,1.6482133035298854,1.935151082486663,1.8469625341472882,0.23076169761716536,-0.46857746351323004,-0.6531317115302728,-0.6364876827310876,-1.2740310493992413,-1.2860490588430924
1.7699823188770847,1.1095028913365959,0.5056205838950075,0.6139034375106023,-0.010684955964216718,-0.6991224441542135,-0.6983308925851475,1.8121360082906992,-2.7377695567197207,1.266174579089792,1.712433146914371,1.7352170210455138,2.4419021142866453,0.41369818995709984,-0.534035411474555,-0.6146093586989176,-0.8286303807493038,-0.289348738342389,-0.3810539517844874
1.7699823188770847,1.1095028913365959,0.6500836074779691,-0.7054689621240783,-0.010684955964216718,0.3654195313582264,-0.6983308925851475,1.6453151022730645,-2.498507147944032,1.1971288954276196,1.7462968799657193,1.4739890443996289,2.8824369549272815,0.41369818995709984,-0.5709671394628202,-0.5420371020508505,-0.9520043296208939,-0.6598877180012704,-0.6517051601663385
1.7699823188770847,1.1095028913365959,0.7945466310609306,0.8541605586621716,-0.010684955964216718,0.2850630895584547,-0.6983308925851475,1.4936597857587715,-2.3190603413622664,1.0987850021459054,1.7705517028946445,1.388659703723254,3.0024931025208117,0.41369818995709984,-0.6036201033664089,-0.5249848279516793,-0.9904574441974462,0.41927094401261106,0.41469966807218417
1.7699823188770847,1.1095028913365959,0.9390096546438922,0.9036762492331688,-0.010684955964216718,0.4153845236646003,-0.6983308925851475,1.3420044692444784,-2.019982330392656,0.9607304256507821,1.668264625269743,1.2415880638941332,2.4737025462797186,0.41369818995709984,-0.5608664860779524,-0.4747950391007393,-0.8494393582508237,0.4940216375269791,0.49416884821420276
1.7699823188770847,1.1095028913365959,1.0834726782268538,1.190176816078784,-0.010684955964216718,0.6677565506761257,-0.6983308925851475,1.1751835632268437,-1.7807199216169676,0.8323491615442566,1.4468672903953943,1.094798582024692,1.8121158813708251,0.41369818995709984,-0.4457061519726311,-0.4225644762177195,-0.6562148413193628,0.7474193565348566,0.7380680513025992
1.7699823188770847,1.1095028913365959,1.2279357018098151,-0.7054689621240783,-0.010684955964216718,0.8048445110938723,1.6333381246463314,1.0235282467125506,-1.4816419106473573,0.7893333240184168,1.2486146193884522,1.1845299278484474,0.9079249399458779,0.41369818995709984,-0.33296655784573725,-0.4425873393781344,-0.355102075817322,0.7064632460226388,0.6975259300740853
1.7699823188770847,1.1095028913365959,1.3723987253927767,1.3879437325487431,-0.010684955964216718,0.3935879879597187,-0.6983308925851475,0.947700588455404,-1.3620107062595133,0.6763092209531352,1.0956476866786387,1.2589326802252243,0.7639476162639021,0.41369818995709984,-0.24496257321332296,-0.4538075089827188,-0.29099672033938856,0.7283550117226527,0.7161538563691262
1.7699823188770847,1.1095028913365959,1.5168617489757383,-0.7054689621240783,-0.010684955964216718,0.9498231081876058,1.57017963405628,0.8567073406949159,-1.3021951040655912,0.6376708231804925,0.9716422843238566,1.2957939324682592,0.6966205190926786,0.41369818995709984,-0.18497807470680955,-0.4525339076470756,-0.2527735356240047,0.6616635568005135,0.6543177880665064
1.7699823188770847,1.1095028913365959,1.6613247725587,1.5783964936843338,-0.010684955964216718,0.38420512473306545,-0.6983308925851475,0.7808796824377694,-1.182563899677747,0.5616603010845962,0.8738198387543684,1.3361365536156131,0.775009766221309,0.41369818995709984,-0.13560530686529848,-0.45547265667492814,-0.2701905600746218,0.7203627369408437,0.7069355839220763
1.7699823188770847,1.2195807433487595,-1.6613247698494156,-0.7054689621240783,-0.010684955964216718,0.981816630438027,1.5717115112213853,0.7050520241806228,-1.122748297483825,0.5348678813971259,0.7937317078052437,1.3572984005915474,0.7757057098629863,0.41369818995709984,-0.1100415494834622,-0.4601258193926019,-0.2682176275052748,0.6379106651974585,0.6303563858773545
1.7699823188770847,1.2195807433487595,-1.516861746266454,-0.7054689621240783,-0.010684955964216718,-0.6991224441542135,-0.6983308925851475,0.6140590656796955,-1.003117093095981,0.4698638375559831,0.7264643966345942,1.3612264485619443,0.8438654239452764,0.41369818995709984,-0.09001422133458437,-0.46397265477818256,-0.29541999875249725,-1.2740310493992413,-1.2860490588430924
1.7699823188770847,1.2195807433487595,-1.3723987226834924,-0.7054689621240783,-0.010684955964216718,-0.6991224441542135,0.3890183883636136,0.5382314074225488,-0.9433014909020588,0.34703999543441505,0.6330529454290534,1.1826767211888027,0.7330259179292357,0.41369818995709984,-0.051626719393981335,-0.4127213880572993,-0.26317152305918023,-0.6934472526285396,-0.7467087624756035
1.7699823188770847,1.2195807433487595,-1.2279356991005308,-0.7054689621240783,-0.010684955964216718,-0.6991224441542135,-0.6983308925851475,0.3410793223982314,-0.46477667335068235,0.2221103800330389,0.57091156258886,0.9235287004994648,0.6890045478910469,0.41369818995709984,-0.023290403962690172,-0.3254906684691324,-0.24709311948739177,-1.2740310493992413,-1.2860490588430924
1.7699823188770847,1.2195807433487595,-1.0834726755175694,0.7902184825065428,-0.010684955964216718,0.37549142987930184,0.3058890029884395,0.15909297150703572,0.013748144200694123,0.050986199461080725,0.5073777170478555,0.5662485282684325,0.504930808612679,0.41369818995709984,0.018846204541392443,-0.19174918983422068,-0.17128647951012932,0.8495719292894348,0.8361999916134918
1.7699823188770847,1.2195807433487595,-0.9390096519346078,-0.7054689621240783,-0.010684955964216718,1.2819010141557026,1.2493366818701084,-0.03805896888750143,0.5520885639459927,0.007605798263863698,0.4406524288646478,0.4899644386801396,0.48171731497432446,0.41369818995709984,0.06283745892607646,-0.16217754368689236,-0.16082477918222657,0.6889576099051281,0.6840130507937083
1.7699823188770847,1.2195807433487595,-0.7945466283516462,1.6245224263352083,-0.010684955964216718,0.3514197637529903,-0.6983308925851475,0.2500860746377434,-0.04606745799322794,0.05225715537964346,0.5437327797159613,1.014287237687007,0.6019881150645647,0.41369818995709984,-0.0012708878889821009,-0.3395306172470744,-0.197504984998912,0.808304941087445,0.7934088315662079
1.7699823188770847,1.2195807433487595,-0.6500836047686848,-0.7054689621240783,-0.010684955964216718,1.0271498970116588,1.4166867159649474,0.5533967076663298,-0.5844078777385264,0.2065110684431004,0.760622431229905,2.0643802804606666,0.8397836725625236,0.41369818995709984,-0.13910201171252656,-0.6613845191040248,-0.27385795219578385,0.6572322446470013,0.6520257191682958
1.7699823188770847,1.2195807433487595,-0.5056205811857232,-0.7054689621240783,-0.010684955964216718,-0.6991224441542135,-0.6983308925851475,0.8415420404511351,-1.062932695289903,0.4083134491924925,0.929936861932057,2.7376560565081705,1.0150574979620932,0.41369818995709984,-0.23882578502239726,-0.8369405669958575,-0.3214857233250465,-1.2740310493992413,-1.2860490588430924
1.7699823188770847,1.2195807433487595,-0.3611575576027617,-0.7054689621240783,-0.010684955964216718,-0.6991224441542135,-0.6983308925851475,0.8718729301982574,-1.3021951040655912,0.5265979719122885,1.0676629269155595,3.217805364667388,1.0821976126850106,0.41369818995709984,-0.3283504537999521,-0.9633018270802214,-0.34902767995629425,-1.2740310493992413,-1.2860490588430924
1.7699823188770847,1.2195807433487595,-0.21669453401980013,-0.7054689621240783,-0.010684955964216718,-0.6991224441542135,-0.6983308925851475,0.8870385197015989,-1.6012731150352015,0.6976726520958395,1.1936987981959537,3.2415475504467923,1.0619129517459074,0.41369818995709984,-0.41126490019223566,-0.9784654278473636,-0.3541983929510899,-1.2740310493992413,-1.2860490588430924
1.7699823188770847,1.2195807433487595,-0.0722315104368386,-0.7054689621240783,-0.010684955964216718,-0.6991224441542135,-0.6983308925851475,0.9173696987082818,-1.8405355238108898,0.8747362103524917,1.282077481272005,2.9272167638365243,1.0234524229506143,0.41369818995709984,-0.48328094934312416,-0.9210561265603564,-0.36822866540327176,-1.2740310493992413,-1.2860490588430924
1.7699823188770847,1.2195807433487595,0.07223151314612293,-0.7054689621240783,-0.010684955964216718,-0.6991224441542135,-0.6983308925851475,0.947700588455404,-2.079797932586578,1.0151862042920219,1.358192894257184,2.48970655278652,0.9875685626021578,0.41369818995709984,-0.5528837388723765,-0.8373370614657208,-0.3935428378942639,-1.2740310493992413,-1.2860490588430924
1.7699823188770847,1.2195807433487595,0.21669453672908448,-0.7054689621240783,-0.010684955964216718,-0.6991224441542135,-0.6983308925851475,0.9628661779587454,-2.3190603413622664,1.104092915416324,1.4247953803572995,2.0638364231244872,1.162801302172279,0.41369818995709984,-0.6370370288700475,-0.7780739387751261,-0.5177264172666317,-1.2740310493992413,-1.2860490588430924
1.7699823188770847,1.2195807433487595,0.361157560312046,-0.7054689621240783,-0.010684955964216718,-0.6991224441542135,-0.6983308925851475,0.9931973569654283,-2.6181383523318766,1.1201444197436037,1.5005776750481132,1.775886979523734,1.6760404527239894,0.41369818995709984,-0.7374197974830567,-0.7739035398069766,-0.7556121550261921,-1.2740310493992413,-1.2860490588430924
1.7699823188770847,1.2195807433487595,0.5056205838950075,1.2026992212501995,-0.010684955964216718,0.6289357450736496,-0.6983308925851475,0.9325349989520626,-2.5583227501379544,1.072270185988016,1.5486631596879263,1.5000694757482171,2.2774271541414866,0.41369818995709984,-0.7982150701450242,-0.7408677840808428,-0.9626682208634716,0.8617903045476628,0.8426079900627803
1.7699823188770847,1.2195807433487595,0.6500836074779691,-0.7054689621240783,-0.010684955964216718,1.5678568631841348,-0.6983308925851475,0.8718729301982574,-2.498507147944032,1.0345268087517085,1.5838480737711642,1.5025193910839205,2.748259859298226,0.41369818995709984,-0.8468516260971631,-0.7789962240666637,-1.1120259777312476,-0.07737533648893935,-0.03799479929684486
1.7699823188770847,1.2195807433487595,0.7945466310609306,1.5734903689842343,-0.010684955964216718,0.24265435997359688,-0.6983308925851475,0.8112108614444523,-2.498507147944032,0.969966930557895,1.6102215855129804,1.587863223256714,2.8779887850247543,0.41369818995709984,-0.8925027957840403,-0.8399690274691431,-1.174176279257691,0.7470969581895286,0.7330954133603701
1.7699823188770847,1.2195807433487595,0.9390096546438922,-0.7054689621240783,-0.010684955964216718,0.9690913941744947,-0.6983308925851475,0.6747211344335006,-2.259244739168344,0.8848991752318199,1.515289929209849,1.6500990857286568,2.3559958373415855,0.41369818995709984,-0.8785526542735891,-0.8918807597475306,-1.0830669510131192,-0.4284681246075169,-0.4138938936982474
1.7699823188770847,1.2195807433487595,1.0834726782268538,1.598464133273484,-0.010684955964216718,0.2750418569430866,-0.6983308925851475,0.5533967076663298,-2.019982330392656,0.6657843680991004,1.2931437839322764,1.62725196296334,1.663533590845366,0.41369818995709984,-0.7866936315734558,-0.9042747078803701,-0.9252316953338006,0.7237129075745122,0.7094450571740328
1.7699823188770847,1.2195807433487595,1.2279357018098151,-0.7054689621240783,-0.010684955964216718,0.6698372165217081,1.783044321201316,0.416906980655378,-1.7807199216169676,0.6140624825311057,1.0894341835778076,1.5597113603612367,0.7162746383226961,0.41369818995709984,-0.6966950459978914,-0.8996923246963833,-0.6694439349810266,0.6836689089639009,0.674643353448055
1.7699823188770847,1.2195807433487595,1.3723987253927767,-0.7054689621240783,-0.010684955964216718,-0.6991224441542135,-0.6983308925851475,0.21975518489062115,-1.3021951040655912,0.5004330030940877,0.9219907202450676,1.4914197572682655,0.5679824640623213,0.41369818995709984,-0.6137518846876022,-0.8839674357730429,-0.6263265598937038,-1.2740310493992413,-1.2860490588430924
1.7699823188770847,1.2195807433487595,1.5168617489757383,0.8170874361569236,-0.010684955964216718,0.1921696742277686,0.49016954977463073,0.0074376549927425714,-0.7638546843202927,0.31598117740558,0.7945510941182906,1.1896019515949452,0.5072341305207361,0.41369818995709984,-0.5627701162304458,-0.8088494824012146,-0.6147132598652837,0.8296253542759731,0.814358947815068
1.7699823188770847,1.2195807433487595,1.6613247725587,-0.7054689621240783,-0.010684955964216718,1.1806530852986425,1.3990634208391846,-0.18971428540179458,-0.16569866238107206,0.2557177991406761,0.6585830750484831,1.0233256692473627,0.5256296817915275,0.41369818995709984,-0.4945567426497366,-0.7571305114060595,-0.6149401557791794,0.6786135012976849,0.6740976910597183
1.7699823188770847,1.3296585953609235,-1.6613247698494156,1.0991504952013154,-0.010684955964216718,0.16635949479337947,0.2652688945202362,-0.2958729780358437,0.013748144200694123,0.14312314539103518,0.5446297995298137,1.0241303735190759,0.6406205335544888,0.41369818995709984,-0.43954426839117944,-0.7563181602838654,-0.6495425411350894,0.7818572961457184,0.767953261094761
1.7699823188770847,1.3296585953609235,-1.516861746266454,-0.7054689621240783,-0.010684955964216718,1.112575977745784,1.2028699508117136,-0.3868660811665514,0.1931949507824603,0.09371774421566309,0.449761661545523,0.9775896541094051,0.7147880020857157,0.41369818995709984,-0.39989379266199093,-0.7399708847618738,-0.6690633913088195,0.6092926367551065,0.6018844068371111
1.7699823188770847,1.3296585953609235,-1.3723987226834924,1.6768072983128475,-0.010684955964216718,-0.6991224441542135,0.2838091568954182,-0.4930249184303809,0.3726417573642265,0.025219909446807964,0.3644664399696456,0.9616609422225045,0.8036155653531892,0.41369818995709984,-0.3722500134884836,-0.736820872809764,-0.697420396203832,0.7526083318014263,0.7367835009787228
1.7699823188770847,1.3296585953609235,-1.2279356991005308,-0.7054689621240783,-0.010684955964216718,1.4249279227198348,1.1247871867677512,-0.5233559528072834,0.31282615517030443,0.040607172075596776,0.2903687922463107,0.7970852796016888,0.8332200016865605,0.41369818995709984,-0.3524355135554124,-0.6945706544473232,-0.711912912194065,0.6221783099843735,0.6159208187506838
1.7699823188770847,1.3296585953609235,-1.0834726755175694,1.132486702933713,-0.010684955964216718,0.19929611767866803,0.14728406322715515,-0.553686987184186,0.1931949507824603,-0.005596089109164864,0.22710384092173247,0.811159079947013,0.8807957152151947,0.41369818995709984,-0.3424366895436403,-0.7121747507468197,-0.7394815242192089,0.7356733281544292,0.7214193037566926
1.7699823188770847,1.3296585953609235,-0.9390096519346078,-0.7054689621240783,-0.010684955964216718,1.312991800310243,1.2671760915767722,-0.5840180215610886,0.07356374639461619,-0.006168688196685762,0.1893965438214149,0.8150479156329833,0.8715631423977152,0.41369818995709984,-0.35933240251707643,-0.7392966505412815,-0.7626968553290361,0.6046012098003664,0.5980985794668859
1.7699823188770847,1.3296585953609235,-0.7945466283516462,1.1889719037155182,-0.010684955964216718,0.13157782354724495,0.11459138764590202,-0.17454869589845315,-0.6442234799324486,0.03891680070390833,0.2763827641966552,1.2519520411563048,1.048513101941517,0.41369818995709984,-0.4373489043238217,-0.8736736390318504,-0.82669775633658,0.7254381257440399,0.7103505329885503
1.7699823188770847,1.3296585953609235,-0.6500836047686848,-0.7054689621240783,-0.010684955964216718,1.1813249866871929,1.183910769920595,0.2500860746377434,-1.3021951040655912,0.16702581267419436,0.5406182648154653,2.2360891690832796,1.2954020435286202,0.41369818995709984,-0.6081025261972769,-1.1251955963199096,-0.9023724196074792,0.5784601223025782,0.5717444999556881
1.7699823188770847,1.3296585953609235,-0.5056205811857232,-0.7054689621240783,-0.010684955964216718,-0.6991224441542135,-0.6983308925851475,0.6595555449301591,-1.8405355238108898,0.276037039657656,0.7426869752665456,2.7681376405631735,1.4417128746260028,0.38619272552554085,-0.7337194338896371,-1.246800858984161,-0.9459251661284376,-1.2740310493992413,-1.2860490588430924
1.7699823188770847,1.3296585953609235,-0.3611575576027617,-0.7054689621240783,-0.010684955964216718,-0.6991224441542135,-0.6983308925851475,0.9931973569654283,-2.019982330392656,0.4696464372014921,0.9480854571430825,3.130867467888552,1.489520848863968,0.193574918078369,-0.8416761844048474,-1.3106932643673863,-0.9447802844540242,-1.2740310493992413,-1.2860490588430924
1.7699823188770847,1.3296585953609235,-0.21669453401980013,-0.7054689621240783,-0.010684955964216718,-0.6991224441542135,-0.6983308925851475,1.3268388797411368,-2.199429136974422,0.6752115163939976,1.1227297805550795,3.257648455408784,1.444760772382023,0.3262960961321723,-0.9262720219623704,-1.3144569499360368,-0.9056358633203303,-1.2740310493992413,-1.2860490588430924
1.7699823188770847,1.3296585953609235,-0.0722315104368386,-0.7054689621240783,-0.010684955964216718,-0.6991224441542135,-0.6983308925851475,1.6604806917764061,-2.378875943556188,0.8818147658947185,1.270317417418172,3.0093809912068914,1.3624381859484436,0.41369818995709984,-0.9867200612881182,-1.235157733260341,-0.8485575631470592,-1.2740310493992413,-1.2860490588430924
1.7699823188770847,1.3296585953609235,0.07223151314612293,-0.7054689621240783,-0.010684955964216718,-0.6991224441542135,-0.6983308925851475,1.6756462812797475,-2.4386915457501104,1.06162827140464,1.3832854532357102,2.609982563296748,1.3357298813480278,0.41369818995709984,-1.0366367234589131,-1.1303183995301018,-0.8208567577050324,-1.2740310493992413,-1.2860490588430924
1.7699823188770847,1.3296585953609235,0.21669453672908448,-0.7054689621240783,-0.010684955964216718,-0.6991224441542135,-0.6983308925851475,1.6756462812797475,-2.5583227501379544,1.169244791498521,1.486741973686381,2.29654428237767,1.534003386375557,0.41369818995709984,-1.0809211595694532,-1.0388644652427212,-0.8554966339808125,-1.2740310493992413,-1.2860490588430924
1.7699823188770847,1.3296585953609235,0.361157560312046,-0.7054689621240783,-0.010684955964216718,-0.6991224441542135,-0.6983308925851475,1.6908115815235283,-2.6779539545257984,1.2244069540608145,1.590128623986327,2.004245684969416,2.0083007169870077,0.41369818995709984,-1.132871996183843,-0.9623259730838569,-0.9769791334383802,-1.2740310493992413,-1.2860490588430924
1.7699823188770847,1.3296585953609235,0.5056205838950075,1.6511280969461173,-0.010684955964216718,-0.6991224441542135,-0.6983308925851475,1.5998186230226008,-2.4386915457501104,1.1923213374346142,1.6481257894017047,1.7712411762601352,2.6011080264266235,0.41369818995709984,-1.1539538133384752,-0.885357640474213,-1.107246643934633,0.4488428467329605,0.34558956974524574
1.7699823188770847,1.3296585953609235,0.6500836074779691,-0.7054689621240783,-0.010684955964216718,1.0580023852237959,-0.6983308925851475,1.5088253752621128,-2.199429136974422,1.1772083337145678,1.698186693757468,1.529202498195328,3.036932250948052,0.41369818995709984,-1.1660731978496912,-0.7984472574382037,-1.1890936562213648,-0.2876018289385721,-0.27351870968494985
1.7699823188770847,1.3296585953609235,0.7945466310609306,1.2900515999932194,-0.010684955964216718,0.4833695496128954,-0.6983308925851475,1.4178321275016248,-1.9601667281987338,1.138985337850045,1.7427920802839012,1.5273569635043756,3.167713477000249,0.41369818995709984,-1.1757452991809618,-0.7773353790816694,-1.2013516700452382,0.779076317900619,0.7684456481466473
1.7699823188770847,1.3296585953609235,0.9390096546438922,1.045389623519598,-0.010684955964216718,0.4322277838326762,-0.6983308925851475,1.220680331736868,-1.5414575128412795,1.0452402982210247,1.656315417977584,1.450011584913664,2.6442146078948485,0.41369818995709984,-1.118658835676533,-0.7213799625626145,-1.0506136838788935,0.5625018542344477,0.5581498635243738
1.7699823188770847,1.3296585953609235,1.0834726782268538,1.2589748720557845,-0.010684955964216718,0.6631690787738874,-0.6983308925851475,1.008362657209209,-1.003117093095981,0.929675621166953,1.436151750006944,1.310987840242642,1.9571949760710707,0.41369818995709984,-0.9941890768934077,-0.6426873200365548,-0.8382666307085067,0.7171527942865222,0.707339656858539
1.7699823188770847,1.3296585953609235,1.2279357018098151,-0.7054689621240783,-0.010684955964216718,0.7628308073879525,1.690347935312459,0.8112108614444523,-0.46477667335068235,0.8805498302936647,1.2328797202933788,1.4082743703462648,1.0008325776234737,0.41369818995709984,-0.8741148722816374,-0.6373085057470695,-0.5184305097444226,0.6907632926533055,0.681211382811835
1.7699823188770847,1.3296585953609235,1.3723987253927767,1.4933927611217057,-0.010684955964216718,0.46394379987756346,-0.6983308925851475,0.6595555449301591,-0.46477667335068235,0.7458365300160261,1.0671364306282787,1.4401232697104078,0.8325181886406764,0.41369818995709984,-0.7731522553663793,-0.6215309086603452,-0.43585860077002986,0.7150049120662798,0.7028096140191289
1.7699823188770847,1.3296585953609235,1.5168617489757383,-0.7054689621240783,-0.010684955964216718,0.9316477131169805,1.6189066595141455,0.507900228415866,-0.5245922755446044,0.692546017274858,0.9272810904454116,1.4407949931914568,0.7492556590476749,0.41369818995709984,-0.6736391385558276,-0.5859277275390143,-0.36843822447560903,0.6565273245351617,0.6488316578429509
1.7699823188770847,1.3296585953609235,1.6613247725587,1.590575689005998,-0.010684955964216718,0.37719525491168765,-0.6983308925851475,0.35624491190157287,-0.5844078777385264,0.5600502006130276,0.810852717769244,1.4361048629976363,0.8132833125682959,0.41369818995709984,-0.600539885481179,-0.5743429034979577,-0.3794228472870173,0.7174447709007725,0.7037349656322452
1.7699823188770847,1.4397364473730871,-1.6613247698494156,-0.7054689621240783,-0.010684955964216718,0.992102019528587,1.6074976542675172,0.3410793223982314,-0.5245922755446044,0.550599639972262,0.7196601731685434,1.4332534479670422,0.7948877612975045,0.41369818995709984,-0.5392760046615055,-0.5632031945182939,-0.36189790099769903,0.6447325133788638,0.6370719469420743
1.7699823188770847,1.4397364473730871,-1.516861746266454,-0.7054689621240783,-0.010684955964216718,-0.6991224441542135,-0.6983308925851475,0.3107484326511092,-0.4049610711567603,0.4703595103642225,0.6500370381279967,1.4143164719118406,0.8508290527936252,0.41369818995709984,-0.48465636978541243,-0.5442114751419564,-0.3669702274166507,-1.2740310493992413,-1.2860490588430924
1.7699823188770847,1.4397364473730871,-1.3723987226834924,-0.7054689621240783,-0.010684955964216718,-0.6991224441542135,1.466409629273308,0.2955828431477677,-0.3451454689628382,0.3683278381461733,0.5960824608272897,1.2409922076590405,0.8094103442780464,0.41369818995709984,-0.4392851102236325,-0.47602819498856147,-0.3381217230634573,-0.13595372975617348,-0.1633703123325175
1.7699823188770847,1.4397364473730871,-1.2279356991005308,-0.7054689621240783,-0.010684955964216718,-0.6991224441542135,-0.6983308925851475,0.17425856101037715,-0.4049610711567603,0.23528015904601957,0.529780628103021,0.9652403418378902,0.8467607171919168,0.41369818995709984,-0.39732368684956765,-0.39270992707100416,-0.35817936519393967,-1.2740310493992413,-1.2860490588430924
1.7699823188770847,1.4397364473730871,-1.0834726755175694,0.8478118043740704,-0.010684955964216718,0.4261896061946147,0.18926259123127329,0.05293427887298657,-0.46477667335068235,0.04194635825926131,0.46707887253883157,0.5525625885625464,0.7057440886891727,0.41369818995709984,-0.3718482459382362,-0.28085137192555665,-0.33835447016137893,0.8402540590777008,0.8234319425177202
1.7699823188770847,1.4397364473730871,-0.9390096519346078,-0.7054689621240783,-0.010684955964216718,1.3412261646355497,1.205438381422556,-0.068390003264404,-0.5844078777385264,-0.0015383951081113952,0.4009083110068339,0.49355747735097794,0.6587494461770232,0.41369818995709984,-0.3488266033563135,-0.29575982215484864,-0.35696383589017566,0.673401124699517,0.6683470283001723
1.7699823188770847,1.4397364473730871,-0.7945466283516462,1.6503363640308266,-0.010684955964216718,0.3463161723548537,-0.6983308925851475,0.3107484326511092,-1.182563899677747,0.0510905516312364,0.4878691240545378,0.8831963086437005,0.7546965967474865,0.41369818995709984,-0.43195629098272353,-0.48054560729360163,-0.44399239669767715,0.7985699871425312,0.7834354836775429
1.7699823188770847,1.4397364473730871,-0.6500836047686848,-0.7054689621240783,-0.010684955964216718,1.0859332796947934,1.4079257955878837,0.6747211344335006,-1.6610887172291235,0.2029490472502864,0.6955683805913098,1.6569799892045778,0.933449301869127,0.3101438017067319,-0.5691354172562569,-0.744265631968537,-0.5345351352890683,0.642950771993014,0.637847717802849
1.7699823188770847,1.4397364473730871,-0.5056205811857232,-0.7054689621240783,-0.010684955964216718,-0.6991224441542135,-0.6983308925851475,1.0538594257192335,-2.1396135347805,0.42676505343335286,0.9004791829309686,2.001270665998781,1.1202497986447653,-0.017615805057913818,-0.7110932850103303,-0.8764219932654387,-0.6355924515751151,-1.2740310493992413,-1.2860490588430924
1.7699823188770847,1.4397364473730871,-0.3611575576027617,-0.7054689621240783,-0.010684955964216718,-0.6991224441542135,-0.6983308925851475,1.2965079899940146,-2.259244739168344,0.5967373465885926,1.125854881842049,2.381006690591829,1.2435156718531635,-0.1913705498496188,-0.8320822648671383,-0.9743957122280453,-0.6737458555032265,-1.2740310493992413,-1.2860490588430924
1.7699823188770847,1.4397364473730871,-0.21669453401980013,-0.7054689621240783,-0.010684955964216718,-0.6991224441542135,-0.6983308925851475,1.5391562650092352,-2.4386915457501104,0.7873981264013631,1.2984736766421214,2.6746146373235486,1.2559235923465848,-0.2652410315258687,-0.9251724095140357,-1.045833344983514,-0.6772732526288043,-1.2740310493992413,-1.2860490588430924
1.7699823188770847,1.4397364473730871,-0.0722315104368386,-0.7054689621240783,-0.010684955964216718,-0.6991224441542135,-0.6983308925851475,1.7818048292840163,-2.5583227501379544,1.00180772093873,1.4559306487348844,2.5669095737359435,1.3154670210531216,-0.3092486046689181,-0.9944721239423208,-1.0037748122275019,-0.6762122379254297,-1.2740310493992413,-1.2860490588430924
1.7699823188770847,1.4397364473730871,0.07223151314612293,-0.7054689621240783,-0.010684955964216718,-0.6991224441542135,-0.6983308925851475,1.8879636665478456,-2.6779539545257984,1.1412101796316974,1.5348585117265163,2.239011336714035,1.276336541691925,-0.04431985548965921,-1.0295265236777784,-0.9121585583104349,-0.6538043702111854,-1.2740310493992413,-1.2860490588430924
1.7699823188770847,1.4397364473730871,0.21669453672908448,-0.7054689621240783,-0.010684955964216718,-0.6991224441542135,-0.6983308925851475,1.9789569143083336,-2.8574007611075647,1.2485310352434706,1.6138336605777297,1.9746216565260053,1.4955629812518307,0.23237154530146248,-1.073116010512215,-0.849595044050566,-0.7268236794868946,-1.2740310493992413,-1.2860490588430924
1.7699823188770847,1.4397364473730871,0.361157560312046,-0.7054689621240783,-0.010684955964216718,-0.6991224441542135,-0.6983308925851475,2.0851154623126025,-2.9770319654954087,1.2959985631051183,1.712798730127255,1.8588934185683097,2.022268222026838,0.41369818995709984,-1.1250098998942575,-0.8252100963155727,-0.8818271788081665,-1.2740310493992413,-1.2860490588430924
1.7699823188770847,1.4397364473730871,0.5056205838950075,1.1604375839227885,-0.010684955964216718,-0.6991224441542135,-0.6983308925851475,1.857632487541163,-2.498507147944032,1.3155612503884695,1.7725412377925591,1.6567072080955225,2.6574970696151,0.41369818995709984,-1.1424480593859854,-0.7515176298440776,-1.0292555619210109,0.14538292905209627,0.05074705560694512
1.7699823188770847,1.4397364473730871,0.6500836074779691,-0.7054689621240783,-0.010684955964216718,1.1926560696158781,-0.6983308925851475,1.6149839232663816,-1.9601667281987338,1.257686600326296,1.8202067957689245,1.495725436586511,3.09340262730911,0.41369818995709984,-1.1445850284100039,-0.6702414267707645,-1.1045798042819106,-0.19349220384922552,-0.17091338280591092
1.7699823188770847,1.4397364473730871,0.7945466310609306,1.3070073865536553,-0.010684955964216718,0.4886866315805166,-0.6983308925851475,1.3875009484949419,-1.3620107062595133,1.1829296421206033,1.8450276374946315,1.5085870658784704,3.151784752468993,0.41369818995709984,-1.1279417171528194,-0.6246501562558676,-1.0779829222261157,0.7872721842673337,0.7766287398254369
1.7699823188770847,1.4397364473730871,0.9390096546438922,1.2348918745746968,-0.010684955964216718,0.6103017289519848,-0.6983308925851475,1.281342400490673,-1.122748297483825,1.0726795675786267,1.7422627609602275,1.4575207373813783,2.595667088726812,0.41369818995709984,-1.0457854411166183,-0.5498942756961823,-0.8879824076929603,0.7420966336576903,0.7325114337108171
1.7699823188770847,1.4397364473730871,1.0834726782268538,1.2612729248343837,-0.010684955964216718,0.6468375232302581,-0.6983308925851475,1.1600179737235023,-0.9433014909020588,0.9723014759030444,1.5189676398707337,1.3585199484955357,1.9338020463612478,0.41369818995709984,-0.9115743273764438,-0.4757452919891745,-0.6625882976972731,0.71217515104531,0.7021358859181709
1.7699823188770847,1.4397364473730871,1.2279357018098151,-0.7054689621240783,-0.010684955964216718,0.7155881089114711,1.6790646999480232,1.0538594257192335,-0.7040390821263706,0.933359386558282,1.319746667381018,1.4650887082757325,1.021917154507348,0.41369818995709984,-0.7881967006848618,-0.4726413190042655,-0.3308159780307435,0.6876338145776337,0.6774968624303973
1.7699823188770847,1.4397364473730871,1.3723987253927767,2.2678577177982993,-0.010684955964216718,-0.6991224441542135,-0.6983308925851475,0.947700588455404,-0.6442234799324486,0.8234210306784372,1.1634796051278735,1.4564219409764647,0.8709887792717527,0.41369818995709984,-0.6726703117004262,-0.4263882921196998,-0.23056764211391584,0.7558958588705084,0.7415971325321613
1.7699823188770847,1.4397364473730871,1.5168617489757383,-0.7054689621240783,-0.010684955964216718,1.112807863612984,1.4079172013126005,0.8263764509477938,-0.6442234799324486,0.8054818223500079,1.0274882960078242,1.2761315291511637,0.778868480244199,0.41369818995709984,-0.5465488418773949,-0.3043138192336515,-0.13009176015163404,0.6894992607265084,0.6821562004132699
1.7699823188770847,1.4397364473730871,1.6613247725587,1.4473784210095373,-0.010684955964216718,0.5345949877187226,-0.6983308925851475,0.7202176136839643,-0.7040390821263706,0.7062924089203656,0.9175465552035033,1.2835119630330425,0.8313954554645248,0.41369818995709984,-0.4448244350785747,-0.27437665810840794,-0.11541937443023258,0.7163062061133911,0.7040351516626295
1.7699823188770847,1.5498142993852508,-1.6613247698494156,-0.7054689621240783,-0.010684955964216718,0.9995240491347748,1.571121021624491,0.6292243659234763,-0.16569866238107206,0.6888020487084392,0.8254082934111723,1.3240855956821276,0.8163982892295379,0.41369818995709984,-0.35710518660789725,-0.2494280557282483,-0.06797342342681378,0.647599716530391,0.6395916654510405
1.7699823188770847,1.5498142993852508,-1.516861746266454,-0.7054689621240783,-0.010684955964216718,-0.6991224441542135,-0.6983308925851475,0.5230658179192075,0.31282615517030443,0.6003508749423168,0.752205548224395,1.3450488239130307,0.8850359405115342,0.41369818995709984,-0.26880657243863487,-0.2094565511068774,-0.043980318262572426,-1.2740310493992413,-1.2860490588430924
1.7699823188770847,1.5498142993852508,-1.3723987226834924,1.215328195501987,-0.010684955964216718,-0.6991224441542135,0.5599793805844363,0.4320725701587194,0.851166574915603,0.4715314655059709,0.6942881335871176,1.2089651481330457,0.8278302116519807,0.41369818995709984,-0.20791212472372336,-0.13086394652356678,0.009713180306938709,0.7738322594996718,0.7574975665060794
1.7699823188770847,1.5498142993852508,-1.2279356991005308,-0.7054689621240783,-0.010684955964216718,-0.6991224441542135,0.852372346952768,0.4320725701587194,0.851166574915603,0.42055743715742533,0.6309314335797693,0.9558404753080362,0.8315790839675697,0.41369818995709984,-0.13653673193674287,0.0035184203510208404,0.0488192436786846,-0.4672237899085175,-0.4576932382615711
1.7699823188770847,1.5498142993852508,-1.0834726755175694,1.4381235960751917,-0.010684955964216718,-0.6991224441542135,0.365355204262023,0.4472381596620609,0.7913509727216809,0.3218422909626572,0.5744198910661692,0.6671033762548856,0.8997245437825003,0.41369818995709984,-0.05549140953497953,0.17000393116288856,0.07279371173825068,0.7390243988393129,0.7258393125358185
1.7699823188770847,1.5498142993852508,-0.9390096519346078,-0.7054689621240783,-0.010684955964216718,1.6059807497931677,0.7973663649346735,0.4472381596620609,0.7315353705277589,0.3218489802043339,0.5291200375870762,0.39539378549354903,0.9399869796693167,0.41369818995709984,0.017826221697611264,0.3319731053465199,0.10163289753910645,0.6799707785303892,0.6710249335773684
1.7699823188770847,1.5498142993852508,-0.7945466283516462,1.4554896915359832,-0.010684955964216718,0.5638144990736745,-0.6983308925851475,0.7353832031873058,0.25301055297638236,0.3696094968514187,0.6534395027405713,0.8990150556460131,1.0401936407213705,0.41369818995709984,0.00981282915937393,0.1975100627116508,0.13619237421215946,0.7783438562215907,0.7645909726493169
1.7699823188770847,1.5498142993852508,-0.6500836047686848,-0.7054689621240783,-0.010684955964216718,1.00052433286654,1.2128334408790085,1.008362657209209,-0.22551426457499413,0.5144864309325533,0.8792852372110739,2.047244512166196,1.2055657812238723,0.41369818995709984,-0.08883063584872047,-0.1945885463254065,0.11688606745271463,0.6405890376040112,0.6336912170340127
1.7699823188770847,1.5498142993852508,-0.5056205811857232,-0.7054689621240783,-0.010684955964216718,-0.6991224441542135,-0.6983308925851475,1.2965079899940146,-0.6442234799324486,0.695144787666235,1.0533487208852264,2.780726488746078,1.3428964238846728,0.41369818995709984,-0.14002209559786785,-0.3905803021349344,0.12083128245985018,-1.2740310493992413,-1.2860490588430924
1.7699823188770847,1.5498142993852508,-0.3611575576027617,-0.7054689621240783,-0.010684955964216718,-0.6991224441542135,-0.6983308925851475,1.3571700587478197,-0.7040390821263706,0.7951295519312306,1.198791555848793,3.283027327842521,1.3833064333629772,0.41369818995709984,-0.19900181327601485,-0.5213744263275635,0.13715131826085897,-1.2740310493992413,-1.2860490588430924
1.7699823188770847,1.5498142993852508,-0.21669453401980013,-0.7054689621240783,-0.010684955964216718,-0.6991224441542135,-0.6983308925851475,1.4178321275016248,-0.8236702865142147,0.9413235976984967,1.3294515607408006,3.327625334291138,1.3387727481861564,0.41369818995709984,-0.24941410940969752,-0.5128552811772022,0.18381082678908442,-1.2740310493992413,-1.2860490588430924
1.7699823188770847,1.5498142993852508,-0.0722315104368386,-0.7054689621240783,-0.010684955964216718,-0.6991224441542135,-0.6983308925851475,1.47849419625543,-0.8834858887081368,1.0967220400128277,1.425786971890315,3.0251417722235296,1.3065371417954559,0.41369818995709984,-0.25211717253154203,-0.37502623068803,0.25158249083558254,-1.2740310493992413,-1.2860490588430924
1.7699823188770847,1.5498142993852508,0.07223151314612293,-0.7054689621240783,-0.010684955964216718,-0.6991224441542135,-0.6983308925851475,1.5391562650092352,-1.003117093095981,1.2197612757163838,1.5109608029012964,2.6191019767488544,1.2695565413466212,0.41369818995709984,-0.2732749997632481,-0.21627784799019525,0.2950435688068009,-1.2740310493992413,-1.2860490588430924
1.7699823188770847,1.5498142993852508,0.21669453672908448,-0.7054689621240783,-0.010684955964216718,-0.6991224441542135,-0.6983308925851475,1.5998186230226008,-1.062932695289903,1.3114172651697873,1.592307302322568,2.2304391903619707,1.4468527957386312,0.41369818995709984,-0.2712212798712628,-0.03688873337586996,0.26460549279322076,-1.2740310493992413,-1.2860490588430924
1.7699823188770847,1.5498142993852508,0.361157560312046,0.13430211905506348,-0.010684955964216718,-0.6991224441542135,-0.6983308925851475,1.6604806917764061,-1.182563899677747,1.3560498924088726,1.669230103716124,1.9581166945462254,1.9578867272811717,0.41369818995709984,-0.2738102072265806,0.09915985686773071,0.08751702443172996,-0.6691541952886096,-0.7663251511669406
1.7699823188770847,1.5498142993852508,0.5056205838950075,0.3270410919603228,-0.010684955964216718,-0.6991224441542135,-0.6983308925851475,1.5998186230226008,-1.003117093095981,1.3287270158564444,1.74155135578921,1.727424005736189,2.603902701315431,0.41369818995709984,-0.2838112029548406,0.2206285085779055,-0.1317977053609815,-0.5488399840882339,-0.5492873727168622
1.7699823188770847,1.5498142993852508,0.6500836074779691,0.10431763448683093,-0.010684955964216718,0.04983521722763418,-0.6983308925851475,1.5391562650092352,-0.8236702865142147,1.2783296001404256,1.7829271886821354,1.4806431985786477,3.117260078437595,0.41369818995709984,-0.28090351587947665,0.3509719241897622,-0.29022566431107827,-0.25872728589985355,-0.26264091050746835
1.7699823188770847,1.5498142993852508,0.7945466310609306,0.6512291682063621,-0.010684955964216718,0.3919782417356484,-0.6983308925851475,1.47849419625543,-0.6442234799324486,1.232778540019137,1.8383236318205296,1.3993399365837365,3.3068477037252033,0.41369818995709984,-0.284347375625501,0.41581587327358704,-0.3306079359320426,0.3271462018684122,0.3314883053548016
1.7699823188770847,1.5498142993852508,0.9390096546438922,0.8059330263354042,-0.010684955964216718,0.44247396466010586,-0.6983308925851475,1.3875009484949419,-0.46477667335068235,1.111873172410431,1.7611277016559579,1.2790059600878345,2.7666780496995296,0.41369818995709984,-0.20247221622355707,0.5042743703655573,-0.11246344294452376,0.4332058969486996,0.43275631883636406
1.7699823188770847,1.5498142993852508,1.0834726782268538,0.9843386373398251,-0.010684955964216718,0.5546753998207459,-0.6983308925851475,1.2965079899940146,-0.22551426457499413,0.9774662394015827,1.5460363243243083,1.1588245705248101,2.0748815613376372,0.41369818995709984,-0.037405354624384074,0.5911002052047918,0.18407434678077225,0.5976303131377039,0.5961683730462579
1.7699823188770847,1.5498142993852508,1.2279357018098151,0.4865244118757557,-0.010684955964216718,0.20426295317778964,0.768334483795223,1.2055147422335266,0.013748144200694123,0.9114434240530866,1.3509362792091668,1.1872816072860433,1.0917244941991513,0.41369818995709984,0.1125504623506799,0.60174531799009,0.6443462525256357,0.7832194336549855,0.7714432054425461
1.7699823188770847,1.5498142993852508,1.3723987253927767,-0.7054689621240783,-0.010684955964216718,1.275388237836586,-0.6983308925851475,1.0690250152225749,0.1931949507824603,0.8585221574524694,1.195939583332839,1.2264043854113402,0.8884636725683734,0.41369818995709984,0.2262427161102324,0.5904971807886079,0.7507929427206337,-0.2518230830322463,-0.23302853190947498
1.7699823188770847,1.5498142993852508,1.5168617489757383,0.7594257593742078,-0.010684955964216718,0.005132488901689808,0.7158710447538864,0.9173696987082818,0.3726417573642265,0.715228566876197,1.0615002384698011,1.3502555333321247,0.620034017541887,0.41369818995709984,0.3220274783148549,0.5346953709171289,0.8880478504964839,0.7797713374490901,0.7646538785273564
1.7699823188770847,1.5498142993852508,1.6613247725587,-0.7054689621240783,-0.010684955964216718,0.7922323796322925,1.1593913025377434,0.7808796824377694,0.5520885639459927,0.6611580885555319,0.9503220077253783,1.3533584184476293,0.6920776002365253,0.41369818995709984,0.40308124628073755,0.5347700228873093,0.8525472000373288,0.5636794812445738,0.5790495731087462
1.7699823188770847,1.6598921513974148,-1.6613247698494156,2.299203380165832,-0.010684955964216718,-0.6991224441542135,-0.6983308925851475,0.7960452719411109,0.6119041661399147,0.569506781571302,0.8666881430667381,1.3334215291395466,0.7914491289185667,0.41369818995709984,0.4757980359516971,0.5517009606430173,0.8104555158387052,0.8060090904474038,0.7895771054445792
1.7699823188770847,1.6598921513974148,-1.516861746266454,-0.7054689621240783,-0.010684955964216718,-0.6991224441542135,0.539849806131281,0.8263764509477938,0.7315353705277589,0.5667762331188951,0.8013094432429564,1.1773694237357446,0.7526406283024352,0.41369818995709984,0.5522767211832312,0.6454687833029505,0.853144454229016,-0.6035049546712515,-0.615901572757382
1.7699823188770847,1.6598921513974148,-1.3723987226834924,-0.7054689621240783,-0.010684955964216718,-0.6991224441542135,-0.6983308925851475,0.8415420404511351,0.7913509727216809,0.5125900309172241,0.747006220947723,0.9363928871143217,0.7325295340305935,0.41369818995709984,0.6371502971493638,0.7976746845450002,0.9014123882328229,-1.2740310493992413,-1.2860490588430924
1.7699823188770847,1.6598921513974148,-1.2279356991005308,1.0035011573827162,-0.010684955964216718,-0.6991224441542135,0.5541919746471102,0.947700588455404,0.6119041661399147,0.4231087139328981,0.7121861843182709,0.6670880323175011,0.6237820513711608,0.41369818995709984,0.7120976809551502,0.9745830733145108,1.00029783169264,0.6773564897703673,0.6558529373768403
1.7699823188770847,1.6598921513974148,-1.0834726755175694,-0.7054689621240783,-0.010684955964216718,-0.6991224441542135,0.3575994996683833,1.0538594257192335,0.4324573595581485,0.4012308801052597,0.6765333519529054,0.44000372611568744,0.6417717752653597,0.41369818995709984,0.7833946506467371,1.1325010335198484,1.0280367781860953,-0.710416458221719,-0.7141365803537921
1.7699823188770847,1.6598921513974148,-0.9390096519346078,0.5433053687669779,-0.010684955964216718,0.5670466054402485,0.02876067481770196,1.1600179737235023,0.25301055297638236,0.3407761895284038,0.6551192093943624,0.170842081401121,0.6957828712637202,0.41369818995709984,0.8309074639673432,1.3091590047294455,1.0252394788006458,0.8202090184612829,0.7991181034874346
1.7699823188770847,1.6598921513974148,-0.7945466283516462,-0.7054689621240783,-0.010684955964216718,1.1346349880700664,0.8445196947416048,1.2661768109873317,0.07356374639461619,0.3854268777200158,0.7634920477233147,0.5881068195134236,0.8282570011864551,0.41369818995709984,0.7673625569299588,1.0981684418391102,0.9732731630713913,0.639433731864025,0.6578892846600887
1.7699823188770847,1.6598921513974148,-0.6500836047686848,2.2133108542965303,-0.010684955964216718,-0.6991224441542135,-0.6983308925851475,1.372335648251161,-0.04606745799322794,0.5936134707255989,0.9619176297093235,1.376327440271055,0.9911614764631059,0.41369818995709984,0.6217619967203092,0.7056217058456096,0.8943775313494592,0.7938301374324068,0.7528716280610585
1.7699823188770847,1.6598921513974148,-0.5056205811857232,-0.7054689621240783,-0.010684955964216718,-0.6991224441542135,0.15318219906492825,1.47849419625543,-0.22551426457499413,0.7622633008013657,1.1740779895060172,1.800724551944189,1.2283315231698706,0.41369818995709984,0.4621268393590152,0.5068914920290879,0.7713488023354009,-0.812334747644949,-0.826224302405591
1.7699823188770847,1.6598921513974148,-0.3611575576027617,-0.690525725189776,-0.010684955964216718,-0.6991224441542135,-0.6983308925851475,1.4936597857587715,-0.22551426457499413,1.1627789704938747,1.389764321757476,2.2962808781192385,1.3391525824869754,0.30645495741269935,0.3237431343402356,0.3057958649211138,0.7308952329535277,-1.2740310493992413,-1.2860490588430924
1.7699823188770847,1.6598921513974148,-0.21669453401980013,-0.6907140488119194,-0.010684955964216718,-0.6991224441542135,-0.6983308925851475,1.5239909647654544,-0.2853298667689162,1.3725335217484635,1.5791957097956215,2.58987433335454,1.4856034407990089,0.39170785778119244,0.2153455253779972,0.20385268341729867,0.6804554261234911,-1.2740310493992413,-1.2860490588430924
1.7699823188770847,1.6598921513974148,-0.0722315104368386,-0.690838099078771,-0.010684955964216718,-0.6991224441542135,-0.6983308925851475,1.5391562650092352,-0.2853298667689162,1.5834305954814236,1.7195740174702783,2.500078202017384,1.5352510540126845,0.41369818995709984,0.15439316522341037,0.2685096798726313,0.6886765563904889,-1.2740310493992413,-1.2860490588430924
1.7699823188770847,1.6598921513974148,0.07223151314612293,-0.6907978076911397,-0.010684955964216718,-0.6991224441542135,-0.6983308925851475,1.569487444015918,-0.46477667335068235,1.7247742721089538,1.8192187330314002,2.1648182848148445,1.529078117759639,0.41369818995709984,0.13282174665168991,0.4434091346434533,0.7283146440875584,-1.2740310493992413,-1.2860490588430924
1.7699823188770847,1.6598921513974148,0.21669453672908448,-0.09614499531163487,-0.010684955964216718,-0.6991224441542135,-0.6983308925851475,1.5998186230226008,-0.6442234799324486,1.7362302674043777,1.8809176049170027,1.885919206947968,1.7408487370041303,0.41369818995709984,0.1206393823623271,0.5825636340902097,0.6418790032613545,-0.8504241950363688,-0.8536321578265217
1.7699823188770847,1.6598921513974148,0.361157560312046,-0.2636376813130229,-0.010684955964216718,-0.6991224441542135,-0.6983308925851475,1.6301495127697232,-0.7638546843202927,1.659780262130326,1.910028050441761,1.6727970313249587,2.210080771785012,0.41369818995709984,0.12676941410195736,0.6888648125967488,0.4337200975904406,-0.9724993339382401,-0.9823490077570536
1.7699823188770847,1.6598921513974148,0.5056205838950075,-0.16178159160887248,-0.010684955964216718,-0.10054649926903479,-0.6983308925851475,1.7211427605302112,-0.7040390821263706,1.5555043493297618,1.943921425375235,1.5016132463372773,2.799789874289691,0.41369818995709984,0.14017421347213294,0.8041210004945298,0.21180007393253916,-0.5169058069481525,-0.5235251104768299
1.7699823188770847,1.6598921513974148,0.6500836074779691,0.10143479733538119,-0.010684955964216718,0.003191784992724225,-0.6983308925851475,1.7211427605302112,-1.003117093095981,1.4370044330279779,1.958469237667083,1.4382470471446867,3.2712028119766,0.41369818995709984,0.14257806232232173,0.8218959142704622,0.01454452462822848,-0.2669432234086698,-0.2698611529324861
1.7699823188770847,1.6598921513974148,0.7945466310609306,0.03814106127099008,-0.010684955964216718,-0.11985126050339348,-0.6983308925851475,1.7211427605302112,-1.003117093095981,1.3639405218906442,1.9983975586495353,1.4052933842888693,3.4627508182693183,0.41369818995709984,0.12528444262794994,0.8392259281203625,-0.056555596286964764,-0.40021830711735273,-0.40972643050441077
1.7699823188770847,1.6598921513974148,0.9390096546438922,0.30973904559329035,-0.010684955964216718,0.1063082030757187,-0.6983308925851475,1.5088253752621128,-0.6442234799324486,1.1728148397813467,1.9035908217067907,1.2398201013310683,2.9201093065862174,0.41369818995709984,0.1981788304472471,0.920428339764938,0.15149235359797533,-0.09660601076573463,-0.10129491482615109
1.7699823188770847,1.6598921513974148,1.0834726782268538,0.5430490826873284,-0.010684955964216718,0.2663482392428294,-0.6983308925851475,1.3875009484949419,-0.4049610711567603,0.9783298205020378,1.6718788176117871,1.0505355848756333,2.220720324639521,0.41369818995709984,0.36433975455261924,1.0201207751245809,0.4493900018330091,0.15260962027015304,0.14936492845780786
1.7699823188770847,1.6598921513974148,1.2279357018098151,1.0544806478304087,-0.010684955964216718,0.6780479313779416,-0.6983308925851475,1.2510112214839904,-0.16569866238107206,0.8772948452938087,1.4679617240824383,0.9694403184763767,1.610872457814596,0.41369818995709984,0.5180417824691791,1.063966222186987,0.7352665008419611,0.7412599460479277,0.7367519455871329
1.7699823188770847,1.6598921513974148,1.3723987253927767,0.4846067963613473,-0.010684955964216718,0.21532514941187061,0.7829245237872067,1.0841903154663557,-0.04606745799322794,0.824564222080976,1.2866239813828129,1.0322072516700114,0.8387255028326481,0.41369818995709984,0.6542470145488395,1.0241459577242238,1.1286897126427924,0.7937505729049724,0.7820257363130079
1.7699823188770847,1.6598921513974148,1.5168617489757383,-0.7054689621240783,-0.010684955964216718,1.339750125946873,-0.6983308925851475,0.8718729301982574,-0.10588306018714999,0.7690602392690057,1.13294634926108,1.0924952865351059,0.6521254042863603,0.41369818995709984,0.776634338521974,0.9853385505398741,1.2246751359309265,-0.21391454593510603,-0.19324507196252938
1.7699823188770847,1.6598921513974148,1.6613247725587,0.7564098005769059,-0.010684955964216718,-0.004027896338595106,0.7286875197904846,0.6140590656796955,-0.22551426457499413,0.609345229300735,0.9934855284141244,1.2273574144111024,0.4129706604713426,0.41369818995709984,0.886526571031499,0.8958435312798075,1.3391164939000657,0.7873942312121313,0.7721493085556548
2.094382793823047,-1.5323655569553345,-1.6613247698494156,-0.7054689621240783,-0.010684955964216718,0.806153520479294,1.1859591420685713,0.35624491190157287,-0.46477667335068235,0.544227468351089,0.8616758419510974,1.1772551966463278,0.4974925965098853,0.41369818995709984,0.9436378886246217,0.8002730894321454,1.1578008701455957,0.5904059620528069,0.6028960235142492
2.094382793823047,-1.5323655569553345,-1.516861746266454,-0.45412273610933224,-0.010684955964216718,-0.6991224441542135,-0.6983308925851475,0.12876193713013315,-0.7040390821263706,0.35358073594583955,0.7516825807326054,1.1548726542073708,0.5915674071383422,0.41369818995709984,0.9525168308341728,0.6459635946326768,0.9273010603109568,-1.1113104751634009,-1.179597111800047
2.094382793823047,-1.5323655569553345,-1.3723987226834924,0.552475691955776,-0.010684955964216718,-0.6991224441542135,-0.6983308925851475,-0.022893379384159997,-0.8834858887081368,0.2635335091156693,0.6525121352854949,0.9717325322334074,0.4991586688183343,0.41369818995709984,0.9249345836278204,0.5384559370230486,0.7677717785008621,-0.4063761875172156,-0.40454560893974445
2.094382793823047,-1.5323655569553345,-1.2279356991005308,0.5210161047295965,-0.010684955964216718,-0.6991224441542135,0.31623881621053607,-0.09872103764130656,-1.003117093095981,0.18931035239577287,0.5786784414648987,0.7216851712949284,0.306309331764311,0.41369818995709984,0.8248889136740879,0.3901411890508943,0.5847831495360055,0.17094357352112383,0.1748886298883692
2.094382793823047,-1.5323655569553345,-1.0834726755175694,-0.7054689621240783,-0.010684955964216718,1.112099381860977,-0.6983308925851475,-0.14421766152155058,-1.062932695289903,0.18693634052473118,0.5131240076256571,0.3999432629280127,0.25139099357282435,0.41369818995709984,0.7101344492501577,0.28357948162248625,0.35297614184786263,-0.28585590959109214,-0.2765962824380943
2.094382793823047,-1.5323655569553345,-0.9390096519346078,1.4497529021185045,-0.010684955964216718,0.5481330859092979,-0.6983308925851475,-0.18971428540179458,-1.122748297483825,0.1426916893028915,0.46837464624318476,0.4610377069467519,0.13568910541451087,0.41369818995709984,0.5958046760505129,0.05651206835862287,0.19373183437088426,0.7659362901979022,0.7548149484106589
2.094382793823047,-1.5323655569553345,-0.7945466283516462,-0.7054689621240783,-0.010684955964216718,0.8797252509017234,1.6402625951269136,-0.09872103764130656,-0.5844078777385264,0.21188721197862082,0.5367824641165766,0.8803355167624826,0.0854771909106559,0.41369818995709984,0.44853237674890306,-0.20741663761624063,0.10023468126742073,0.6888236822842884,0.6811294207557574
2.094382793823047,-1.5323655569553345,-0.6500836047686848,2.2548950423857503,-0.010684955964216718,-0.6991224441542135,-0.6983308925851475,0.05293427887298657,-0.8834858887081368,0.40492066581409764,0.7302225638326774,1.4002690972364562,0.3525057353043199,0.33207446656294515,0.25890050605046067,-0.4351582851006962,-0.0639575607903277,0.7699326976041713,0.7408139850863397
2.094382793823047,-1.5323655569553345,-0.5056205811857232,-0.7054689621240783,-0.010684955964216718,0.6908721869011757,0.9800425072570282,0.08326531324988914,-1.122748297483825,0.5769933808558042,0.9308790503281963,1.825270589554341,0.680401678296338,0.07789636445563843,0.06069421605442649,-0.6290232127338441,-0.2585163643902278,0.4328237352026742,0.4427886794054049
2.094382793823047,-1.5323655569553345,-0.3611575576027617,0.6101403289907243,-0.010684955964216718,-0.6991224441542135,-0.6983308925851475,0.20458959538727972,-1.122748297483825,0.8636233731550796,1.1218765178053174,2.2085911284085693,0.9240263926580802,-0.36011791957679495,-0.11622418502246419,-0.7794252039760003,-0.39194221399738377,-0.39290674106969115,-0.43942476680871556
2.094382793823047,-1.5323655569553345,-0.21669453401980013,-0.7054689621240783,-0.010684955964216718,-0.6991224441542135,-0.6983308925851475,0.20458959538727972,-1.122748297483825,1.1066502125093058,1.2884328419515805,2.3862679562327336,1.0366896064098414,-0.7194567477764318,-0.2701747538259638,-0.8653896368307895,-0.47514128321515203,-1.2740310493992413,-1.2860490588430924
2.094382793823047,-1.5323655569553345,-0.0722315104368386,1.147963439833225,-0.010684955964216718,-0.6991224441542135,-0.6983308925851475,0.2955828431477677,-1.3620107062595133,1.4565758163255087,1.4586153563445574,2.356602158181999,1.0809273059173707,-1.0895497328903556,-0.45384622797265817,-0.9191708953940992,-0.5628180251864185,-0.019552176196481218,-0.023904804689111405
2.094382793823047,-1.5323655569553345,0.07223151314612293,-0.7054689621240783,-0.010684955964216718,-0.6991224441542135,-0.6983308925851475,0.35624491190157287,-1.3620107062595133,1.5988158513377095,1.5649047938155298,2.048131050770626,1.1255616094520247,-0.8817682366087545,-0.5802082757221739,-0.882253667489304,-0.6271400911838321,-1.2740310493992413,-1.2860490588430924
2.094382793823047,-1.5323655569553345,0.21669453672908448,1.9292446912414385,-0.010684955964216718,-0.6991224441542135,-0.6983308925851475,0.35624491190157287,-1.3620107062595133,1.7352429353329049,1.6369543286357968,1.7960361266323002,1.3424973043986024,-0.7883526129166124,-0.6886609015021038,-0.8563309321956658,-0.7376587720398615,0.49700908752087314,0.5038045124318279
2.094382793823047,-1.5323655569553345,0.361157560312046,-0.7054689621240783,-0.010684955964216718,1.8541438275714426,-0.6983308925851475,0.32591373289489,-1.3620107062595133,1.7646816190276562,1.708149189188105,1.6398561550836286,1.7615962423892648,-0.41408876516132276,-0.7899398651190882,-0.8518395512692765,-0.894013028029053,0.09884470090245656,0.10794355927272113
2.094382793823047,-1.5323655569553345,0.5056205838950075,2.2908043372405356,-0.010684955964216718,-0.6991224441542135,-0.6983308925851475,0.35624491190157287,-1.3620107062595133,1.7127209275318054,1.7417482625776166,1.706113834032206,2.2256799711943653,0.06955463917290701,-0.8390177621219193,-0.884590037507055,-1.028997893113349,0.7030320707795914,0.6909697852084364
2.094382793823047,-1.5323655569553345,0.6500836074779691,-0.7054689621240783,-0.010684955964216718,1.2801485204213614,-0.6983308925851475,0.20458959538727972,-1.3620107062595133,1.6480600417886744,1.7291307014194321,1.7295772716157947,2.4509703437863313,0.41369818995709984,-0.8688105754110441,-0.918207734384019,-1.1094498314309276,-0.24914516065130124,-0.2502761147275987
2.094382793823047,-1.5323655569553345,0.7945466310609306,1.333629562813376,-0.010684955964216718,0.5740991523523259,-0.6983308925851475,0.11359634762679172,-1.182563899677747,1.49845983415966,1.6956410206901467,1.8533457327628966,2.382641255468356,0.41369818995709984,-0.9052374999668064,-0.9824368266068189,-1.1237563014401868,0.6522187793674192,0.6409413756094987
2.094382793823047,-1.5323655569553345,0.9390096546438922,1.2108189240102774,-0.010684955964216718,0.6252778138439627,-0.6983308925851475,-0.09872103764130656,-0.8834858887081368,1.314000650305308,1.5346975986521196,1.8453643280001304,1.7956002164188776,0.41369818995709984,-0.8517937289179538,-0.996449883464667,-0.9952502140462686,0.6278723939929814,0.6174065859222309
2.094382793823047,-1.5323655569553345,1.0834726782268538,1.2671430153069407,-0.010684955964216718,0.6833031000292524,-0.6983308925851475,-0.09872103764130656,-0.8834858887081368,1.2136760725631388,1.295851781592191,1.7521124009876292,1.2346688027407098,0.41369818995709984,-0.7625750308633502,-0.9908866981710184,-0.8648310061863798,0.6165772912714299,0.6059048505928586
2.094382793823047,-1.5323655569553345,1.2279357018098151,0.4176206838645139,-0.010684955964216718,0.06572922747560637,1.073676612425866,-0.1593831063951117,-0.8834858887081368,1.1484867367275529,1.0963576803314596,1.6864966100862977,0.496934164623913,0.41369818995709984,-0.6875067548397416,-0.9935418987934017,-0.6720355760834894,0.7095488015990029,0.6958586169483262
2.094382793823047,-1.5323655569553345,1.3723987253927767,-0.7054689621240783,-0.010684955964216718,1.6972737742226216,-0.6983308925851475,-0.09872103764130656,-0.8834858887081368,1.0855556888820026,0.9655529948243143,1.6555495932639688,0.37235102941421966,0.41369818995709984,-0.6315710597720273,-0.9905891659671003,-0.6393192223786148,-0.1060367473998699,-0.07471595192359039
2.094382793823047,-1.5323655569553345,1.5168617489757383,2.3606594723784005,-0.010684955964216718,-0.6991224441542135,-0.6983308925851475,-0.09872103764130656,-0.8834858887081368,0.9517501186998848,0.871408259915711,1.7076695387947871,0.33980602157318324,0.41369818995709984,-0.596501216719323,-1.0108286704357912,-0.6379095204493966,0.7227561531326258,0.7050139835173365
2.094382793823047,-1.5323655569553345,1.6613247725587,-0.7054689621240783,-0.010684955964216718,0.8121862320860344,1.7635307047461988,-0.1593831063951117,-0.7040390821263706,0.934015601166761,0.7893150673685104,1.566798554550881,0.25732244576707103,0.41369818995709984,-0.5805337918935155,-0.9859493416417932,-0.6245003403460447,0.6686423739138708,0.659172605553124
2.094382793823047,-1.4222877049431708,-1.6613247698494156,1.4737761563272622,-0.010684955964216718,0.5503269616728197,-0.6983308925851475,-0.09872103764130656,-0.5844078777385264,0.8288312893465084,0.7252441391537517,1.5039250662365213,0.40038917331065954,0.41369818995709984,-0.5708539689036214,-0.9700800968913892,-0.6689868924954431,0.6620466185977542,0.6508913643121815
2.094382793823047,-1.4222877049431708,-1.516861746266454,-0.7054689621240783,-0.010684955964216718,-0.6991224441542135,1.9759598088659083,-0.09872103764130656,-0.8834858887081368,0.8048744392057684,0.6762955111368014,1.4624052241154006,0.508703997031411,0.41369818995709984,-0.571081516531179,-0.9668681259553834,-0.7103660325060159,0.1361298625278654,0.1271971634133446
2.094382793823047,-1.4222877049431708,-1.3723987226834924,-0.7054689621240783,-0.010684955964216718,-0.6991224441542135,-0.6983308925851475,-0.09872103764130656,-0.8834858887081368,0.7083506885842695,0.6377723565189282,1.2861724312872977,0.6707062610328273,0.41369818995709984,-0.5727286428362772,-0.9310838008603005,-0.7689359511848687,-1.2740310493992413,-1.2860490588430924
2.094382793823047,-1.4222877049431708,-1.2279356991005308,0.7150221552950055,-0.010684955964216718,0.4248496927090312,0.3690789360490394,-0.2503763541555997,-0.5844078777385264,0.5247691332378935,0.5926574119235718,0.9534016417048882,0.6893541966845161,0.41369818995709984,-0.5674574043166652,-0.8499569017273484,-0.7822549797121168,0.7512778760949385,0.7364007381768403
2.094382793823047,-1.4222877049431708,-1.0834726755175694,-0.7054689621240783,-0.010684955964216718,2.2077006087318742,-0.6983308925851475,-0.2503763541555997,-0.5844078777385264,0.4652154835148818,0.5525900563987678,0.9162190192177474,0.6614829115648158,0.41369818995709984,-0.5624014070311798,-0.8459149385695669,-0.7805698387126394,0.25573757852677476,0.24441786167957452
2.094382793823047,-1.4222877049431708,-0.9390096519346078,2.352104881653975,-0.010684955964216718,-0.6991224441542135,-0.6983308925851475,-0.7963355514589672,0.4922729617520706,0.3595642626255994,0.4922624744410295,1.0246503625082126,0.5064459533843787,0.41369818995709984,-0.5495453280269277,-0.8834919866257842,-0.744008390260629,0.7943948295648994,0.7744674004066701
2.094382793823047,-1.4222877049431708,-0.7945466283516462,-0.7054689621240783,-0.010684955964216718,0.9711428377757064,1.6108248965009215,-0.40203167066989287,0.013748144200694123,0.4506570179298294,0.5619928848645073,1.3419970852554741,0.4229268469789034,0.41369818995709984,-0.6010999470332056,-0.9655043829035856,-0.7182779168617156,0.6751324632173087,0.6683548146954997
2.094382793823047,-1.4222877049431708,-0.6500836047686848,2.290738673463741,-0.010684955964216718,-0.6991224441542135,-0.6983308925851475,0.05293427887298657,-0.5844078777385264,0.6626584854636036,0.7898937898290603,1.9216109101859282,0.6317929496272865,0.41369818995709984,-0.7240338196557756,-1.0932264817123771,-0.7634878487251385,0.7389212529700372,0.7240783577609908
2.094382793823047,-1.4222877049431708,-0.5056205811857232,-0.7054689621240783,-0.010684955964216718,-0.6991224441542135,1.865559006277274,0.20458959538727972,-0.8236702865142147,0.8082003301673968,0.9807021138678556,2.603903806769643,1.015402115837671,0.41369818995709984,-0.8251667956644119,-1.2384194004646802,-0.8629009822998898,0.06868245458997795,0.08567877164437603
2.094382793823047,-1.4222877049431708,-0.3611575576027617,-0.7054689621240783,-0.010684955964216718,-0.6991224441542135,-0.6983308925851475,0.28041725364442627,-1.003117093095981,0.9343313333738986,1.1527915893442542,3.004555322899509,1.2389551447843894,0.41369818995709984,-0.9157683945180952,-1.3141734015305675,-0.9143266052830414,-1.2740310493992413,-1.2860490588430924
2.094382793823047,-1.4222877049431708,-0.21669453401980013,0.6239293632992239,-0.010684955964216718,-0.6991224441542135,-0.6983308925851475,0.35624491190157287,-1.122748297483825,1.2176775769341086,1.274050883047817,3.1476153755435847,1.3375024414185166,0.17220114820596782,-0.9789226338895033,-1.3336671392712165,-0.9290434166609364,-0.3826142954020074,-0.44804394785212304
2.094382793823047,-1.4222877049431708,-0.0722315104368386,-0.7054689621240783,-0.010684955964216718,-0.6991224441542135,-0.6983308925851475,0.38657609090825573,-1.182563899677747,1.365006118089734,1.3784693531493777,2.879845766926166,1.3369683256356872,0.41369818995709984,-1.0309412763186796,-1.2753967587028052,-0.9244198977278281,-1.2740310493992413,-1.2860490588430924
2.094382793823047,-1.4222877049431708,0.07223151314612293,1.0798460624604875,-0.010684955964216718,-0.6991224441542135,-0.6983308925851475,0.35624491190157287,-1.122748297483825,1.6474680439002911,1.4551818383316606,2.43745106914214,1.2479688726735825,0.41369818995709984,-1.0715979806872262,-1.1686462699953386,-0.8870748240373776,-0.07213604835943326,-0.07549203014207534
2.094382793823047,-1.4222877049431708,0.21669453672908448,-0.7054689621240783,-0.010684955964216718,-0.6991224441542135,-0.6983308925851475,0.507900228415866,-1.3620107062595133,1.7276252269115404,1.5543939235655668,2.111694163826316,1.4862574601249223,0.41369818995709984,-1.1221236886819397,-1.083216018241293,-0.9391984716037748,-1.2740310493992413,-1.2860490588430924
2.094382793823047,-1.4222877049431708,0.361157560312046,1.877066747162624,-0.010684955964216718,-0.6991224441542135,-0.6983308925851475,0.4472381596620609,-1.062932695289903,1.7456226316425565,1.6203485228135057,1.7627934862890775,1.965566423442764,0.41369818995709984,-1.1485348980976913,-0.9649422342059444,-1.0285170124706227,0.4554452624280705,0.46183317785046035
2.094382793823047,-1.4222877049431708,0.5056205838950075,-0.7054689621240783,-0.010684955964216718,2.3033950497666744,-0.6983308925851475,0.35624491190157287,-1.122748297483825,1.7026502741876148,1.6763723857902277,1.5425713298619372,2.5391153791931718,0.41369818995709984,-1.1840726254026057,-0.9093876148639678,-1.166999910405107,0.33633266460270933,0.35556076612993864
2.094382793823047,-1.4222877049431708,0.6500836074779691,1.4332104744152698,-0.010684955964216718,0.5341513982538162,-0.6983308925851475,0.35624491190157287,-1.122748297483825,1.616636660088462,1.7219496025949257,1.7770360699456298,3.0407708412993752,0.41369818995709984,-1.205535699451767,-0.9670314136941931,-1.2756943221081527,0.6683502172893776,0.6565451069404157
2.094382793823047,-1.4222877049431708,0.7945466310609306,1.0584217303026928,-0.010684955964216718,0.475943105135256,-0.6983308925851475,0.416906980655378,-1.122748297483825,1.5646291439008748,1.760680250387679,1.936748556856568,3.1582243273702955,0.41369818995709984,-1.2224632642670243,-0.9954695116257267,-1.2906495150574757,0.49013323626654853,0.48114589712402983
2.094382793823047,-1.4222877049431708,0.9390096546438922,0.6890737503843383,-0.010684955964216718,0.18104309445168404,-0.6983308925851475,0.35624491190157287,-0.8236702865142147,1.4663681972159508,1.6994570601342849,1.9858261405804536,2.6897569921089435,0.41369818995709984,-1.1921415173621985,-0.9982733707823888,-1.1797430307268366,0.07453845781222211,0.05839575468010856
2.094382793823047,-1.4222877049431708,1.0834726782268538,0.9992511322228884,-0.010684955964216718,0.514539908569553,-0.6983308925851475,0.20458959538727972,-0.5844078777385264,1.2665993459362592,1.47718811277362,1.8254666509764745,1.9862376265732087,0.41369818995709984,-1.0873380991873083,-0.943658892966892,-0.9970417599108107,0.47018648124284373,0.46379186608557527
2.094382793823047,-1.4222877049431708,1.2279357018098151,1.2606555776869748,-0.010684955964216718,0.7228606635842235,-0.6983308925851475,0.17425856101037715,-0.2853298667689162,1.225281237947952,1.2885676419393428,1.7610042127018677,1.3848249320799382,0.41369818995709984,-0.9882629452018009,-0.9058951074175433,-0.8145977244814077,0.6265183569446523,0.6163332927978945
2.094382793823047,-1.4222877049431708,1.3723987253927767,0.43300816467398373,-0.010684955964216718,0.09344337278152393,1.0274227468930819,0.20458959538727972,-0.2853298667689162,1.1787535485418732,1.1318051367992394,1.7074368224111243,0.6475858393754681,0.41369818995709984,-0.8962794107563657,-0.8598755023993919,-0.5580467096790248,0.7098838006613454,0.6965153379226482
2.094382793823047,-1.4222877049431708,1.5168617489757383,1.2775988056015757,-0.010684955964216718,0.738280443057095,-0.6983308925851475,-0.09872103764130656,-1.122748297483825,1.1130143570404667,1.001270051267619,1.6380029484239838,0.5032764751126438,0.41369818995709984,-0.8578504049006621,-0.8822497950528104,-0.558942807677075,0.6337284872203471,0.6245368749907034
2.094382793823047,-1.4222877049431708,1.6613247725587,-0.7054689621240783,-0.010684955964216718,0.81090139937761,1.7820341794308394,-0.31103842290940487,0.31282615517030443,1.0635554419316815,0.8870252972413798,1.623889935794233,0.5296686703722013,0.41369818995709984,-0.7934295722131889,-0.8659479130919372,-0.552899834841372,0.63296614384097,0.622810958994849
2.094382793823047,-1.312209852931007,-1.6613247698494156,1.5260337581025167,-0.010684955964216718,0.5047582352884318,-0.6983308925851475,-0.40203167066989287,0.3726417573642265,0.9095269563127276,0.799205575371128,1.6279969963674474,0.6723656254507541,0.41369818995709984,-0.748254008437145,-0.8635997106293448,-0.5944027165585679,0.6585455993803979,0.646386114994735
2.094382793823047,-1.312209852931007,-1.516861746266454,-0.7054689621240783,-0.010684955964216718,-0.6991224441542135,2.177486969980696,-0.553686987184186,0.7315353705277589,0.8601228929856908,0.7091471856412855,1.561094019607761,0.7183498919529987,0.41369818995709984,-0.705666648110923,-0.845741539468802,-0.6089853841249047,0.21718622485165207,0.2176388089076143
2.094382793823047,-1.312209852931007,-1.3723987226834924,1.1991684476782711,-0.010684955964216718,-0.6991224441542135,-0.6983308925851475,-0.5840180215610886,0.6717197683338367,0.701642717030929,0.6290696410786344,1.327855089632886,0.8474063516546776,0.41369818995709984,-0.6685179897757073,-0.783485023368724,-0.6509080341183336,-0.022620540794632635,-0.07914589860201561
2.094382793823047,-1.312209852931007,-1.2279356991005308,-0.7054689621240783,-0.010684955964216718,1.350330050032852,1.1800437652761144,-0.553686987184186,0.7315353705277589,0.6585733655716759,0.5764235411460487,0.9720019035785995,0.8732728159945584,0.41369818995709984,-0.6442406124601586,-0.6800866662847922,-0.6574717623323475,0.6328431968449573,0.6272828087744439
2.094382793823047,-1.312209852931007,-1.0834726755175694,2.3211112201882784,-0.010684955964216718,-0.6991224441542135,-0.6983308925851475,-0.508190363303942,0.6717197683338367,0.5480222751542504,0.5299916500733922,0.9364619348325514,0.8922200912607999,0.41369818995709984,-0.6206996883358141,-0.6640491856822812,-0.6576622508789705,0.7412005426677165,0.7262255587250842
2.094382793823047,-1.312209852931007,-0.9390096519346078,-0.7054689621240783,-0.010684955964216718,1.3013079481293715,1.268089600154431,-0.462693739423698,0.6717197683338367,0.5708044944565713,0.4929491780436088,0.8057597188696488,0.8037254070604901,0.41369818995709984,-0.5984972654734648,-0.6132292653597028,-0.6187848171052761,0.6471288097345349,0.6397156330608579
2.094382793823047,-1.312209852931007,-0.7945466283516462,1.4592789938028887,-0.010684955964216718,0.5500821465392256,-0.6983308925851475,-0.2503763541555997,0.7315353705277589,0.6066079916066515,0.5833279824040484,1.307337688027095,0.8957702423196692,0.41369818995709984,-0.6262090917635907,-0.7218250776240074,-0.6064054453904938,0.6931144064379674,0.6802776300879708
2.094382793823047,-1.312209852931007,-0.6500836047686848,-0.7054689621240783,-0.010684955964216718,1.0023641779860322,1.4561786685898834,0.20458959538727972,0.013748144200694123,0.7145261965001491,0.8224130517982774,2.300269449398207,1.0794968482635137,0.41369818995709984,-0.7030924401673561,-0.9164894482577044,-0.5801542166132696,0.5982004055774883,0.5910434905848646
2.094382793823047,-1.312209852931007,-0.5056205811857232,0.4389959475989385,-0.010684955964216718,-0.6991224441542135,-0.6983308925851475,0.6292243659234763,-0.7638546843202927,0.8808080350223833,1.017498275972356,2.9415599355270405,1.271016346021513,0.3269688159130377,-0.7535824354909364,-1.0121003355531877,-0.5629443674192754,-0.5189859153118813,-0.5907117130264817
2.094382793823047,-1.312209852931007,-0.3611575576027617,-0.7054689621240783,-0.010684955964216718,-0.6991224441542135,-0.6983308925851475,0.9628661779587454,-1.3021951040655912,1.0022512176618916,1.212371066657867,3.3783225558500396,1.3803054908406125,0.32088859904145917,-0.832468347798307,-1.0920579740004606,-0.5681527880444607,-1.2740310493992413,-1.2860490588430924
2.094382793823047,-1.312209852931007,-0.21669453401980013,-0.7054689621240783,-0.010684955964216718,-0.6991224441542135,-0.6983308925851475,1.1751835632268437,-1.6610887172291235,1.169984621627958,1.3767840004228007,3.4383932182688555,1.383587326278594,0.15653438197019554,-0.9045128705653692,-1.0952705903425486,-0.5554123766042244,-1.2740310493992413,-1.2860490588430924
2.094382793823047,-1.312209852931007,-0.0722315104368386,-0.7054689621240783,-0.010684955964216718,-0.6991224441542135,-0.6983308925851475,1.4026665379982834,-1.9601667281987338,1.334238282073833,1.5108697599776244,3.170944979895543,1.3447402552919598,0.16857665102140937,-0.9552108680681166,-1.019373201558721,-0.5261352188434993,-1.2740310493992413,-1.2860490588430924
2.094382793823047,-1.312209852931007,0.07223151314612293,-0.7054689621240783,-0.010684955964216718,-0.6991224441542135,-0.6983308925851475,1.4178321275016248,-2.079797932586578,1.4586347649135805,1.6092511667529121,2.766804422892666,1.3477537751090538,0.20294736706013075,-0.9995968922499207,-0.9200161622264882,-0.5277549132660937,-1.2740310493992413,-1.2860490588430924
2.094382793823047,-1.312209852931007,0.21669453672908448,0.008048078973203485,-0.010684955964216718,-0.6991224441542135,-0.6983308925851475,1.7211427605302112,-2.378875943556188,1.669285005628672,1.728014896285128,2.423697786599956,1.6204806725013183,0.27774678700769745,-1.0435437470975202,-0.8225852297790552,-0.6045753250534842,-0.7789641787703365,-0.8113465499863816
2.094382793823047,-1.312209852931007,0.361157560312046,-0.19012833905559345,-0.010684955964216718,-0.6991224441542135,-0.6983308925851475,1.6908115815235283,-2.378875943556188,1.7050945230962613,1.837843009874634,2.213612858138085,2.1841807679925203,0.41369818995709984,-1.0880504221953144,-0.7633556682047375,-0.769384325249673,-0.926853079044264,-0.9362265511667799
2.094382793823047,-1.312209852931007,0.5056205838950075,0.23843760297828653,-0.010684955964216718,-0.6991224441542135,-0.6983308925851475,1.7211427605302112,-2.378875943556188,1.6454525753831177,1.9301682978279961,1.9877194119654908,2.8506348459615776,0.41369818995709984,-1.122784855701566,-0.6938811456161178,-0.9442107692088304,-0.6254848353852454,-0.6293120506939469
2.094382793823047,-1.312209852931007,0.6500836074779691,0.07055048579306292,-0.010684955964216718,0.07141568702135105,-0.6983308925851475,1.7211427605302112,-2.378875943556188,1.6079286052738042,2.012463337477291,1.8113417041732025,3.36842781569154,0.41369818995709984,-1.154782443829496,-0.6395712994714439,-1.070140601947169,-0.2788064384573321,-0.2836310857112364
2.094382793823047,-1.312209852931007,0.7945466310609306,0.043667403666117606,-0.010684955964216718,-0.12379657884138699,-0.6983308925851475,1.372335648251161,-1.182563899677747,1.511208190947012,2.0580617270549357,1.6863252694521722,3.5061047532005487,0.41369818995709984,-1.1400676168134987,-0.5442486935593663,-1.0563315909353763,-0.448925748701038,-0.45827301735575016
2.094382793823047,-1.312209852931007,0.9390096546438922,0.6154642080740673,-0.010684955964216718,0.3714240718804656,-0.6983308925851475,1.2661768109873317,-0.7638546843202927,1.34411227171273,1.9832187977238684,1.5091471195929995,3.0211779315703726,0.41369818995709984,-1.0783841121080113,-0.4427803157967276,-0.8974515738416441,0.232554239332775,0.23437996867174846
2.094382793823047,-1.312209852931007,1.0834726782268538,0.7950247659722529,-0.010684955964216718,0.44491591415281695,-0.6983308925851475,0.9628661779587454,-0.22551426457499413,1.1428818211266911,1.7509513612185565,1.3051349805714731,2.3155455805201477,0.41369818995709984,-0.9417730103469597,-0.3327312641705531,-0.6638556208151928,0.3720166351160618,0.37043001498583006
2.094382793823047,-1.312209852931007,1.2279357018098151,1.2117653076785662,-0.010684955964216718,0.7694319862520895,-0.6983308925851475,0.8415420404511351,-0.46477667335068235,1.0527717154247604,1.5487393816705353,1.3265823952709497,1.7002165286522783,0.41369818995709984,-0.8234344898126246,-0.3176767370313115,-0.45102421963376804,0.6927642865152075,0.683617788778274
2.094382793823047,-1.312209852931007,1.3723987253927767,1.2631145605414895,-0.010684955964216718,0.7389557081572274,-0.6983308925851475,0.6595555449301591,-1.062932695289903,1.0140503710553275,1.375173458160636,1.4077390374197436,1.202453320021576,0.41369818995709984,-0.7448130443131044,-0.37415407193554723,-0.3109319210263647,0.6637567159068644,0.6538088036982643
2.094382793823047,-1.312209852931007,1.5168617489757383,1.2952551851903846,-0.010684955964216718,0.7323262530926022,-0.6983308925851475,0.6595555449301591,-0.8236702865142147,1.0571270806804247,1.239642303972634,1.5201333787602036,0.8134593946945033,0.41369818995709984,-0.6629248546122335,-0.4034737945754367,-0.16181016191430267,0.6465975995072524,0.6362683089822333
2.094382793823047,-1.312209852931007,1.6613247725587,0.42753044217916075,-0.010684955964216718,0.08396259401303173,1.0543102515411493,0.35624491190157287,-0.2853298667689162,1.0484043095340783,1.1060414009182953,1.5457858847439614,0.35194898039097805,0.41369818995709984,-0.5780049486943608,-0.40867985517023936,0.02045573746808768,0.7221306175379776,0.7086600655819494
2.094382793823047,-1.2021320009188432,-1.6613247698494156,2.2991466868503476,-0.010684955964216718,-0.6991224441542135,-0.6983308925851475,0.35624491190157287,-0.2853298667689162,1.0445191979682824,1.009276182477958,1.4884907701097836,0.29425944492751155,0.41369818995709984,-0.5152505464585443,-0.38771082669324347,0.046132683368689566,0.6558263646486695,0.6466213460956778
2.094382793823047,-1.2021320009188432,-1.516861746266454,-0.7054689621240783,-0.010684955964216718,-0.6991224441542135,1.1610361629803518,0.20458959538727972,0.3726417573642265,1.0576963351471074,0.9199037905915968,1.2906741720276769,0.3597703807398519,0.41369818995709984,-0.43672176086250464,-0.29725049506948925,0.04683070795193503,-0.25437760839157086,-0.29570737505371286
2.094382793823047,-1.2021320009188432,-1.3723987226834924,0.44451457539733874,-0.010684955964216718,-0.6991224441542135,-0.6983308925851475,0.20458959538727972,0.3726417573642265,0.9481365903461607,0.8502750094782643,1.0269741165809778,0.4658959166914235,0.41369818995709984,-0.3637421934965184,-0.1746143037565212,0.03663447801039544,-0.5400407683893288,-0.5587870823739686
2.094382793823047,-1.2021320009188432,-1.2279356991005308,0.9490811362038818,-0.010684955964216718,-0.6991224441542135,1.044375374122053,0.20458959538727972,0.5520885639459927,0.8628480900447564,0.7867581021556174,0.7572473035060874,0.49541901985221326,0.41369818995709984,-0.2930127657137494,-0.03996452362852065,0.061148121842428044,0.7163796502925613,0.7073308459375106
2.094382793823047,-1.2021320009188432,-1.0834726755175694,-0.7054689621240783,-0.010684955964216718,1.9650525463246373,-0.6983308925851475,0.20458959538727972,0.7315353705277589,0.8180248194178869,0.7312099208111034,0.5250108441069908,0.5498820599745063,0.41369818995709984,-0.22278717615615556,0.09091866660345918,0.07987884546213368,0.16854673713472354,0.16573777123244318
2.094382793823047,-1.2021320009188432,-0.9390096519346078,2.332389960603565,-0.010684955964216718,-0.6991224441542135,-0.6983308925851475,0.14392752663347458,0.7315353705277589,0.7528789636531991,0.6898602010048126,0.5807749747665953,0.49853148105450956,0.41369818995709984,-0.1635533676489332,0.09926591860058073,0.13203651658008922,0.7354880976143161,0.7243873547124035
2.094382793823047,-1.2021320009188432,-0.7945466283516462,-0.7054689621240783,-0.010684955964216718,1.1173253282679172,1.4198957345090908,0.35624491190157287,0.3726417573642265,0.8055232956484031,0.8066358071573102,1.0333205395713436,0.49363807491857176,0.41369818995709984,-0.18403313673277427,-0.029201946936252617,0.18498236385739394,0.7065051884092728,0.6966737295960181
2.094382793823047,-1.2021320009188432,-0.6500836047686848,1.6693031486079162,-0.010684955964216718,-0.6991224441542135,-0.6983308925851475,0.8112108614444523,-0.8236702865142147,0.9581182767760519,1.0184806926370944,1.7062596014373574,0.7134254618233957,0.3920132140643331,-0.2996833135570158,-0.2815882105361273,0.08413352309108685,0.29252411177889565,0.26721939832265795
2.094382793823047,-1.2021320009188432,-0.5056205811857232,-0.7054689621240783,-0.010684955964216718,-0.6991224441542135,0.43606261279774283,0.8718729301982574,-0.7638546843202927,1.067824515969717,1.218861933084303,2.1814519653804596,1.0326288171849707,0.35910142248950594,-0.39204255495484447,-0.4194312448237484,-0.019786322446772996,-0.664229925084466,-0.6869555036967712
2.094382793823047,-1.2021320009188432,-0.3611575576027617,-0.6907504941142637,-0.010684955964216718,-0.6991224441542135,-0.6983308925851475,1.2661768109873317,-1.003117093095981,1.2569621554527153,1.4132830379469457,2.837407845884881,1.2126576984784578,0.3122122687894625,-0.45905714103427503,-0.5730256296840821,-0.029847325024156993,-1.2740310493992413,-1.2860490588430924
2.094382793823047,-1.2021320009188432,-0.21669453401980013,-0.6906870771577001,-0.010684955964216718,-0.6991224441542135,-0.6983308925851475,1.7211427605302112,-1.6610887172291235,1.5796953229291846,1.6177174528952982,3.122903111945102,1.3313957455843777,-0.20822832258438415,-0.5465042010384785,-0.6332482560836242,-0.04605618832867248,-1.2740310493992413,-1.2860490588430924
2.094382793823047,-1.2021320009188432,-0.0722315104368386,-0.7054689621240783,-0.010684955964216718,-0.6991224441542135,-0.6983308925851475,1.8121360082906992,-1.8405355238108898,1.6627088121363616,1.752671296140947,2.911243725019402,1.443897131477291,0.044727184442914944,-0.5982687526385794,-0.5554707993821975,-0.07041380058667941,-1.2740310493992413,-1.2860490588430924
2.094382793823047,-1.2021320009188432,0.07223151314612293,-0.6907781890119261,-0.010684955964216718,-0.6991224441542135,-0.6983308925851475,2.0244533935587974,-2.199429136974422,1.8942542370767923,1.8660006806167797,2.588158369690389,1.5035210548700941,0.3099051324279553,-0.6443656068091245,-0.4492051182101822,-0.08542858892885945,-1.2740310493992413,-1.2860490588430924
2.094382793823047,-1.2021320009188432,0.21669453672908448,-0.690786722163248,-0.010684955964216718,-0.6991224441542135,-0.6983308925851475,2.0244533935587974,-2.199429136974422,1.969815242132018,1.990034313335491,2.3540397206388106,1.7982221631267388,0.41369818995709984,-0.696035568091089,-0.3686080974707587,-0.1891039850007457,-1.2740310493992413,-1.2860490588430924
2.094382793823047,-1.2021320009188432,0.361157560312046,-0.5687939819897758,-0.010684955964216718,-0.6991224441542135,-0.6983308925851475,2.1154466413192856,-2.378875943556188,1.9411959905426557,2.1077161141701177,2.144787627000524,2.3977063390948796,0.41369818995709984,-0.7556006840136205,-0.3064640971643533,-0.40479726530242494,-1.1831578397205869,-1.1942517737478702
2.094382793823047,-1.2021320009188432,0.5056205838950075,-0.5678990214909513,-0.010684955964216718,-0.6991224441542135,-0.6983308925851475,1.8727980770445043,-2.199429136974422,1.8064840281133525,2.1839543292383894,1.984968584968861,3.0741417581609563,0.41369818995709984,-0.7889859989772696,-0.26298567102738757,-0.6275037314355197,-1.1860901278256217,-1.1981534173453046
2.094382793823047,-1.2021320009188432,0.6500836074779691,-0.31423740728112304,-0.010684955964216718,-0.34855382143365427,-0.6983308925851475,1.7211427605302112,-1.5414575128412795,1.6591628451235714,2.229530840283989,1.8022129138704723,3.5306958798548984,0.41369818995709984,-0.7760063734350435,-0.1488836843400333,-0.7184538858035334,-0.7962596529290698,-0.8025926438132964
2.094382793823047,-1.2021320009188432,0.7945466310609306,-0.050590660455484035,-0.010684955964216718,-0.1564729345430006,-0.6983308925851475,1.569487444015918,-1.122748297483825,1.5223063118127353,2.2580103371749285,1.648667837347082,3.7070974693485113,0.41369818995709984,-0.7559175133190107,-0.042993629507888466,-0.7291559180975397,-0.5127181386586277,-0.5175092492395879
2.094382793823047,-1.2021320009188432,0.9390096546438922,0.18544289839712413,-0.010684955964216718,0.012442149517833758,-0.6983308925851475,1.7211427605302112,-1.4218263084534353,1.346353836598574,2.1864251918412982,1.4745951299263111,3.2079029645776362,0.41369818995709984,-0.6909062150486815,0.05767422957739737,-0.5554652539709776,-0.22839483990255768,-0.23205072458046896
2.094382793823047,-1.2021320009188432,1.0834726782268538,0.11673517496552321,-0.010684955964216718,-0.09740184940359867,-0.6983308925851475,1.1145214944730386,-0.7638546843202927,1.078159394360135,1.9196052014047638,1.163314377091668,2.4636490953595858,0.41369818995709984,-0.5323824939254892,0.18896424077655652,-0.3081578096664997,-0.37793546916428183,-0.3880474666718804
2.094382793823047,-1.2021320009188432,1.2279357018098151,1.1021889698565075,-0.010684955964216718,0.7859081813937546,-0.6983308925851475,1.2055147422335266,-0.6442234799324486,0.9700967018464218,1.7115728265736265,1.0525899676032062,1.8390665085163551,0.41369818995709984,-0.3793370482937481,0.2816243314639852,-0.04067743323517593,0.7509862595011744,0.7429962248294063
2.094382793823047,-1.2021320009188432,1.3723987253927767,1.1834315674007458,-0.010684955964216718,0.7212667898741818,-0.6983308925851475,1.1145214944730386,-0.5245922755446044,0.941452700062856,1.540056427484992,1.0775818318384707,1.354682187532161,0.41369818995709984,-0.26481544013767894,0.2838374289200261,0.16408323477977024,0.7016231306071277,0.6921342611201592
2.094382793823047,-1.2021320009188432,1.5168617489757383,1.2528132415906266,-0.010684955964216718,0.730577648649778,-0.6983308925851475,0.9628661779587454,-0.22551426457499413,0.9428975762650115,1.3909810504428273,1.2806579906795508,0.9571080317408919,0.41369818995709984,-0.14005322353419333,0.23150058916879554,0.367338414815888,0.6726841439013921,0.6626215688728702
2.094382793823047,-1.2021320009188432,1.6613247725587,1.2877897878783158,-0.010684955964216718,0.7263685943005403,-0.6983308925851475,0.8718729301982574,0.013748144200694123,0.9609879614553329,1.2701734425621327,1.42264822991155,0.6485014664317471,0.41369818995709984,-0.005128580276852866,0.2251452754768634,0.5651803827859119,0.6529454807186695,0.642693519463298
2.094382793823047,-1.0920541489066795,-1.6613247698494156,0.43353401311602247,-0.010684955964216718,0.09106896031042473,1.0561888343481656,0.8112108614444523,0.07356374639461619,1.009545835710274,1.169055102003903,1.508575984145915,0.3920219183705425,0.41369818995709984,0.09205404344043215,0.21213539480619506,0.7148404508283626,0.7259299137280913,0.7127132941601279
2.094382793823047,-1.0920541489066795,-1.516861746266454,-0.7054689621240783,-0.010684955964216718,-0.6991224441542135,-0.6983308925851475,0.6595555449301591,0.3726417573642265,0.9773043597530079,1.0782415500389528,1.4514777833748367,0.30918366285306953,0.41369818995709984,0.20217864961415433,0.2663542386932715,0.7918903590558825,-1.2740310493992413,-1.2860490588430924
2.094382793823047,-1.0920541489066795,-1.3723987226834924,-0.14975359341260142,-0.010684955964216718,-0.6991224441542135,-0.6983308925851475,0.5685622971696711,0.4922729617520706,0.821770125832641,1.0078674873178877,1.2760565143461735,0.2930042309135467,0.41369818995709984,0.28921332478750333,0.3564867040272419,0.8181851466475222,-0.9185204273941009,-0.9628054372299131
2.094382793823047,-1.0920541489066795,-1.2279356991005308,0.41936768120479095,-0.010684955964216718,-0.6991224441542135,-0.6983308925851475,0.507900228415866,0.7315353705277589,0.6975308401722946,0.9326730899559009,1.0239309023330792,0.1707638264687283,0.41369818995709984,0.38351311551811845,0.4883846877558821,0.9050557254863226,-0.5330165886947192,-0.5391053289429096
2.094382793823047,-1.0920541489066795,-1.0834726755175694,0.5371152122348516,-0.010684955964216718,-0.6991224441542135,0.8834708368731128,0.507900228415866,0.7315353705277589,0.6338840434673432,0.8672005241720543,0.7629714445914206,0.056107530745561254,0.41369818995709984,0.4687356139332946,0.6287321127780003,0.9883011707552596,0.5241731732299953,0.519945914850614
2.094382793823047,-1.0920541489066795,-0.9390096519346078,-0.7054689621240783,-0.010684955964216718,-0.6991224441542135,-0.6983308925851475,0.35624491190157287,0.851166574915603,0.6023108227535741,0.8082738740243057,0.5244934124407514,0.13038148703882785,0.41369818995709984,0.5315102855229974,0.7427730010229014,0.9482370301768921,-1.2740310493992413,-1.2860490588430924
2.094382793823047,-1.0920541489066795,-0.7945466283516462,0.4787535703560545,-0.010684955964216718,0.5708955324182139,0.5083911951149248,0.6595555449301591,0.3726417573642265,0.5957486766687843,0.8957668294320763,0.6128940979168964,0.2213555752734023,0.41369818995709984,0.48674879569063195,0.7076469901317153,0.9085573340600823,0.826416671693353,0.8153574505632336
2.094382793823047,-1.0920541489066795,-0.6500836047686848,1.9268592661696722,-0.010684955964216718,-0.6991224441542135,-0.6983308925851475,0.9628661779587454,-0.22551426457499413,0.7876041550450038,1.1056574679688573,1.3250156087758131,0.44376071645451104,0.41369818995709984,0.3617626509870685,0.39287900165180584,0.8068425180579327,0.4950980987805032,0.49952301952747324
2.094382793823047,-1.0920541489066795,-0.5056205811857232,-0.7054689621240783,-0.010684955964216718,-0.6991224441542135,0.44796547444844725,1.1145214944730386,-0.5844078777385264,0.9476241944337296,1.3063704151922346,1.6597734382494977,0.7493562774055077,0.41369818995709984,0.22506950660314365,0.24782011222925043,0.6518353346578296,-0.6364312582659816,-0.6708194800379151
2.094382793823047,-1.0920541489066795,-0.3611575576027617,-0.6900531346568662,-0.010684955964216718,-0.6991224441542135,-0.6983308925851475,1.4178321275016248,-1.003117093095981,1.328124984105546,1.557243778804226,1.9712511049472403,1.0703397392144087,0.1782252076001872,0.06424111168270649,0.12594894225911135,0.5046453331164135,-1.2740310493992413,-1.2860490588430924
2.094382793823047,-1.0920541489066795,-0.21669453401980013,-0.6906390669684378,-0.010684955964216718,-0.6991224441542135,-0.6983308925851475,1.7211427605302112,-1.4218263084534353,1.586515004818525,1.8032904559434115,2.199082149435093,1.358978591411624,0.29953237838073277,-0.07101556289543902,0.04816503149686208,0.3863248568485802,-1.2740310493992413,-1.2860490588430924
2.094382793823047,-1.0920541489066795,-0.0722315104368386,-0.6906996736476688,-0.010684955964216718,-0.6991224441542135,-0.6983308925851475,2.0244533935587974,-1.8405355238108898,1.7583495828565432,1.9789708337116125,2.22545496803495,1.5274757704111508,0.41369818995709984,-0.16826937065315825,0.040305061091840545,0.31497291830975105,-1.2740310493992413,-1.2860490588430924
2.094382793823047,-1.0920541489066795,0.07223151314612293,-0.6907094164096331,-0.010684955964216718,-0.6991224441542135,-0.6983308925851475,1.4178321275016248,-0.7638546843202927,1.7903234891467434,2.0605262378259606,1.9800517054781384,1.5432535674056576,0.41369818995709984,-0.18066625227115166,0.1724134472032948,0.3468087771739779,-1.2740310493992413,-1.2860490588430924
2.094382793823047,-1.0920541489066795,0.21669453672908448,-0.5274006516780199,-0.010684955964216718,-0.6991224441542135,-0.6983308925851475,1.2661768109873317,-0.5245922755446044,1.7702497437992963,2.11696226411605,1.793425099954061,1.6902502803089343,0.41369818995709984,-0.174233386732386,0.286498223061789,0.32198415374649136,-1.1623546859655038,-1.173224664392582
2.094382793823047,-1.0920541489066795,0.361157560312046,-0.0696995371397366,-0.010684955964216718,-0.6991224441542135,-0.6983308925851475,1.1448526734797215,-0.16569866238107206,1.7565381362105073,2.204719173426559,1.7211679414881977,1.969446099623536,0.41369818995709984,-0.20688924625795843,0.34013512579803523,0.22632032886926556,-0.8474108685700343,-0.8522224616882716
2.094382793823047,-1.0920541489066795,0.5056205838950075,0.25834108312544923,-0.010684955964216718,-0.6991224441542135,-0.6983308925851475,1.1145214944730386,0.07356374639461619,1.6776117736677612,2.240559031952956,1.6285706891374294,2.13078344397694,0.41369818995709984,-0.18252500028289673,0.4346634519582217,0.21137380434072178,-0.6269883709404395,-0.63000693525063
2.094382793823047,-1.0920541489066795,0.6500836074779691,0.06721078304705445,-0.010684955964216718,0.3175760950163563,-0.6983308925851475,1.2661768109873317,-0.22551426457499413,1.5993021592076015,2.215153115934815,1.5311000317851944,2.1614644967391228,0.41369818995709984,-0.1317160039374383,0.5176239497708508,0.23561981068119645,-0.13438089025739972,-0.14587868749242264
2.094382793823047,-1.0920541489066795,0.7945466310609306,0.044540902336256134,-0.010684955964216718,-0.006004655031082704,-0.6983308925851475,1.038693836215892,0.013748144200694123,1.394886291735144,2.075928018626669,1.3323559779322993,1.9600718226187752,0.41369818995709984,-0.004101840981776235,0.641773618346699,0.3518284429366959,-0.37360613281346544,-0.38154203582842966
2.094382793823047,-1.0920541489066795,0.9390096546438922,0.6208801240904589,-0.010684955964216718,0.44860474948266554,-0.6983308925851475,0.9173696987082818,0.25301055297638236,1.1572483054756237,1.85709682383349,1.1377437054406268,1.4699656710191529,0.41369818995709984,0.15073068601761178,0.7416977544898702,0.5800306878438065,0.28887152393687926,0.2910925888489562
2.094382793823047,-1.0920541489066795,1.0834726782268538,1.064868621437534,-0.010684955964216718,0.7343621395277462,-0.6983308925851475,0.8112108614444523,0.3726417573642265,0.9772394741087445,1.6058670518768916,1.002115233136378,0.9668151878128164,0.41369818995709984,0.34208641700372217,0.8139062172429081,0.8313169372859395,0.7166674866712212,0.7076980359487384
2.094382793823047,-1.0920541489066795,1.2279357018098151,1.2302763928210674,-0.010684955964216718,0.7806388220842063,-0.6983308925851475,0.8718729301982574,0.3726417573642265,0.9412138941349997,1.416288865946314,1.164964702801453,0.5943528586776817,0.41369818995709984,0.49243386685209034,0.7453150404455301,1.0375603386751686,0.6841320753193052,0.6745497117989864
2.094382793823047,-1.0920541489066795,1.3723987253927767,0.3807710155505179,-0.010684955964216718,0.08934474277657165,0.957295242322505,0.8112108614444523,0.07356374639461619,0.9219595808929418,1.2720959303457156,1.2906545658854633,0.2792279007535985,0.41369818995709984,0.6065319902930338,0.6727952768254861,1.1974788325782495,0.7391396053948741,0.7263079305914423
2.094382793823047,-1.0920541489066795,1.5168617489757383,0.9652216872403928,-0.010684955964216718,-0.6991224441542135,-0.6983308925851475,0.8112108614444523,0.3726417573642265,0.9280635139228813,1.1688405512380406,1.276366802857724,0.28426049561787176,0.41369818995709984,0.6950086852142978,0.6852946412850933,1.2011763474616193,-0.1958715792420486,-0.21187207618443946
2.094382793823047,-1.0920541489066795,1.6613247725587,0.3548895302812292,-0.010684955964216718,0.39062560921564465,0.7270769316407737,0.8112108614444523,0.3726417573642265,0.9170242583839124,1.0866951325175709,1.1027237256837155,0.33386115359789215,0.41369818995709984,0.7798870872170699,0.772438446187517,1.177298749004261,0.7500876483677977,0.7390925770035695
2.094382793823047,-0.9819762968945157,-1.6613247698494156,2.2347373393650396,-0.010684955964216718,-0.6991224441542135,-0.6983308925851475,0.8112108614444523,0.07356374639461619,0.9208043488553851,1.0332550535994747,1.0477583322090636,0.3986518296654123,0.41369818995709984,0.8229985551223533,0.7784385713988501,1.1182793727080065,0.6734090451502117,0.6622799920041668
2.094382793823047,-0.9819762968945157,-1.516861746266454,-0.7054689621240783,-0.010684955964216718,-0.6991224441542135,0.0577972199236172,0.8112108614444523,0.3726417573642265,0.9508664698743999,0.9827678707483793,0.9239114464931081,0.4020493762149016,0.41369818995709984,0.8813520945465112,0.8332473164451045,1.1095719440352951,-0.9275437333443407,-0.9394036053654886
2.094382793823047,-0.9819762968945157,-1.3723987226834924,-0.6897752620030533,-0.010684955964216718,-0.6991224441542135,-0.6983308925851475,0.7202176136839643,0.31282615517030443,0.8733542130220966,0.9230832353291301,0.717429785993665,0.378419154877856,0.41369818995709984,0.9316234704103172,0.912856865878683,1.096592284181553,-1.2740310493992413,-1.2860490588430924
2.094382793823047,-0.9819762968945157,-1.2279356991005308,0.931319263990058,-0.010684955964216718,-0.6991224441542135,-0.6983308925851475,0.6595555449301591,0.07356374639461619,0.7296412069926984,0.8705444107794756,0.5077224888796426,0.2825239904589397,0.41369818995709984,0.9556194897897768,0.9698526770023276,1.096099917881294,-0.18448323121458976,-0.18107831700065727
2.094382793823047,-0.9819762968945157,-1.0834726755175694,-0.7054689621240783,-0.010684955964216718,0.7926656677304783,0.8125763456376315,0.6595555449301591,-0.22551426457499413,0.6823275316896136,0.8177663338955207,0.27148637646902196,0.16829364578393177,0.41369818995709984,0.9562309486320152,1.001166489301014,1.0639487452112237,0.4992268137154245,0.4896086843191842
2.094382793823047,-0.9819762968945157,-0.9390096519346078,1.5426967488057683,-0.010684955964216718,-0.6991224441542135,-0.6983308925851475,0.5382314074225488,-0.6442234799324486,0.6218179893310091,0.7786023500164531,0.27857442309963193,0.20312939823829618,0.41369818995709984,0.9255576249579939,0.885374614354964,0.9310479851927681,0.24752065096162162,0.23619716990755937
2.094382793823047,-0.9819762968945157,-0.7945466283516462,-0.7054689621240783,-0.010684955964216718,1.0818034827997118,1.0976527539176457,0.507900228415866,-0.2853298667689162,0.647009673485258,0.8731133738970386,0.6394050119532128,0.3261495949563192,0.41369818995709984,0.7941417516394804,0.6112771052835041,0.7670804719437205,0.7344488984811062,0.7251024736516807
2.094382793823047,-0.9819762968945157,-0.6500836047686848,1.5124921291169688,-0.010684955964216718,-0.6991224441542135,-0.6983308925851475,0.6595555449301591,-0.8236702865142147,0.7790807233006214,1.0654531951789963,1.369087659148533,0.5726737949962781,0.41369818995709984,0.5998648206754152,0.21994695975504772,0.5710725251000569,0.21956037994742628,0.1968823280162376
2.094382793823047,-0.9819762968945157,-0.5056205811857232,-0.7054689621240783,-0.010684955964216718,-0.6991224441542135,0.23779729357761958,0.7202176136839643,-1.003117093095981,0.8905736589461187,1.2185379896582147,2.174375852923371,0.8264005924844389,0.41369818995709984,0.41649328470587255,-0.18214619273639815,0.34639225955553715,-0.7625398641829126,-0.785587207644597
2.094382793823047,-0.9819762968945157,-0.3611575576027617,-0.6907640226912279,-0.010684955964216718,-0.6991224441542135,-0.6983308925851475,0.8112108614444523,-0.8236702865142147,1.141350653706907,1.35101885302366,2.769608953670141,0.941234647306444,0.24914391187274404,0.30345013287434736,-0.398082287299667,0.27802637526462454,-1.2740310493992413,-1.2860490588430924
2.094382793823047,-0.9819762968945157,-0.21669453401980013,-0.6906600620528088,-0.010684955964216718,-0.6991224441542135,-0.6983308925851475,0.8112108614444523,-1.062932695289903,1.2860523296561135,1.479105660243515,2.894153136096119,0.9909946176863664,0.12496569006220931,0.1708528457864579,-0.48355986883307767,0.1981941206774994,-1.2740310493992413,-1.2860490588430924
2.094382793823047,-0.9819762968945157,-0.0722315104368386,-0.6906973231064785,-0.010684955964216718,-0.6991224441542135,-0.6983308925851475,0.8112108614444523,-1.3021951040655912,1.4660678502646693,1.5723279680107298,2.5795811086925298,1.0490514101559227,0.18030888399970257,0.03790953187150855,-0.45965488808791893,0.08092490713966422,-1.2740310493992413,-1.2860490588430924
2.094382793823047,-0.9819762968945157,0.07223151314612293,-0.5082626097814306,-0.010684955964216718,-0.6991224441542135,-0.6983308925851475,0.9628661779587454,-1.3021951040655912,1.5922925028546442,1.6618210447028887,2.204251351451692,1.0787933582449991,0.3868911841501959,-0.07306542195811257,-0.3868819101482716,0.01181310524070106,-1.1490577230827554,-1.160183079741223
2.094382793823047,-0.9819762968945157,0.21669453672908448,0.4192350080820043,-0.010684955964216718,-0.6991224441542135,-0.6983308925851475,0.9628661779587454,-1.3021951040655912,1.642362814652675,1.7399803360365464,1.9178738089918699,1.3310226191740808,0.41369818995709984,-0.16984169339034258,-0.3299099790496703,-0.12825275468332573,-0.5078492216042263,-0.504525435031192
2.094382793823047,-0.9819762968945157,0.361157560312046,0.5914228335334617,-0.010684955964216718,-0.6991224441542135,-0.6983308925851475,0.9022041092049403,-1.4816419106473573,1.6253828435806768,1.7941755771897505,1.6126539114240501,1.839718850869638,0.41369818995709984,-0.2648077184790556,-0.2925820577412022,-0.37790392325598116,-0.40686599538859336,-0.4073821107954506
2.094382793823047,-0.9819762968945157,0.5056205838950075,0.2467043315992484,-0.010684955964216718,0.46404597261687364,-0.6983308925851475,0.8112108614444523,-1.3021951040655912,1.5670914537620482,1.8265882695351345,1.3955823768064992,2.4443110854704266,0.41369818995709984,-0.32071276821410827,-0.24844122982848552,-0.6011231264781659,0.051671126599921624,0.044839537962580604
2.094382793823047,-0.9819762968945157,0.6500836074779691,0.8057284998175182,-0.010684955964216718,0.6436113033589529,-0.6983308925851475,0.7505487926906471,-1.3021951040655912,1.5083773038694555,1.8556006145452388,1.4232364141779505,2.8335347560478845,0.41369818995709984,-0.375754922597999,-0.296483107237692,-0.7487937919517891,0.5148752841552415,0.521201368644583
2.094382793823047,-0.9819762968945157,0.7945466310609306,0.6720491603856485,-0.010684955964216718,0.37918594147244544,-0.6983308925851475,0.689886723936842,-1.2423795018716692,1.4670009994785616,1.8644098996093657,1.450708029182721,2.810404272554742,0.41369818995709984,-0.41204285729854045,-0.33354060339769664,-0.765635233262667,0.23776643592069993,0.22643846015324773
2.094382793823047,-0.9819762968945157,0.9390096546438922,0.908297292672811,-0.010684955964216718,0.5503254900490024,-0.6983308925851475,0.6595555449301591,-1.3021951040655912,1.3129230134712004,1.7662493954318246,1.4161483675473405,2.3129378880796465,0.41369818995709984,-0.4129713867480011,-0.37588870834927895,-0.668943983812586,0.4772027404867584,0.47393241656863855
2.094382793823047,-0.9819762968945157,1.0834726782268538,1.1118828091674033,-0.010684955964216718,0.6723469658259986,-0.6983308925851475,0.507900228415866,-1.062932695289903,1.14738769432008,1.5305900807004116,1.448218901562591,1.6902662115489244,0.41369818995709984,-0.30812308643236247,-0.4135171737567156,-0.5015892851440642,0.6591174919226129,0.6490937315172591
2.094382793823047,-0.9819762968945157,1.2279357018098151,1.1898537000623692,-0.010684955964216718,0.6886740013821893,-0.6983308925851475,0.507900228415866,-1.062932695289903,1.069769078525118,1.3392489085424517,1.4855515536597124,1.1543518755732651,0.41369818995709984,-0.2539117342559803,-0.47033700415526625,-0.36847116447457,0.641075785301257,0.6306653828287672
2.094382793823047,-0.9819762968945157,1.3723987253927767,1.2695512253504364,-0.010684955964216718,0.7256649478839329,-0.6983308925851475,0.35624491190157287,-0.5844078777385264,1.1241700053846093,1.1897458414867585,1.5756221709878555,0.7527856864349775,0.41369818995709984,-0.16974155313007072,-0.49558399928078695,-0.2225419847354891,0.6276039987205727,0.6171045557455849
2.094382793823047,-0.9819762968945157,1.5168617489757383,-0.7054689621240783,-0.010684955964216718,0.6079713075214219,1.9292281225890275,0.35624491190157287,0.013748144200694123,1.095742066107199,1.0625010048710937,1.5922140819461468,0.3302841709769342,0.41369818995709984,-0.08457793236189778,-0.45173252842827977,-0.004980226334852312,0.6599055767667482,0.6479325340877795
2.094382793823047,-0.9819762968945157,1.6613247725587,2.2818241878315266,-0.010684955964216718,-0.6991224441542135,-0.6983308925851475,0.32591373289489,0.013748144200694123,1.0172016728091953,0.9837439355812337,1.6097044656823891,0.46598731169978835,0.41369818995709984,-0.03689307083508967,-0.45361302661660036,-0.05407274386528104,0.6775271394807922,0.6647980712720114
2.094382793823047,-0.8718984448823519,-1.6613247698494156,-0.7054689621240783,-0.010684955964216718,1.0453404287844041,1.5149718961855014,0.20458959538727972,0.3726417573642265,1.0127085091749923,0.9120868028195837,1.4563921055426619,0.5861440776511514,0.41369818995709984,0.005504626251195745,-0.38758884494369794,-0.082408727839904,0.6543261592829722,0.645010176978332
2.094382793823047,-0.8718984448823519,-1.516861746266454,0.08469259745875529,-0.010684955964216718,-0.6991224441542135,-0.6983308925851475,0.20458959538727972,0.3726417573642265,0.8924051733171845,0.8549167870673334,1.4257195747113198,0.7294841517335192,0.41369818995709984,0.04387185883791243,-0.3602292205756068,-0.11820345447399366,-0.7714587416908948,-0.8240601967674316
2.094382793823047,-0.8718984448823519,-1.3723987226834924,0.7142704306371609,-0.010684955964216718,-0.6991224441542135,0.552543341108036,0.14392752663347458,0.7315353705277589,0.7841050127239503,0.796167282453241,1.2534727958392884,0.7220283314181047,0.41369818995709984,0.08545443833576803,-0.27570361301351737,-0.08728688163340147,0.38330003717181416,0.3887567307247858
2.094382793823047,-0.8718984448823519,-1.2279356991005308,-0.7054689621240783,-0.010684955964216718,-0.6991224441542135,0.3974810245034107,0.05293427887298657,1.0904289836912913,0.7318172173101114,0.7380663704504233,1.0035584156914739,0.7475350851287331,0.41369818995709984,0.13653731226052424,-0.14999206171862015,-0.058289713863844676,-0.7059624197750198,-0.7135189450349622
2.094382793823047,-0.8718984448823519,-1.0834726755175694,1.0510388612346835,-0.010684955964216718,0.8694763370586331,-0.6983308925851475,0.20458959538727972,0.7315353705277589,0.6111660408851181,0.704348729532409,0.6990750271181035,0.7750751681539003,0.41369818995709984,0.172107615312756,-0.008547661492034803,-0.04147687834153809,0.7524738641498573,0.7400152648498634
2.094382793823047,-0.8718984448823519,-0.9390096519346078,0.6067529930951556,-0.010684955964216718,0.37520887810639464,0.5689395414165401,0.14392752663347458,0.851166574915603,0.5956730882378382,0.6742191678698041,0.6944070603893939,0.7215864491299554,0.41369818995709984,0.20005615870005466,0.013204889968814594,-0.0005120888442112207,0.747302709897351,0.736207307724497
2.094382793823047,-0.8718984448823519,-0.7945466283516462,1.243159589946403,-0.010684955964216718,0.7730434562155468,-0.6983308925851475,0.35624491190157287,0.7315353705277589,0.6337475829371396,0.7005503340657265,0.798772260273003,0.7130707821120349,0.41369818995709984,0.20969423647301608,0.031078335739970726,0.06207802668151723,0.6967286520982111,0.6856102863615209
2.094382793823047,-0.8718984448823519,-0.6500836047686848,0.5783970060732845,-0.010684955964216718,0.26318403780382155,0.6918223759633756,0.5382314074225488,0.4922729617520706,0.8351312171575737,0.8933347835795702,1.4265055252817855,0.805486228322565,0.41369818995709984,0.12379898855027854,-0.12421906063606437,0.1109052905361023,0.7234464924147771,0.7120889481979567
2.094382793823047,-0.8718984448823519,-0.5056205811857232,-0.7054689621240783,-0.010684955964216718,-0.6991224441542135,-0.6983308925851475,0.7202176136839643,0.31282615517030443,0.9481593337678612,1.107439509691892,1.8262500442240428,0.9614463599361184,0.41369818995709984,0.022131528983805684,-0.20799599714274186,0.11302493612713735,-1.2740310493992413,-1.2860490588430924
2.094382793823047,-0.8718984448823519,-0.3611575576027617,0.9089419100226047,-0.010684955964216718,-0.6991224441542135,-0.6983308925851475,0.9628661779587454,-0.22551426457499413,1.143388865645781,1.3088843291001355,1.9528059873293042,1.0770669149218504,0.4033032069084226,-0.0826183201843849,-0.21291549743702481,0.11021181687376592,-0.20276309138751974,-0.23881566778397548
2.094382793823047,-0.8718984448823519,-0.21669453401980013,-0.7054689621240783,-0.010684955964216718,-0.6991224441542135,-0.6983308925851475,1.1145214944730386,-0.5245922755446044,1.3001458929446388,1.478513528360099,1.974243172737191,1.1102692960340614,0.41369818995709984,-0.13935127650496232,-0.15057852071202615,0.17508952864312652,-1.2740310493992413,-1.2860490588430924
2.094382793823047,-0.8718984448823519,-0.0722315104368386,0.019525873924977035,-0.010684955964216718,-0.6991224441542135,-0.6983308925851475,1.2661768109873317,-0.6442234799324486,1.2998428702966869,1.5452515202070747,1.7695772114948976,1.1359772864603555,0.41369818995709984,-0.13766481800125127,-0.014472059056383596,0.23136534976276274,-0.7996794875268041,-0.8254172835109367
2.094382793823047,-0.8718984448823519,0.07223151314612293,-0.02228593962000414,-0.010684955964216718,-0.6991224441542135,-0.6983308925851475,0.8112108614444523,0.3726417573642265,1.382710534035313,1.6085785783322974,1.6126863041807504,1.0940043384903806,0.41369818995709984,-0.12569214500387943,0.11514656552510447,0.3240077965773967,-0.828685348037838,-0.8399715419400648
2.094382793823047,-0.8718984448823519,0.21669453672908448,1.3926354632235145,-0.010684955964216718,-0.6991224441542135,-0.6983308925851475,1.1145214944730386,0.07356374639461619,1.5593366158863124,1.7381467738993408,1.514887457056683,1.2609536717519123,0.41369818995709984,-0.1535219678898437,0.2294066767026104,0.3299900904676454,0.12693286919434904,0.1375435411097328
2.094382793823047,-0.8718984448823519,0.361157560312046,-0.7054689621240783,-0.010684955964216718,-0.6991224441542135,-0.6983308925851475,1.4178321275016248,-0.5844078777385264,1.6550242112982305,1.8606354999520232,1.4838918510993038,1.56459220564306,0.41369818995709984,-0.18078087064134235,0.30618698100695835,0.2640552647842608,-1.2740310493992413,-1.2860490588430924
2.094382793823047,-0.8718984448823519,0.5056205838950075,0.36981826169926507,-0.010684955964216718,-0.6991224441542135,-0.6983308925851475,1.7211427605302112,-1.2423795018716692,1.7063072826122372,1.9573040293959025,1.484743439624136,1.8576817432017483,0.41369818995709984,-0.1890872036036039,0.3597520285327138,0.19379381357945558,-0.5505178595638357,-0.5755439173813276
2.094382793823047,-0.8718984448823519,0.6500836074779691,-0.42685531456752596,-0.010684955964216718,0.019635499294423455,-0.6983308925851475,1.8727980770445043,-1.4218263084534353,1.650372512636291,2.005868724463415,1.4435841800315476,1.9774402281533563,0.41369818995709984,-0.17824382317990037,0.4192059762882943,0.1838340148146688,-0.6485758293245532,-0.6706214392199176
2.094382793823047,-0.8718984448823519,0.7945466310609306,-0.06536671462201019,-0.010684955964216718,-0.6991224441542135,-0.6983308925851475,1.8424668980378214,-1.4816419106473573,1.488120942224236,1.9629508079408535,1.3398676877229108,1.8700905021814849,0.41369818995709984,-0.11507100356742983,0.489891495822579,0.2519192589828546,-0.8392464589932952,-0.8480060773922137
2.094382793823047,-0.8718984448823519,0.9390096546438922,-0.008373920286933633,-0.010684955964216718,0.20584105948978967,-0.6983308925851475,1.569487444015918,-1.003117093095981,1.271418275640115,1.7874623966473715,1.0750816224857853,1.4287247216024122,0.41369818995709984,0.012288344653660924,0.6269634849772701,0.45988485887039227,-0.27707086969882827,-0.2868207415760671
2.094382793823047,-0.8718984448823519,1.0834726782268538,0.5928376546914,-0.010684955964216718,0.5012172981522144,-0.6983308925851475,1.4633286067520885,-1.182563899677747,1.0512204802799463,1.5772781623257262,0.8994591773891938,1.0685696946028658,0.41369818995709984,0.15636508379435426,0.7015610259114429,0.6190433489816565,0.3022655460925598,0.3062939889371022
2.094382793823047,-0.8718984448823519,1.2279357018098151,1.045205011425822,-0.010684955964216718,0.7644662019128373,-0.6983308925851475,1.3571700587478197,-1.122748297483825,0.9522665281573219,1.4156529769988073,0.8948577010558165,0.7576623228446098,0.41369818995709984,0.26574237819443314,0.6858298980626407,0.7527944810785521,0.7186439991400664,0.7096429955394603
2.094382793823047,-0.8718984448823519,1.3723987253927767,1.1376789853496265,-0.010684955964216718,0.7280032530135166,-0.6983308925851475,1.1145214944730386,-0.7638546843202927,0.9280822437995759,1.2825665723270794,1.0674497185189962,0.49341419907239364,0.41369818995709984,0.35743707434698774,0.5864754403547371,0.8678391611339239,0.6843426873036903,0.6743618137854284
2.094382793823047,-0.8718984448823519,1.5168617489757383,1.2204799314327759,-0.010684955964216718,0.7378909883254651,-0.6983308925851475,1.1145214944730386,-0.7638546843202927,0.9295351470917435,1.1893647315737135,1.2638666085352628,0.295332707411062,0.41369818995709984,0.4260208462397869,0.4792909160569561,0.9518144874324699,0.6613816607598749,0.6510684023533092
2.094382793823047,-0.8718984448823519,1.6613247725587,-0.7054689621240783,-0.010684955964216718,-0.6991224441542135,2.79322528995789,0.9931973569654283,-0.5245922755446044,0.9489319411815139,1.1058571977936569,1.3080571482022285,0.1297023131234561,0.41369818995709984,0.4854226008220676,0.4410581354211712,1.0190411245224755,0.674595312652005,0.6624504730808082
2.094382793823047,-0.7618205928701882,-1.6613247698494156,0.320903592036091,-0.010684955964216718,-0.6991224441542135,-0.6983308925851475,0.8112108614444523,-0.22551426457499413,0.8968929855580463,1.0447229331866397,1.232231671853535,0.26014562919059786,0.41369818995709984,0.5290673457760278,0.46399221028326265,0.936966782900809,-0.6656059683850097,-0.6773462722422311
2.094382793823047,-0.7618205928701882,-1.516861746266454,-0.7054689621240783,-0.010684955964216718,-0.6991224441542135,-0.668831658424087,0.507900228415866,0.3726417573642265,0.8001123680561641,0.957896920126698,1.0184735752700407,0.5048553448443044,0.41369818995709984,0.5956758208722354,0.5477489240660296,0.7961582560265239,-1.2740310493992413,-1.2860490588430924
2.094382793823047,-0.7618205928701882,-1.3723987226834924,1.0781251691626248,-0.010684955964216718,-0.6991224441542135,-0.6983308925851475,0.4472381596620609,0.5520885639459927,0.637199231642289,0.8893211315879271,0.7643259732860735,0.4284541487691882,0.41369818995709984,0.645508992609165,0.6498186051619661,0.8175133440371338,-0.07273332234592039,-0.06758289663572527
2.094382793823047,-0.7618205928701882,-1.2279356991005308,-0.7054689621240783,-0.010684955964216718,-0.6991224441542135,1.6739806620768591,0.6595555449301591,0.07356374639461619,0.6152023293128063,0.8456847523033659,0.5400265917195217,0.36799341603374186,0.41369818995709984,0.6766658851544752,0.7413212676085568,0.8313178041280174,0.03215468606226187,0.04704042407340488
2.094382793823047,-0.7618205928701882,-1.0834726755175694,0.20052619086354498,-0.010684955964216718,-0.6991224441542135,-0.6983308925851475,0.6292243659234763,0.31282615517030443,0.5090300164969132,0.8026235666838636,0.32302495726116615,0.4887471842415798,0.41369818995709984,0.7133606547437357,0.8439257752113191,0.7649220351696985,-0.6703941058428361,-0.7186526896436689
2.094382793823047,-0.7618205928701882,-0.9390096519346078,0.4633139711663689,-0.010684955964216718,0.6686224961765758,0.3044585801949694,0.598893476176354,0.4324573595581485,0.4598186033301638,0.7633318404080162,0.11107233064323183,0.5396491729829052,0.41369818995709984,0.74963797216367,0.95469036704735,0.7415116645923392,0.8051245201129862,0.7962215644256516
2.094382793823047,-0.7618205928701882,-0.7945466283516462,1.1167946749627415,-0.010684955964216718,0.9115400759743385,-0.6983308925851475,0.8112108614444523,0.3726417573642265,0.48427647767248455,0.768704078663755,0.1998191071514908,0.568067151180164,0.41369818995709984,0.7573538395430756,0.9244229731433543,0.7423598695655844,0.764719780975274,0.753632440846599
2.094382793823047,-0.7618205928701882,-0.6500836047686848,0.5482800277914915,-0.010684955964216718,0.34942897207624557,0.6270966878329693,0.9628661779587454,0.07356374639461619,0.6332238153138582,0.852258192544295,0.6191177694081873,0.6263712971127262,0.41369818995709984,0.7147423490336555,0.7410011461917599,0.7397029985967581,0.7617256706023867,0.7510172365423023
2.094382793823047,-0.7618205928701882,-0.5056205811857232,1.2115860778615763,-0.010684955964216718,-0.6991224441542135,-0.6983308925851475,1.2661768109873317,0.13337934858853825,0.7850796352362376,0.9937523053532559,0.8262268264584576,0.7608024540953101,0.41369818995709984,0.6250605927634814,0.6698700813253609,0.7021474989918924,-0.012587489887204439,-0.029616125661740118
2.094382793823047,-0.7618205928701882,-0.3611575576027617,-0.7054689621240783,-0.010684955964216718,0.4287330977307144,0.49259449791153853,1.4178321275016248,0.07356374639461619,0.9221428661148819,1.1668065535169372,1.0915968137571548,0.9600377029264585,0.41369818995709984,0.5404481053795517,0.6128073631045228,0.6740028704059705,0.03689165560849721,0.024692035147860593
2.094382793823047,-0.7618205928701882,-0.21669453401980013,-0.016059632128795395,-0.010684955964216718,-0.6991224441542135,-0.6983308925851475,1.569487444015918,-0.22551426457499413,1.142455716431889,1.3369460166049218,1.250774820182538,1.1148541392059785,0.41369818995709984,0.4640567714111945,0.6091963160743247,0.6709427011603918,-0.8249989632726863,-0.8580005561234612
2.094382793823047,-0.7618205928701882,-0.0722315104368386,-0.016604183982667123,-0.010684955964216718,-0.6991224441542135,-0.6983308925851475,1.569487444015918,-0.2853298667689162,1.2668227666082592,1.493839087178198,1.381188058658035,1.189326816755965,0.41369818995709984,0.39859351480956595,0.611631648358021,0.6993653693428067,-0.8246910557519249,-0.83645542096062
2.094382793823047,-0.7618205928701882,0.07223151314612293,0.001451470839085177,-0.010684955964216718,-0.6991224441542135,-0.6983308925851475,1.569487444015918,-0.22551426457499413,1.3478067398907416,1.622829971802888,1.4124854287173068,1.2886262356148928,0.41369818995709984,0.36707370430895725,0.6773021474978494,0.7330634217009262,-0.8119769772868588,-0.8239663502132226
2.094382793823047,-0.7618205928701882,0.21669453672908448,0.0036175681318025136,-0.010684955964216718,-0.6991224441542135,-0.6983308925851475,1.4178321275016248,0.07356374639461619,1.3814823892634807,1.702066251520447,1.377757836211664,1.3010744034514472,0.41369818995709984,0.35843220310207496,0.7553657342290745,0.7894072899236793,-0.8104500404000664,-0.8222624615199391
2.094382793823047,-0.7618205928701882,0.361157560312046,0.003249510104220651,-0.010684955964216718,-0.6991224441542135,-0.6983308925851475,1.4481633065083077,0.13337934858853825,1.3813974358941872,1.748207369844632,1.3106613553527413,1.2769855300999469,0.41369818995709984,0.3664921668938845,0.8408179297899165,0.8547507125994026,-0.8107104702192196,-0.8225035324173774
2.094382793823047,-0.7618205928701882,0.5056205838950075,0.4679103458374065,-0.010684955964216718,-0.6991224441542135,-0.6983308925851475,1.2661768109873317,0.4324573595581485,1.3437149307571372,1.7359483343083493,1.2036578506799878,1.1971473786185234,0.41369818995709984,0.408384095340339,0.9355398777747785,0.9370630023714582,-0.48505236440208543,-0.4967101993053358
2.094382793823047,-0.7618205928701882,0.6500836074779691,0.230933273864129,-0.010684955964216718,0.5905806032933383,-0.6983308925851475,1.1145214944730386,0.7315353705277589,1.2204823759691261,1.6246959988586123,0.9580883621348454,0.9706009535262775,0.41369818995709984,0.5510335341448682,1.1377339860347448,1.1320144854326564,0.1246389986669815,0.11488174977226172
2.094382793823047,-0.7618205928701882,0.7945466310609306,2.220380474855567,-0.010684955964216718,-0.6991224441542135,-0.6983308925851475,1.1448526734797215,0.851166574915603,1.0896080314897147,1.486446260624222,0.8479478747079552,0.7188412449337491,0.41369818995709984,0.6941337247715368,1.2463553994069787,1.3226954709969792,0.6735678141845944,0.6815267318225937
2.094382793823047,-0.7618205928701882,0.9390096546438922,-0.7054689621240783,-0.010684955964216718,1.015747650559812,1.2947119399675424,1.1145214944730386,0.7315353705277589,1.038219270157217,1.3168142383278658,0.6605387283772756,0.4206947964076447,0.41369818995709984,0.8736425010147372,1.4024688042063407,1.5514230222033096,0.767644947425068,0.7545747995863514
2.094382793823047,-0.7618205928701882,1.0834726782268538,1.6815088964950606,-0.010684955964216718,-0.6991224441542135,-0.6983308925851475,0.9628661779587454,1.0904289836912913,0.9095175913743803,1.1741605633205103,0.7036961095936942,0.4108920528957789,0.41369818995709984,1.0234542607961088,1.411026028315555,1.5922469498629743,0.3019656490276148,0.29775364514638436
2.094382793823047,-0.7618205928701882,1.2279357018098151,0.3284816583422232,-0.010684955964216718,0.5976946430577783,0.6791761095006779,0.9325349989520626,0.9707977793034471,0.9151091284918886,1.08551016299164,0.6862671016069893,0.44336159696844074,0.41369818995709984,1.1293268873885043,1.44414525656166,1.5962045173697204,0.761407052472163,0.7503181002039603
2.094382793823047,-0.7618205928701882,1.3723987253927767,1.0333003122202677,-0.010684955964216718,0.8682474260552633,-0.6983308925851475,0.9628661779587454,0.7315353705277589,0.915529212869182,1.0194278213469212,0.740068913163327,0.5057734873595292,0.41369818995709984,1.226710032928165,1.4297126857503482,1.5752551114515772,0.6959528079506043,0.6848339007853257
2.094382793823047,-0.7618205928701882,1.5168617489757383,0.49919420172650747,-0.010684955964216718,0.3203514724196559,0.7852373271124928,0.9628661779587454,0.3726417573642265,0.9199875924466666,0.9735196035251527,0.8670826170672218,0.5294531793891759,0.41369818995709984,1.2906212361464955,1.3428492022229823,1.546077640529813,0.7270771190071397,0.7159725153200545
2.094382793823047,-0.7618205928701882,1.6613247725587,0.8691708315735225,-0.010684955964216718,0.4997126679150886,-0.6983308925851475,0.8112108614444523,0.9707977793034471,0.9116046347774939,0.9280334296441265,0.9782460336530695,0.5700585561789392,0.41369818995709984,1.349914887508049,1.2677514715750646,1.5080050696254679,0.4172548292902916,0.40600882145599376
2.094382793823047,-0.6517427408580244,-1.6613247698494156,0.5322264005250822,-0.010684955964216718,0.28900189070525767,0.7601517904515395,0.8112108614444523,0.7315353705277589,0.9060940374842729,0.8915993219570187,1.0726240351813898,0.5810041565385231,0.41369818995709984,1.3882620920427113,1.19666472459298,1.4809825681094138,0.7198875098991542,0.7087797301838228
2.094382793823047,-0.6517427408580244,-1.516861746266454,-0.7054689621240783,-0.010684955964216718,-0.6991224441542135,-0.6983308925851475,0.8112108614444523,1.0904289836912913,0.8783858606112698,0.8632637999221184,1.1054489794513715,0.6165568147924466,0.41369818995709984,1.4304976342979059,1.17761491866924,1.4584282040840009,-1.2740310493992413,-1.2860490588430924
2.094382793823047,-0.6517427408580244,-1.3723987226834924,-0.5021920070724238,-0.010684955964216718,-0.6991224441542135,-0.6983308925851475,0.7808796824377694,1.0904289836912913,0.793455234739566,0.841177774702059,1.014590706670831,0.5745125954856736,0.41369818995709984,1.4657962314873278,1.2279380914438454,1.4843641190553816,-1.2226141498901542,-1.2346086895444341
2.094382793823047,-0.6517427408580244,-1.2279356991005308,0.13276709371556047,-0.010684955964216718,-0.6991224441542135,-0.6983308925851475,0.8112108614444523,1.0904289836912913,0.6365068951287561,0.8119826380855127,0.8185412187108233,0.44394266798492543,0.41369818995709984,1.5197426342521956,1.3501504660961348,1.577133124813392,-0.7182307028731374,-0.7265415375411398
2.094382793823047,-0.6517427408580244,-1.0834726755175694,0.08869566581869694,-0.010684955964216718,-0.6991224441542135,0.2384999279861354,0.8112108614444523,0.851166574915603,0.5321446911105634,0.7821120900119588,0.6052869147381155,0.25744570325541627,0.41369818995709984,1.5580208264629114,1.4706094875583071,1.6906543299168184,-0.17956454132798108,-0.1881568675212308
2.094382793823047,-0.6517427408580244,-0.9390096519346078,0.13494835108789305,-0.010684955964216718,-0.6991224441542135,-0.6983308925851475,0.7202176136839643,0.9707977793034471,0.47708353609758714,0.7519938204949256,0.4035652845916882,0.24074054039621678,0.41369818995709984,1.5870499194538183,1.588079848588933,1.698616274402518,-0.7171061338821543,-0.732248043242974
2.094382793823047,-0.6517427408580244,-0.7945466283516462,0.2886142371386631,-0.010684955964216718,0.46060710310397945,0.39233514977350187,0.9628661779587454,0.7315353705277589,0.5046773269379196,0.8385657602795039,0.4492637923271506,0.2646566855667708,0.41369818995709984,1.5234461347694308,1.5676105795549606,1.6907540167557793,0.8227590435645309,0.8116982545696483
2.094382793823047,-0.6517427408580244,-0.6500836047686848,1.047534640228235,-0.010684955964216718,-0.6991224441542135,-0.6983308925851475,1.1145214944730386,0.3726417573642265,0.6819194879473381,1.0625744038173097,1.0919957561291482,0.43103333267497035,0.41369818995709984,1.3422038461652832,1.2056152161416462,1.5933352700918035,-0.09690446774873514,-0.10507889805011458
2.094382793823047,-0.6517427408580244,-0.5056205811857232,-0.7054689621240783,-0.010684955964216718,-0.6991224441542135,0.14300647232143324,1.2358456319806488,0.013748144200694123,0.8501806730816919,1.2786291423180454,1.4750068589127916,0.6966599279494966,0.41369818995709984,1.1656095134487423,1.0010141734656026,1.431230167047168,-0.80267292286128,-0.8304545690248971
2.094382793823047,-0.6517427408580244,-0.3611575576027617,-0.6902107764980577,-0.010684955964216718,-0.6991224441542135,-0.6983308925851475,1.569487444015918,-0.46477667335068235,1.1733185396795982,1.4993454196626008,1.6987001549526612,0.9592755188658746,0.38698477994579455,0.9990359632106836,0.895995847115219,1.2881115060352248,-1.2740310493992413,-1.2860490588430924
2.094382793823047,-0.6517427408580244,-0.21669453401980013,-0.6906320209514051,-0.010684955964216718,-0.6991224441542135,-0.6983308925851475,1.569487444015918,-0.46477667335068235,1.2896076616072507,1.6630998801888843,1.7130475888480066,1.1380902719748454,0.41369818995709984,0.8813853941993245,0.8947291301111197,1.1940314016343598,-1.2740310493992413,-1.2860490588430924
2.094382793823047,-0.6517427408580244,-0.0722315104368386,-0.6899349390176546,-0.010684955964216718,-0.6991224441542135,-0.6983308925851475,1.3268388797411368,0.13337934858853825,1.2176220562281923,1.7133329897646161,1.5050613700439301,1.1472691816681475,0.41369818995709984,0.8541284218624817,1.0109013643749765,1.2002635627535692,-1.2740310493992413,-1.2860490588430924
2.094382793823047,-0.6517427408580244,0.07223151314612293,-0.39258306162350043,-0.010684955964216718,-0.6991224441542135,-0.6983308925851475,1.1145214944730386,0.7315353705277589,1.1338439866973749,1.71037021307024,1.270979375953881,1.063746721317411,0.41369818995709984,0.8854725646294086,1.1651895607737308,1.2792996228921243,-1.067733010489121,-1.077745771804066
2.094382793823047,-0.6517427408580244,0.21669453672908448,0.5300015467107791,-0.010684955964216718,-0.6991224441542135,-0.6983308925851475,0.9628661779587454,0.7315353705277589,1.0165166944615067,1.6657563574346281,1.0364856528773514,0.9335960369742998,0.41369818995709984,0.9438429951818051,1.3051897573235978,1.3655261380670298,-0.4235340438451262,-0.4204766762321214
2.094382793823047,-0.6517427408580244,0.361157560312046,0.46760050610373166,-0.010684955964216718,0.6471802013476976,-0.6983308925851475,1.0235282467125506,0.851166574915603,0.9815098859951152,1.612127840837304,0.8429883731689427,0.823855786517583,0.41369818995709984,1.0072064432415402,1.429420531930449,1.4442401663736375,0.3551925177787923,0.35625928775286014
2.094382793823047,-0.6517427408580244,0.5056205838950075,1.9650244526348961,-0.010684955964216718,-0.6991224441542135,-0.6983308925851475,1.1448526734797215,0.4922729617520706,1.000341439163209,1.5754213101382788,0.8414906343920358,0.7432277809271717,0.41369818995709984,1.053750188404913,1.439171327021107,1.5013351532569086,0.5617587719510785,0.5505786185942038
2.094382793823047,-0.6517427408580244,0.6500836074779691,-0.7054689621240783,-0.010684955964216718,0.6963185615327389,0.9805041875329101,1.2661768109873317,0.4324573595581485,1.044218851017001,1.5292724284640133,0.8569070292584917,0.684769353512599,0.41369818995709984,1.11068535566069,1.447477703299686,1.5543256429012262,0.529549719169838,0.5183550313421474
2.094382793823047,-0.6517427408580244,0.7945466310609306,0.472916401476508,-0.010684955964216718,-0.6991224441542135,-0.6983308925851475,1.0841903154663557,0.4922729617520706,1.0089498242768848,1.4418705159799146,0.8499553731824094,0.660381140546546,0.41369818995709984,1.1998637563093528,1.4613091859130607,1.5792989297450764,-0.5136801133975629,-0.5253510714073841
2.094382793823047,-0.6517427408580244,0.9390096546438922,0.7977603978535925,-0.010684955964216718,0.8181413680944096,-0.6983308925851475,1.0235282467125506,0.4922729617520706,0.9751337008289362,1.3990125889807028,0.8373767542910948,0.7882360493584376,0.41369818995709984,1.2434003980425858,1.4653081219986919,1.4984373001904205,0.6683197955582997,0.6571883041754848
2.094382793823047,-0.6517427408580244,1.0834726782268538,1.0072152871838371,-0.010684955964216718,0.7017216283776807,-0.6983308925851475,0.9628661779587454,0.3726417573642265,0.8872450922878197,1.2494318884242044,0.9110557842879091,0.5894602910280592,0.41369818995709984,1.376197965651019,1.413476850345225,1.6099500321993052,0.6571993027725205,0.658382696237676
2.094382793823047,-0.6517427408580244,1.2279357018098151,0.9095777363203137,-0.010684955964216718,0.5164558576635931,-0.6983308925851475,0.8718729301982574,0.5520885639459927,0.8430031167626507,1.1259452190066226,1.043402358873836,0.40901887446745727,0.41369818995709984,1.4835989980471782,1.3330682881818192,1.7173578335481976,0.45576118040464825,0.4478766789415633
2.094382793823047,-0.6517427408580244,1.3723987253927767,0.3875269390775159,-0.010684955964216718,0.13945148399134044,0.9296048017848733,0.8112108614444523,0.7315353705277589,0.8690450035340013,1.032497068327974,1.1423869513813283,0.20041018711786332,0.41369818995709984,1.5676400826929784,1.2779626563377289,1.8519797085123644,0.7457486814689774,0.7333253169276678
2.094382793823047,-0.6517427408580244,1.5168617489757383,1.0062922267149566,-0.010684955964216718,-0.6991224441542135,-0.6983308925851475,0.7202176136839643,0.7913509727216809,0.8641839316075826,0.9726225837113003,1.136308194854223,0.1874086183132281,0.41369818995709984,1.6224846108764772,1.282466299979681,1.8617871597819566,-0.17792086779856153,-0.18943854917314454
2.094382793823047,-0.6517427408580244,1.6613247725587,0.3514532156669035,-0.010684955964216718,0.4081691520887457,0.7201133676884768,0.6292243659234763,0.9707977793034471,0.8587616323044933,0.9149034873806259,1.0517426412832032,0.24471580401692977,0.41369818995709984,1.6759295884344896,1.3306144542570983,1.8253286488266993,0.7535951479539044,0.742502813251819
2.094382793823047,-0.5416648888458606,-1.6613247698494156,1.0915853463594707,-0.010684955964216718,0.7751238067131684,-0.6983308925851475,0.507900228415866,1.0904289836912913,0.8429195012416926,0.8619376785765414,1.0140101943731226,0.3250126075128079,0.41369818995709984,1.7253863293135299,1.3522377093661366,1.7737870857156257,0.6897665759374588,0.6786449459309046
2.094382793823047,-0.5416648888458606,-1.516861746266454,-0.7054689621240783,-0.010684955964216718,-0.6991224441542135,0.43855809687691366,0.6595555449301591,1.0904289836912913,0.8258492254070596,0.824212737498768,1.0200369520013142,0.3397666127163653,0.41369818995709984,1.7525554677835318,1.334425792308155,1.7485017357237245,-0.6980214029099233,-0.709776506328173
2.094382793823047,-0.5416648888458606,-1.3723987226834924,-0.6296481674614667,-0.010684955964216718,-0.6991224441542135,-0.6983308925851475,0.689886723936842,0.9707977793034471,0.7559586905211269,0.7997546559495522,0.9524255967990496,0.37138928561060064,0.41369818995709984,1.7739463925849308,1.366116952029598,1.7212014113216971,-1.2740310493992413,-1.2860490588430924
2.094382793823047,-0.5416648888458606,-1.2279356991005308,0.16618125475674875,-0.010684955964216718,-0.6991224441542135,-0.6983308925851475,0.6595555449301591,1.0904289836912913,0.5800878240554207,0.7588876753664517,0.719935962433111,0.2861512822588141,0.41369818995709984,1.795991245350997,1.4402194664986836,1.7114182316302866,-0.6940871440400722,-0.7016746083111854
2.094382793823047,-0.5416648888458606,-1.0834726755175694,0.39043390676989165,-0.010684955964216718,-0.6991224441542135,0.4999699582280161,0.35624491190157287,0.3726417573642265,0.44147001341112374,0.6835111921571212,0.4468019428179261,0.08830540525207436,0.3739749643575795,1.7015814209849986,1.293534153748854,1.5134718091898733,0.19230565908092118,0.19068609902933967
2.094382793823047,-0.5416648888458606,-0.9390096519346078,1.0019187680074921,-0.010684955964216718,-0.6991224441542135,-0.6983308925851475,0.2955828431477677,0.25301055297638236,0.42017013006434756,0.6418601132158855,0.23523547195749828,0.10711768422155686,0.41369818995709984,1.5756348949901533,1.1496438796058956,1.230764268107279,-0.13171475854737535,-0.13792129882555687
2.094382793823047,-0.5416648888458606,-0.7945466283516462,0.34036285493914314,-0.010684955964216718,0.6614405514845696,0.5440658221988461,0.35624491190157287,0.013748144200694123,0.4648234939526303,0.6533915111218915,0.1421702295165069,0.12898289186495118,0.41369818995709984,1.4426090558486666,1.0216348977935432,1.0376201507785452,0.8151905128948951,0.8041259851137772
2.094382793823047,-0.5416648888458606,-0.6500836047686848,1.0750788005014793,-0.010684955964216718,0.934867415797095,-0.6983308925851475,0.35624491190157287,0.013748144200694123,0.5421150058296043,0.7207308097205607,0.2551621319739912,0.21697616124872734,0.41369818995709984,1.2347463491404405,0.7824241690921149,0.8080040864423461,0.7451472672468998,0.734050886029095
2.094382793823047,-0.5416648888458606,-0.5056205811857232,0.508534335747919,-0.010684955964216718,0.3338915678139831,0.7330968022436857,0.28041725364442627,0.4324573595581485,0.6444543831647792,0.7695721623545798,0.5551838445323751,0.2950434296322925,0.41369818995709984,1.0800414708101702,0.5358067601907662,0.6629155268083287,0.7696720427722142,0.7585403287645268
2.094382793823047,-0.5416648888458606,-0.3611575576027617,1.1461601977005293,-0.010684955964216718,0.7480778837362579,-0.6983308925851475,0.507900228415866,-0.2853298667689162,0.9557542987675252,1.009328408651227,1.3466514129287308,0.5687505175271121,-0.15036740174528668,0.8058704684847201,0.12488638871236436,0.45663680160442427,0.6980238257970582,0.6885799765583532
2.094382793823047,-0.5416648888458606,-0.21669453401980013,-0.7054689621240783,-0.010684955964216718,-0.6991224441542135,-0.6983308925851475,0.507900228415866,-0.5245922755446044,1.181318872724867,1.2315168994746937,1.8029229971949818,0.7424974593465682,-0.3590041296091708,0.5279655616112052,-0.1402911780316561,0.27549627994969417,-1.2740310493992413,-1.2860490588430924
2.094382793823047,-0.5416648888458606,-0.0722315104368386,0.849727894910056,-0.010684955964216718,-0.6991224441542135,-0.6983308925851475,0.689886723936842,-0.4049610711567603,1.4118274652054177,1.3933982753542706,1.9348442037389755,0.7996906109113927,-0.6396990905570256,0.3817419600713822,-0.18658077792754935,0.2517365720149329,-0.24705074147324887,-0.2829218065684547
2.094382793823047,-0.5416648888458606,0.07223151314612293,-0.7054689621240783,-0.010684955964216718,-0.6991224441542135,-0.6983308925851475,0.507900228415866,-0.2853298667689162,1.5624892554885157,1.4967207015762776,1.795484597327429,0.8708026353097619,-0.6327109944681399,0.26168995522815414,-0.1669395648971059,0.18692647392765008,-1.2740310493992413,-1.2860490588430924
2.094382793823047,-0.5416648888458606,0.21669453672908448,1.3476301205995842,-0.010684955964216718,-0.6991224441542135,-0.6983308925851475,0.507900228415866,-0.2853298667689162,1.7135049066563082,1.616558596456002,1.6791221432911796,1.1059653457777612,-0.5041618490031473,0.12204858506109267,-0.15546876259724704,0.05657076224996897,0.09147922178699726,0.08745499185214813
2.094382793823047,-0.5416648888458606,0.361157560312046,-0.7054689621240783,-0.010684955964216718,-0.6991224441542135,-0.6983308925851475,0.5837278866730126,-0.4049610711567603,1.7176843448558767,1.7324809398587375,1.5828610996694117,1.384940643191446,-0.07594470487500464,-0.0061328785015553194,-0.14322454867548992,-0.07655060907731741,-1.2740310493992413,-1.2860490588430924
2.094382793823047,-0.5416648888458606,0.5056205838950075,0.7936329988998833,-0.010684955964216718,0.9197171537147497,-0.6983308925851475,0.507900228415866,-0.2853298667689162,1.634325690778185,1.7595143363574004,1.4672632851794831,1.7915402656803219,0.41369818995709984,-0.06543473412539616,-0.11851151951535215,-0.2439263286662288,0.6962393842575625,0.6875413124027097
2.094382793823047,-0.5416648888458606,0.6500836074779691,1.0701480967373884,-0.010684955964216718,0.8257865589408808,-0.6983308925851475,0.507900228415866,-0.5245922755446044,1.5343569806932131,1.7505130848185548,1.4893849806829058,2.2177520830834516,0.41369818995709984,-0.0958404540677513,-0.15729526181001924,-0.4190787052466842,0.6924258672582467,0.6835763979399547
2.094382793823047,-0.5416648888458606,0.7945466310609306,1.075401916517894,-0.010684955964216718,0.6995272270342242,-0.6983308925851475,0.40174139115203655,-0.46477667335068235,1.4630516711926698,1.7349059281202612,1.5194463113417704,2.3904903258656334,0.41369818995709984,-0.11340071228646145,-0.19236189534163825,-0.4971995968614749,0.6508715827083265,0.6436116993965075
2.094382793823047,-0.5416648888458606,0.9390096546438922,0.989659197352483,-0.010684955964216718,0.5555988437660546,-0.6983308925851475,0.35624491190157287,-0.5844078777385264,1.3533895809940704,1.6412820434261528,1.656400329347835,2.0354408420397894,0.41369818995709984,-0.10582793689342034,-0.287651585543521,-0.4259037863471911,0.4895408225566242,0.4810112744469223
2.094382793823047,-0.5416648888458606,1.0834726782268538,0.9509999178782605,-0.010684955964216718,0.49278710111524043,-0.6983308925851475,0.20458959538727972,-0.5844078777385264,1.1916470618736084,1.4061668689594766,1.630821133287136,1.4473064168351943,0.41369818995709984,0.010095634906454968,-0.31574073391991725,-0.2605839994565876,0.41965400580985174,0.409337403005876
2.094382793823047,-0.5416648888458606,1.2279357018098151,1.248692211664448,-0.010684955964216718,0.7464915783772762,-0.6983308925851475,0.21975518489062115,-0.6442234799324486,1.166982489963479,1.2097781077309642,1.5975742307390843,0.9274591556328111,0.41369818995709984,0.09933918704975261,-0.3422742385027262,-0.10934064435881524,0.626514936750034,0.6161683441600383
2.094382793823047,-0.5416648888458606,1.3723987253927767,0.39738592458114363,-0.010684955964216718,0.0762010923270062,1.0986538821798986,0.05293427887298657,-0.2853298667689162,1.1300933288892794,1.0503365410539738,1.5990728219569572,0.37871597903346294,0.41369818995709984,0.18756299765110107,-0.35868519409150007,0.08943903002899913,0.7127155417949889,0.6990774717956345
2.094382793823047,-0.5416648888458606,1.5168617489757383,-0.7054689621240783,-0.010684955964216718,1.3856769824987811,-0.6983308925851475,0.08326531324988914,-0.46477667335068235,1.0691262423999923,0.9463676394979867,1.5906882126173685,0.27856214261927115,0.41369818995709984,0.23928797575075714,-0.3738029710268023,0.10957793860428658,-0.24922202502508967,-0.2268947989903362
2.094382793823047,-0.5416648888458606,1.6613247725587,2.3463914154359045,-0.010684955964216718,-0.6991224441542135,-0.6983308925851475,0.11359634762679172,-0.5844078777385264,0.9252961746412529,0.8746766302996216,1.6270380002809248,0.27491975806572183,0.41369818995709984,0.2600775763868611,-0.41110529122734113,0.08088849977239156,0.7195206490237892,0.7031569282317579
2.094382793823047,-0.43158703683369687,-1.6613247698494156,-0.7054689621240783,-0.010684955964216718,0.832858447194556,1.7291833691523497,0.05293427887298657,-0.5844078777385264,0.9256881642035043,0.8043188000378159,1.4897557925030278,0.22548763583507148,0.41369818995709984,0.28260792843887167,-0.3894938685631441,0.07315496817422404,0.6772801654273081,0.6673972929753729
2.094382793823047,-0.43158703683369687,-1.516861746266454,-0.7054689621240783,-0.010684955964216718,-0.6991224441542135,-0.6983308925851475,0.05293427887298657,-0.5844078777385264,0.8350723518308192,0.7437999573644568,1.4201215948889248,0.34457365476182994,0.41369818995709984,0.28028419179690034,-0.4051445357870255,-0.019984612572097302,-1.2740310493992413,-1.2860490588430924
2.094382793823047,-0.43158703683369687,-1.3723987226834924,0.6086018948759233,-0.010684955964216718,-0.6991224441542135,0.4349172684039092,-0.17454869589845315,-0.22551426457499413,0.6489495535714853,0.691875848989362,1.2419767769745371,0.39005147552964914,0.41369818995709984,0.28210457281736057,-0.3756372151125616,-0.07149020173693715,0.2709133420683051,0.22761953338132623
2.094382793823047,-0.43158703683369687,-1.2279356991005308,-0.7054689621240783,-0.010684955964216718,-0.6991224441542135,0.9946748897760168,-0.40203167066989287,0.3726417573642265,0.577797427705337,0.6305326796892684,0.9875538365586174,0.4853957544394305,0.41369818995709984,0.3179113516649331,-0.29549778728545445,-0.11519377877945378,-0.38388804788192993,-0.37215717550240207
2.094382793823047,-0.43158703683369687,-1.0834726755175694,1.164531881874261,-0.010684955964216718,0.869003840697317,-0.6983308925851475,-0.40203167066989287,0.3726417573642265,0.4317920185533523,0.5734537068606902,0.6301969446406632,0.5662166118823548,0.41369818995709984,0.359342876215969,-0.1676374640073807,-0.1450666737582297,0.767558182487911,0.7537832510297818
2.094382793823047,-0.43158703683369687,-0.9390096519346078,0.6539308020393338,-0.010684955964216718,0.3710542738383943,0.5563225164514523,-0.553686987184186,0.3726417573642265,0.4198089110138087,0.5342932517771137,0.6119368067123053,0.5539160176372885,0.41369818995709984,0.3899066488582713,-0.15870439842293538,-0.13814797371330745,0.7708484097106391,0.7597638173566255
2.094382793823047,-0.43158703683369687,-0.7945466283516462,0.7047253215747978,-0.010684955964216718,0.4001189493445767,0.44231861635447134,-0.40203167066989287,-0.3451454689628382,0.49314106074237585,0.604460527082397,0.9425330193909643,0.6554734801432486,0.41369818995709984,0.34043929069862394,-0.2762872752472336,-0.17557778121687462,0.7368819169263624,0.726363664789575
2.094382793823047,-0.43158703683369687,-0.6500836047686848,-0.7054689621240783,-0.010684955964216718,1.1194930301506898,1.1680629262984505,0.35624491190157287,-0.2853298667689162,0.6207410214210691,0.9014743032594752,2.0888214678320254,1.0360347485976127,0.41369818995709984,0.13898169981848574,-0.6415656042656015,-0.3107355812957157,0.608943956914291,0.6017440468160782
2.094382793823047,-0.43158703683369687,-0.5056205811857232,0.626647054257942,-0.010684955964216718,-0.6991224441542135,-0.6983308925851475,0.6595555449301591,-1.003117093095981,0.79670219264941,1.1052036648686943,2.6908604572497263,1.2303472442717887,0.41369818995709984,-0.013253454261465148,-0.8106768421554298,-0.377681794973514,-0.38060763121744884,-0.45040061309577983
2.094382793823047,-0.43158703683369687,-0.3611575576027617,-0.7054689621240783,-0.010684955964216718,-0.6991224441542135,-0.6983308925851475,0.8112108614444523,-1.062932695289903,0.9172831320367986,1.2721777984011104,3.219627031011298,1.3397219146950463,0.41369818995709984,-0.12808223964964535,-0.9415869243075033,-0.40703675181073246,-1.2740310493992413,-1.2860490588430924
2.094382793823047,-0.43158703683369687,-0.21669453401980013,-0.7054689621240783,-0.010684955964216718,-0.6991224441542135,-0.6983308925851475,0.8112108614444523,-1.062932695289903,1.0631848579427954,1.4112807993852627,3.3753739625493444,1.34005479376221,0.41369818995709984,-0.21834601593855615,-0.9778206671711942,-0.40423880229372466,-1.2740310493992413,-1.2860490588430924
2.094382793823047,-0.43158703683369687,-0.0722315104368386,-0.7054689621240783,-0.010684955964216718,-0.6991224441542135,-0.6983308925851475,0.9628661779587454,-0.8834858887081368,1.2058944777206966,1.5224696165161589,3.140775389234022,1.3171339318478859,0.41369818995709984,-0.28314496859674265,-0.8866755596941709,-0.3554355933068019,-1.2740310493992413,-1.2860490588430924
2.094382793823047,-0.43158703683369687,0.07223151314612293,-0.4448563841322021,-0.010684955964216718,-0.6991224441542135,-0.6983308925851475,0.8112108614444523,-0.5245922755446044,1.4536626515753295,1.6031999882446744,2.716699647804994,1.2850291293223681,0.38016749618387646,-0.32754643609579337,-0.7464638850846862,-0.3113469216711691,-1.104720592681464,-1.14051427375371
2.094382793823047,-0.43158703683369687,0.21669453672908448,0.45900097336813933,-0.010684955964216718,-0.6991224441542135,-0.6983308925851475,0.9628661779587454,-0.7638546843202927,1.5749232179170654,1.722111927187519,2.3820321770736834,1.4859455432156405,0.41369818995709984,-0.38273288897520835,-0.5936876600012869,-0.31605604125947206,-0.47791135805972723,-0.4740838053308332
2.094382793823047,-0.43158703683369687,0.361157560312046,-0.7054689621240783,-0.010684955964216718,-0.6991224441542135,-0.6983308925851475,0.9628661779587454,-0.7638546843202927,1.5731860218536402,1.8313521434481979,2.135321270075338,1.9269080118770667,0.41369818995709984,-0.4388862382953689,-0.4829600714473051,-0.42794281562497954,-1.2740310493992413,-1.2860490588430924
2.094382793823047,-0.43158703683369687,0.5056205838950075,0.8125150126175859,-0.010684955964216718,-0.6991224441542135,-0.6983308925851475,0.9628661779587454,-0.7638546843202927,1.5260790441183638,1.8924518258594016,1.8868662688609694,2.3639019248083017,0.41369818995709984,-0.4705749600783638,-0.38295698062673844,-0.5485294337950164,-0.2399064949465155,-0.2424614424908781
2.094382793823047,-0.43158703683369687,0.6500836074779691,0.28779927072857747,-0.010684955964216718,0.3656212489371732,-0.6983308925851475,0.9628661779587454,-0.7638546843202927,1.4775786973418419,1.9366796312682808,1.645423447031255,2.52580273196557,0.41369818995709984,-0.48601369259030225,-0.26849055463827276,-0.5683686317218628,0.018319008775223244,0.014698094292606167
2.094382793823047,-0.43158703683369687,0.7945466310609306,0.839915286691405,-0.010684955964216718,0.5942584014445577,-0.6983308925851475,0.8415420404511351,-0.5844078777385264,1.3606788476491116,1.880790568279321,1.4801351437630321,2.2153565276807146,0.41369818995709984,-0.4459597601980425,-0.17049983998216683,-0.4335302629487354,0.5089669879573872,0.5143495456616342
2.094382793823047,-0.43158703683369687,0.9390096546438922,0.9963583378593837,-0.010684955964216718,0.6166097393285331,-0.6983308925851475,0.6595555449301591,-0.22551426457499413,1.1910978751319556,1.7018185300769677,1.3281099694816596,1.6381366788420384,0.41369818995709984,-0.33398171465287885,-0.08812257413253245,-0.20945592001668212,0.5906322349283386,0.5902039942254896
2.094382793823047,-0.43158703683369687,1.0834726782268538,1.214741347923035,-0.010684955964216718,0.7484787961104649,-0.6983308925851475,0.6595555449301591,-0.5245922755446044,1.0496692451351322,1.476624211254133,1.3556361407082413,1.063259560768237,0.41369818995709984,-0.20578529037664806,-0.10012476077344518,0.005913811479413265,0.6700327730312989,0.6602032784083001
2.094382793823047,-0.43158703683369687,1.2279357018098151,0.4343627043319136,-0.010684955964216718,0.13222875429639971,0.9569379510488429,0.6292243659234763,-0.6442234799324486,0.9917069660069945,1.288662919417604,1.3939303462147827,0.5116219294085638,0.41369818995709984,-0.10961034310971322,-0.1394336484837044,0.20463887481631865,0.7323033563940237,0.7194454525412034
2.094382793823047,-0.43158703683369687,1.3723987253927767,-0.7054689621240783,-0.010684955964216718,-0.6991224441542135,-0.6983308925851475,0.507900228415866,-0.5245922755446044,0.9665460523644581,1.1497187142305538,1.3516356352557515,0.44272686282777846,0.41369818995709984,-0.03739111781629723,-0.1438516682520778,0.21164187525331868,-1.2740310493992413,-1.2860490588430924
2.094382793823047,-0.43158703683369687,1.5168617489757383,0.5577339072623239,-0.010684955964216718,0.3413062393010847,0.6534421242887867,0.35624491190157287,-0.5844078777385264,0.8434646744383393,1.0504995714056653,1.1746526943777467,0.45022293048632606,0.41369818995709984,0.006360041245566287,-0.11004615820517855,0.17369868052910312,0.7734214761249992,0.7611245923926542
2.094382793823047,-0.43158703683369687,1.6613247725587,1.2702676063907163,-0.010684955964216718,0.7764529983680835,-0.6983308925851475,0.2955828431477677,-0.4049610711567603,0.7539298435206001,0.9544055298677464,1.0758607535285245,0.4651354096034702,0.41369818995709984,0.028417200405063302,-0.12406072101055196,0.11209654826168451,0.7100697512424308,0.7010447660466376
2.094382793823047,-0.3215091848215331,-1.6613247698494156,0.5736458909446358,-0.010684955964216718,0.2466816687814072,0.8031868902743103,0.35624491190157287,-0.5844078777385264,0.7346126514067818,0.851261660697592,1.080010436150029,0.3972339493062843,0.41369818995709984,0.054902730785064746,-0.17210518004408748,0.0891078963552335,0.7575919153806596,0.7459454245122192
2.094382793823047,-0.3215091848215331,-1.516861746266454,-0.7054689621240783,-0.010684955964216718,-0.6991224441542135,-0.6983308925851475,0.35624491190157287,-0.2853298667689162,0.721925835642855,0.8009735019121981,1.0699490754307157,0.4563505884783468,0.41369818995709984,0.06441147077608467,-0.18566430129075198,0.046110362185183114,-1.2740310493992413,-1.2860490588430924
2.094382793823047,-0.3215091848215331,-1.3723987226834924,0.9094412058991634,-0.010684955964216718,-0.6991224441542135,0.7738837654222644,0.4472381596620609,-0.5844078777385264,0.6689115885829323,0.7746522163436509,0.958722578213399,0.4511897052078367,0.41369818995709984,0.057420956703612275,-0.16350428345664103,0.02850891708248838,0.6687991628355797,0.6576679871086791
2.094382793823047,-0.3215091848215331,-1.2279356991005308,-0.7054689621240783,-0.010684955964216718,-0.6991224441542135,0.5190117280084409,0.35624491190157287,-0.5844078777385264,0.6182084745222909,0.7365863936214316,0.7559294297729637,0.5488842612593305,0.41369818995709984,0.06064716219719031,-0.10849696847241379,-0.03110142880038844,-0.636723549898157,-0.641074322909076
2.094382793823047,-0.3215091848215331,-1.0834726755175694,0.9673150340918796,-0.010684955964216718,0.8405529374389044,-0.6983308925851475,0.35624491190157287,-0.2853298667689162,0.5033715869626383,0.6963524789494451,0.46932940022106856,0.5964331432258759,0.41369818995709984,0.07116719816604011,-0.004581856251959068,-0.05495995673203265,0.7712807943144794,0.7582561253350777
2.094382793823047,-0.3215091848215331,-0.9390096519346078,-0.7054689621240783,-0.010684955964216718,1.1164513939524594,1.3067667735592294,0.26525166414108486,-0.10588306018714999,0.480252898803982,0.6672737925841069,0.5062673721510255,0.5954755918538333,0.41369818995709984,0.07971266124379424,-0.021376613324311917,-0.057126411795275396,0.674499907223181,0.6633711118757001
2.094382793823047,-0.3215091848215331,-0.7945466283516462,1.4714025722644262,-0.010684955964216718,0.512285801345512,-0.6983308925851475,0.35624491190157287,0.013748144200694123,0.468603584424103,0.6874401530569765,0.7778277857433473,0.7137625333221358,0.41369818995709984,0.06441267728524457,-0.11402121426576654,-0.09264006488559937,0.7167272500719184,0.7038224601271081
2.094382793823047,-0.3215091848215331,-0.6500836047686848,-0.7054689621240783,-0.010684955964216718,1.0445421779795465,1.4747529936414925,0.35624491190157287,0.013748144200694123,0.56593271974347,0.833549930368372,1.2623202806233054,0.9077362805249413,0.41369818995709984,-0.025052872543475064,-0.2728102575467832,-0.15033880727614204,0.6215511542975377,0.6148245762506457
2.094382793823047,-0.3215091848215331,-0.5056205811857232,2.0830217213078495,-0.010684955964216718,-0.6991224441542135,-0.6983308925851475,0.7353832031873058,-0.7040390821263706,0.7985691600013619,1.058257275413427,1.76104427742726,1.142701108222536,0.41369818995709984,-0.16057666824962288,-0.4223418111193426,-0.21781856225290044,0.6209560404339673,0.5702847557369457
2.094382793823047,-0.3215091848215331,-0.3611575576027617,-0.7054689621240783,-0.010684955964216718,-0.6991224441542135,0.5262488414545066,0.9628661779587454,-1.062932695289903,1.0103344973039505,1.306889148129435,2.061955938353937,1.4876795329156267,0.3042835349548102,-0.3095788603847003,-0.5103681012715651,-0.3318938961546376,-0.6322160484092678,-0.6372914154370984
2.094382793823047,-0.3215091848215331,-0.21669453401980013,-0.6787040321856728,-0.010684955964216718,-0.6991224441542135,-0.6983308925851475,0.8112108614444523,-0.8236702865142147,1.2579929675950863,1.4955180880728909,2.003448652666395,1.6254386420835323,0.13258672771883098,-0.4179542695783965,-0.4847818376821408,-0.3714437826702788,-1.2740310493992413,-1.2860490588430924
2.094382793823047,-0.3215091848215331,-0.0722315104368386,0.6299253093439715,-0.010684955964216718,-0.6991224441542135,-0.6983308925851475,0.8415420404511351,-0.5844078777385264,1.261994471966056,1.553181429434805,1.8256959575962741,1.5712380481779198,0.41369818995709984,-0.4403724162785362,-0.3994750736251661,-0.32342961668478315,-0.37757301853987196,-0.3746731032662747
2.094382793823047,-0.3215091848215331,0.07223151314612293,0.8442001172411188,-0.010684955964216718,-0.6991224441542135,-0.6983308925851475,0.9628661779587454,-0.7638546843202927,1.3105710760976916,1.6162311242344225,1.6722403873742928,1.511602385976703,0.41369818995709984,-0.45363822579349106,-0.30433059979179,-0.25729931811282747,-0.25014250740299865,-0.2514091377003017
2.094382793823047,-0.3215091848215331,0.21669453672908448,0.41400684382084757,-0.010684955964216718,0.5886807369453007,-0.6983308925851475,0.9628661779587454,-0.5844078777385264,1.3717207788847512,1.657710703714788,1.4698700496528931,1.427165975542318,0.41369818995709984,-0.44834140927968913,-0.17866874476522618,-0.17093020741610399,0.22017259478408774,0.21308673876563344
2.094382793823047,-0.3215091848215331,0.361157560312046,1.5518541545302789,-0.010684955964216718,-0.6991224441542135,-0.6983308925851475,0.9628661779587454,-0.5245922755446044,1.3943350982209883,1.6689675613315818,1.437265887593053,1.3414894438476435,0.41369818995709984,-0.4307275820542793,-0.1237655552956022,-0.09530192019637367,0.2211160284679874,0.20978049187603237
2.094382793823047,-0.3215091848215331,0.5056205838950075,-0.7054689621240783,-0.010684955964216718,0.7324420909102153,0.9773130911969793,0.9628661779587454,-0.5245922755446044,1.399433638226928,1.6456415173759293,1.3878771629166515,1.242013942862508,0.41369818995709984,-0.3779876884493137,-0.04522114103309972,0.004470519419675673,0.508714253576125,0.4975100314302069
2.094382793823047,-0.3215091848215331,0.6500836074779691,1.1792908024596835,-0.010684955964216718,-0.6991224441542135,-0.6983308925851475,0.8870385197015989,-0.22551426457499413,1.341441926435413,1.5781914145988378,1.329833605114503,1.1807725793675419,0.41369818995709984,-0.2936558350959772,0.04239639193369669,0.09585171101093533,-0.04594923825990675,-0.057406692658268234
2.094382793823047,-0.3215091848215331,0.7945466310609306,0.36440835589195164,-0.010684955964216718,0.5066203649971562,0.573898647871393,0.8112108614444523,-0.04606745799322794,1.2572564820864875,1.4684183502189943,1.221346853161261,1.070414364496468,0.41369818995709984,-0.1722062100419186,0.15634132980770304,0.21415983477915818,0.7448493502946285,0.7337527490501126
2.094382793823047,-0.3215091848215331,0.9390096546438922,1.0675003753768946,-0.010684955964216718,0.8176261946423938,-0.6983308925851475,0.8112108614444523,0.07356374639461619,1.108845621627581,1.3061749199220245,1.1546032828621788,0.9250594077984975,0.41369818995709984,-0.007124146427330832,0.26027838583495433,0.3557712741281172,0.6866799402996363,0.6770964777864582
2.094382793823047,-0.3215091848215331,1.0834726782268538,0.5178854137321295,-0.010684955964216718,0.30112050260813233,0.7397998129233736,0.8112108614444523,-0.22551426457499413,1.0379811331535285,1.1716812316084229,1.2352280018483148,0.8407009765914332,0.41369818995709984,0.11144433475288171,0.2524502554633239,0.42066242194968556,0.7141928858598171,0.7027018339153869
2.094382793823047,-0.3215091848215331,1.2279357018098151,1.105380121763209,-0.010684955964216718,0.6752621474919345,-0.6983308925851475,0.7505487926906471,-0.2853298667689162,1.011319153678753,1.0848566300666775,1.2553541330508045,0.8300706470863922,0.41369818995709984,0.1907920987666629,0.2512560390757975,0.43316618550264946,0.6627841205635884,0.65165012804632
2.094382793823047,-0.3215091848215331,1.3723987253927767,0.5589378328748454,-0.010684955964216718,0.2718890080306688,0.7809442769920848,0.6595555449301591,0.07356374639461619,0.9992209911823708,1.0100595750769952,1.3006204532166072,0.7918130319793956,0.41369818995709984,0.2567717412887295,0.232642097392938,0.4508499806027466,0.7057761469248627,0.6946617660244528
2.094382793823047,-0.3215091848215331,1.5168617489757383,1.212244689131015,-0.010684955964216718,0.7083149235427969,-0.6983308925851475,0.6595555449301591,-0.22551426457499413,0.9885422857697732,0.9543095466303869,1.345249999980959,0.7951200220068353,0.41369818995709984,0.3004579901577903,0.20654209056204137,0.44109280617367375,0.6535267337935239,0.6423886206146893
2.094382793823047,-0.3215091848215331,1.6613247725587,0.5690472736582706,-0.010684955964216718,0.24337556076002412,0.803555081604429,0.507900228415866,0.13337934858853825,0.9824423662848397,0.8992723348729926,1.385347970571129,0.7608812718089458,0.41369818995709984,0.34014441985994387,0.18075101810918257,0.4465419921860013,0.6955429246271471,0.6844238855997974
2.094382793823047,-0.21143133280936935,-1.6613247698494156,1.280447106476979,-0.010684955964216718,0.7379875899174672,-0.6983308925851475,0.507900228415866,0.07356374639461619,0.9718058030948049,0.8524219286550848,1.403409489754456,0.7576421991730432,0.41369818995709984,0.3725874511697096,0.1615288887614812,0.43506500307433427,0.6491838066693562,0.6380436071168745
2.094382793823047,-0.21143133280936935,-1.516861746266454,-0.7054689621240783,-0.010684955964216718,-0.6991224441542135,0.873273100400234,0.35624491190157287,0.3726417573642265,0.9521942843472141,0.8054960062136661,1.4003909962945653,0.7229498278785906,0.41369818995709984,0.40470762062828547,0.15123939472750364,0.43829030573575684,-0.4697518537621116,-0.4814027608071394
2.094382793823047,-0.21143133280936935,-1.3723987226834924,-0.2583281101154707,-0.010684955964216718,-0.6991224441542135,-0.6983308925851475,0.35624491190157287,0.3726417573642265,0.8686737506209474,0.7650983554308898,1.2791866775725835,0.7267800333667612,0.41369818995709984,0.42807963347024375,0.18710009287565293,0.42206453901072194,-1.0331065101486492,-1.0450145576803214
2.094382793823047,-0.21143133280936935,-1.2279356991005308,0.547642945629199,-0.010684955964216718,-0.6991224441542135,0.37885722996480586,0.35624491190157287,0.3726417573642265,0.7165804626190472,0.7232228450964164,1.0322072516700114,0.6580945883647944,0.41369818995709984,0.45721731228554185,0.28031265116948906,0.4432841829466567,0.18659681423238203,0.1907152980118173
2.094382793823047,-0.21143133280936935,-1.0834726755175694,-0.7054689621240783,-0.010684955964216718,-0.6991224441542135,0.5736093771423502,0.35624491190157287,0.7315353705277589,0.6445500393207553,0.6873695771471533,0.7715998520472275,0.6575898196029996,0.41369818995709984,0.4897385253888692,0.3962379100392043,0.4471552829561301,-0.6049516069896373,-0.6043123429331467
2.094382793823047,-0.21143133280936935,-0.9390096519346078,0.9651938788103294,-0.010684955964216718,0.8535225683720828,-0.6983308925851475,0.47756904940918316,0.4324573595581485,0.5228473141041932,0.6681891621345133,0.48624353386443153,0.6956151740006654,0.41369818995709984,0.5107047589659828,0.5309298566979119,0.436005526728878,0.7746610266587395,0.7616221020730454
2.094382793823047,-0.21143133280936935,-0.7945466283516462,0.6051465628836187,-0.010684955964216718,0.4052759396640812,0.5310873136306897,0.6595555449301591,0.3726417573642265,0.5480784647843342,0.7037368363942422,0.5533493915739779,0.7023398342491611,0.41369818995709984,0.500123673633642,0.5203699375154709,0.45283569909274296,0.765495805133124,0.7544086215176541
2.094382793823047,-0.21143133280936935,-0.6500836047686848,1.1870550955426278,-0.010684955964216718,0.7469958197666497,-0.6983308925851475,0.8112108614444523,0.07356374639461619,0.6736482406141654,0.8301234699464576,0.8330889762331312,0.7697524570245424,0.41369818995709984,0.4547101862512654,0.45119058064180084,0.4792713485220447,0.7071764466056594,0.6971019813390237
2.094382793823047,-0.21143133280936935,-0.5056205811857232,-0.7054689621240783,-0.010684955964216718,0.7219537228488652,1.2223267612033737,0.7960452719411109,0.13337934858853825,0.7655644415687906,0.9405860609652735,1.1704493079753968,0.8813474392106448,0.41369818995709984,0.40966009942785137,0.3423202556571786,0.4680663311123252,0.5592119870322056,0.5613758900515889
2.094382793823047,-0.21143133280936935,-0.3611575576027617,0.9784590381782785,-0.010684955964216718,-0.6991224441542135,-0.6983308925851475,0.9628661779587454,-0.22551426457499413,0.9624288241124825,1.1590996641642481,1.5228322068579199,1.1131419501501894,0.41369818995709984,0.2736194351976015,0.21215282077041586,0.3820398397468998,-0.14949302017800684,-0.19860067761178124
2.094382793823047,-0.21143133280936935,-0.21669453401980013,-0.7054689621240783,-0.010684955964216718,-0.6991224441542135,0.3224122308779582,1.1145214944730386,-0.22551426457499413,1.2394885183449806,1.4143579090535525,1.876805760582622,1.45393884358901,0.39493340288701156,0.13116641608430432,0.10752044725721879,0.27313348515580244,-0.730463388945689,-0.7327297240012851
2.094382793823047,-0.21143133280936935,-0.0722315104368386,-0.6893045566686534,-0.010684955964216718,-0.6991224441542135,-0.6983308925851475,1.1600179737235023,-0.2853298667689162,1.5733565975163948,1.6424754820612626,2.11155947815372,1.6351457981554567,0.3431573787092726,0.024451163494633336,0.06403341570582304,0.2471559617646816,-1.2740310493992413,-1.2860490588430924
2.094382793823047,-0.21143133280936935,0.07223151314612293,-0.28309344573616385,-0.010684955964216718,-0.6991224441542135,-0.6983308925851475,1.1145214944730386,-0.22551426457499413,1.6696970629159535,1.7758674804225247,1.9973707485802552,1.703979655235227,0.41369818995709984,-0.01971382820907658,0.15121357848421357,0.26259831996179595,-0.9990619604227239,-1.0085272018185374
2.094382793823047,-0.21143133280936935,0.21669453672908448,0.16778059830385014,-0.010684955964216718,-0.6991224441542135,-0.6983308925851475,1.1145214944730386,-0.22551426457499413,1.7214149349389423,1.8818019210670869,1.868861010781385,1.8576490422354526,0.41369818995709984,-0.05266093904584936,0.23651883659366302,0.23183257764276188,-0.6931733670437173,-0.6975250230908306
2.094382793823047,-0.21143133280936935,0.361157560312046,0.01728635340643085,-0.010684955964216718,-0.6991224441542135,-0.6983308925851475,1.2358456319806488,-0.46477667335068235,1.7906178157805157,2.021624796331435,1.8229604745370285,2.1300774384994794,0.41369818995709984,-0.10454590026010843,0.28611893942078576,0.14951833747603094,-0.8007922658468664,-0.8107180034688363
2.094382793823047,-0.21143133280936935,0.5056205838950075,-0.2863673950007642,-0.010684955964216718,-0.11260498482737714,-0.6983308925851475,1.7211427605302112,-1.2423795018716692,1.7708872285310806,2.1325270752684493,1.8086147455236148,2.3865460862385857,0.41369818995709984,-0.15007400601267568,0.31028423395245264,0.0642204268770977,-0.6436516941280918,-0.6578114357966913
2.094382793823047,-0.21143133280936935,0.6500836074779691,-0.43561555311750116,-0.010684955964216718,-0.6991224441542135,-0.6983308925851475,1.1145214944730386,-0.22551426457499413,1.5925553900525364,2.0972073611974493,1.6598961897485727,2.329207876541219,0.41369818995709984,-0.09303652678013896,0.40094507173242644,0.11207899470960662,-1.1043638348809912,-1.1206825681797428
2.094382793823047,-0.21143133280936935,0.7945466310609306,0.10552263655470984,-0.010684955964216718,0.1266143517597056,-0.6983308925851475,1.0538594257192335,-0.10588306018714999,1.3806937276698041,1.9984589596910816,1.3936916627443592,2.11533265664539,0.41369818995709984,-0.004469102370050414,0.538012327909181,0.21659392733395888,-0.24126233209727532,-0.2433734752698818
2.094382793823047,-0.21143133280936935,0.9390096546438922,0.6380040170958591,-0.010684955964216718,0.4518446344322735,-0.6983308925851475,1.008362657209209,0.07356374639461619,1.1903306191116443,1.8451539683732148,1.2108439280216645,1.7649309024651085,0.41369818995709984,0.11314889089399131,0.639640766380218,0.38236772276287323,0.3046758832471899,0.3090967838972465
2.094382793823047,-0.21143133280936935,1.0834726782268538,1.0698330541361534,-0.010684955964216718,0.7298651724902672,-0.6983308925851475,0.9628661779587454,0.3726417573642265,1.0152009206237105,1.6091770620475978,1.0781026732685732,1.2380328098375881,0.41369818995709984,0.2802233837352413,0.7157248926571772,0.6367735201329224,0.7171025714287074,0.7081291563637067
2.094382793823047,-0.21143133280936935,1.2279357018098151,0.46526782734447286,-0.010684955964216718,0.21643139005847611,0.8456431342142899,0.9628661779587454,0.25301055297638236,0.9489707387832385,1.4117360140036221,1.1696070963011884,0.7709540079143298,0.41369818995709984,0.43962882175248996,0.6903636606550979,0.8878294062928479,0.7559585024350948,0.7440783288747711
2.094382793823047,-0.21143133280936935,1.3723987253927767,1.5499009262844667,-0.010684955964216718,-0.6991224441542135,-0.6983308925851475,0.9628661779587454,0.07356374639461619,0.91130495675038,1.2814782917976064,1.1747038408356945,0.6519509991327834,0.41369818995709984,0.5498820418026577,0.6970117735730116,0.9596238677124554,0.20071384752933008,0.19230167360719963
2.094382793823047,-0.21143133280936935,1.5168617489757383,-0.7054689621240783,-0.010684955964216718,0.9858011570391508,1.2658777271596044,0.6595555449301591,0.3726417573642265,0.9126749134457571,1.1528374636856393,1.0658982759612439,0.5857893979397906,0.41369818995709984,0.6531650171342394,0.7421645982226989,0.9870308136900672,0.6967371125796351,0.6867522227078223
2.094382793823047,-0.21143133280936935,1.6613247725587,2.29147263660819,-0.010684955964216718,-0.6991224441542135,-0.6983308925851475,0.598893476176354,0.4922729617520706,0.8479277364849975,1.0573821341316199,1.0562980858044273,0.6690628278548907,0.41369818995709984,0.7257017956385416,0.725735571263622,0.9207429665704494,0.7131482864193153,0.7017152156653526
2.094382793823047,-0.10135348079720558,-1.6613247698494156,-0.7054689621240783,-0.010684955964216718,1.2087295654115584,1.337554192637618,0.507900228415866,0.7315353705277589,0.8693145799735701,0.9740990317448007,0.9684625686886065,0.6960721490424896,0.41369818995709984,0.7912736380645613,0.7494477907255482,0.8869777339512911,0.6801839106581773,0.6707325339423115
2.094382793823047,-0.10135348079720558,-1.516861746266454,0.28251683517649046,-0.010684955964216718,-0.6991224441542135,-0.6983308925851475,0.507900228415866,0.7315353705277589,0.8288513570715383,0.9229928981645564,0.9982587902071081,0.7678591549246542,0.41369818995709984,0.8321747811889043,0.7222269286651412,0.8368057813233318,-0.697230257891656,-0.7089850089978885
2.094382793823047,-0.10135348079720558,-1.3723987226834924,0.17296651169223304,-0.010684955964216718,-0.6991224441542135,0.03246019590239629,0.5685622971696711,0.851166574915603,0.7751454424222506,0.8846483005985357,0.9501444647745743,0.7782228457814381,0.41369818995709984,0.8680047250123469,0.7406930723551651,0.8265666426989352,-0.27276025441329055,-0.28432120622340995
2.094382793823047,-0.10135348079720558,-1.2279356991005308,0.3221799092713907,-0.010684955964216718,-0.6991224441542135,-0.6983308925851475,0.507900228415866,1.0904289836912913,0.6912268988162235,0.8389489874698437,0.7776104132970688,0.7264203227375088,0.41369818995709984,0.9130244078049314,0.8298890534637884,0.8574868996183586,-0.6035154852704708,-0.6219734243241821
2.094382793823047,-0.10135348079720558,-1.0834726755175694,0.35151017809622703,-0.010684955964216718,0.47607534104683236,0.3922168212760057,0.507900228415866,0.7315353705277589,0.6286015493152959,0.7962463274722429,0.5233230109947108,0.5772376760103133,0.41369818995709984,0.9458800652473837,0.9511522509044463,0.9269950650574509,0.7772499339744894,0.7673557577059552
2.094382793823047,-0.10135348079720558,-0.9390096519346078,2.2238558109765947,-0.010684955964216718,-0.6991224441542135,-0.6983308925851475,0.4472381596620609,1.030613381497369,0.6231130265196078,0.7591798596331196,0.476238434248861,0.5374573697547794,0.41369818995709984,0.9822765857723164,0.9756355154993025,0.9479457712387108,0.700973833660395,0.6898571502971828
2.094382793823047,-0.10135348079720558,-0.7945466283516462,-0.7054689621240783,-0.010684955964216718,1.2927777857888132,1.2475396398700471,0.507900228415866,1.0904289836912913,0.6936758301940436,0.7725913997768146,0.4940544504340382,0.5384551684699552,0.41369818995709984,0.984560266310179,0.9742461713395755,0.955268853112983,0.7140204360469615,0.702910017537824
2.094382793823047,-0.10135348079720558,-0.6500836047686848,2.2222027343662414,-0.010684955964216718,-0.6991224441542135,-0.6983308925851475,0.507900228415866,1.0904289836912913,0.8689740975722288,0.9664337821789074,1.0536316504634113,0.7216862290014731,0.41369818995709984,0.8429102996937126,0.7061180231228611,0.8713078297087227,0.6726043993637146,0.6606571432938299
2.094382793823047,-0.10135348079720558,-0.5056205811857232,-0.7054689621240783,-0.010684955964216718,0.8787607066055193,0.9065682661213071,0.8112108614444523,0.7315353705277589,1.0278255264400447,1.2081986188691218,2.3002813835717286,1.0771633408481067,0.41369818995709984,0.6637576849545153,0.17306659815853348,0.707368705537727,0.5085065217556289,0.5016173549653966
2.094382793823047,-0.10135348079720558,-0.3611575576027617,-0.6907711906504691,-0.010684955964216718,-0.6991224441542135,-0.6983308925851475,1.4178321275016248,-0.46477667335068235,1.2582224085845954,1.4194506667063915,3.052985903930354,1.3062025857556616,0.41369818995709984,0.5271113531259947,-0.09112392755036344,0.6228940782022987,-1.2740310493992413,-1.2860490588430924
2.094382793823047,-0.10135348079720558,-0.21669453401980013,-0.7054689621240783,-0.010684955964216718,-0.6991224441542135,-0.6983308925851475,1.569487444015918,-1.003117093095981,1.4659079773885977,1.6127136208888362,3.480264266067885,1.429429050107242,0.41369818995709984,0.3825676949404192,-0.24647231100689643,0.5570184144907322,-1.2740310493992413,-1.2860490588430924
2.094382793823047,-0.10135348079720558,-0.0722315104368386,-0.7054689621240783,-0.010684955964216718,-0.6991224441542135,-0.6983308925851475,1.7211427605302112,-1.4816419106473573,1.5725017124301195,1.7526416542588212,3.311665082088503,1.5236774274029605,0.41369818995709984,0.27804008475948255,-0.2044266863725294,0.4937757835908491,-1.2740310493992413,-1.2860490588430924
2.094382793823047,-0.10135348079720558,0.07223151314612293,-0.7054689621240783,-0.010684955964216718,-0.6991224441542135,-0.6983308925851475,1.569487444015918,-0.22551426457499413,1.6798506628569345,1.844673346427319,2.9487835202712125,1.5406165279441215,0.41369818995709984,0.2613270372728556,-0.01245129261285363,0.5620261611748788,-1.2740310493992413,-1.2860490588430924
2.094382793823047,-0.10135348079720558,0.21669453672908448,-0.6907006912343738,-0.010684955964216718,-0.6991224441542135,-0.6983308925851475,1.2661768109873317,0.07356374639461619,1.8649145541588552,1.9792827792330308,2.598128519226362,1.7644630271011859,0.41369818995709984,0.20309173574636818,0.1585109699208724,0.5011281213852511,-1.2740310493992413,-1.2860490588430924
2.094382793823047,-0.10135348079720558,0.361157560312046,-0.6907348280445651,-0.010684955964216718,-0.6991224441542135,-0.6983308925851475,1.3268388797411368,0.1931949507824603,1.7740345167399427,2.110086758981078,2.3388926971175468,2.0817093554029116,0.41369818995709984,0.1544250170652318,0.31481111221336583,0.4134489955982703,-1.2740310493992413,-1.2860490588430924
2.094382793823047,-0.10135348079720558,0.5056205838950075,-0.485059233310326,-0.010684955964216718,-0.6991224441542135,-0.6983308925851475,1.2661768109873317,0.07356374639461619,1.6590196953516911,2.174329892415805,2.1354286776370284,2.242134426645298,0.41369818995709984,0.11841095994398804,0.4066119522699568,0.34885669158306504,-1.1328290233763416,-1.1431744675428503
2.094382793823047,-0.10135348079720558,0.6500836074779691,-0.02967863134314883,-0.010684955964216718,-0.6991224441542135,-0.6983308925851475,1.281342400490673,0.07356374639461619,1.4725557457668483,2.13747162351066,1.8951187498508595,2.021023908334972,0.41369818995709984,0.1568558917206024,0.5291450937451253,0.46283125509324397,-0.8184403800717625,-0.8232066644059532
2.094382793823047,-0.10135348079720558,0.7945466310609306,0.31507647007321254,-0.010684955964216718,-0.6991224441542135,-0.6983308925851475,1.3116732902377954,-0.10588306018714999,1.2462814432676146,1.9720960343357385,1.5560893386975612,1.610066672465618,0.41369818995709984,0.26767906669790786,0.6856532719314645,0.6534678150010734,-0.5854768838258076,-0.5887920079942888
2.094382793823047,-0.10135348079720558,0.9390096546438922,0.11947995671739985,-0.010684955964216718,0.2256666704394591,-0.6983308925851475,1.1145214944730386,0.3726417573642265,1.0948416941775225,1.8104454416812834,1.1365980247825944,1.2595424992833064,0.41369818995709984,0.3945464004835906,0.908400552016096,0.8434665958500728,-0.16570033241741677,-0.17205398726880108
2.094382793823047,-0.10135348079720558,1.0834726782268538,0.9806914271800826,-0.010684955964216718,0.762968614446837,-0.6983308925851475,1.1145214944730386,0.3726417573642265,0.9420273059228799,1.6118236586659662,0.945154275360793,0.8926938360289297,0.41369818995709984,0.5592170444746517,1.0321485628734228,1.060435434269412,0.740209946300134,0.7393210462348858
2.094382793823047,-0.10135348079720558,1.2279357018098151,0.45388045464271215,-0.010684955964216718,0.24695433965154162,0.8135162658905506,0.9931973569654283,0.5520885639459927,0.8778453698837968,1.43646863584205,0.93384323618562,0.5309515544345702,0.41369818995709984,0.6939749481660937,1.0426742755335046,1.265864437526435,0.7811502159109621,0.7698664603887528
2.094382793823047,-0.10135348079720558,1.3723987253927767,2.1962779217688215,-0.010684955964216718,-0.6991224441542135,-0.6983308925851475,0.9628661779587454,0.3726417573642265,0.867707155198672,1.3113213152663292,0.9895135983389869,0.50334103855892,0.41369818995709984,0.7894021010557213,1.0131379115853394,1.281210142831861,0.6518711795880622,0.6566030950950906
2.094382793823047,-0.10135348079720558,1.5168617489757383,-0.7054689621240783,-0.010684955964216718,1.0315490010652923,1.2835781611464454,0.6595555449301591,1.0904289836912913,0.8829853831881316,1.1870703087453627,0.9143572881484446,0.44202253432294847,0.41369818995709984,0.8915586794356184,1.0564502532238056,1.320733807374645,0.7146459716416097,0.7034169528546641
2.094382793823047,-0.10135348079720558,1.6613247725587,2.2902971473580234,-0.010684955964216718,-0.6991224441542135,-0.6983308925851475,0.8112108614444523,0.851166574915603,0.8781631088634374,1.1049298303385804,0.9710625136342902,0.6021717435676097,0.41369818995709984,0.9620651443256375,1.0305492466016033,1.2332343346083134,0.7110014842605312,0.7002542420157689
2.094382793823047,0.008724371214958183,-1.6613247698494156,-0.7054689621240783,-0.010684955964216718,1.2081512172513889,1.3245124847036598,0.8112108614444523,0.7315353705277589,0.9121718824716734,1.0386646970874198,0.9490064560852339,0.6947070933212239,0.41369818995709984,1.0108998090818322,1.0382024719249436,1.1772137984806248,0.6850976502631018,0.6751502887648951
2.094382793823047,0.008724371214958183,-1.516861746266454,-0.19069365752739967,-0.010684955964216718,-0.6991224441542135,-0.6983308925851475,0.6595555449301591,0.7315353705277589,0.8691065445574264,0.9861971542066867,0.9947305370496703,0.7792826924839442,0.41369818995709984,1.053894969504101,1.0142987819919493,1.1304203628513605,-1.016751251990721,-1.028651832096983
2.094382793823047,0.008724371214958183,-1.3723987226834924,-0.030929293059099677,-0.010684955964216718,-0.6991224441542135,-0.2031409609289417,0.40174139115203655,1.030613381497369,0.7753099977674961,0.9188493864988387,0.9252335824310607,0.7593242027214824,0.41369818995709984,1.1057792068128642,1.0343334775972055,1.12463895961267,-0.5420474325738873,-0.5537313041711057
2.094382793823047,0.008724371214958183,-1.2279356991005308,0.3169207969187117,-0.010684955964216718,-0.6991224441542135,0.09651311997130746,0.507900228415866,0.7315353705277589,0.6406087381248754,0.8580863511774915,0.7465397925346993,0.6772967634708792,0.41369818995709984,1.1495455678901425,1.1019961301775842,1.1423216711601698,-0.13509094066116661,-0.1417176788105021
2.094382793823047,0.008724371214958183,-1.0834726755175694,0.2972168198311011,-0.010684955964216718,-0.6991224441542135,0.03265089448627076,0.35624491190157287,0.7315353705277589,0.5602990404033987,0.7963458395050935,0.525963020665787,0.6107922213749394,0.41369818995709984,1.1887793153555009,1.1766541241481279,1.1342032616794055,-0.1915214517081583,-0.20217094477452233
2.094382793823047,0.008724371214958183,-0.9390096519346078,0.4023548425104184,-0.010684955964216718,0.5859553947517868,0.22504234097506054,0.38657609090825573,0.851166574915603,0.5254581251305881,0.7519239503442007,0.2809595529219346,0.6027284984809514,0.41369818995709984,1.2111007000210166,1.2711269453852407,1.0981192265018098,0.7775685521047131,0.7670623335451973
2.094382793823047,0.008724371214958183,-0.7945466283516462,1.1286545218617419,-0.010684955964216718,0.9037917663446745,-0.6983308925851475,0.6595555449301591,0.7315353705277589,0.6064354091713939,0.8652773306293732,0.6836322065817079,0.6672508589275841,0.41369818995709984,1.1146716619250063,1.0398572931198369,1.0512399735068316,0.7412172836203215,0.7316803384621899
2.094382793823047,0.008724371214958183,-0.6500836047686848,0.5028529837813409,-0.010684955964216718,0.27774890895487214,0.5935968316286279,0.8112108614444523,0.7315353705277589,0.8163832795104379,1.1010029867160198,1.8017449237802492,0.8071187611784031,0.41369818995709984,0.9518170555214296,0.5250682786589023,1.0083039851243136,0.737853072187694,0.7270285819695047
2.094382793823047,0.008724371214958183,-0.5056205811857232,-0.7054689621240783,-0.010684955964216718,-0.6991224441542135,-0.6983308925851475,1.1145214944730386,0.07356374639461619,0.934954770698162,1.2877828378221092,2.5621248225949196,0.9628147696026452,0.41369818995709984,0.809653116002845,0.20616538854536715,0.9315949625439359,-1.2740310493992413,-1.2860490588430924
2.094382793823047,0.008724371214958183,-0.3611575576027617,-0.690704479852643,-0.010684955964216718,-0.6991224441542135,-0.6983308925851475,1.2661768109873317,-0.22551426457499413,1.1438450719281283,1.4241397301550422,3.1477543234210095,1.0394582882228756,0.41369818995709984,0.7175226287417337,-0.010881019614735327,0.9033129394886635,-1.2740310493992413,-1.2860490588430924
2.094382793823047,0.008724371214958183,-0.21669453401980013,-0.7054689621240783,-0.010684955964216718,-0.6991224441542135,-0.6983308925851475,1.2661768109873317,-0.22551426457499413,1.2294660275408618,1.566065767532121,3.3457226559950284,1.1241001278045024,0.41369818995709984,0.6216437588226389,-0.07551564199254991,0.8700314047489848,-1.2740310493992413,-1.2860490588430924
2.094382793823047,0.008724371214958183,-0.0722315104368386,-0.7054689621240783,-0.010684955964216718,-0.6991224441542135,-0.6983308925851475,1.3268388797411368,-0.2853298667689162,1.3187152278390082,1.6536109491131605,3.0682897765893244,1.1423263048396086,0.41369818995709984,0.574461046408182,0.041192494454936585,0.879403701295461,-1.2740310493992413,-1.2860490588430924
2.094382793823047,0.008724371214958183,0.07223151314612293,-0.6904135271449312,-0.010684955964216718,-0.6991224441542135,-0.6983308925851475,1.569487444015918,-0.7638546843202927,1.5023904325688573,1.7523170050736347,2.649349139538263,1.1654978741621995,0.41369818995709984,0.5154714353549238,0.21152010767444848,0.8764091953372847,-1.2740310493992413,-1.2860490588430924
2.094382793823047,0.008724371214958183,0.21669453672908448,-0.690755356384621,-0.010684955964216718,-0.6991224441542135,-0.6983308925851475,1.4178321275016248,-0.46477667335068235,1.5510178749372354,1.831355672243689,2.309602825532729,1.361048814124035,0.41369818995709984,0.47716573473536206,0.36565555796706983,0.7937380329449699,-1.2740310493992413,-1.2860490588430924
2.094382793823047,0.008724371214958183,0.361157560312046,-0.6907704632021222,-0.010684955964216718,-0.6991224441542135,-0.6983308925851475,1.47849419625543,-0.6442234799324486,1.5223410958694539,1.912084632454008,1.997337503382589,1.8746023970439731,0.41369818995709984,0.42925573859931626,0.5043242817692515,0.550393140489186,-1.2740310493992413,-1.2860490588430924
2.094382793823047,0.008724371214958183,0.5056205838950075,-0.3441287111824897,-0.010684955964216718,-0.6991224441542135,-0.6983308925851475,1.4178321275016248,-0.46477667335068235,1.4488042553455813,1.9803520042668517,1.809196962703255,2.556398259123595,0.41369818995709984,0.3843542937044021,0.5935983570138272,0.2551244075659656,-1.033343133613157,-1.0410444693627767
2.094382793823047,0.008724371214958183,0.6500836074779691,-0.23462958660616365,-0.010684955964216718,-0.3649020115822176,-0.6983308925851475,1.4178321275016248,-0.7638546843202927,1.3729783563199607,2.0340828559334194,1.6052180688793947,3.142511093822065,0.41369818995709984,0.3467884245016924,0.675584506777617,0.010173690160833962,-0.7600247610668192,-0.7643105238285526
2.094382793823047,0.008724371214958183,0.7945466310609306,0.01730137892912643,-0.010684955964216718,-0.15735201954181868,-0.6983308925851475,1.4178321275016248,-1.7807199216169676,1.3084612892728775,2.120408485792715,1.494125404893708,3.4099454655923216,0.41369818995709984,0.24572735643898627,0.6468088614650658,-0.15406276084288842,-0.4623158106313711,-0.46675598770721366
2.094382793823047,0.008724371214958183,0.9390096546438922,-0.05292060322404302,-0.010684955964216718,-0.24887456472876615,-0.6983308925851475,1.2661768109873317,-1.003117093095981,1.1906028712478838,2.0749187831161975,1.3447666659533517,3.03628326254003,0.41369818995709984,0.277849938915882,0.7125266903842594,-0.02048954808248598,-0.5734497244482747,-0.5834845038266975
2.094382793823047,0.008724371214958183,1.0834726782268538,0.5085143316191958,-0.010684955964216718,0.263445251031379,-0.6983308925851475,0.9628661779587454,-0.22551426457499413,0.9547489057435252,1.830935039821143,1.050401751644003,2.331928764634282,0.41369818995709984,0.44020505052725917,0.8375242074168255,0.24420653159455719,0.12316678489408066,0.12487067045158139
2.094382793823047,0.008724371214958183,1.2279357018098151,1.1235374119116126,-0.010684955964216718,0.7456643155600219,-0.6983308925851475,0.9022041092049403,-0.6442234799324486,0.8559829213120146,1.6151012039181538,0.9430095338908454,1.7086290618534201,0.41369818995709984,0.563436930912325,0.8262037847341314,0.45791127616948685,0.7454912668213955,0.7370802036217238
2.094382793823047,0.008724371214958183,1.3723987253927767,1.194852579332422,-0.010684955964216718,0.7085114904383835,-0.6983308925851475,0.8112108614444523,-0.8236702865142147,0.8391715191302679,1.439300141344155,1.0792406819579135,1.2164702957540077,0.41369818995709984,0.6626670006739639,0.7019065333008082,0.6318199510786459,0.7018333825710267,0.6922024945318438
2.094382793823047,0.008724371214958183,1.5168617489757383,1.257590550466303,-0.010684955964216718,0.7213054725573774,-0.6983308925851475,0.8112108614444523,-1.062932695289903,0.8071594841625107,1.2627396819804593,1.1873685562645546,0.8070382664921368,0.41369818995709984,0.7419843606569155,0.5579026676873735,0.7362425650216996,0.6744954069671044,0.6644212507191946
2.094382793823047,0.008724371214958183,1.6613247725587,0.44663976738647887,-0.010684955964216718,0.11509836980998456,0.9694520543270032,0.9628661779587454,-1.182563899677747,0.8409869793213096,1.1156009079038423,1.2254914211369705,0.3259508736995993,0.22738054950116343,0.7211991034537872,0.34699708326453493,0.7657169293551516,0.7348456410568198,0.7218571860412873
2.094382793823047,0.11880222322712194,-1.6613247698494156,-0.7054689621240783,-0.010684955964216718,-0.6991224441542135,-0.6983308925851475,0.8112108614444523,-0.8834858887081368,0.8352175083752024,1.0428900768085323,1.23014319148733,0.2735622487212936,0.41369818995709984,0.7438776148306337,0.3019608619803744,0.74336627321805,-1.2740310493992413,-1.2860490588430924
2.094382793823047,0.11880222322712194,-1.516861746266454,-0.49684014014979133,-0.010684955964216718,-0.6991224441542135,-0.6983308925851475,0.6595555449301591,-0.5245922755446044,0.715423892733155,0.9896342010150746,1.114205253052048,0.29564378583402856,0.41369818995709984,0.739798648662837,0.2992650007748092,0.6739549773811654,-1.146868359752127,-1.1950860898491698
2.094382793823047,0.11880222322712194,-1.3723987226834924,0.12546343382092542,-0.010684955964216718,-0.6991224441542135,0.25608234790018575,0.416906980655378,-0.04606745799322794,0.5740052965988465,0.9081126733374415,0.8856598630348566,0.16847895125960727,0.41369818995709984,0.7698764394155307,0.3643499014626747,0.6999316339302083,-0.1390509859983367,-0.14355291169865012
2.094382793823047,0.11880222322712194,-1.2279356991005308,-0.7054689621240783,-0.010684955964216718,-0.6991224441542135,0.7023746786958022,0.35624491190157287,0.013748144200694123,0.5069188918237636,0.8375579362872292,0.645631240767401,0.21613264401556193,0.41369818995709984,0.794220416036706,0.4375703609526832,0.6411447880213559,-0.5049272053336861,-0.49717415576902013
2.094382793823047,0.11880222322712194,-1.0834726755175694,1.832238660854195,-0.010684955964216718,-0.6991224441542135,-0.6983308925851475,0.2500860746377434,0.25301055297638236,0.3816541454143875,0.7711410648299487,0.4015654580859262,0.2952974909858205,0.41369818995709984,0.8153285350910241,0.5174641041978132,0.5709546345774597,0.4758695846266247,0.4604131852289156
2.094382793823047,0.11880222322712194,-0.9390096519346078,-0.7054689621240783,-0.010684955964216718,1.3876685099874344,1.1400935910470569,0.14392752663347458,0.4922729617520706,0.4081749818897859,0.7101747708883108,0.17440102243332745,0.31598797930151623,0.41369818995709984,0.8377420970563562,0.5989057463635434,0.5366328893442763,0.7512910168426822,0.7430017572681915
2.094382793823047,0.11880222322712194,-0.7945466283516462,1.3189703937577297,-0.010684955964216718,0.6890396999007696,-0.6983308925851475,0.507900228415866,-0.2853298667689162,0.4770708265384015,0.8389454586743526,0.758522555190921,0.47469499208390653,0.41369818995709984,0.7262838156572783,0.32449435480074834,0.4515157153185896,0.7540667747907327,0.743007494612117
2.094382793823047,0.11880222322712194,-0.6500836047686848,-0.7054689621240783,-0.010684955964216718,0.913964365981243,1.3410529011437449,1.1145214944730386,-0.7638546843202927,0.6219524430887097,1.119148053131554,1.9481942817043372,0.8384404174854551,0.41369818995709984,0.518289358148791,-0.1290116310675045,0.30695094501015546,0.6529647418146775,0.645190903311983
2.094382793823047,0.11880222322712194,-0.5056205811857232,-0.7054689621240783,-0.010684955964216718,-0.6991224441542135,-0.6983308925851475,1.5543218545125765,-1.4816419106473573,0.8463564336151533,1.343683898715739,2.7641260533781287,1.07383455017647,0.41369818995709984,0.3567218557169978,-0.4019433216190572,0.21284765258370605,-1.2740310493992413,-1.2860490588430924
2.094382793823047,0.11880222322712194,-0.3611575576027617,-0.7054689621240783,-0.010684955964216718,-0.6991224441542135,-0.6983308925851475,1.7211427605302112,-1.6610887172291235,0.9479292238541847,1.5052822651969249,3.2489424758250895,1.2156670258639755,0.41369818995709984,0.2420262689400708,-0.5434230040448057,0.16546649802561184,-1.2740310493992413,-1.2860490588430924
2.094382793823047,0.11880222322712194,-0.21669453401980013,-0.7054689621240783,-0.010684955964216718,-0.6991224441542135,-0.6983308925851475,1.569487444015918,-1.003117093095981,1.0646879305475376,1.6247065852450857,3.385934853674615,1.242629391817919,0.41369818995709984,0.19112364748380395,-0.5281150474505999,0.22782148263770435,-1.2740310493992413,-1.2860490588430924
2.094382793823047,0.11880222322712194,-0.0722315104368386,-0.7054689621240783,-0.010684955964216718,-0.6991224441542135,-0.6983308925851475,1.3268388797411368,-0.04606745799322794,1.174577454963143,1.687679352302996,3.1121436020748003,1.2641977753057065,0.41369818995709984,0.2235589571349463,-0.31767372513626096,0.3779156218506737,-1.2740310493992413,-1.2860490588430924
2.094382793823047,0.11880222322712194,0.07223151314612293,-0.6900440899089227,-0.010684955964216718,-0.6991224441542135,-0.6983308925851475,1.2661768109873317,-0.22551426457499413,1.3417282259791734,1.737120600170512,2.685536963418318,1.2299732793751765,0.41369818995709984,0.2113727320162718,-0.13510792178509298,0.4378560178547187,-1.2740310493992413,-1.2860490588430924
2.094382793823047,0.11880222322712194,0.21669453672908448,-0.7054689621240783,-0.010684955964216718,-0.6991224441542135,-0.6983308925851475,1.2661768109873317,-0.5245922755446044,1.3909202403450605,1.7990093212535387,2.316054098761888,1.3846396266042627,0.41369818995709984,0.18146916118626788,0.017455319291163313,0.38829323849701813,-1.2740310493992413,-1.2860490588430924
2.094382793823047,0.11880222322712194,0.361157560312046,-0.26108567477471517,-0.010684955964216718,-0.6991224441542135,-0.6983308925851475,1.1448526734797215,-0.46477667335068235,1.3569890619402736,1.83737368007431,1.9760682488449646,1.836312919456996,0.41369818995709984,0.16829649417845746,0.17112887396425322,0.21681302166915328,-0.9735858982666561,-0.9788855217854961
2.094382793823047,0.11880222322712194,0.5056205838950075,0.5666769189615064,-0.010684955964216718,-0.6991224441542135,-0.6983308925851475,1.1145214944730386,-0.5245922755446044,1.3042229857465546,1.8784530941459778,1.7289626616794542,2.424561378800468,0.41369818995709984,0.13998455023219633,0.2696705502792413,-0.020258534668720175,-0.3959858162773049,-0.39106541202922845
2.094382793823047,0.11880222322712194,0.6500836074779691,0.1753780408064137,-0.010684955964216718,0.13318052700019004,-0.6983308925851475,0.9628661779587454,-0.5245922755446044,1.2798172874893117,1.911782567559965,1.4686288956066913,2.8553295308407955,0.41369818995709984,0.09546194921349144,0.33982511574319363,-0.21332528634199965,-0.1835468179301696,-0.18627563342910922
2.094382793823047,0.11880222322712194,0.7945466310609306,0.7128403596949943,-0.010684955964216718,0.44121141654091367,-0.6983308925851475,0.9173696987082818,-1.2423795018716692,1.2321035955339634,1.9490148887871726,1.3798198909079291,3.0342885035959934,0.41369818995709984,0.008722386180654471,0.2675581361720316,-0.3655925986443156,0.3576712588257868,0.3622109624549365
2.094382793823047,0.11880222322712194,0.9390096546438922,0.5674848884117696,-0.010684955964216718,0.21738689437980296,-0.6983308925851475,0.8112108614444523,-1.3021951040655912,1.1352701330228356,1.873276351160449,1.2793128388355217,2.628425072091928,0.41369818995709984,-0.006298411558293879,0.20393335917758015,-0.3158198267932388,0.09298698758290329,0.08573348131680783
2.094382793823047,0.11880222322712194,1.0834726782268538,1.0898240859857096,-0.010684955964216718,0.6796128981915736,-0.6983308925851475,0.6595555449301591,-1.062932695289903,0.9679420971023741,1.624281012508852,1.0961795363892846,1.9354915962865242,0.41369818995709984,0.08830276516046474,0.17977150681168527,-0.1564433258993775,0.7081645228298389,0.6989756339409581
2.094382793823047,0.11880222322712194,1.2279357018098151,1.2395658437360728,-0.010684955964216718,0.735950126742519,-0.6983308925851475,0.6595555449301591,-1.122748297483825,0.9229402237227381,1.4219278811411844,1.2505352842711486,1.3573468970421012,0.41369818995709984,0.1822017535481604,0.06206879959144897,0.010949297110053307,0.6784766935129561,0.6688021226165433
2.094382793823047,0.11880222322712194,1.3723987253927767,0.46422420387557517,-0.010684955964216718,0.1445796199724286,0.9085310099411573,0.6595555449301591,-1.3021951040655912,0.9095416726444162,1.2598100759637,1.3289504762739364,0.6647781627838416,0.41369818995709984,0.23462168092392002,-0.04647624072771846,0.21330339480617275,0.7347909179429283,0.7221184400950347
2.094382793823047,0.11880222322712194,1.5168617489757383,-0.7054689621240783,-0.010684955964216718,1.2398365394280884,-0.6983308925851475,0.6595555449301591,-1.062932695289903,0.9009085373365369,1.140866377861435,1.3783068081936378,0.5415793684806653,0.41369818995709984,0.277948872666994,-0.10271692673512862,0.22440894208745094,-0.3025512295994492,-0.2846614512087022
2.094382793823047,0.11880222322712194,1.6613247725587,1.5633246834083907,-0.010684955964216718,0.4313505909216231,-0.6983308925851475,0.6292243659234763,-1.003117093095981,0.8150494447201146,1.051812283328376,1.489257114538036,0.4749683386226858,0.41369818995709984,0.30338594658704054,-0.17874318160004585,0.21279130784864123,0.6749517329332723,0.6615933548793764
2.094382793823047,0.22888007523928572,-1.6613247698494156,-0.7054689621240783,-0.010684955964216718,0.7165650568941346,1.829382976596345,0.20458959538727972,0.013748144200694123,0.7843712445426808,0.9530314169034895,1.546986121623805,0.37920817050052863,0.41369818995709984,0.3327335579961616,-0.2304270855313985,0.21791781189746293,0.6393167252060332,0.6294359519876029
2.094382793823047,0.22888007523928572,-1.516861746266454,-0.7054689621240783,-0.010684955964216718,-0.6991224441542135,-0.6983308925851475,0.05293427887298657,0.3726417573642265,0.6952110111588338,0.8740266261701503,1.5435865870522028,0.5324130360820923,0.41369818995709984,0.3716444436103301,-0.23872248990657918,0.14230707822981048,-1.2740310493992413,-1.2860490588430924
2.094382793823047,0.22888007523928572,-1.3723987226834924,0.761626751761424,-0.010684955964216718,-0.6991224441542135,0.3758663173580315,-0.09872103764130656,0.7315353705277589,0.5238226055406481,0.8022558661936849,1.36508374393218,0.5253756204379996,0.41369818995709984,0.405735566432522,-0.1844005961817032,0.13518380345449899,0.352428460496541,0.3000553445861841
2.094382793823047,0.22888007523928572,-1.2279356991005308,-0.7054689621240783,-0.010684955964216718,-0.6991224441542135,0.9519431049858004,-0.2503763541555997,1.0904289836912913,0.46886780947033047,0.7188323177463177,1.0863432200849419,0.5658577397394176,0.41369818995709984,0.44402196290552526,-0.09431804225142694,0.10559653294039784,-0.40897724552437226,-0.3957715708366353
2.094382793823047,0.22888007523928572,-1.0834726755175694,2.267749534034891,-0.010684955964216718,-0.6991224441542135,-0.6983308925851475,-0.2503763541555997,0.7315353705277589,0.37592882346334616,0.6514245605151201,0.790680038184683,0.6284708668461718,0.41369818995709984,0.4724593838044162,-0.0003847804990764844,0.06086423106190909,0.7636559204387645,0.7492820998151392
2.094382793823047,0.22888007523928572,-0.9390096519346078,-0.7054689621240783,-0.010684955964216718,1.4215200624230893,1.1358010649678245,-0.1593831063951117,0.851166574915603,0.4186610371420962,0.6037702946843264,0.515627173955487,0.6227163352644478,0.41369818995709984,0.4979563005787939,0.10510232580238255,0.06009859279658583,0.707545287593698,0.6996411658363084
2.094382793823047,0.22888007523928572,-0.7945466283516462,1.3933213446953376,-0.010684955964216718,0.635021540253797,-0.6983308925851475,0.35624491190157287,0.013748144200694123,0.504453237341752,0.7275710269006213,0.9309747723357099,0.7482654067093365,0.41369818995709984,0.39323950976158467,-0.05487318899317338,0.01204845286485647,0.7306886645137374,0.7186571824668768
2.094382793823047,0.22888007523928572,-0.6500836047686848,-0.7054689621240783,-0.010684955964216718,0.9743906064243353,1.3696825282766496,0.6595555449301591,-0.5245922755446044,0.6332572615222415,0.9919145086614608,2.0461252571781032,0.998334726890273,0.41369818995709984,0.19609784344824807,-0.43420265382824225,-0.07457117519238601,0.624320431876838,0.6166603214016442
2.094382793823047,0.22888007523928572,-0.5056205811857232,-0.7054689621240783,-0.010684955964216718,-0.6991224441542135,-0.6983308925851475,0.9022041092049403,-0.8236702865142147,0.7313623488760995,1.191383908353754,2.7314997278531776,1.1890241231961511,0.41369818995709984,0.06507915294517445,-0.6261838562426583,-0.12510871846670818,-1.2740310493992413,-1.2860490588430924
2.094382793823047,0.22888007523928572,-0.3611575576027617,-0.7054689621240783,-0.010684955964216718,-0.6991224441542135,-0.6983308925851475,1.2661768109873317,-1.4816419106473573,0.8636916034201815,1.3530683774449244,3.1878480318063507,1.2989723182590558,0.41369818995709984,-0.0507872303205215,-0.7596017712950012,-0.17122731753831125,-1.2740310493992413,-1.2860490588430924
2.094382793823047,0.22888007523928572,-0.21669453401980013,-0.7054689621240783,-0.010684955964216718,-0.6991224441542135,-0.6983308925851475,1.569487444015918,-2.079797932586578,1.017974280222848,1.5243568163448302,3.423674972553388,1.3324941626573863,0.41369818995709984,-0.18310533118880962,-0.8398115483850737,-0.20530071251617033,-1.2740310493992413,-1.2860490588430924
2.094382793823047,0.22888007523928572,-0.0722315104368386,-0.7054689621240783,-0.010684955964216718,-0.6991224441542135,-0.6983308925851475,1.7514739395368941,-2.199429136974422,1.1817864507180644,1.6584369298268682,3.2112526509632993,1.39008307976302,0.41369818995709984,-0.28798065730963,-0.7923879700026643,-0.23770153570468186,-1.2740310493992413,-1.2860490588430924
2.094382793823047,0.22888007523928572,0.07223151314612293,-0.7054689621240783,-0.010684955964216718,-0.6991224441542135,-0.6983308925851475,1.569487444015918,-1.4816419106473573,1.3202042530362297,1.75088219682693,2.8193454742605883,1.3871877865163795,0.41369818995709984,-0.31924492917017144,-0.6289842732335482,-0.17096791504649353,-1.2740310493992413,-1.2860490588430924
2.094382793823047,0.22888007523928572,0.21669453672908448,-0.7054689621240783,-0.010684955964216718,-0.6991224441542135,-0.6983308925851475,1.5543218545125765,-1.2423795018716692,1.3701769019057812,1.8112295400394187,2.4240208617259933,1.514995740094616,0.41369818995709984,-0.3204951139616619,-0.4329525022469208,-0.1309542680191649,-1.2740310493992413,-1.2860490588430924
2.094382793823047,0.22888007523928572,0.361157560312046,-0.2342373531853492,-0.010684955964216718,-0.6991224441542135,-0.6983308925851475,1.5391562650092352,-0.8236702865142147,1.417427029412938,1.8748643091314703,2.1248123778489805,1.9885275327002214,0.41369818995709984,-0.3139973382300935,-0.25120744029701614,-0.21576457994926787,-0.9540866712084893,-1.0468227430899637
2.094382793823047,0.22888007523928572,0.5056205838950075,0.07960168125565369,-0.010684955964216718,-0.6991224441542135,-0.6983308925851475,1.4178321275016248,-0.7638546843202927,1.3684785034440807,1.9321296023619816,1.8892505462423064,2.5928816371874723,0.41369818995709984,-0.3162993577071866,-0.10873770494109367,-0.3679283046232723,-0.7386436394238177,-0.7411783727417661
2.094382793823047,0.22888007523928572,0.6500836074779691,0.2636899000912361,-0.010684955964216718,0.09911721840883525,-0.6983308925851475,1.569487444015918,-1.9003511260048118,1.404363609342616,2.0391664387179813,1.7455213274400794,2.9754997125732032,0.41369818995709984,-0.4237831566317152,-0.13246089630641814,-0.5582638536195438,-0.13747643640225385,-0.13386264026116326
2.094382793823047,0.22888007523928572,0.7945466310609306,0.1604961351964202,-0.010684955964216718,-0.10890716208064481,-0.6983308925851475,1.5088253752621128,-0.46477667335068235,1.3364410493579524,2.0497337696958033,1.633977722183486,2.7191937311792604,0.41369818995709984,-0.36304265948560716,0.03371331363844353,-0.368100589486259,-0.3524975016759025,-0.3606379207835431
2.094382793823047,0.22888007523928572,0.9390096546438922,0.40522969595130154,-0.010684955964216718,0.11645883347101568,-0.6983308925851475,1.4178321275016248,-0.46477667335068235,1.1737707324169395,1.8976878526091818,1.4237257152923184,2.0934934420777696,0.41369818995709984,-0.2548132379002591,0.14643843401699425,-0.1210796364885338,-0.0556996730857241,-0.0601279353726153
2.094382793823047,0.22888007523928572,1.0834726782268538,0.9127534590335609,-0.010684955964216718,0.5435625376809576,-0.6983308925851475,1.2661768109873317,-0.5245922755446044,1.027551267531302,1.6854124540794762,1.243378189922309,1.6158044343210365,0.41369818995709984,-0.11045200389966088,0.24426005227955022,0.08573631409316182,0.5322212511871542,0.5360557618778103
2.094382793823047,0.22888007523928572,1.2279357018098151,1.1872251754890804,-0.010684955964216718,0.715806539932342,-0.6983308925851475,1.4481633065083077,-1.7807199216169676,1.0092655564840225,1.5337709369561414,1.2453260175291574,1.213160790267622,0.41369818995709984,-0.04137573496778969,0.18641574729310542,0.19486414683516787,0.6993686823229912,0.6899411614046623
2.094382793823047,0.22888007523928572,1.3723987253927767,-0.7054689621240783,-0.010684955964216718,0.8727273643028572,-0.6983308925851475,1.2661768109873317,-1.2423795018716692,0.9401369262250597,1.3530683774449244,1.3654102288220806,0.8521874006243687,0.41369818995709984,0.06653709861400006,0.11769548927927705,0.3287702269534918,-0.48275903390544705,-0.47986914828535704
2.094382793823047,0.22888007523928572,1.5168617489757383,2.279825748460708,-0.010684955964216718,-0.6991224441542135,-0.6983308925851475,1.1145214944730386,-1.062932695289903,0.8658622623442531,1.2508624621163198,1.4379469879247258,0.5738350985429324,0.41369818995709984,0.13299982740369146,0.08039704151523178,0.44429513752003147,0.7264677843343672,0.7114590697970001
2.094382793823047,0.22888007523928572,1.6613247725587,-0.7054689621240783,-0.010684955964216718,0.7239378922184323,1.5701192645128275,0.7505487926906471,0.25301055297638236,0.8386417311894775,1.112586610795295,1.2604346812069602,0.20841186202452097,0.41369818995709984,0.2744977738660102,0.2244303806730893,0.7007211103526744,0.7093275690102769,0.6987459352788006
2.094382793823047,0.33895792725144946,-1.6613247698494156,2.2907951873699988,-0.010684955964216718,-0.6991224441542135,-0.6983308925851475,0.6595555449301591,0.07356374639461619,0.8078143609226544,1.0060910916676389,1.2168272111606002,0.20560460984098436,0.41369818995709984,0.3461108489574914,0.2354532711518655,0.6940284393795698,0.7136325139731581,0.7026051186892153
2.094382793823047,0.33895792725144946,-1.516861746266454,-0.7054689621240783,-0.010684955964216718,-0.6991224441542135,0.7175001839612207,0.507900228415866,0.3726417573642265,0.8306521009308915,0.9259013314083688,1.0780805098034625,0.36286691070215793,0.41369818995709984,0.4140344190379922,0.3034356148783195,0.6278738692294323,-0.49721781664885256,-0.5319225841585475
2.094382793823047,0.33895792725144946,-1.3723987226834924,0.2575168771402135,-0.010684955964216718,-0.6991224441542135,-0.6983308925851475,0.5685622971696711,0.4922729617520706,0.7611073998396413,0.8740456816658025,0.8653436374969941,0.4418590294914701,0.41369818995709984,0.46702574915188144,0.41731665755018293,0.613103530353226,-0.6495368140071516,-0.6706415199236566
2.094382793823047,0.33895792725144946,-1.2279356991005308,-0.7054689621240783,-0.010684955964216718,-0.6991224441542135,1.4182844127017336,0.8112108614444523,0.07356374639461619,0.7180260077453703,0.8513152983890576,0.6618233569127331,0.5173311827292629,0.41369818995709984,0.5082203153039125,0.5417743999626259,0.6108189680568665,-0.12767775883129528,-0.10654571149619368
2.094382793823047,0.33895792725144946,-1.0834726755175694,0.6252118701528281,-0.010684955964216718,-0.6991224441542135,-0.6983308925851475,0.8112108614444523,0.07356374639461619,0.5939753587003055,0.8281459329532127,0.45149292545271225,0.6254372233575113,0.41369818995709984,0.552157518078233,0.6747172961384316,0.5932190399278081,-0.38242366455460236,-0.4267698253503311
2.094382793823047,0.33895792725144946,-0.9390096519346078,0.46955902692171725,-0.010684955964216718,0.7086214417607275,0.3544144822100917,0.8112108614444523,-0.16569866238107206,0.5693141314110146,0.8080974342497478,0.2510013676199314,0.6715824792322884,0.41369818995709984,0.5784956130388944,0.7830106280855208,0.5813233660925055,0.7922768290450055,0.783111323745756
2.094382793823047,0.33895792725144946,-0.7945466283516462,1.1068089368407923,-0.010684955964216718,0.9119867138028663,-0.6983308925851475,0.8112108614444523,0.3726417573642265,0.5985929422296942,0.8176999925402869,0.34269077034212486,0.7030265545413703,0.41369818995709984,0.5795457586116731,0.7453537648104651,0.5736401113348573,0.7413839731053989,0.7302857540780293
2.094382793823047,0.33895792725144946,-0.6500836047686848,0.5371879626760822,-0.010684955964216718,0.34097176023062686,0.6241539870143687,1.099355904969697,-0.10588306018714999,0.8078772397944148,0.9929583263677454,1.0226718470265956,0.8282687399948688,0.41369818995709984,0.4708904392928796,0.45381286555398936,0.5409723007863463,0.7492329597337287,0.7384762223418658
2.094382793823047,0.33895792725144946,-0.5056205811857232,-0.7054689621240783,-0.010684955964216718,-0.6991224441542135,-0.6983308925851475,1.3875009484949419,-0.3451454689628382,0.9555007765079803,1.2306008241651891,1.5167892528513782,0.9947854143177192,0.41369818995709984,0.3383505820410015,0.29393093464035996,0.520188895126125,-1.2740310493992413,-1.2860490588430924
2.094382793823047,0.33895792725144946,-0.3611575576027617,0.07377312401896553,-0.010684955964216718,-0.6991224441542135,-0.6983308925851475,1.4026665379982834,-0.3451454689628382,1.1961121306927696,1.4379253226208,1.8310373526879642,1.1201667884995532,0.41369818995709984,0.23162133394507564,0.21095860438288952,0.5133278400793844,-0.7606724829239251,-0.804498261617101
2.094382793823047,0.33895792725144946,-0.21669453401980013,-0.4622916418496999,-0.010684955964216718,-0.6991224441542135,-0.6983308925851475,1.4178321275016248,-0.22551426457499413,1.3055113336934767,1.612304280611862,1.9082480456060795,1.2563201963737094,0.41369818995709984,0.15904787756231242,0.24018259178724496,0.5169711773328841,-1.1224513316079268,-1.1398014984169738
2.094382793823047,0.33895792725144946,-0.0722315104368386,-0.3110513236850619,-0.010684955964216718,-0.6991224441542135,-0.6983308925851475,1.5998186230226008,-0.5844078777385264,1.3414205208620478,1.6984400612737331,1.7488782399633918,1.2699455989969082,0.41369818995709984,0.17750746770881357,0.40433044176919714,0.6151000843691963,-1.0172458076322595,-1.030895978805531
2.094382793823047,0.33895792725144946,0.07223151314612293,-0.2698561396505847,-0.010684955964216718,-0.6991224441542135,-0.6983308925851475,1.569487444015918,-0.22551426457499413,1.509806125891587,1.8556810710824374,1.726727561467132,1.3472347520798993,0.41369818995709984,0.16736603431434102,0.5358151504698355,0.7070475405478575,-0.9898230697051343,-1.0021404366644013
2.094382793823047,0.33895792725144946,0.21669453672908448,-0.2628941197749712,-0.010684955964216718,-0.6991224441542135,-0.6983308925851475,1.2661768109873317,0.07356374639461619,1.611790304493732,1.9640496748568002,1.6424134779810224,1.4809112713787367,0.41369818995709984,0.17339327147354763,0.6600667932066795,0.7307582719052163,-0.9849568528043788,-0.9969125893700606
2.094382793823047,0.33895792725144946,0.361157560312046,0.20192890189871376,-0.010684955964216718,-0.6991224441542135,-0.6983308925851475,1.4178321275016248,-0.22551426457499413,1.6690375036866363,2.0632525852224295,1.6135259585320614,1.774851872547428,0.41369818995709984,0.16243816830163715,0.7236956577729853,0.6394531457062941,-0.668176514655967,-0.6729557185770082
2.094382793823047,0.33895792725144946,0.5056205838950075,0.04734793908962968,-0.010684955964216718,-0.6991224441542135,-0.6983308925851475,1.4178321275016248,-0.2853298667689162,1.6455288327382316,2.1037857417520662,1.5478487918811925,2.219586691141271,0.41369818995709984,0.165100210112045,0.7776739803267426,0.4561349000413083,-0.7794984941743119,-0.7894174482039593
2.094382793823047,0.33895792725144946,0.6500836074779691,-0.2651336851458239,-0.010684955964216718,0.04256350348277725,-0.6983308925851475,1.4178321275016248,-0.46477667335068235,1.5419278644228411,2.0890501975400886,1.4003730950342836,2.6927000790755544,0.41369818995709984,0.19927192774611835,0.857262876765689,0.25844896364531006,-0.546318805626437,-0.5620879505036396
2.094382793823047,0.33895792725144946,0.7945466310609306,0.07361766592444947,-0.010684955964216718,0.08217262642934477,-0.6983308925851475,1.569487444015918,-0.7040390821263706,1.4488417150989705,2.1138272822017052,1.3525929264603427,3.000199003962223,0.41369818995709984,0.19668951554026404,0.8868895975653694,0.13790460402657187,-0.2949598376289443,-0.29855238047273713
2.094382793823047,0.33895792725144946,0.9390096546438922,0.04021592897217665,-0.010684955964216718,-0.05743380791960865,-0.6983308925851475,1.4178321275016248,-0.46477667335068235,1.3182035008507447,2.041703642676124,1.2695293738710587,2.695099826909868,0.41369818995709984,0.25861866551070756,0.9338502046514436,0.26666424272828193,-0.40955300828681324,-0.41941782892016866
2.094382793823047,0.33895792725144946,1.0834726782268538,0.33145491774368574,-0.010684955964216718,0.1610970731389695,-0.6983308925851475,1.1145214944730386,0.07356374639461619,1.076007465312758,1.793766236912776,1.0604102610234367,2.052202183482112,0.41369818995709984,0.43798266065471964,1.0410284900237627,0.548092541614385,-0.08312810383678616,-0.08822626988971488
2.094382793823047,0.33895792725144946,1.2279357018098151,1.0726316586558948,-0.010684955964216718,0.7652016984734891,-0.6983308925851475,1.0538594257192335,0.5520885639459927,0.9627305089120992,1.5874086284217426,0.9954184569090693,1.5080941592335975,0.41369818995709984,0.5929105018777399,1.0791306834955723,0.8126551276114284,0.7311561511149752,0.7226749624558018
2.094382793823047,0.33895792725144946,1.3723987253927767,0.4660217946176451,-0.010684955964216718,0.22278996122474487,0.8131674640839366,0.9628661779587454,0.7315353705277589,0.9243349306123189,1.4180680846329559,1.1257899257772421,0.8386785475989929,0.41369818995709984,0.7206996086615878,1.0107215112133892,1.165046369653894,0.7624566921994705,0.750807823489024
2.094382793823047,0.33895792725144946,1.5168617489757383,1.016528240707477,-0.010684955964216718,0.5761977930316758,-0.6983308925851475,0.8112108614444523,1.0904289836912913,0.8891628978765141,1.2823562561158064,1.190202070034867,0.6996441007455559,0.41369818995709984,0.8302033452216243,0.981240221917576,1.246972047859197,0.5793250715205018,0.5789424077204247
2.094382793823047,0.33895792725144946,1.6613247725587,0.5315294853858467,-0.010684955964216718,0.24336956914876826,0.7809867243273247,0.9325349989520626,0.851166574915603,0.8820321662492094,1.1853419047137934,1.2511899589328814,0.5790974386575906,0.41369818995709984,0.9384566556883385,0.9761432349506739,1.3445966695166789,0.7357842144641568,0.7242203570231452
2.094382793823047,0.44903577926361327,-1.6613247698494156,0.9377532376606116,-0.010684955964216718,0.4555806668402602,-0.6983308925851475,0.8112108614444523,0.7315353705277589,0.8766272589744795,1.1018491918747997,1.2666779588404644,0.6337675848997563,0.41369818995709984,1.0291494666345105,0.9740551311392289,1.3194144737320501,0.4373664736966433,0.4318298402449767
2.094382793823047,0.44903577926361327,-1.516861746266454,-0.7054689621240783,-0.010684955964216718,-0.6991224441542135,-0.06495827261749824,0.8112108614444523,0.3726417573642265,0.8670168254576421,1.0456721791737613,1.2568586913554378,0.5976036701219981,0.41369818995709984,1.0828174070852727,0.9607150176898085,1.3202964855463342,-0.9893837097043753,-1.0012717925488337
2.094382793823047,0.44903577926361327,-1.3723987226834924,-0.6532565938999835,-0.010684955964216718,-0.6991224441542135,-0.6983308925851475,0.7808796824377694,0.31282615517030443,0.7933040578776739,0.9915686867033273,1.1430961822648722,0.5346132241733708,0.41369818995709984,1.1243290438445261,0.9731704945358227,1.3066645270289567,-1.2740310493992413,-1.2860490588430924
2.094382793823047,0.44903577926361327,-1.2279356991005308,0.1961625099589094,-0.010684955964216718,-0.6991224441542135,-0.6983308925851475,0.6595555449301591,0.07356374639461619,0.6353790889820736,0.9233874175004679,0.914385418700316,0.4109532623967939,0.41369818995709984,1.1463058494939737,0.9979958243542723,1.2769210082303106,-0.6723158051926683,-0.6787744610693836
2.094382793823047,0.44903577926361327,-1.0834726755175694,0.3944574277816219,-0.010684955964216718,-0.6991224441542135,0.5160582319416188,0.6595555449301591,-0.8236702865142147,0.5218399143076902,0.8666267420251921,0.6765450123920637,0.2403724449038116,0.41369818995709984,1.116804287516049,0.9655121059638244,1.2075706080493998,0.20660099252362435,0.20521192687026585
2.094382793823047,0.44903577926361327,-0.9390096519346078,-0.7054689621240783,-0.010684955964216718,-0.6991224441542135,-0.6983308925851475,0.7202176136839643,-1.062932695289903,0.4939832362694656,0.822420815148358,0.46072486111230404,0.2533723367358163,0.41369818995709984,1.0678190504166987,0.9237736946246091,1.03982322991958,-1.2740310493992413,-1.2860490588430924
2.094382793823047,0.44903577926361327,-0.7945466283516462,0.44260808325495576,-0.010684955964216718,0.49073607797797647,0.4058047897316202,0.9628661779587454,-1.5414575128412795,0.4948207293273817,0.9086384638656241,0.5216189815040807,0.3029671253116297,0.41369818995709984,0.9262622263073766,0.770098634003994,0.8861659363453186,0.8300523385725214,0.8189947217068181
2.094382793823047,0.44903577926361327,-0.6500836047686848,-0.7054689621240783,-0.010684955964216718,-0.6991224441542135,-0.6983308925851475,1.1145214944730386,-1.4816419106473573,0.6043918458391786,1.1540506635754995,1.2561690666141072,0.4807253856633556,0.41369818995709984,0.6540781032664532,0.31404135789260035,0.6683274386113056,-1.2740310493992413,-1.2860490588430924
2.094382793823047,0.44903577926361327,-0.5056205811857232,0.4597316174419035,-0.010684955964216718,-0.6991224441542135,-0.6983308925851475,1.1448526734797215,-1.4218263084534353,0.8033091566534333,1.3040710520501961,1.9661108859234786,0.5835045227306696,0.41369818995709984,0.5129643093206473,-0.006799901821297293,0.5775200964756294,-0.47735908663400617,-0.5051732938582004
2.094382793823047,0.44903577926361327,-0.3611575576027617,-0.7054689621240783,-0.010684955964216718,-0.6991224441542135,-0.6983308925851475,1.2661768109873317,-1.4816419106473573,0.910487531417494,1.4642423736347578,2.5394464831408308,0.7375923144022166,0.41369818995709984,0.37457915649087586,-0.23744028315650587,0.47638888190243966,-1.2740310493992413,-1.2860490588430924
2.094382793823047,0.44903577926361327,-0.21669453401980013,-0.7054689621240783,-0.010684955964216718,-0.6991224441542135,-0.6983308925851475,1.1145214944730386,-1.062932695289903,1.0539309610073233,1.5868637823979077,2.7015458047560035,0.8211743072813374,0.41369818995709984,0.2743018367784421,-0.3012989122880932,0.42693554135707656,-1.2740310493992413,-1.2860490588430924
2.094382793823047,0.44903577926361327,-0.0722315104368386,-0.7054689621240783,-0.010684955964216718,-0.6991224441542135,-0.6983308925851475,1.2055147422335266,-1.003117093095981,1.2199813517675455,1.6925829665175092,2.5165124113970028,0.8826445775403734,0.41369818995709984,0.1814739872229075,-0.24506941331944207,0.3906261272392216,-1.2740310493992413,-1.2860490588430924
2.094382793823047,0.44903577926361327,0.07223151314612293,-0.7054689621240783,-0.010684955964216718,-0.6991224441542135,-0.6983308925851475,1.1145214944730386,-1.062932695289903,1.3804147862918879,1.8194593968838972,2.1800863549532514,0.9756704417884228,0.41369818995709984,0.06974568907384354,-0.14676610698416556,0.32527815364258916,-1.2740310493992413,-1.2860490588430924
2.094382793823047,0.44903577926361327,0.21669453672908448,0.18915702819824515,-0.010684955964216718,-0.6991224441542135,-0.6983308925851475,1.2661768109873317,-1.4816419106473573,1.5604376650662883,1.9342137089790596,1.9671363724053335,1.2626532835129722,0.41369818995709984,-0.03859497265604748,-0.1055190648089046,0.16211441971029336,-0.6570384258689282,-0.6784539894301201
2.094382793823047,0.44903577926361327,0.361157560312046,-0.7054689621240783,-0.010684955964216718,-0.6991224441542135,-0.6983308925851475,1.2661768109873317,-1.2423795018716692,1.5694206477138561,2.047286197143136,1.823899864481338,1.6237667003708762,0.41369818995709984,-0.13117983126677782,-0.06763824562330757,0.0009526575569549029,-1.2740310493992413,-1.2860490588430924
2.094382793823047,0.44903577926361327,0.5056205838950075,0.5018202145706292,-0.010684955964216718,-0.6991224441542135,-0.6983308925851475,1.190349152730185,-1.122748297483825,1.4916956729762356,2.067210482245312,1.6718925914602472,1.9815940893592225,0.41369818995709984,-0.1574481899979969,-0.015618945664544807,-0.13993345168330415,-0.4454910632582509,-0.44771333340841996
2.094382793823047,0.44903577926361327,0.6500836074779691,0.13512049424044717,-0.010684955964216718,0.2703599908845719,-0.6983308925851475,1.1145214944730386,-1.062932695289903,1.462463017925125,2.096084498472163,1.5383440751125452,2.210660165828866,0.41369818995709984,-0.18669566114684608,0.027998457915465777,-0.22999552634248832,-0.12353806327154707,-0.12815398305535708
2.094382793823047,0.44903577926361327,0.7945466310609306,0.6667242945515615,-0.010684955964216718,0.4902864969018142,-0.6983308925851475,0.9628661779587454,-0.5245922755446044,1.4036659214357419,2.0729722995232747,1.4698743118577222,2.1545117682128727,0.41369818995709984,-0.17870205535883116,0.06208149257773325,-0.2030945994278627,0.38492840983057325,0.37366761865346615
2.094382793823047,0.44903577926361327,0.9390096546438922,0.8288846692359746,-0.010684955964216718,0.5133918317601436,-0.6983308925851475,0.9325349989520626,-0.8834858887081368,1.2279355290452452,1.9201133479554906,1.3365977241781097,1.800556509028461,0.41369818995709984,-0.10851579799985009,0.09471580572070648,-0.09149366623754954,0.4447679548607154,0.44458139447696265
2.094382793823047,0.44903577926361327,1.0834726782268538,1.008167411947365,-0.010684955964216718,0.6059208099640926,-0.6983308925851475,0.9022041092049403,-0.8834858887081368,1.0731391184818122,1.6768558307725163,1.2198550814711147,1.2199835534150048,0.41369818995709984,0.02167257289937895,0.1187999942213704,0.11427947332440776,0.592757255847712,0.5912131520409453
2.094382793823047,0.44903577926361327,1.2279357018098151,0.43869337393892543,-0.010684955964216718,0.17127461322692433,0.9229684491427473,0.8718729301982574,-0.9433014909020588,1.0113251739962619,1.462127919376456,1.3215956156210318,0.7279480448039376,0.41369818995709984,0.14042178915174483,0.0543921245137869,0.29669641993887574,0.7516634580355821,0.739362437073205
2.094382793823047,0.44903577926361327,1.3723987253927767,-0.7054689621240783,-0.010684955964216718,0.9838560908167271,-0.6983308925851475,0.6292243659234763,-0.5844078777385264,0.941135630007383,1.2956852224450084,1.336486906852556,0.5723291771207006,0.41369818995709984,0.21736280869335342,0.01392086044939244,0.32689741464414457,-0.4200971082743008,-0.40809702482958765
2.094382793823047,0.44903577926361327,1.5168617489757383,1.4952293733704776,-0.010684955964216718,0.491720699427687,-0.6983308925851475,0.38657609090825573,-0.16569866238107206,0.7835056566697227,1.1538142342775917,1.4249532302830676,0.43558128244901534,0.41369818995709984,0.2857728432671267,-0.04671138367701881,0.35728001276473775,0.6936184351185473,0.6809704143669668
2.094382793823047,0.44903577926361327,1.6613247725587,-0.7054689621240783,-0.010684955964216718,0.7266601860483248,1.8092769839961007,0.14392752663347458,0.25301055297638236,0.7622044354746113,1.0233687801514464,1.4459454415068078,0.3079636652643462,0.41369818995709984,0.34830138698820956,-0.07979941729581497,0.38546971713871164,0.6609316351522143,0.6513833415537874
2.094382793823047,0.559113631275777,-1.6613247698494156,2.308392900141835,-0.010684955964216718,-0.6991224441542135,-0.6983308925851475,0.06809986837632802,0.4324573595581485,0.6937233238099477,0.922903266759081,1.4375753236636377,0.456779893471767,0.41369818995709984,0.4036352752869646,-0.09043076141802515,0.30326469907379866,0.7405366648912955,0.7261075333643324
2.094382793823047,0.559113631275777,-1.516861746266454,-0.7054689621240783,-0.010684955964216718,-0.6991224441542135,1.2491595559526874,0.0074376549927425714,0.5520885639459927,0.7112692047277902,0.8415059526827368,1.2814226302258716,0.5384358832847039,0.41369818995709984,0.43904004528245777,-0.05133765447459875,0.24601021324819022,-0.23253768564155952,-0.24013505198168494
2.094382793823047,0.559113631275777,-1.3723987226834924,-0.7054689621240783,-0.010684955964216718,-0.6991224441542135,-0.6983308925851475,-0.068390003264404,0.7315353705277589,0.6485796385067668,0.7677026065033644,1.0299269720865019,0.6144756917579371,0.41369818995709984,0.46569424564301354,0.024038031059408806,0.19085673590894153,-1.2740310493992413,-1.2860490588430924
2.094382793823047,0.559113631275777,-1.2279356991005308,0.629624888594673,-0.010684955964216718,0.4867932824236696,0.3834472018154236,-0.08355544813796513,0.7315353705277589,0.5021260501624468,0.7152054217405056,0.7181304924675509,0.5940359108505082,0.41369818995709984,0.48683904257579264,0.133942511723159,0.18502353885609515,0.7760296445367569,0.7627275653043922
2.094382793823047,0.559113631275777,-1.0834726755175694,-0.7054689621240783,-0.010684955964216718,1.2470489677563086,1.2056054457494016,-0.113886627144648,0.7913509727216809,0.4526744932195058,0.6599402497943825,0.6834523415379244,0.6516030273119447,0.41369818995709984,0.5222751818094433,0.14314299056101723,0.15584650135536987,0.640697583780579,0.6338871063480382
2.094382793823047,0.559113631275777,-0.9390096519346078,2.382811129539274,-0.010684955964216718,-0.6991224441542135,-0.6983308925851475,-0.12905207201820915,0.851166574915603,0.40803852135958235,0.6226754636486561,0.7486887962094759,0.7298916560827422,0.41369818995709984,0.548093512624019,0.11524767914465724,0.12182251637595225,0.7772382333086901,0.7661564479203994
2.094382793823047,0.559113631275777,-0.7945466283516462,-0.7054689621240783,-0.010684955964216718,1.2824120880842274,1.2688670676428513,0.1894240058839383,0.6119041661399147,0.4950816097527709,0.7310419501457243,1.0358727478229426,0.8358176322912787,0.41369818995709984,0.465343392779314,0.0035407944285388983,0.07992565493434138,0.6608216488937021,0.6542841836235146
2.094382793823047,0.559113631275777,-0.6500836047686848,2.2788397153534254,-0.010684955964216718,-0.6991224441542135,-0.6983308925851475,0.507900228415866,0.7315353705277589,0.706558640739096,0.9707078592777979,1.6957072347217446,1.0230021557993123,0.41369818995709984,0.3044915915811748,-0.20892538190118426,0.0375537640340301,0.7373053010180495,0.72221904851887
2.094382793823047,0.559113631275777,-0.5056205811857232,-0.7054689621240783,-0.010684955964216718,-0.6991224441542135,1.3061494530541342,0.8263764509477938,0.013748144200694123,0.8491404960009734,1.1674720843465696,2.425177624116581,1.2940613039104973,0.41369818995709984,0.19397438732682049,-0.40034206912899084,-0.007391780995627074,-0.23073524307775733,-0.22206795105535512
2.094382793823047,0.559113631275777,-0.3611575576027617,-0.7054689621240783,-0.010684955964216718,-0.6991224441542135,-0.6983308925851475,1.2661768109873317,-0.7638546843202927,1.004944975285077,1.3473369078081856,3.11228766459802,1.4856369802516198,0.41369818995709984,0.09165686062499241,-0.5741479908611177,-0.034600220137394964,-1.2740310493992413,-1.2860490588430924
2.094382793823047,0.559113631275777,-0.21669453401980013,-0.7054689621240783,-0.010684955964216718,-0.6991224441542135,-0.6983308925851475,1.569487444015918,-1.6610887172291235,1.1902229223206504,1.5269716538037783,3.254100596109133,1.5905073021892266,0.41369818995709984,-0.034373879709214225,-0.6223587495285134,-0.08265252717431912,-1.2740310493992413,-1.2860490588430924
2.094382793823047,0.559113631275777,-0.0722315104368386,-0.7054689621240783,-0.010684955964216718,-0.6991224441542135,-0.6983308925851475,1.766639239780675,-1.6012731150352015,1.3586600345110997,1.6714680658166163,3.0805385008268753,1.5993407555206358,0.41369818995709984,-0.11833026741198918,-0.5511498056615226,-0.061835748094097864,-1.2740310493992413,-1.2860490588430924
2.094382793823047,0.559113631275777,0.07223151314612293,-0.7054689621240783,-0.010684955964216718,-0.6991224441542135,-0.6983308925851475,2.1761087100730907,-2.199429136974422,1.5313715721329262,1.8172898934159334,2.7651975716721364,1.6907827191191331,0.41369818995709984,-0.20687983548651118,-0.44930644696509575,-0.09108278309261522,-1.2740310493992413,-1.2860490588430924
2.094382793823047,0.559113631275777,0.21669453672908448,-0.7054689621240783,-0.010684955964216718,-0.6991224441542135,-0.6983308925851475,1.7211427605302112,-1.6610887172291235,1.607640298957541,1.9082431856823334,2.4834445214517684,1.849001732866034,0.41369818995709984,-0.2562518794225263,-0.33928127536396446,-0.12921516610033695,-1.2740310493992413,-1.2860490588430924
2.094382793823047,0.559113631275777,0.361157560312046,-0.6900494413497484,-0.010684955964216718,-0.6991224441542135,-0.6983308925851475,1.5391562650092352,-1.4816419106473573,1.65915749373023,1.9792023226958324,2.169831490134702,2.3075078507019335,0.41369818995709984,-0.2956016930690672,-0.2181338207473903,-0.2791003963725274,-1.2740310493992413,-1.2860490588430924
2.094382793823047,0.559113631275777,0.5056205838950075,-0.7054689621240783,-0.010684955964216718,-0.6991224441542135,-0.6983308925851475,1.569487444015918,-1.4816419106473573,1.53679253358768,2.0450051837376515,1.944482753739253,2.9134207012492785,0.41369818995709984,-0.32765622842934444,-0.12357429995989495,-0.46793414146880175,-1.2740310493992413,-1.2860490588430924
2.094382793823047,0.559113631275777,0.6500836074779691,0.08925847256133614,-0.010684955964216718,-0.11875826447114302,-0.6983308925851475,1.4178321275016248,-1.2423795018716692,1.421789083910279,2.0767276436849653,1.7070481093307206,3.3272665224747504,0.41369818995709984,-0.3423879465735803,-0.023207200108938394,-0.5859499227462459,-0.3822834365752553,-0.37665986350559616
2.094382793823047,0.559113631275777,0.7945466310609306,0.25683243094219993,-0.010684955964216718,0.004910589053249654,-0.6983308925851475,1.3571700587478197,-1.5414575128412795,1.34305537152782,2.1316519339866424,1.585298228390628,3.5196739772406245,0.41369818995709984,-0.38938340876642036,-0.0036346152585743727,-0.664409099481945,-0.20499242824274877,-0.2073814775845168
2.094382793823047,0.559113631275777,0.9390096546438922,0.44939100787049924,-0.010684955964216718,0.15479084973419918,-0.6983308925851475,1.2661768109873317,-1.2423795018716692,1.2158721506055818,2.0751721506324627,1.426727159932893,3.125718728386077,0.41369818995709984,-0.3576090248330724,0.05863932680572437,-0.5454179041563209,0.0038202637578575093,0.0010778447187675699
2.094382793823047,0.559113631275777,1.0834726782268538,0.6446322012537914,-0.010684955964216718,0.2991381202103432,-0.6983308925851475,1.1145214944730386,-0.5245922755446044,1.0372399651757562,1.8352415818385521,1.218149347098553,2.41194886764612,0.41369818995709984,-0.19835126353699567,0.1802878316774866,-0.2793966396526567,0.20703679732208286,0.20438195859990987
2.094382793823047,0.559113631275777,1.2279357018098151,1.187337844483144,-0.010684955964216718,0.7536104534771156,-0.6983308925851475,1.0841903154663557,0.1931949507824603,0.9662416918681708,1.6292170916418838,1.150024822434878,1.7936431893590286,0.41369818995709984,-0.027366474508503207,0.287951462423659,0.019568091180297113,0.7165569603819797,0.7076648413160269
2.094382793823047,0.559113631275777,1.3723987253927767,0.5092307126594758,-0.010684955964216718,0.2076120536378331,0.7912985969682932,1.1145214944730386,0.3726417573642265,0.9599303923462552,1.4663652970022385,1.3016749226912994,1.0486799607182566,0.41369818995709984,0.10806176567218037,0.2756859501011876,0.38121764003599223,0.7505724159523698,0.7388245610801957
2.094382793823047,0.559113631275777,1.5168617489757383,0.9867477444294518,-0.010684955964216718,0.4958097113198338,-0.6983308925851475,0.9628661779587454,0.3726417573642265,0.9458314776643885,1.3334913258190784,1.3598327075828647,0.8958071357175412,0.41369818995709984,0.18108163044410736,0.22554843914290995,0.42258507767851317,0.5020871764777152,0.4987736814297836
2.094382793823047,0.559113631275777,1.6613247725587,0.5490805517588667,-0.010684955964216718,0.2404088722604853,0.750445394985093,0.8718729301982574,0.5520885639459927,0.926410602304582,1.224347092795759,1.4054144309060126,0.7701440301337753,0.41369818995709984,0.2548702828527239,0.20588011905701192,0.4789874577415258,0.7332862123211543,0.7218010420328741
2.094382793823047,0.6691914832879408,-1.6613247698494156,1.257709498783284,-0.010684955964216718,0.7224347336051239,-0.6983308925851475,0.8112108614444523,0.3726417573642265,0.9266587731707857,1.1333712162382155,1.38829741631279,0.7699587246580998,0.41369818995709984,0.3463970329302202,0.25674220591029745,0.5266772080793597,0.6696754526988165,0.6598723566068867
2.094382793823047,0.6691914832879408,-1.516861746266454,-0.7054689621240783,-0.010684955964216718,-0.6991224441542135,0.5825972073485364,0.7353832031873058,0.4922729617520706,0.9213394881895167,1.0579488586874999,1.3820967607275756,0.6982304128180044,0.41369818995709984,0.44460108730227826,0.31784946891324595,0.6245694672283996,-0.5787916184163274,-0.6220644022064282
2.094382793823047,0.6691914832879408,-1.3723987226834924,-0.5980008733323589,-0.010684955964216718,-0.6991224441542135,-0.6983308925851475,0.6595555449301591,0.4324573595581485,0.8488722574097399,1.0018134857732572,1.2662227553647283,0.6986689411608925,0.41369818995709984,0.508385848360651,0.39448713847341627,0.6534771335534111,-1.2523094032232334,-1.2643174984223886
2.094382793823047,0.6691914832879408,-1.2279356991005308,0.38492460825125463,-0.010684955964216718,-0.6991224441542135,0.21155467400049463,0.6595555449301591,0.3726417573642265,0.6984766989453723,0.9403221070625349,1.039524604920421,0.6249022690883665,0.41369818995709984,0.5778947714772631,0.5160396929742838,0.7117484251364202,-0.006752907883884924,-0.0031324436493696413
2.094382793823047,0.6691914832879408,-1.0834726755175694,-0.7054689621240783,-0.010684955964216718,-0.6991224441542135,0.3829858359642472,0.507900228415866,0.3726417573642265,0.6165308127097882,0.8766703997521258,0.7879445551254374,0.5990584438789982,0.41369818995709984,0.6328922850222375,0.6222382519137448,0.7140620266423899,-0.6952989729963807,-0.6962372455109961
2.094382793823047,0.6691914832879408,-0.9390096519346078,1.7285840833618435,-0.010684955964216718,-0.6991224441542135,-0.6983308925851475,0.598893476176354,0.1931949507824603,0.4939979526011542,0.8301785191561196,0.5396131578511097,0.6062677492177221,0.41369818995709984,0.6651644746349611,0.7173967095455698,0.686794425528804,0.39175997856510403,0.3740277394373572
2.094382793823047,0.6691914832879408,-0.7945466283516462,-0.7054689621240783,-0.010684955964216718,1.3224324773297158,1.0331334332022706,0.8112108614444523,0.07356374639461619,0.5458476026851727,0.8578943847027726,0.46342709897388357,0.6335101696009672,0.41369818995709984,0.6533841191976776,0.7583978520034929,0.6772769329342762,0.7299842844326271,0.7188809388799687
2.094382793823047,0.6691914832879408,-0.6500836047686848,2.267083028759499,-0.010684955964216718,-0.6991224441542135,-0.6983308925851475,0.8112108614444523,0.3726417573642265,0.7098102811181137,1.0302703983730532,0.824942197923,0.817697104531897,0.41369818995709984,0.5364342907063896,0.5995728811172308,0.602546043975713,0.7434225891081014,0.731611695240225
2.094382793823047,0.6691914832879408,-0.5056205811857232,-0.7054689621240783,-0.010684955964216718,1.1492948840733148,1.0641401111086148,1.0235282467125506,-0.04606745799322794,0.9043568414208478,1.2598079586864053,1.5517793971744869,1.1310176399055112,0.41369818995709984,0.39506712983700426,0.30655722896281,0.48669303368268035,0.6893797339251138,0.6804915510543333
2.094382793823047,0.6691914832879408,-0.3611575576027617,-0.049581259296486976,-0.010684955964216718,-0.6991224441542135,-0.6983308925851475,0.9628661779587454,0.3726417573642265,1.2499270799813866,1.4329913607650628,2.4045212746333653,1.349714156114164,0.36032401756951354,0.29020700573159863,-0.009943889983305908,0.4129089529837259,-0.8478195818269116,-0.8980767999026015
2.094382793823047,0.6691914832879408,-0.21669453401980013,-0.5118252733433187,-0.010684955964216718,-0.6991224441542135,-0.6983308925851475,1.569487444015918,-0.7638546843202927,1.4890440575756132,1.6230854565964477,2.981993767857735,1.4826477765376689,0.27430831146689133,0.1810637741085408,-0.19420495997718826,0.38232091329066553,-1.155641372710026,-1.173661675830331
2.094382793823047,0.6691914832879408,-0.0722315104368386,-0.7054689621240783,-0.010684955964216718,-0.6991224441542135,-0.6983308925851475,1.5088253752621128,-0.5844078777385264,1.5693925528988144,1.7580082464417743,2.9234387454761075,1.5590959278464402,0.41369818995709984,0.1288228926921106,-0.12944555909013836,0.40143629808244835,-1.2740310493992413,-1.2860490588430924
2.094382793823047,0.6691914832879408,0.07223151314612293,-0.6903171591610308,-0.010684955964216718,-0.6991224441542135,-0.6983308925851475,1.1145214944730386,-0.22551426457499413,1.636086299187478,1.7837769226364062,2.518687840741719,1.4710414489616492,0.41369818995709984,0.15321995571632163,0.05496373916730113,0.4819841308048969,-1.2740310493992413,-1.2860490588430924
2.094382793823047,0.6691914832879408,0.21669453672908448,-0.593577740695386,-0.010684955964216718,-0.6991224441542135,-0.6983308925851475,1.1145214944730386,-0.22551426457499413,1.6859298456926703,1.8710454466509392,2.228685719295324,1.6329313557968188,0.41369818995709984,0.13188163471429426,0.19249611799399838,0.4354054553004375,-1.2079645337878202,-1.2205292827694918
2.094382793823047,0.6691914832879408,0.361157560312046,-0.09101846637712942,-0.010684955964216718,-0.6991224441542135,-0.6983308925851475,0.9931973569654283,-0.4049610711567603,1.6849117431094849,1.98504600802919,1.9696519256954033,2.062121476591801,0.41369818995709984,0.06221079806842335,0.2737536042909261,0.22444816669147682,-0.8630067760188765,-0.8681496613961275
2.094382793823047,0.6691914832879408,0.5056205838950075,-0.11137244309132015,-0.010684955964216718,-0.16512907839391203,-0.6983308925851475,1.1145214944730386,-1.062932695289903,1.5864380785392438,2.036747096529244,1.747826327811597,2.6053993993881948,0.41369818995709984,-0.0060365990705951375,0.28992877152431734,-0.06268026898851188,-0.5637840294443798,-0.568534880929565
2.094382793823047,0.6691914832879408,0.6500836074779691,0.14737261941256843,-0.010684955964216718,-0.02086038211800912,-0.6983308925851475,1.1145214944730386,-1.062932695289903,1.4710861193704892,2.044164624651658,1.619999395226331,3.0762002420649535,0.41369818995709984,-0.03158129360770497,0.298593348178546,-0.2711211150452694,-0.3057094193088896,-0.30953375919858667
2.094382793823047,0.6691914832879408,0.7945466310609306,0.37251038684324733,-0.010684955964216718,0.1370322921098028,-0.6983308925851475,0.9325349989520626,-0.9433014909020588,1.3796635844516005,2.0597823677364246,1.5201794105723567,3.256560325452974,0.41369818995709984,-0.06752006455737083,0.2892242032178593,-0.37407963271871547,-0.06716290537429764,-0.07064059359027096
2.094382793823047,0.6691914832879408,0.9390096546438922,0.5849284886582865,-0.010684955964216718,0.2834913953216583,-0.6983308925851475,0.6595555449301591,-0.8236702865142147,1.2122211624984685,1.9572680356818928,1.3393067815674158,2.821380896907991,0.41369818995709984,-0.050066703050228006,0.2743174740714533,-0.30199326222936823,0.1500512246906026,0.1470695810773541
2.094382793823047,0.6691914832879408,1.0834726782268538,1.0828622903716287,-0.010684955964216718,0.6884392773833419,-0.6983308925851475,0.5685622971696711,-0.5844078777385264,1.0198860654940334,1.6933501266572868,1.1402780124319443,2.101452354182348,0.41369818995709984,0.08154510735585345,0.29497197465103187,-0.09845245772857562,0.7084069966272464,0.6993366767979801
2.094382793823047,0.6691914832879408,1.2279357018098151,1.241553877371771,-0.010684955964216718,0.7484985579160104,-0.6983308925851475,0.47756904940918316,-0.5844078777385264,0.95134475065428,1.469761409782929,1.2690324007879983,1.491315209578654,0.41369818995709984,0.20958758106328074,0.207654125241761,0.1081268449658477,0.6843183859208767,0.674688637484038
2.094382793823047,0.6691914832879408,1.3723987253927767,0.4741861702750508,-0.010684955964216718,0.15885216356378612,0.8974257389600241,0.507900228415866,-0.8236702865142147,0.9252694176745463,1.2908154846672104,1.3392769461336127,0.7418518248838074,0.41369818995709984,0.292505646983044,0.11602668428593499,0.362057396166677,0.7380174215396116,0.7254176177572991
2.094382793823047,0.6691914832879408,1.5168617489757383,-0.7054689621240783,-0.010684955964216718,1.2312357391443034,-0.6983308925851475,0.35624491190157287,-0.5844078777385264,0.90356282843383,1.1450832884733688,1.3668687553145609,0.5808674832691335,0.41369818995709984,0.3568019679252153,0.05335452666888697,0.3774397255498953,-0.30742563696626407,-0.29043998106731456
2.094382793823047,0.6691914832879408,1.6613247725587,0.7553919223319701,-0.010684955964216718,0.0044074513817390915,0.7851204659302888,0.38657609090825573,-0.5844078777385264,0.7969684244681405,1.0434603301599035,1.4608912889601433,0.5526750578906833,0.41369818995709984,0.40184288527901413,-0.017018186050866416,0.3519437329330593,0.7377724275988012,0.7228128636151523
2.094382793823047,0.7792693353001046,-1.6613247698494156,-0.7054689621240783,-0.010684955964216718,0.9321205248262575,1.3558467931531157,0.35624491190157287,-0.5844078777385264,0.7408410043319069,0.9675608794587832,1.4777892262251562,0.6975453694984257,0.41369818995709984,0.40964899954358025,-0.0788459373769685,0.22685148635251134,0.6032010901298127,0.5955362406887593
2.094382793823047,0.7792693353001046,-1.516861746266454,-0.7054689621240783,-0.010684955964216718,-0.6991224441542135,-0.6983308925851475,0.35624491190157287,-0.5844078777385264,0.6395431419257858,0.9074908995718994,1.4806108058219474,0.8195174583223565,0.41369818995709984,0.4105977983469272,-0.1265063797915643,0.12442130892555783,-1.2740310493992413,-1.2860490588430924
2.094382793823047,0.7792693353001046,-1.3723987226834924,0.565039271544608,-0.010684955964216718,-0.6991224441542135,-0.01933933537331627,0.2955828431477677,-0.6442234799324486,0.5530117805208606,0.8647557746557801,1.356160391902207,0.8133512299598331,0.41369818995709984,0.40787108764554864,-0.11740421781356904,0.08738309733069123,-0.10891799135035604,-0.12040426574807796
2.094382793823047,0.7792693353001046,-1.2279356991005308,-0.7054689621240783,-0.010684955964216718,-0.6991224441542135,0.22320295644799426,0.17425856101037715,-0.4049610711567603,0.4628294310088221,0.8001985784223398,1.1032803696343814,0.7505963986657976,0.41369818995709984,0.4174029926124387,-0.06319935772494137,0.07053103720435876,-0.7875378866372429,-0.7882218779372121
2.094382793823047,0.7792693353001046,-1.0834726755175694,1.8551113636952303,-0.010684955964216718,-0.6991224441542135,-0.6983308925851475,0.05293427887298657,0.013748144200694123,0.34346058221324177,0.7370740731583098,0.8251178007619545,0.7052770518115652,0.41369818995709984,0.45057282504012935,0.03167081852347776,0.07668019819460713,0.49429219292230464,0.4729324794844916
2.094382793823047,0.7792693353001046,-0.9390096519346078,-0.7054689621240783,-0.010684955964216718,1.3449657709870926,1.177817009511895,-0.03805896888750143,-0.04606745799322794,0.3720851851959454,0.6785306502009009,0.5639315937233936,0.6136481057647619,0.41369818995709984,0.4959534953733566,0.13817852697633742,0.11657422101518274,0.7108500956461142,0.70388782486683
2.094382793823047,0.7792693353001046,-0.7945466283516462,1.409391567315172,-0.010684955964216718,0.6002653596344966,-0.6983308925851475,0.05293427887298657,0.3726417573642265,0.4312756090959152,0.7640594780382929,0.9326157211948709,0.7060006655016464,0.41369818995709984,0.43816122401038515,-0.0045670119120672795,0.08202362947342842,0.7387095609241936,0.7267517551251025
2.094382793823047,0.7792693353001046,-0.6500836047686848,-0.7054689621240783,-0.010684955964216718,1.0115103200100861,1.4322318734039485,0.6595555449301591,-0.8236702865142147,0.5641406718982965,1.021130112291856,2.0308733834180464,0.9353685970447886,0.41369818995709984,0.23017304034952926,-0.4100072403460703,-0.02739676246987581,0.6365476276369761,0.6300164482497727
2.094382793823047,0.7792693353001046,-0.5056205811857232,-0.7054689621240783,-0.010684955964216718,-0.6991224441542135,-0.6983308925851475,0.6747211344335006,-1.062932695289903,0.6777280091127518,1.2026506465979232,2.7032668830659494,1.1204711590319976,0.41369818995709984,0.08036658920846115,-0.6416598335536102,-0.12761714272969055,-1.2740310493992413,-1.2860490588430924
2.094382793823047,0.7792693353001046,-0.3611575576027617,-0.7054689621240783,-0.010684955964216718,-0.6991224441542135,-0.6983308925851475,0.8112108614444523,-1.3021951040655912,0.7870864077392313,1.325390622889576,3.2473160184623473,1.2133519651475044,0.41369818995709984,-0.015492976564075304,-0.8055348918981308,-0.17722131379661185,-1.2740310493992413,-1.2860490588430924
2.094382793823047,0.7792693353001046,-0.21669453401980013,-0.7054689621240783,-0.010684955964216718,-0.6991224441542135,-0.6983308925851475,0.8112108614444523,-0.8236702865142147,0.9052271117629795,1.438431351894232,3.2748609433901765,1.197056822096474,0.39761609237835843,-0.0939216218998431,-0.7971758074561679,-0.15081600384003727,-1.2740310493992413,-1.2860490588430924
2.094382793823047,0.7792693353001046,-0.0722315104368386,-0.7054689621240783,-0.010684955964216718,-0.6991224441542135,-0.6983308925851475,0.8870385197015989,-1.3021951040655912,1.0449560054497673,1.53098177699993,3.0234368902919337,1.1769574666330462,0.41369818995709984,-0.18382778887375895,-0.7529370929543097,-0.17430027270453932,-1.2740310493992413,-1.2860490588430924
2.094382793823047,0.7792693353001046,0.07223151314612293,-0.7054689621240783,-0.010684955964216718,-0.6991224441542135,-0.6983308925851475,0.9628661779587454,-1.062932695289903,1.1882542784952135,1.6352146324586558,2.5887687174219,1.1916293001777067,0.41369818995709984,-0.24792503580454642,-0.6135485262350566,-0.1608611865494992,-1.2740310493992413,-1.2860490588430924
2.094382793823047,0.7792693353001046,0.21669453672908448,0.26564590918005465,-0.010684955964216718,-0.6991224441542135,-0.6983308925851475,0.9628661779587454,-1.3021951040655912,1.4330825306329602,1.7751920689655172,2.346907347077979,1.4265723272311044,0.19240497063338563,-0.3498958117738187,-0.5553948565998525,-0.26293270806671315,-0.5992590980706562,-0.6872019533541396
2.094382793823047,0.7792693353001046,0.361157560312046,-0.7054689621240783,-0.010684955964216718,-0.6991224441542135,-0.6983308925851475,0.9628661779587454,-1.2423795018716692,1.4325299992704694,1.890206806167927,2.0719329074176365,1.7264485730256185,0.41369818995709984,-0.4384499645831483,-0.4779928111029355,-0.3756425489852061,-1.2740310493992413,-1.2860490588430924
2.094382793823047,0.7792693353001046,0.5056205838950075,1.4829288974118913,-0.010684955964216718,-0.6991224441542135,-0.6983308925851475,0.8112108614444523,-1.062932695289903,1.404609104512149,1.9388872457275492,1.8581304839039205,1.9268468023760517,0.41369818995709984,-0.4845675707112437,-0.419011515734924,-0.4521277095989608,0.24655165582320684,0.2609203069553826
2.094382793823047,0.7792693353001046,0.6500836074779691,-0.7054689621240783,-0.010684955964216718,0.6328789610919042,0.7907586249407464,0.8112108614444523,-0.8236702865142147,1.365502459822141,1.9428585521732984,1.603368271983613,2.1042738606332443,0.41369818995709984,-0.5009973298471256,-0.3252004508674799,-0.5005763801760141,0.3733886731886974,0.373338028735464
2.094382793823047,0.7792693353001046,0.7945466310609306,0.7488824173771795,-0.010684955964216718,0.23834786310446154,-0.6983308925851475,0.7808796824377694,-0.6442234799324486,1.2886832084075384,1.8983533834388142,1.5257202768500433,2.080689756043539,0.41369818995709984,-0.48116304316383207,-0.2860877666062252,-0.4811970419715045,0.25028236811071314,0.23896011081793594
2.094382793823047,0.7792693353001046,0.9390096546438922,1.212071021000038,-0.010684955964216718,0.7426043891800631,-0.6983308925851475,0.8112108614444523,0.07356374639461619,1.1433741493140923,1.759299785591538,1.4005137477936402,1.821646116830227,0.41369818995709984,-0.36995088963337425,-0.15879152824403936,-0.31624739664817303,0.7152209243579569,0.7062272268524254
2.094382793823047,0.7792693353001046,1.0834726782268538,0.5378672060065354,-0.010684955964216718,0.2212865923794625,0.7430472960898208,0.6595555449301591,-0.5245922755446044,0.9972610433711137,1.5187721446005236,1.3880408315820847,1.15441308507428,0.41369818995709984,-0.23609183526605926,-0.16600587743144848,-0.08537354445691149,0.7403706954471904,0.7288643271205032
2.094382793823047,0.7792693353001046,1.2279357018098151,1.1799013320564962,-0.010684955964216718,0.6557408473244698,-0.6983308925851475,0.6595555449301591,-0.6442234799324486,0.9361280636882457,1.3321750851008765,1.3811650427519584,0.9719852944327946,0.41369818995709984,-0.12730500644883647,-0.16721278680525908,-0.01871945655937237,0.6781278336618975,0.6683511264029762
2.094382793823047,0.7792693353001046,1.3723987253927767,-0.7054689621240783,-0.010684955964216718,0.9325256418399421,1.610018501939597,0.6595555449301591,-0.5245922755446044,0.9026718214425007,1.1945337112091619,1.4232312995321557,0.8715966818503261,0.41369818995709984,-0.043585094541402296,-0.17803258950348677,0.025515711387428978,0.6321631181466605,0.6233586704345876
2.094382793823047,0.7792693353001046,1.5168617489757383,2.2971112891789285,-0.010684955964216718,-0.6991224441542135,-0.6983308925851475,0.6595555449301591,-0.5245922755446044,0.8437998054463393,1.1028323142986363,1.456108242701051,0.9594608243415501,0.41369818995709984,0.012459186350703052,-0.18366978136123358,-0.0027515753525187694,0.7206064708099527,0.7058594221257771
2.094382793823047,0.7792693353001046,1.6613247725587,-0.7054689621240783,-0.010684955964216718,1.164593675045213,1.3746762214491053,0.598893476176354,-0.5245922755446044,0.8723207251830548,1.0256476762796363,1.3680314847919093,0.9747740999173952,0.41369818995709984,0.053239195955391824,-0.1557159531267494,-0.012838366481720903,0.6353746808931695,0.6276733579716537
2.094382793823047,0.8893471873122684,-1.6613247698494156,1.4879496646075423,-0.010684955964216718,0.557577126640353,-0.6983308925851475,0.507900228415866,-0.5245922755446044,0.8524824411426257,0.9723798025815086,1.4101872478735153,1.0384546201034928,0.41369818995709984,0.08146137562015625,-0.1765326657683339,-0.04361927853711855,0.6662169158988233,0.6550845431011125
2.094382793823047,0.8893471873122684,-1.516861746266454,-0.7054689621240783,-0.010684955964216718,-0.6991224441542135,0.5647708986712675,0.507900228415866,-0.8236702865142147,0.8329866462760409,0.9194097592228346,1.4193168906172116,1.019093132597506,0.41369818995709984,0.09466299884780431,-0.20542190255136147,-0.06319105568292653,-0.6414054363100148,-0.6531346808769023
2.094382793823047,0.8893471873122684,-1.3723987226834924,-0.7054689621240783,-0.010684955964216718,-0.6991224441542135,-0.6983308925851475,0.17425856101037715,0.13337934858853825,0.7535084212949714,0.8569437271974546,1.2976147463712038,0.9813436401975651,0.41369818995709984,0.11946062291310282,-0.180642181429391,-0.06836176867772216,-1.2740310493992413,-1.2860490588430924
2.094382793823047,0.8893471873122684,-1.2279356991005308,1.1715778204154368,-0.010684955964216718,-0.6991224441542135,0.7047485852221869,0.20458959538727972,0.3726417573642265,0.6100161602409025,0.8014625929672726,1.0618355423182508,0.8625343217548471,0.41369818995709984,0.15098550075218306,-0.09631256218094535,-0.024238640069492036,0.7462438896476472,0.734108054563209
2.094382793823047,0.8893471873122684,-1.0834726755175694,-0.7054689621240783,-0.010684955964216718,1.0090275855144406,0.5431679300482264,0.20458959538727972,0.3726417573642265,0.56270181601365,0.7424724245006832,0.7265014627516868,0.8476721518166194,0.41369818995709984,0.18945673442848332,0.03903640786949452,-0.011202418770165486,0.35429966697319365,0.35715492812064836
2.094382793823047,0.8893471873122684,-0.9390096519346078,1.4045087658144808,-0.010684955964216718,0.6359385721239021,-0.6983308925851475,0.08326531324988914,0.3726417573642265,0.5066031596166259,0.6975607385256175,0.7357163495919626,0.8544563445934995,0.41369818995709984,0.21556028400845978,0.03398158743329947,-0.015323602719118905,0.7341864435467186,0.7230851825464703
2.094382793823047,0.8893471873122684,-0.7945466283516462,-0.7054689621240783,-0.010684955964216718,1.0970816710381688,1.4549226466997203,0.35624491190157287,0.013748144200694123,0.5421899253363827,0.7891386275939525,1.1174274799027644,0.8915174397286005,0.41369818995709984,0.1537807411738441,-0.1061152048935444,-0.024469653483257844,0.6323749902027471,0.6252851885626921
2.094382793823047,0.8893471873122684,-0.6500836047686848,2.266847464445478,-0.010684955964216718,-0.6991224441542135,-0.6983308925851475,0.8112108614444523,-0.5245922755446044,0.719532424970951,1.0374592605476403,1.7964819532574126,1.0905246202819945,0.41369818995709984,0.004764553532511837,-0.3170960866926457,-0.0701914555936928,0.7451451071239831,0.7282438743559956
2.094382793823047,0.8893471873122684,-0.5056205811857232,-0.7054689621240783,-0.010684955964216718,-0.6991224441542135,0.5258572778879471,0.9931973569654283,-0.8834858887081368,0.8824455613848262,1.252572516411335,2.5296902962872734,1.3607486360231669,0.41369818995709984,-0.12129273000321264,-0.5277936352216386,-0.14341360591563537,-0.632464192529332,-0.6412033619211132
2.094382793823047,0.8893471873122684,-0.3611575576027617,-0.7054689621240783,-0.010684955964216718,-0.6991224441542135,-0.6983308925851475,1.1145214944730386,-1.3021951040655912,1.0837730059751765,1.4072311536796098,3.0110551852637184,1.4552661674260883,0.41369818995709984,-0.22458390959708166,-0.6784380840153607,-0.18810429937438394,-1.2740310493992413,-1.2860490588430924
2.094382793823047,0.8893471873122684,-0.21669453401980013,-0.7054689621240783,-0.010684955964216718,-0.6991224441542135,-0.6983308925851475,1.1145214944730386,-1.7209043194230456,1.1922256812786383,1.5303797644891386,3.2571906946101508,1.477365312751444,0.41369818995709984,-0.3195854060550958,-0.7736957190484915,-0.22913518558015225,-1.2740310493992413,-1.2860490588430924
2.094382793823047,0.8893471873122684,-0.0722315104368386,-0.7054689621240783,-0.010684955964216718,-0.6991224441542135,-0.6983308925851475,1.1751835632268437,-1.2423795018716692,1.3137906081166615,1.6276376027800414,3.016544905083457,1.4641407065869458,0.41369818995709984,-0.3769085866566973,-0.6996304229968157,-0.21522237022952861,-1.2740310493992413,-1.2860490588430924
2.094382793823047,0.8893471873122684,0.07223151314612293,-0.7054689621240783,-0.010684955964216718,-0.6991224441542135,-0.6983308925851475,1.1145214944730386,-1.3021951040655912,1.42692441474544,1.7031375938315627,2.6087286226360593,1.429282315002069,0.41369818995709984,-0.4254802324160334,-0.5784672634989066,-0.1996491188786483,-1.2740310493992413,-1.2860490588430924
2.094382793823047,0.8893471873122684,0.21669453672908448,0.04679100799914905,-0.010684955964216718,-0.6991224441542135,-0.6983308925851475,1.2661768109873317,-1.4816419106473573,1.5665422670203955,1.7880742897855384,2.231049538093482,1.600413179517871,0.41369818995709984,-0.4756560527543752,-0.4585564069359266,-0.25748373876490505,-0.7628033091736371,-0.8220488479112867
2.094382793823047,0.8893471873122684,0.361157560312046,-0.7054689621240783,-0.010684955964216718,-0.6991224441542135,-0.6983308925851475,1.2358456319806488,-1.3620107062595133,1.5485923559052837,1.8704434341401475,1.9722672145784714,2.0604076105633813,0.41369818995709984,-0.521202256144341,-0.3667646025644872,-0.4074857760070953,-1.2740310493992413,-1.2860490588430924
2.094382793823047,0.8893471873122684,0.5056205838950075,0.29753509179840804,-0.010684955964216718,0.08312897167856718,-0.6983308925851475,1.2661768109873317,-1.2423795018716692,1.4852024260807153,1.9207047740798087,1.7488424374428282,2.6466068093523245,0.41369818995709984,-0.534934260798682,-0.26352071266957416,-0.5690443351216018,-0.12168881804454819,-0.1188951393905488
2.094382793823047,0.8893471873122684,0.6500836074779691,0.7320669288316444,-0.010684955964216718,0.4111287978171593,-0.6983308925851475,1.2661768109873317,-1.003117093095981,1.4529549298059403,1.9783942285283573,1.708185265579095,3.1741991686488915,0.41369818995709984,-0.5492883415758685,-0.21425880262955127,-0.6959716863811075,0.3520691600513847,0.35832555118657694
2.094382793823047,0.8893471873122684,0.7945466310609306,0.5625712285241693,-0.010684955964216718,0.1889241130148656,-0.6983308925851475,1.2358456319806488,-0.9433014909020588,1.4332711672482417,2.0532533903186843,1.7080412030558751,3.401631873776382,0.41369818995709984,-0.5741397759496987,-0.18593816860498744,-0.7376173803306408,0.0705767023777429,0.06379510757679184
2.094382793823047,0.8893471873122684,0.9390096546438922,0.4856349906367905,-0.010684955964216718,0.11984819335405894,-0.6983308925851475,1.1145214944730386,-1.062932695289903,1.3634796331391232,2.017302727613865,1.651249881032484,3.066306942031038,0.41369818995709984,-0.5557125202486829,-0.16829728415880266,-0.6429380713434133,-0.0326607921117834,-0.042475152639757825
2.094382793823047,0.8893471873122684,1.0834726782268538,0.7385846866108409,-0.010684955964216718,0.35282569007837494,-0.6983308925851475,0.9628661779587454,-0.7638546843202927,1.1788846576787353,1.7844269267658774,1.440747256497372,2.3473334352184922,0.41369818995709984,-0.4177496456248771,-0.07880011354512864,-0.4069260127352781,0.2670089198962418,0.26253752077436415
2.094382793823047,0.8893471873122684,1.2279357018098151,1.151819661741509,-0.010684955964216718,0.6922193533898584,-0.6983308925851475,0.9325349989520626,-0.6442234799324486,1.0956798561596064,1.5831232591772804,1.4594915808943032,1.7287527334199908,0.41369818995709984,-0.2922374629275964,-0.07273630826701348,-0.17972367016504878,0.6812781929257647,0.6717822629755256
2.094382793823047,0.8893471873122684,1.3723987253927767,0.4714438105477281,-0.010684955964216718,0.16456117048873042,0.8646625798406254,0.7960452719411109,-0.5245922755446044,1.0492351133503177,1.4077153044209967,1.4883023806563422,0.96302858361304,0.41369818995709984,-0.1852005549958955,-0.08315789541249188,0.1169996237649222,0.7257259621226996,0.7134025950517406
2.094382793823047,0.8893471873122684,1.5168617489757383,-0.7054689621240783,-0.010684955964216718,1.2353567062964814,-0.6983308925851475,0.6595555449301591,-0.5245922755446044,0.9944094196443595,1.2657257487250773,1.509069547465112,0.7965638954417368,0.41369818995709984,-0.10193284272159261,-0.10063957969172126,0.175367784950139,-0.30509243420078697,-0.28762417463076795
2.094382793823047,0.8893471873122684,1.6613247725587,1.558005917487995,-0.010684955964216718,0.43112217388199237,-0.6983308925851475,0.4472381596620609,-0.16569866238107206,0.8490829685225543,1.1380186399000705,1.5826079247025697,0.6441790694765107,0.41369818995709984,-0.027016586852131617,-0.14063388866133175,0.22518389890511184,0.6798175898135416,0.6663713329384213
2.094382793823047,0.999425039324432,-1.6613247698494156,-0.7054689621240783,-0.010684955964216718,0.7392196544004455,1.8216802001614614,0.40174139115203655,-0.10588306018714999,0.8314842425954663,1.0365742386384578,1.6177063290283347,0.5186744378063315,0.41369818995709984,0.033277501904812656,-0.16348664235705948,0.2675347688850335,0.6400630476737775,0.6303115116516521
2.094382793823047,0.999425039324432,-1.516861746266454,-0.7054689621240783,-0.010684955964216718,-0.6991224441542135,-0.6983308925851475,0.35624491190157287,-0.2853298667689162,0.744568249794134,0.9585017556738825,1.6018083050162029,0.6393678349994698,0.41369818995709984,0.06123545606355855,-0.19160569454860005,0.17705899384416182,-1.2740310493992413,-1.2860490588430924
2.094382793823047,0.999425039324432,-1.3723987226834924,0.45580901411991964,-0.010684955964216718,-0.6991224441542135,0.0795203511882699,0.26525166414108486,0.013748144200694123,0.5728427063954453,0.8914341743280325,1.4241451162474912,0.6108291147728114,0.41369818995709984,0.08554130699528098,-0.15685982783986013,0.1561865201604342,-0.04104728932590304,-0.09899321538635135
2.094382793823047,0.999425039324432,-1.2279356991005308,-0.7054689621240783,-0.010684955964216718,-0.6991224441542135,0.6800564986760259,0.20458959538727972,0.013748144200694123,0.512735856385775,0.8206768844166277,1.1563328855817827,0.6040893617706409,0.41369818995709984,0.10985632739661866,-0.08952052370668956,0.12481485522893374,-0.5426902491518697,-0.5333522585479664
2.094382793823047,0.999425039324432,-1.0834726755175694,1.13056953594237,-0.010684955964216718,-0.6991224441542135,0.31394456394287334,0.20458959538727972,0.013748144200694123,0.39574168838540397,0.7601587475023669,0.866769771232774,0.6779549752283691,0.41369818995709984,0.133140747673568,-0.002181160761343621,0.07069270325189092,0.5512998168085602,0.5329385399800383
2.094382793823047,0.999425039324432,-0.9390096519346078,-0.7054689621240783,-0.010684955964216718,1.33648564385632,0.7949282109601354,0.11359634762679172,0.3726417573642265,0.381052782587657,0.7010810649075967,0.5822386159048705,0.7466152656408778,0.41369818995709984,0.16869415959756118,0.1069651828911216,0.03983919317246744,0.6674811278358634,0.659103962331159
2.094382793823047,0.999425039324432,-0.7945466283516462,1.4825528556737426,-0.010684955964216718,0.5936445240808009,-0.6983308925851475,0.35624491190157287,0.013748144200694123,0.3996094079228407,0.7594868648408504,0.7617746174754403,0.844880830873073,0.41369818995709984,0.12769649574042607,0.03885698497862856,0.003804134572274307,0.7469209081718118,0.7358253645431754
2.094382793823047,0.999425039324432,-0.6500836047686848,-0.7054689621240783,-0.010684955964216718,1.069143733796046,1.3897275224840304,0.8112108614444523,-0.5245922755446044,0.5364411910394731,1.018894267468658,1.863554565769293,1.0826789038299778,0.41369818995709984,-0.016477005434891404,-0.3113048579166015,-0.03536737537635458,0.6308683044682994,0.6248516092860414
2.094382793823047,0.999425039324432,-0.5056205811857232,-0.7054689621240783,-0.010684955964216718,-0.6991224441542135,-0.6983308925851475,1.1145214944730386,-1.122748297483825,0.6774029119672668,1.2350866289935492,2.424436000476337,1.2889264137157608,0.41369818995709984,-0.13780332525280803,-0.4725899016530461,-0.0899025776035265,-1.2740310493992413,-1.2860490588430924
2.094382793823047,0.999425039324432,-0.3611575576027617,-0.7054689621240783,-0.010684955964216718,-0.6991224441542135,-0.6983308925851475,1.4178321275016248,-1.4816419106473573,0.8488020203721351,1.4326370696977506,2.8255844896892635,1.421888542673985,0.41369818995709984,-0.24723201694309868,-0.5788235276563095,-0.1204028495361974,-1.2740310493992413,-1.2860490588430924
2.094382793823047,0.999425039324432,-0.21669453401980013,-0.7054689621240783,-0.010684955964216718,-0.6991224441542135,-0.6983308925851475,1.569487444015918,-1.6610887172291235,1.0373811081751334,1.627377177672794,3.1142772618121923,1.4747475584751593,0.393355143783729,-0.3551388179790889,-0.6534387096900639,-0.1280416786373521,-1.2740310493992413,-1.2860490588430924
2.094382793823047,0.999425039324432,-0.0722315104368386,-0.7054689621240783,-0.010684955964216718,-0.6991224441542135,-0.6983308925851475,1.7818048292840163,-1.9601667281987338,1.2381667241896752,1.7972724481127906,3.0340565998438445,1.5787131536785857,0.41369818995709984,-0.4492988949489874,-0.6239871090740343,-0.15910366423651545,-1.2740310493992413,-1.2860490588430924
2.094382793823047,0.999425039324432,0.07223151314612293,-0.7054689621240783,-0.010684955964216718,-0.6991224441542135,-0.6983308925851475,1.8727980770445043,-1.6610887172291235,1.4017708592687481,1.9038173703773231,2.7468700909074806,1.5894449400277748,0.41369818995709984,-0.4820657533172708,-0.4981746592949451,-0.11647713847581503,-1.2740310493992413,-1.2860490588430924
2.094382793823047,0.999425039324432,0.21669453672908448,-0.7054689621240783,-0.010684955964216718,-0.6991224441542135,-0.6983308925851475,1.7211427605302112,-1.4218263084534353,1.4781151745243089,1.9691029100001383,2.419955570760103,1.7534671175626855,0.41369818995709984,-0.4765780670543724,-0.33346358493854794,-0.11059604839816357,-1.2740310493992413,-1.2860490588430924
2.094382793823047,0.999425039324432,0.361157560312046,-0.2222627740861839,-0.010684955964216718,-0.6991224441542135,-0.6983308925851475,1.6908115815235283,-1.6012731150352015,1.5546869239968757,2.0317926676596576,2.177691848280325,2.205028053249172,0.41369818995709984,-0.49071449357911257,-0.2243944748805922,-0.24692668580843105,-0.9388605948040226,-1.034410255638714
2.094382793823047,0.999425039324432,0.5056205838950075,0.07365875063725291,-0.010684955964216718,-0.6991224441542135,-0.6983308925851475,1.8727980770445043,-1.8405355238108898,1.5199162457616697,2.1088580323910566,2.004367584027525,2.8428025452906054,0.41369818995709984,-0.5207119308217568,-0.14908182400728454,-0.44894986654130437,-0.715685178025966,-0.7174759194235345
2.094382793823047,0.999425039324432,0.6500836074779691,-0.3279156115401277,-0.010684955964216718,-0.4056655182974112,-0.6983308925851475,1.569487444015918,-1.003117093095981,1.4470510051021326,2.138185145958972,1.757294389618715,3.329850737298424,0.41369818995709984,-0.500167492846945,0.00013606220930061002,-0.5521729877590356,-0.8532670067999607,-0.8634080796126097
2.094382793823047,0.999425039324432,0.7945466310609306,0.2679050301565649,-0.010684955964216718,0.08260969870306062,-0.6983308925851475,1.5088253752621128,-0.8236702865142147,1.387687998766905,2.197225423321536,1.6337739887926601,3.478251076293469,0.41369818995709984,-0.5028095066052984,0.09488253562528817,-0.5594763489760352,-0.14475902080078207,-0.14369870170589816
2.094382793823047,0.999425039324432,0.9390096546438922,0.44665914358291015,-0.010684955964216718,0.17240928774799832,-0.6983308925851475,1.2661768109873317,-0.22551426457499413,1.2428846463442138,2.117115413840366,1.4436140154653505,3.0420855878417243,0.41369818995709984,-0.41506033670745546,0.23741057266397406,-0.3675284737148315,0.013401398950072944,0.011505774660952988
2.094382793823047,0.999425039324432,1.0834726782268538,0.9329441733518952,-0.010684955964216718,0.572123812725662,-0.6983308925851475,1.1145214944730386,-0.7638546843202927,1.0645594971073462,1.8695146551668749,1.245859645573747,2.3537176700229865,0.41369818995709984,-0.28021242743268476,0.29386252159564125,-0.1500362793909478,0.5681035929883635,0.5726815311617955
2.094382793823047,0.999425039324432,1.2279357018098151,1.1825187332577594,-0.010684955964216718,0.717728480637638,-0.6983308925851475,0.9628661779587454,-0.5245922755446044,0.9940568966080002,1.6490453935067004,1.1952195375595538,1.7487145771277137,0.41369818995709984,-0.14044968244413714,0.31788561165385204,0.08355187205680221,0.7021820624118421,0.6927721308215833
2.094382793823047,0.999425039324432,1.3723987253927767,0.4960191966501652,-0.010684955964216718,0.18989160055870416,0.8249329221383456,0.9628661779587454,0.07356374639461619,0.9821553978169116,1.4741448795420453,1.351760091636758,1.0080041510780102,0.41369818995709984,-0.010048965932765344,0.28071882673058607,0.42760496015175065,0.7460437182573597,0.7339900292024573
2.094382793823047,0.999425039324432,1.5168617489757383,1.1719678560732303,-0.010684955964216718,0.6616091575276287,-0.6983308925851475,0.9628661779587454,0.07356374639461619,0.9690979980640986,1.3434213563311967,1.4016159539624171,0.8540480017579613,0.41369818995709984,0.08876220384855545,0.27597251040170734,0.5153629685678222,0.6770996151535147,0.6675323254627608
2.094382793823047,0.999425039324432,1.6613247725587,-0.7054689621240783,-0.010684955964216718,0.8865934243726997,1.6339709567702305,0.9325349989520626,-0.16569866238107206,0.9561262206047466,1.2385751962161078,1.4948039479024833,0.7841744216472514,0.41369818995709984,0.18056331410901344,0.2551484831578573,0.5677505695469461,0.6400113847340181,0.6312075618297206
2.094382793823047,1.1095028913365959,-1.6613247698494156,2.284706755869137,-0.010684955964216718,-0.6991224441542135,-0.6983308925851475,0.8112108614444523,-0.22551426457499413,0.8987385473366329,1.1500172503291057,1.5164934558362464,0.9011717711626629,0.41369818995709984,0.2474772773245082,0.24148437585514657,0.5077941369644595,0.7123144789734418,0.6978875876465277
2.094382793823047,1.1095028913365959,-1.516861746266454,-0.7054689621240783,-0.010684955964216718,-0.6991224441542135,-0.04690521132345977,0.6595555449301591,0.07356374639461619,0.9170289408530861,1.0715728323197624,1.3952720882949488,0.8773009042531337,0.41369818995709984,0.3095101870827033,0.2848066137202074,0.5109466248913368,-0.9292774344965727,-0.9671952737271453
2.094382793823047,1.1095028913365959,-1.3723987226834924,-0.2176513738924508,-0.010684955964216718,-0.6991224441542135,-0.6983308925851475,0.6595555449301591,0.013748144200694123,0.8099642831975283,0.9897478282298898,1.1521670065819283,0.8003362453741535,0.41369818995709984,0.37005571234857115,0.3739501018008075,0.5310350399155854,-0.9641016085852092,-0.9870456897017265
2.094382793823047,1.1095028913365959,-1.2279356991005308,0.5731528743909946,-0.010684955964216718,-0.6991224441542135,0.5033520151684093,0.6595555449301591,0.07356374639461619,0.6952966334522949,0.9148039753477752,0.8786775190840056,0.6218929417028489,0.41369818995709984,0.43860666719222097,0.4893766769043029,0.6095234725714144,0.2905900817274135,0.29455282195141314
2.094382793823047,1.1095028913365959,-1.0834726755175694,-0.7054689621240783,-0.010684955964216718,-0.6991224441542135,0.6341576186357303,0.6595555449301591,0.07356374639461619,0.6586683528034843,0.867077722088962,0.6418830578407874,0.6623373291200797,0.41369818995709984,0.48605384641452837,0.5966367137137073,0.5884401395522325,-0.5698280983680654,-0.5681377235415838
2.094382793823047,1.1095028913365959,-0.9390096519346078,0.9371174113629026,-0.010684955964216718,0.9227265193049881,-0.6983308925851475,0.7505487926906471,-0.16569866238107206,0.54154909598376,0.8149898776030775,0.3763817946333573,0.7051646946453185,0.41369818995709984,0.5280992428261224,0.7179007716958082,0.5627127001005918,0.7863751932261446,0.773089413338865
2.094382793823047,1.1095028913365959,-0.7945466283516462,-0.7054689621240783,-0.010684955964216718,1.1431142742729434,1.2595326366029895,0.7808796824377694,-0.10588306018714999,0.5372117916806227,0.8087693169112643,0.46142556758618997,0.720537502749548,0.41369818995709984,0.5433890921077289,0.6804579681046994,0.5589772608763129,0.6763189107293451,0.6651910793309036
2.094382793823047,1.1095028913365959,-0.6500836047686848,2.272903602285621,-0.010684955964216718,-0.6991224441542135,-0.6983308925851475,0.8112108614444523,-0.22551426457499413,0.5700666710996373,0.8620266042229185,0.6872908832069127,0.8455281423084643,0.41369818995709984,0.5125429963220095,0.5692583725692308,0.49606749733435135,0.7549302839267118,0.7402627902592177
2.094382793823047,1.1095028913365959,-0.5056205811857232,-0.7054689621240783,-0.010684955964216718,1.0843161753516368,1.044312593989192,0.689886723936842,0.31282615517030443,0.690386061137469,0.9587219525125308,0.9541176921161585,0.9945087138336788,0.41369818995709984,0.46722651227608913,0.4687258336258571,0.4486657552769065,0.6669981603537221,0.6587074708848835
2.094382793823047,1.1095028913365959,-0.3611575576027617,2.267365598290789,-0.010684955964216718,-0.6991224441542135,-0.6983308925851475,0.9628661779587454,-0.7638546843202927,0.968640453933416,1.1949134096040104,1.279902727983854,1.234002206120067,0.4002426243923461,0.2861531349543278,0.3002774277825013,0.31548608881988,0.7226679481135243,0.7093313348212251
2.094382793823047,1.1095028913365959,-0.21669453401980013,-0.7054689621240783,-0.010684955964216718,0.5176661631372739,0.5063323421434325,1.1145214944730386,-1.062932695289903,1.2896337496497896,1.4466181574337185,1.8955782155314245,1.548572086103439,0.046342881864436976,0.10354990401781072,0.028209935975083575,0.15775615445302868,0.06046813717334925,0.05138625719178045
2.094382793823047,1.1095028913365959,-0.0722315104368386,-0.6671101903004982,-0.010684955964216718,-0.6991224441542135,-0.6983308925851475,1.0235282467125506,-0.7040390821263706,1.4548854449538202,1.5441237171681006,2.0216295135849336,1.599579724120489,0.10059100499342581,0.04268199950441704,-0.01877670248964146,0.13776872653085784,-1.2635405664470813,-1.2808014233951248
2.094382793823047,1.1095028913365959,0.07223151314612293,0.47193691680598243,-0.010684955964216718,-0.6991224441542135,-0.6983308925851475,1.0690250152225749,-0.7638546843202927,1.6769675996943,1.6978274623764682,1.9837137918672063,1.627731902155806,0.3468099546325107,-0.054448985620824175,-0.010841219572996474,0.11957414473634602,-0.49448247100036996,-0.4947513061650807
2.094382793823047,1.1095028913365959,0.21669453672908448,-0.7054689621240783,-0.010684955964216718,-0.6991224441542135,-0.6983308925851475,1.099355904969697,-0.7638546843202927,1.742837231408401,1.797036018814883,1.8757112263825375,1.8240701807676836,0.41369818995709984,-0.11630429723068168,0.02548567690189929,0.036180252761565106,-1.2740310493992413,-1.2860490588430924
2.094382793823047,1.1095028913365959,0.361157560312046,0.5086295123424265,-0.010684955964216718,-0.6991224441542135,-0.6983308925851475,1.1448526734797215,-0.8236702865142147,1.7795417694123252,1.88522485269351,1.802442220490272,2.2309674658984817,0.41369818995709984,-0.1676431923991691,0.05420000863663666,-0.11863535853931755,-0.4680653377948428,-0.4800361459746152
2.094382793823047,1.1095028913365959,0.5056205838950075,0.1860708306888797,-0.010684955964216718,0.33985721542105274,-0.6983308925851475,1.1145214944730386,-0.5245922755446044,1.7027211801493873,1.9182621418408292,1.6740057926144603,2.6828881122142207,0.41369818995709984,-0.17356908278894392,0.12514885385248004,-0.26207280072541606,-0.07762231054242348,-0.08344501334842695
2.094382793823047,1.1095028913365959,0.6500836074779691,0.46547208474851964,-0.010684955964216718,0.3173577691114723,-0.6983308925851475,1.2661768109873317,-0.7638546843202927,1.6480413119119797,1.9634568372142855,1.692275307393442,3.0262725744219763,0.41369818995709984,-0.18690824806082082,0.13656673285359425,-0.3628509938623726,0.08016764812820533,0.07842656401748806
2.094382793823047,1.1095028913365959,0.7945466310609306,0.40005275302422943,-0.010684955964216718,0.16358001786658907,-0.6983308925851475,1.0841903154663557,-0.5844078777385264,1.5675235787743593,1.987410301008266,1.6745973866447241,3.049725036660184,0.41369818995709984,-0.20066776112400758,0.14344353465998577,-0.3708083874271631,-0.06888965363089132,-0.07791011570150531
2.094382793823047,1.1095028913365959,0.9390096546438922,0.37689676301499925,-0.010684955964216718,0.10770677128201725,-0.6983308925851475,1.1145214944730386,-0.5245922755446044,1.4232232573257517,1.8926197965247806,1.5865973484225042,2.554539334962633,0.41369818995709984,-0.12764620723925676,0.19649010596633243,-0.18467680579828638,-0.12166910692293265,-0.13247953056485343
2.094382793823047,1.1095028913365959,1.0834726782268538,0.6651729429724729,-0.010684955964216718,0.34803429316146395,-0.6983308925851475,0.8112108614444523,0.07356374639461619,1.197760359841895,1.6558178578133307,1.3591550170150553,1.9412285196556276,0.41369818995709984,0.03261947180900209,0.3041638480744601,0.05853936060892637,0.20750698407696663,0.20231016272740784
2.094382793823047,1.1095028913365959,1.2279357018098151,0.47237377827181803,-0.010684955964216718,0.2487790480689138,0.7795819795514689,0.8415420404511351,0.31282615517030443,1.085772420312326,1.455310992246637,1.3775950199871965,1.1104747251813034,0.41369818995709984,0.18683281830752838,0.3289952016830107,0.442648787703541,0.7413067487111243,0.7300490886411052
2.094382793823047,1.1095028913365959,1.3723987253927767,1.1432774502536927,-0.010684955964216718,0.6907693834659439,-0.6983308925851475,0.8112108614444523,0.07356374639461619,1.0174565329170755,1.3054183461687203,1.3701029163387983,0.9091952467135176,0.41369818995709984,0.2935625490071182,0.3328136392009723,0.5359264130507712,0.6757367576032753,0.6662528977673892
2.094382793823047,1.1095028913365959,1.5168617489757383,-0.7054689621240783,-0.010684955964216718,0.9133429202664262,1.630145875419814,0.8112108614444523,0.3726417573642265,0.9946462187997127,1.194864006467134,1.4580518081030704,0.8336467912210349,0.41369818995709984,0.3867639337985585,0.3142773613833437,0.5919007898378106,0.6374615396410133,0.6284030251758846
2.094382793823047,1.1095028913365959,1.6613247725587,2.2845126350863714,-0.010684955964216718,-0.6991224441542135,-0.6983308925851475,0.689886723936842,0.6717197683338367,0.904877264423291,1.1054055119707886,1.4795290582363498,0.9274759253591166,0.41369818995709984,0.47526186328103665,0.3346530465353896,0.5792758851044573,0.706976635235858,0.6926629163818598
2.094382793823047,1.2195807433487595,-1.6613247698494156,-0.7054689621240783,-0.010684955964216718,1.156247255449834,1.3841833764605116,0.6595555449301591,0.7315353705277589,0.933760072134713,1.0394191535634294,1.4152277313042787,0.9904479246088079,0.41369818995709984,0.5266311624803536,0.367942661987209,0.5556455533498257,0.6385493415398504,0.6305340386339028
2.094382793823047,1.2195807433487595,-1.516861746266454,-0.192351129663795,-0.010684955964216718,-0.6991224441542135,-0.6983308925851475,0.6595555449301591,0.7315353705277589,0.8891782831323705,0.9938369964450438,1.4147767900333716,1.0508172623358893,0.41369818995709984,0.5688879392967625,0.3778429761535888,0.5376195723394693,-1.0340921112319867,-1.0460006124412202
2.094382793823047,1.2195807433487595,-1.3723987226834924,0.2506630858803147,-0.010684955964216718,-0.6991224441542135,-0.08130982461782403,0.47756904940918316,0.9707977793034471,0.8073795602136724,0.9432418324519191,1.31454848615678,1.0262839912372939,0.41369818995709984,0.6102157040600468,0.42548878936365353,0.5531826382959341,-0.27447953224479704,-0.2860412824227689
2.094382793823047,1.2195807433487595,-1.2279356991005308,-0.7054689621240783,-0.010684955964216718,-0.6991224441542135,0.20506547212053403,0.6595555449301591,0.7315353705277589,0.7141623017529396,0.896445769684575,1.0853927484080772,0.9274599941191264,0.41369818995709984,0.6601492573590803,0.544309985324432,0.6165347080081547,-0.7978917608003724,-0.8015621246369755
2.094382793823047,1.2195807433487595,-1.0834726755175694,1.1715634676773397,-0.010684955964216718,-0.6991224441542135,-0.6983308925851475,0.6595555449301591,0.7315353705277589,0.5786737183649777,0.8586093186692811,0.8356846589739859,0.8771960934637244,0.41369818995709984,0.7036820382630016,0.6769719147190973,0.6568924913404177,-0.0012616054140889065,-0.027130216500905923
2.094382793823047,1.2195807433487595,-0.9390096519346078,-0.7054689621240783,-0.010684955964216718,1.1566408097049548,0.9316436363834499,0.4472381596620609,0.6119041661399147,0.5597498536617461,0.8056343349969195,0.5628131911762667,0.7478302323117094,0.41369818995709984,0.7480999142866269,0.8138696442315805,0.7240460969853585,0.7116376404595203,0.7040882220939398
2.094382793823047,1.2195807433487595,-0.7945466283516462,2.2996876056673883,-0.010684955964216718,-0.6991224441542135,-0.6983308925851475,0.9628661779587454,0.07356374639461619,0.5857736794805698,0.8831612661785618,0.730289710403693,0.8109858600644457,0.41369818995709984,0.7020691768180445,0.745854169659571,0.7072068227796754,0.7557595911165087,0.7446680458682495
2.094382793823047,1.2195807433487595,-0.6500836047686848,-0.7054689621240783,-0.010684955964216718,0.9639991553029481,0.8959567467360149,0.9628661779587454,0.07356374639461619,0.7382268486846736,1.136057335366085,1.7394255220936583,1.000034338651333,0.41369818995709984,0.5381195427009408,0.31315844237208007,0.6416087652435628,0.5584411831714046,0.560630445151563
2.094382793823047,1.2195807433487595,-0.5056205811857232,-0.7054689621240783,-0.010684955964216718,-0.6991224441542135,-0.6983308925851475,1.1448526734797215,-0.4049610711567603,0.8657505520082531,1.316053430019972,2.4861373824627244,1.1446271112887199,0.41369818995709984,0.4225480302739249,0.020755925995798334,0.5797582827208201,-1.2740310493992413,-1.2860490588430924
2.094382793823047,1.2195807433487595,-0.3611575576027617,-0.7054689621240783,-0.010684955964216718,-0.6991224441542135,-0.6983308925851475,0.9628661779587454,-0.22551426457499413,0.9563797428642915,1.414887228377226,2.990712534055916,1.1948205790936388,0.41369818995709984,0.3543966712640346,-0.17143030041741297,0.5460457107578953,-1.2740310493992413,-1.2860490588430924
2.094382793823047,1.2195807433487595,-0.21669453401980013,-0.7054689621240783,-0.010684955964216718,-0.6991224441542135,-0.6983308925851475,1.2661768109873317,-0.7638546843202927,1.0764355767800635,1.5391841092395777,3.163527891052135,1.1826558196316468,0.41369818995709984,0.2728067306274915,-0.2329990287691714,0.5494905411755513,-1.2740310493992413,-1.2860490588430924
2.094382793823047,1.2195807433487595,-0.0722315104368386,-0.7054689621240783,-0.010684955964216718,-0.6991224441542135,-0.6983308925851475,1.2661768109873317,-0.5245922755446044,1.184910326581058,1.6164089755271769,2.888342046032274,1.1959810441539775,0.41369818995709984,0.24447886076031966,-0.11599292984704539,0.569397136073956,-1.2740310493992413,-1.2860490588430924
2.094382793823047,1.2195807433487595,0.07223151314612293,-0.7054689621240783,-0.010684955964216718,-0.6991224441542135,-0.6983308925851475,1.2661768109873317,-0.7638546843202927,1.273019680097504,1.6817559161915383,2.4336150847960494,1.1815079318660369,0.41369818995709984,0.19535801203139613,0.03745752945694619,0.5585533751002099,-1.2740310493992413,-1.2860490588430924
2.094382793823047,1.2195807433487595,0.21669453672908448,-0.29401363681285847,-0.010684955964216718,-0.6991224441542135,-0.6983308925851475,1.2358456319806488,-0.5844078777385264,1.3918012134738749,1.7429374666581368,2.146729487520612,1.3298118449348255,0.41369818995709984,0.16760444052433765,0.15944831468766257,0.5013173096687572,-0.9973656563984884,-1.0683235419030954
2.094382793823047,1.2195807433487595,0.361157560312046,0.05365211018501611,-0.010684955964216718,-0.6991224441542135,-0.6983308925851475,1.2055147422335266,-0.5844078777385264,1.3906152109246055,1.8067366776200764,1.8282311170285572,1.7977718959754367,0.41369818995709984,0.1330833178375567,0.28929347680402095,0.29348823740849206,-0.7577677026341583,-0.7606733039112531
2.094382793823047,1.2195807433487595,0.5056205838950075,0.2502682958780267,-0.010684955964216718,0.11567813703597776,-0.6983308925851475,1.2661768109873317,-0.5245922755446044,1.3917757943555036,1.8755517184931478,1.621341137306497,2.458387593731243,0.41369818995709984,0.10317974700755278,0.39554495904222675,0.04092122879623167,-0.136922004853616,-0.133689188059989
2.094382793823047,1.2195807433487595,0.6500836074779691,0.4416662745219355,-0.010684955964216718,0.16587338591175393,-0.6983308925851475,1.1145214944730386,-0.22551426457499413,1.3717281370505954,1.924100181101401,1.571493799390496,2.9931976432296867,0.41369818995709984,0.09635790291563469,0.44110632574197933,-0.13942981643603236,0.005182761287610703,0.0038871966433980717
2.094382793823047,1.2195807433487595,0.7945466310609306,0.6278636282209118,-0.010684955964216718,0.29473144780564964,-0.6983308925851475,1.1145214944730386,-0.4049610711567603,1.3459939553963707,1.993615334999918,1.5602944299818424,3.276076094440971,0.41369818995709984,0.04952531945938138,0.43663947024671557,-0.247455676186482,0.19097871357417318,0.18894829853535394
2.094382793823047,1.2195807433487595,0.9390096546438922,0.5200404773574345,-0.010684955964216718,0.15819051098396303,-0.6983308925851475,0.9628661779587454,-0.22551426457499413,1.2679686337074685,1.9498519190776753,1.4807233280294327,2.9148519973894507,0.41369818995709984,0.07982824482131286,0.46157344342234413,-0.12741798576228833,0.01810920683693188,0.009440433300367077
2.094382793823047,1.2195807433487595,1.0834726782268538,0.76330126777431,-0.010684955964216718,0.37784592287087504,-0.6983308925851475,0.8112108614444523,0.07356374639461619,1.0844593221712002,1.7109291742760393,1.2783223024332644,2.1855357618780027,0.41369818995709984,0.24132697623099159,0.5425482418552456,0.14441328776863777,0.30264320758250857,0.2985001145721113
2.094382793823047,1.2195807433487595,1.2279357018098151,0.48901084434188147,-0.010684955964216718,0.2312693525436089,0.7535525399246603,0.8112108614444523,0.07356374639461619,0.9998029552082391,1.5002734928767754,1.3213424406541896,1.171861146808812,0.41369818995709984,0.3883907907497704,0.5191927168214439,0.5845694729637981,0.7492637414852927,0.7379973590292324
2.094382793823047,1.2195807433487595,1.3723987253927767,0.9829675920330834,-0.010684955964216718,0.5166466431798977,-0.6983308925851475,0.8112108614444523,0.07356374639461619,0.9417015398532272,1.3447940577772572,1.310616175981554,0.9578400302941259,0.41369818995709984,0.5017283308163116,0.5182441850158946,0.6811870408372559,0.5130202786004646,0.5106268290745887
2.094382793823047,1.2195807433487595,1.5168617489757383,0.5419020297995173,-0.010684955964216718,0.2433799756314758,0.7409564766066046,0.6595555449301591,0.3726417573642265,0.9122889442010147,1.2094372260865183,1.3363888761414893,0.7706370600871563,0.41369818995709984,0.6015857853410995,0.5025608172171792,0.7693017547683917,0.7259623155718429,0.7144744538400958
2.094382793823047,1.2195807433487595,1.6613247725587,0.6166408634842041,-0.010684955964216718,0.3117077848131974,0.5190515551378019,0.6595555449301591,0.4922729617520706,0.9086279222313863,1.1114192852468199,1.3333516289803513,0.8307808449954291,0.41369818995709984,0.679894503666373,0.5065974019909418,0.7421912687814288,0.6992698566995489,0.6886445216775143
2.094382793823047,1.3296585953609235,-1.6613247698494156,0.6783323406015678,-0.010684955964216718,0.3585462072038897,0.48563711764511613,0.6595555449301591,0.3726417573642265,0.8850142301886583,1.0391855473019147,1.322906669826429,0.9487759932260164,0.41369818995709984,0.7377471004873396,0.5074844050833164,0.680124075739206,0.6942374903444452,0.6834499714684551
2.094382793823047,1.3296585953609235,-1.516861746266454,-0.7054689621240783,-0.010684955964216718,-0.6991224441542135,-0.6983308925851475,0.6595555449301591,-0.22551426457499413,0.8637230428560617,0.984448988920367,1.3031394162705403,0.983232749865877,0.41369818995709984,0.7669011878272123,0.49426498257127705,0.6402205176557731,-1.2740310493992413,-1.2860490588430924
2.094382793823047,1.3296585953609235,-1.3723987226834924,0.022802110657211636,-0.010684955964216718,-0.6991224441542135,-0.20831350935469886,0.5685622971696711,0.6717197683338367,0.7909835599400453,0.944268711939846,1.181051968707992,0.9186885887750473,0.41369818995709984,0.7982805606616084,0.5469690583833088,0.6686906454419543,-0.5791045212213338,-0.5908053546755504
2.094382793823047,1.3296585953609235,-1.2279356991005308,-0.7054689621240783,-0.010684955964216718,-0.6991224441542135,0.38124654330175917,0.507900228415866,0.7315353705277589,0.6899686524568464,0.8884833955383262,0.9606184069213337,0.808355528493432,0.41369818995709984,0.8413722418166695,0.6470627211907515,0.7203061068401706,-0.695983146927707,-0.6925135043982497
2.094382793823047,1.3296585953609235,-1.0834726755175694,0.49744424413399785,-0.010684955964216718,-0.6991224441542135,-0.09739322474849177,0.35624491190157287,1.0904289836912913,0.5153781068480502,0.8278135204179455,0.7069243035311711,0.7614254494275585,0.41369818995709984,0.8896258517614554,0.7693757791918722,0.7437390153115558,-0.12421283166767336,-0.14589139161111467
2.094382793823047,1.3296585953609235,-0.9390096519346078,-0.7054689621240783,-0.010684955964216718,1.355660691962789,0.8987442265583427,-0.068390003264404,0.9707977793034471,0.44876663823200924,0.7439361688704155,0.41740466367141793,0.7256086679843238,0.41369818995709984,0.9571908473196333,0.9147005759203153,0.7616835131665877,0.6982250772488041,0.690970399923857
2.094382793823047,1.3296585953609235,-0.7945466283516462,1.4155621682416408,-0.010684955964216718,0.5940461722669165,-0.6983308925851475,0.35624491190157287,1.0904289836912913,0.4333686728165378,0.8325082299393821,0.8237053060816273,0.8303473475704326,0.41369818995709984,0.8906837189928575,0.7162315364317448,0.7133265111392745,0.7573078592171042,0.7448231590593765
2.094382793823047,1.3296585953609235,-0.6500836047686848,-0.7054689621240783,-0.010684955964216718,1.0282678055328152,1.3565328678604762,0.9628661779587454,-0.22551426457499413,0.5770335163058641,1.1003861532641654,2.0145960231761344,1.0547036464071833,0.41369818995709984,0.6834339189378617,0.18827236545638273,0.6028251671248034,0.6354612658200834,0.6288849620656211
2.094382793823047,1.3296585953609235,-0.5056205811857232,-0.7054689621240783,-0.010684955964216718,-0.6991224441542135,-0.6983308925851475,1.0841903154663557,-0.4049610711567603,0.7711546408379636,1.308233619211566,2.728220387457753,1.2496709998935882,0.41369818995709984,0.5304586921392268,-0.08372111978693685,0.5131429860062678,-1.2740310493992413,-1.2860490588430924
2.094382793823047,1.3296585953609235,-0.3611575576027617,-0.7054689621240783,-0.010684955964216718,-0.6991224441542135,-0.6983308925851475,1.1145214944730386,-0.5245922755446044,0.8504749997154643,1.4338333313692533,3.2564703819940513,1.3350624462410698,0.41369818995709984,0.439283277529094,-0.27221046016101064,0.46924501962777754,-1.2740310493992413,-1.2860490588430924
2.094382793823047,1.3296585953609235,-0.21669453401980013,-0.7054689621240783,-0.010684955964216718,-0.6991224441542135,-0.6983308925851475,1.2661768109873317,-0.7638546843202927,0.9885302451347553,1.5749851510155717,3.404596491297864,1.3496890015247056,0.41369818995709984,0.33691290572606225,-0.32436594080312847,0.45877443416857616,-1.2740310493992413,-1.2860490588430924
2.094382793823047,1.3296585953609235,-0.0722315104368386,-0.7054689621240783,-0.010684955964216718,-0.6991224441542135,-0.6983308925851475,1.3268388797411368,-0.7638546843202927,1.1289347522308844,1.6761218413103556,3.177703984313355,1.3585828258708146,0.41369818995709984,0.2763287721670775,-0.24037128731137142,0.4650592559440191,-1.2740310493992413,-1.2860490588430924
2.094382793823047,1.3296585953609235,0.07223151314612293,-0.7054689621240783,-0.010684955964216718,-0.6991224441542135,-0.6983308925851475,1.2661768109873317,-0.7638546843202927,1.2504441583629913,1.7535076206723514,2.777003879048438,1.3463233174551967,0.41369818995709984,0.2269666216061736,-0.10028847878297635,0.47008867368011364,-1.2740310493992413,-1.2860490588430924
2.094382793823047,1.3296585953609235,0.21669453672908448,-0.6660490576124295,-0.010684955964216718,-0.6991224441542135,-0.6983308925851475,1.2661768109873317,-0.7638546843202927,1.4262855921653204,1.8266821354951994,2.3688440628918235,1.484541078637557,0.41369818995709984,0.175162013901964,0.045789506843454446,0.40132642584907197,-1.257411557299445,-1.280506699367384
2.094382793823047,1.3296585953609235,0.361157560312046,-0.7054689621240783,-0.010684955964216718,-0.6991224441542135,-0.6983308925851475,1.2661768109873317,-0.7638546843202927,1.4265183777756676,1.9037524405402857,2.063399973349999,1.957333326313091,0.41369818995709984,0.1219916378287453,0.160197416013796,0.19313479688971652,-1.2740310493992413,-1.2860490588430924
2.094382793823047,1.3296585953609235,0.5056205838950075,0.7102329157057858,-0.010684955964216718,-0.6991224441542135,-0.6983308925851475,1.2661768109873317,-0.7638546843202927,1.3961023958719583,1.9757229303415507,1.9022349270333407,2.446255535235547,0.41369818995709984,0.07645291479557093,0.2238835065860614,-0.003163108629011515,-0.28478664874729054,-0.27273156658889436
2.094382793823047,1.3296585953609235,0.6500836074779691,-0.09345233193997395,-0.010684955964216718,-0.15682601914314767,-0.6983308925851475,1.2661768109873317,-0.7638546843202927,1.3934728549688686,2.0478395122761497,1.7191442466353934,2.7228688166991053,0.41369818995709984,0.030853866304401453,0.2989620901868724,-0.1079708171651814,-0.545182310956851,-0.5526674366832182
2.094382793823047,1.3296585953609235,0.7945466310609306,0.19624656318139155,-0.010684955964216718,-0.015963238518231813,-0.6983308925851475,1.1448526734797215,-0.6442234799324486,1.3081656247907698,2.026576402164628,1.5657202167291464,2.4658006512445785,0.41369818995709984,0.038207298332172374,0.3547038772927021,-0.019901395732616938,-0.2651568917616219,-0.26941507444228363
2.094382793823047,1.3296585953609235,0.9390096546438922,0.7102816253107035,-0.010684955964216718,0.40929483919293597,-0.6983308925851475,0.9628661779587454,-0.5245922755446044,1.1669570708451078,1.949985307547241,1.3731913099578843,2.263608899665775,0.41369818995709984,0.07849577610511706,0.4183622154034306,0.04044424894285593,0.3338172014661297,0.33734357218841665
2.094382793823047,1.3296585953609235,1.0834726782268538,1.1084535812175131,-0.010684955964216718,0.6913810533939748,-0.6983308925851475,0.8112108614444523,-0.22551426457499413,0.998941380880287,1.70643913489309,1.190636814927424,1.5982851012497061,0.41369818995709984,0.2335454747532874,0.4862789428448557,0.30145733334133445,0.7198993905751964,0.7109306194404397
2.094382793823047,1.3296585953609235,1.2279357018098151,0.4851046569640964,-0.010684955964216718,0.19812228745245714,0.8147272202395947,0.7202176136839643,-0.10588306018714999,0.9338584039873598,1.484666336178482,1.2574255645976935,0.9443412391045334,0.41369818995709984,0.3847756067030399,0.45250419715454376,0.5934270820265091,0.7558621969550553,0.7440443146214989
2.094382793823047,1.3296585953609235,1.3723987253927767,1.1821572236669344,-0.010684955964216718,0.6852585727343837,-0.6983308925851475,0.6595555449301591,0.07356374639461619,0.894705603529783,1.3188701145810144,1.2848860978699086,0.7674734512196283,0.41369818995709984,0.501059442138062,0.4358985440642906,0.6738633088314253,0.6880319972352918,0.6786287584248293
2.094382793823047,1.3296585953609235,1.5168617489757383,-0.7054689621240783,-0.010684955964216718,0.8860865550836525,1.634574232971814,0.6595555449301591,0.07356374639461619,0.8742305036817373,1.1925554684568185,1.377364860926431,0.6110521521326743,0.41369818995709984,0.5879145887484175,0.3852173860493963,0.7398425601713033,0.6491951473146692,0.6404680447356504
2.094382793823047,1.3296585953609235,1.6613247725587,2.2845784782723926,-0.010684955964216718,-0.6991224441542135,-0.6983308925851475,0.2955828431477677,0.4922729617520706,0.8132935187799951,1.0789141384595675,1.4096757832940365,0.7812162419269655,0.41369818995709984,0.6783260417585004,0.3751830425532689,0.6605325779361253,0.7198110055458519,0.7054465382682862
2.094382793823047,1.4397364473730871,-1.6613247698494156,-0.7054689621240783,-0.010684955964216718,1.155814387815596,1.3994878941915845,0.35624491190157287,0.7315353705277589,0.8354342398055258,0.9964553626994829,1.3172848216569915,0.8545032998271549,0.41369818995709984,0.7369483914234845,0.41235068801797786,0.621850617051002,0.6532457378041007,0.6454212166895612
2.094382793823047,1.4397364473730871,-1.516861746266454,0.3022867451547354,-0.010684955964216718,-0.6991224441542135,-0.6983308925851475,0.20458959538727972,0.7315353705277589,0.757101212999498,0.9215030407081896,1.317526914891278,0.9280678966976998,0.41369818995709984,0.7951928624195871,0.4123435885510731,0.5868588028915861,-0.6187929095967717,-0.675478203305367
2.094382793823047,1.4397364473730871,-1.3723987226834924,-0.7054689621240783,-0.010684955964216718,-0.6991224441542135,0.6127868002535695,0.17425856101037715,0.851166574915603,0.7008513797405816,0.8562231471581602,1.1885798748769536,0.8964536086666173,0.41369818995709984,0.8417776288943966,0.4660521313624492,0.5983995048959804,-0.5815802470967569,-0.5676953333439049
2.094382793823047,1.4397364473730871,-1.2279356991005308,1.1091513036982668,-0.010684955964216718,-0.6991224441542135,-0.6983308925851475,0.05293427887298657,0.7315353705277589,0.561636888738728,0.7929744282928413,0.958330455369132,0.8786114583639065,0.41369818995709984,0.8968755240014747,0.5740548154371645,0.610403967412062,-0.049850960278324044,-0.08367573653628545
2.094382793823047,1.4397364473730871,-1.0834726755175694,-0.7054689621240783,-0.010684955964216718,1.206624092193057,1.0152378462815608,-0.09872103764130656,1.0904289836912913,0.530306487497821,0.7221938483311948,0.6545554452383398,0.7568892384619273,0.41369818995709984,0.9539245857219465,0.7178207413416091,0.6691357688489665,0.6903679901595364,0.6834907475913536
2.094382793823047,1.4397364473730871,-0.9390096519346078,1.396306175991891,-0.010684955964216718,0.6011388734860066,-0.6983308925851475,-0.09872103764130656,0.9707977793034471,0.4285484052643467,0.6546280010619933,0.6830303832598544,0.7422475904246166,0.41369818995709984,0.9913196132276141,0.6700479982687015,0.6423399465362888,0.7277528774596028,0.7156956884756522
2.094382793823047,1.4397364473730871,-0.7945466283516462,-0.7054689621240783,-0.010684955964216718,1.0812579308274692,1.4714188340645675,0.35624491190157287,0.1931949507824603,0.49186140880963347,0.7562650745574232,1.1065852832587801,0.7921090176486871,0.41369818995709984,0.8833471780933252,0.4351225508180634,0.5775057935813437,0.636715397183512,0.6294609504147066
2.094382793823047,1.4397364473730871,-0.6500836047686848,2.095577676004567,-0.010684955964216718,-0.6991224441542135,-0.6983308925851475,0.8112108614444523,0.3726417573642265,0.676596858345231,1.0092747709597616,1.7913570781710353,1.0002900769774916,0.41369818995709984,0.7083512287118224,0.18016111695000453,0.5172466164031434,0.6311667614513,0.5822799026439054
2.094382793823047,1.4397364473730871,-0.5056205811857232,-0.7054689621240783,-0.010684955964216718,-0.6991224441542135,0.1897340186730251,1.2661768109873317,-1.062932695289903,0.8566297709821463,1.2626387584294123,2.563000279466794,1.3173385225088128,0.41369818995709984,0.5139106951056744,-0.12299515556875447,0.36360254217057025,-0.8066103319103848,-0.8222474522184199
2.094382793823047,1.4397364473730871,-0.3611575576027617,-0.7054689621240783,-0.010684955964216718,-0.6991224441542135,-0.6983308925851475,1.4178321275016248,-1.062932695289903,1.0765071516660036,1.4385605058092084,3.269229718370115,1.4006379454996862,0.41369818995709984,0.3873633275491978,-0.3619330926327512,0.3298730667871261,-1.2740310493992413,-1.2860490588430924
2.094382793823047,1.4397364473730871,-0.21669453401980013,-0.7054689621240783,-0.010684955964216718,-0.6991224441542135,-0.6983308925851475,1.569487444015918,-1.4816419106473573,1.205008153198541,1.595449341827895,3.412485832436324,1.4341212195275141,0.41369818995709984,0.2699695036870659,-0.41793261190076,0.3024966769927611,-1.2740310493992413,-1.2860490588430924
2.094382793823047,1.4397364473730871,-0.0722315104368386,-0.7054689621240783,-0.010684955964216718,-0.6991224441542135,-0.6983308925851475,1.6301495127697232,-1.062932695289903,1.3158221308138587,1.689011119721359,3.186799529418419,1.4543195163761442,0.41369818995709984,0.22254935026994027,-0.31902090276528094,0.32648371426245704,-1.2740310493992413,-1.2860490588430924
2.094382793823047,1.4397364473730871,0.07223151314612293,-0.7054689621240783,-0.010684955964216718,-0.6991224441542135,-0.6983308925851475,1.8727980770445043,-1.4218263084534353,1.439233957278804,1.7929786097591496,2.8088936955789396,1.4719252135379477,0.41369818995709984,0.17236822129129487,-0.15978459306926393,0.35547524755850735,-1.2740310493992413,-1.2860490588430924
2.094382793823047,1.4397364473730871,0.21669453672908448,-0.7054689621240783,-0.010684955964216718,-0.6991224441542135,-0.6983308925851475,1.7211427605302112,-1.003117093095981,1.4989581826645701,1.8674834804821643,2.4102905950898856,1.582211318585908,0.41369818995709984,0.15440812593699316,0.034401316522123804,0.362313331290183,-1.2740310493992413,-1.2860490588430924
2.094382793823047,1.4397364473730871,0.361157560312046,-0.6885233766601142,-0.010684955964216718,-0.6991224441542135,-0.6983308925851475,1.6908115815235283,-0.8834858887081368,1.5403933523822186,1.935436789496295,2.125328957074254,2.0238034904701045,0.41369818995709984,0.16266740504201854,0.2255286466897209,0.2563798116053139,-1.2740310493992413,-1.2860490588430924
2.094382793823047,1.4397364473730871,0.5056205838950075,-0.36149337136947157,-0.010684955964216718,-0.6991224441542135,-0.6983308925851475,1.2661768109873317,0.07356374639461619,1.4071202458375618,1.9691205539775942,1.8518607806004765,2.565365870265448,0.41369818995709984,0.20234659568921268,0.4299528480992275,0.12034216681738356,-1.0457399440248225,-1.0528107372281394
2.094382793823047,1.4397364473730871,0.6500836074779691,0.3490018577045029,-0.010684955964216718,0.1344783940909956,-0.6983308925851475,1.1145214944730386,0.07356374639461619,1.3473124049308376,2.0166978920666807,1.62576701080092,2.9098923508346064,0.41369818995709984,0.18726619639776518,0.5451518099910488,-0.0011017581677166242,-0.04662778687113739,-0.03693318576549949
2.094382793823047,1.4397364473730871,0.7945466310609306,0.7805536177856807,-0.010684955964216718,0.44148387717907417,-0.6983308925851475,1.0235282467125506,0.1931949507824603,1.1407218649893023,1.8701089043275858,1.3568628032580246,2.1935022203594188,0.41369818995709984,0.30422760737698823,0.6870445523094384,0.3028839386910721,0.4119547877037513,0.4182298762800173
2.094382793823047,1.4397364473730871,0.9390096546438922,1.1270403770534776,-0.010684955964216718,0.6860968727302673,-0.6983308925851475,0.9628661779587454,0.07356374639461619,1.0170558473406446,1.6857392205419575,1.2185977310465625,1.7043502661865781,0.41369818995709984,0.43806035984461733,0.7426473619722231,0.5092168415248465,0.7257119213237405,0.7167638589714839
2.094382793823047,1.4397364473730871,1.0834726782268538,0.48179814492493783,-0.010684955964216718,0.18504901215615113,0.7635198030884212,0.9628661779587454,0.07356374639461619,0.9494724319089869,1.4972161444632361,1.261515576351592,0.9969336162574506,0.41369818995709984,0.5813058141741382,0.7206095410230186,0.8495943024988927,0.7511281075727091,0.7394614062559188
2.094382793823047,1.4397364473730871,1.2279357018098151,-0.7054689621240783,-0.010684955964216718,0.6873418664796397,-0.6983308925851475,0.9022041092049403,-0.04606745799322794,0.8987713246208484,1.346749716238457,1.2776565460389762,0.815862496474078,0.41369818995709984,0.6870780592044298,0.6828304808630565,0.9111288210842334,-0.5637190457466337,-0.5610638858392347
2.094382793823047,1.4397364473730871,1.3723987253927767,0.704363901688586,-0.010684955964216718,0.10396595609662455,0.6681864420029267,0.9628661779587454,0.07356374639461619,0.7834166897554233,1.2404242850534746,1.3405658368738993,0.6797971296630256,0.41369818995709984,0.7792534286062893,0.6499567220635679,0.9790632347308611,0.7505518947846604,0.737063606305368
2.094382793823047,1.4397364473730871,1.5168617489757383,-0.7054689621240783,-0.010684955964216718,0.44910247368084844,0.7546318551303429,0.9628661779587454,-0.22551426457499413,0.7446853115234753,1.1567819512856556,1.3358023967570203,0.7615537378337954,0.41369818995709984,0.8294582051644689,0.6096252959836613,0.8899778743829738,0.13166857866888293,0.13551959058746607
2.094382793823047,1.4397364473730871,1.6613247725587,2.2715876356113274,-0.010684955964216718,-0.6991224441542135,-0.6983308925851475,0.947700588455404,-0.22551426457499413,0.6753232267299976,1.0953315066026308,1.318008544036954,0.854304578570435,0.41369818995709984,0.8588830331598236,0.576935047646893,0.7986569283161297,0.7512166726122966,0.7371049971436873
2.094382793823047,1.5498142993852508,-1.6613247698494156,-0.7054689621240783,-0.010684955964216718,1.0644677542328003,1.2232671006892335,0.9628661779587454,-0.22551426457499413,0.6927935192168939,1.0535392758417488,1.2529664459056045,0.8758914087571584,0.41369818995709984,0.8804684472377989,0.5840112799327002,0.7635285865294413,0.6619738944595562,0.6508397282168527
2.094382793823047,1.5498142993852508,-1.516861746266454,-0.7054689621240783,-0.010684955964216718,-0.6991224441542135,-0.6983308925851475,0.8112108614444523,-0.22551426457499413,0.672049511853447,1.0030506814724571,1.2211473819752643,0.9200662217910421,0.41369818995709984,0.8923327757126116,0.5527979358474844,0.6935512428156746,-1.2740310493992413,-1.2860490588430924
2.094382793823047,1.5498142993852508,-1.3723987226834924,0.22842280056169031,-0.010684955964216718,-0.6991224441542135,-0.23496991184423738,0.8112108614444523,-0.3451454689628382,0.6160458426882313,0.96449717921336,1.1207230166765392,0.885301740673476,0.41369818995709984,0.8774840261798653,0.5356471297530894,0.6448180313265439,-0.4565781641439417,-0.468223006058433
2.094382793823047,1.5498142993852508,-1.2279356991005308,-0.7054689621240783,-0.010684955964216718,-0.6991224441542135,-0.003235445232674668,0.8112108614444523,-0.22551426457499413,0.5486263136776515,0.9197901633767814,0.9201087073446834,0.7819658486928203,0.41369818995709984,0.8852529799623065,0.5889279834672934,0.6545017408895131,-0.9029726951865588,-0.9073914546049701
2.094382793823047,1.5498142993852508,-1.0834726755175694,0.6011432254098377,-0.010684955964216718,-0.6991224441542135,0.02835758234527479,0.8112108614444523,-0.22551426457499413,0.43928062461035755,0.8799126570494018,0.697284048648962,0.7155158082073733,0.41369818995709984,0.8944861532612047,0.6685536680529282,0.6610539834459944,0.03916977523959664,0.023178400877247155
2.094382793823047,1.5498142993852508,-0.9390096519346078,-0.7054689621240783,-0.010684955964216718,0.6992555022079723,0.2772898750519665,0.8415420404511351,-0.2853298667689162,0.411818611831055,0.8437382687104432,0.4399721857999529,0.6916860271272925,0.41369818995709984,0.9008729301500622,0.7701287529544991,0.6495925974917299,0.07275410627784788,0.07356805823834697
2.094382793823047,1.5498142993852508,-0.7945466283516462,1.2831832765859972,-0.010684955964216718,0.6449807544368678,-0.6983308925851475,0.8112108614444523,-0.22551426457499413,0.4148722506564439,0.8569987764071166,0.5132079464945524,0.7189007774621335,0.41369818995709984,0.8815055625116507,0.7250488591921063,0.627408375033589,0.7689919640739176,0.7579063522607664
2.094382793823047,1.5498142993852508,-0.6500836047686848,-0.7054689621240783,-0.010684955964216718,0.984881812617333,1.3282398847789068,0.9628661779587454,-0.5245922755446044,0.5300262082715697,1.0305025931163714,1.194733646209049,0.8588122810013468,0.41369818995709984,0.7247930529393034,0.39169382094943106,0.5413886016942676,0.66236829690211,0.6553074798936437
2.094382793823047,1.5498142993852508,-0.5056205811857232,0.8600580987463396,-0.010684955964216718,-0.6991224441542135,-0.6983308925851475,1.0235282467125506,-0.5844078777385264,0.8203787635638986,1.2282612327545512,1.6705551115849102,1.0669723781722693,0.2558488806799437,0.5718598126594332,0.19009649818018667,0.44405458884340854,-0.2033217531768696,-0.2637117447701225
2.094382793823047,1.5498142993852508,-0.3611575576027617,-0.7054689621240783,-0.010684955964216718,-0.6991224441542135,-0.04640092649998516,1.1145214944730386,-0.7638546843202927,0.9425042488544247,1.4222327690716206,2.3468425615645785,1.341362832414037,0.41369818995709984,0.4097614461972831,-0.08489554372127413,0.30652294173418226,-0.9276384187321924,-0.9279375235305101
2.094382793823047,1.5498142993852508,-0.21669453401980013,-0.7054689621240783,-0.010684955964216718,-0.6991224441542135,-0.6983308925851475,1.2055147422335266,-0.6442234799324486,1.1133287513992691,1.551911063057988,2.831961600554398,1.366893063741493,0.41369818995709984,0.33035818276214646,-0.22990495201085692,0.32704932871830017,-1.2740310493992413,-1.2860490588430924
2.094382793823047,1.5498142993852508,-0.0722315104368386,-0.7054689621240783,-0.010684955964216718,-0.6991224441542135,-0.6983308925851475,1.2965079899940146,-0.7040390821263706,1.1905573844044826,1.6217769792283263,2.642115325502502,1.3622059252391125,0.41369818995709984,0.29521208833053625,-0.13660418821911308,0.3610067835682374,-1.2740310493992413,-1.2860490588430924
2.094382793823047,1.5498142993852508,0.07223151314612293,-0.6890680504561943,-0.010684955964216718,-0.6991224441542135,-0.6983308925851475,1.4178321275016248,-1.003117093095981,1.3687541002011587,1.6951349914167146,2.3077001772970682,1.3482778290561,0.27978717535174846,0.24916783795936293,0.004702740511952647,0.38858276375104356,-1.2740310493992413,-1.2860490588430924
2.094382793823047,1.5498142993852508,0.21669453672908448,-0.3648019466147316,-0.010684955964216718,-0.6991224441542135,-0.6983308925851475,1.372335648251161,-1.062932695289903,1.4641112470742506,1.7876148406125896,2.045713528191623,1.4943312448546937,0.41369818995709984,0.17888337075476585,0.0979155139411495,0.3162835835315668,-1.0480843974304912,-1.055507416938806
2.094382793823047,1.5498142993852508,0.361157560312046,0.038691937300085924,-0.010684955964216718,-0.6991224441542135,-0.6983308925851475,1.3268388797411368,-1.122748297483825,1.4692847065869685,1.8651954094856975,1.7792353676373884,1.951860526133299,0.41369818995709984,0.10396204754683326,0.1737356691304677,0.09478657880769054,-0.768760928178091,-0.7724893124993981
2.094382793823047,1.5498142993852508,0.5056205838950075,0.2376187792698373,-0.010684955964216718,0.13739399622087933,-0.6983308925851475,1.2661768109873317,-1.003117093095981,1.4229362888578236,1.911935011525183,1.574650388286846,2.517719723886331,0.41369818995709984,0.061776696072690596,0.24315468679601387,-0.13517643907019605,-0.1323289534967105,-0.12943617697012133
2.094382793823047,1.5498142993852508,0.6500836074779691,0.4305028045344922,-0.010684955964216718,0.17639644224879583,-0.6983308925851475,1.1145214944730386,-0.7638546843202927,1.3685206456666437,1.9328777070061072,1.5194676223659154,2.9951160999190334,0.41369818995709984,0.03628508793861645,0.2535427128252152,-0.3142835659206442,0.0034818445008967477,0.0022052328001152246
2.094382793823047,1.5498142993852508,0.7945466310609306,0.6198293242525126,-0.010684955964216718,0.301916861325225,-0.6983308925851475,1.0841903154663557,-0.7040390821263706,1.3343493234856652,1.977871966795666,1.4989911379264829,3.1529837878998346,0.41369818995709984,-0.00043960307780959904,0.2537924849790466,-0.3739766952219624,0.1897050510993722,0.18742298467174945
2.094382793823047,1.5498142993852508,0.9390096546438922,0.8068977097447669,-0.010684955964216718,0.42816305373351354,-0.6983308925851475,1.1145214944730386,-0.7638546843202927,1.2555159414022243,1.933145895463435,1.4464279230934496,2.7916481721683826,0.41369818995709984,0.01199588683330067,0.2598334859089222,-0.26453853301606084,0.37033713954827246,0.3682213424796784
2.094382793823047,1.5498142993852508,1.0834726782268538,0.7024081617136068,-0.010684955964216718,0.2906623028350353,-0.6983308925851475,0.9628661779587454,-0.5245922755446044,1.1013142044238453,1.7000414286676206,1.3015820066260273,2.104101970938613,0.41369818995709984,0.15684961787297091,0.3124934589720001,-0.02059421926339488,0.19855921492497272,0.18977468096575653
2.094382793823047,1.5498142993852508,1.2279357018098151,0.4588230891203463,-0.010684955964216718,0.20302027198013,0.7328844607592505,0.9325349989520626,-0.6442234799324486,1.007757132485939,1.4895551294519322,1.3350326425649048,1.1176068897790223,0.41369818995709984,0.27149597907617395,0.26016952734241455,0.34853704356683185,0.7393629981065167,0.7279307793017791
2.094382793823047,1.5498142993852508,1.3723987253927767,-0.7054689621240783,-0.010684955964216718,1.006874704985827,-0.6983308925851475,0.8112108614444523,-0.5245922755446044,0.9549556033113336,1.3322950641475757,1.3545774090287201,0.9352017382680492,0.41369818995709984,0.3674395178862396,0.23364183141434583,0.4106120381877561,-0.40701531388521517,-0.3961835326209954
2.094382793823047,1.5498142993852508,1.5168617489757383,1.4945643033688953,-0.010684955964216718,0.4774803213283345,-0.6983308925851475,0.8112108614444523,-0.5245922755446044,0.840090620936639,1.2134050037367763,1.4711342196051715,0.7619184793809395,0.41369818995709984,0.43959938292898837,0.17136982556829383,0.47389194329698975,0.6891313197896851,0.6764383224761549
2.094382793823047,1.5498142993852508,1.6613247725587,-0.7054689621240783,-0.010684955964216718,0.7426681945841385,1.7092578563330518,0.6595555449301591,-0.10588306018714999,0.8020181330098406,1.107186847934725,1.5087439150161772,0.6061201756262339,0.41369818995709984,0.5130975079319006,0.15358888800226045,0.5436075007032245,0.639798072595987,0.6301291460768793
2.094382793823047,1.6598921513974148,-1.6613247698494156,2.2851653258513447,-0.010684955964216718,-0.6991224441542135,-0.6983308925851475,0.6595555449301591,0.07356374639461619,0.7454759798896549,1.033255759358573,1.5177576257885248,0.7186525855128125,0.41369818995709984,0.5552944418939783,0.14750292378198798,0.4883144617894306,0.7285094605112018,0.7137560564185754
2.094382793823047,1.6598921513974148,-1.516861746266454,-0.7054689621240783,-0.010684955964216718,-0.6991224441542135,0.4086877498561793,0.507900228415866,-1.3620107062595133,0.77556954034455,0.9595349869936936,1.3778064253467144,0.7231359718405814,0.41369818995709984,0.546232110292122,0.11351497894917226,0.3871245186654618,-0.681239182956727,-0.7072479256718934
2.094382793823047,1.6598921513974148,-1.3723987226834924,-0.7054689621240783,-0.010684955964216718,-0.6991224441542135,-0.6983308925851475,0.5382314074225488,0.25301055297638236,0.7275896165704712,0.9041886527512739,1.1479380469506046,0.7192562956598096,0.41369818995709984,0.5594660679652556,0.17806655907773714,0.3585833098288912,-1.2740310493992413,-1.2860490588430924
2.094382793823047,1.6598921513974148,-1.2279356991005308,1.0131991231058153,-0.010684955964216718,-0.6991224441542135,0.7153762450756938,0.507900228415866,0.3726417573642265,0.6033429727442805,0.8626907235343544,0.882932904385269,0.6439878945966283,0.41369818995709984,0.5911890546083917,0.30554415654903566,0.40993416768282226,0.7362929234110562,0.7250830076633622
2.094382793823047,1.6598921513974148,-1.0834726755175694,-0.7054689621240783,-0.010684955964216718,0.8645459768069813,0.3964275969318128,0.507900228415866,0.3726417573642265,0.5763311459298163,0.8160209916455939,0.602091113557339,0.7065825750044464,0.41369818995709984,0.6320293896710756,0.44465928622477474,0.3981258281868701,0.212968404846414,0.21003518896529358
2.094382793823047,1.6598921513974148,-0.9390096519346078,0.785493022897243,-0.010684955964216718,0.39792833217665025,0.30848531258983475,0.598893476176354,0.1931949507824603,0.5279364891717854,0.7878343847804206,0.6198005746217914,0.7629280169045292,0.41369818995709984,0.6552653082797969,0.44848460807428037,0.38441021940897335,0.7440038421829558,0.7329071055365317
2.094382793823047,1.6598921513974148,-0.7945466283516462,-0.7054689621240783,-0.010684955964216718,1.1168701760444468,1.0418677322876035,0.8112108614444523,-0.22551426457499413,0.5404393507896045,0.8813418192233208,0.9586407438806824,0.9491080338068648,0.41369818995709984,0.5861854198204459,0.31482660195933987,0.3166197015472805,0.6230151776043792,0.6154634704777707
2.094382793823047,1.6598921513974148,-0.6500836047686848,2.21169509480523,-0.010684955964216718,-0.6991224441542135,-0.6983308925851475,0.9628661779587454,-0.5245922755446044,0.7274257301493933,1.1159368492346005,1.6241925523370913,1.156911774293796,0.41369818995709984,0.41434859402323065,0.053891504529320365,0.23779385061262098,0.7263669785982513,0.6769448479827146
2.094382793823047,1.6598921513974148,-0.5056205811857232,-0.7054689621240783,-0.010684955964216718,-0.6991224441542135,0.13766004703354484,1.2055147422335266,-0.7638546843202927,0.8825271701332813,1.3342620147543471,2.3807236801911835,1.4258897993704713,0.41369818995709984,0.27302535008726575,-0.20074550521472664,0.1521283989726495,-0.8361338568779106,-0.8498720460513908
2.094382793823047,1.6598921513974148,-0.3611575576027617,-0.7054689621240783,-0.010684955964216718,-0.6991224441542135,-0.6983308925851475,1.4178321275016248,-0.7638546843202927,1.0753331897517522,1.4837495551098792,3.088692098664733,1.4849536139046717,0.41369818995709984,0.20548496731594987,-0.38259813484500654,0.1937413696337414,-1.2740310493992413,-1.2860490588430924
2.094382793823047,1.6598921513974148,-0.21669453401980013,-0.7054689621240783,-0.010684955964216718,-0.6991224441542135,-0.6983308925851475,1.4178321275016248,-0.7638546843202927,1.1826413358043397,1.603372193464643,3.233550801746642,1.4824163543146531,0.41369818995709984,0.13818106033997477,-0.40973251249039183,0.21867283134733168,-1.2740310493992413,-1.2860490588430924
2.094382793823047,1.6598921513974148,-0.0722315104368386,-0.7054689621240783,-0.010684955964216718,-0.6991224441542135,-0.6983308925851475,1.7211427605302112,-1.2423795018716692,1.3210504421083253,1.7143154064293546,3.071413120288008,1.5214562771538003,0.41369818995709984,0.07270115391193956,-0.34334475205782095,0.21953057158343398,-1.2740310493992413,-1.2860490588430924
2.094382793823047,1.6598921513974148,0.07223151314612293,-0.7054689621240783,-0.010684955964216718,-0.6991224441542135,-0.6983308925851475,1.569487444015918,-0.7638546843202927,1.4237202679823266,1.799004380939851,2.6795511229564846,1.4822855504494705,0.41369818995709984,0.06567130764085437,-0.14019544279612212,0.31877272055831546,-1.2740310493992413,-1.2860490588430924
2.094382793823047,1.6598921513974148,0.21669453672908448,-0.6885788729796672,-0.010684955964216718,-0.6991224441542135,-0.6983308925851475,1.7211427605302112,-1.003117093095981,1.5744449371371851,1.8848853825672607,2.3091970636330093,1.6252072198605167,0.41369818995709984,0.0700429729308434,0.08033917010318987,0.3503747487720233,-1.2740310493992413,-1.2860490588430924
2.094382793823047,1.6598921513974148,0.361157560312046,-0.38792954511391314,-0.010684955964216718,-0.6991224441542135,-0.6983308925851475,1.5088253752621128,-0.5844078777385264,1.5269011519204236,1.9500756447118146,2.0077185294640767,2.0462472536710377,0.41369818995709984,0.08387149831797655,0.27755633692755294,0.24992443865104014,-1.0645357585569355,-1.0718960374092361
2.094382793823047,1.6598921513974148,0.5056205838950075,0.4993303733292053,-0.010684955964216718,-0.6991224441542135,-0.6983308925851475,1.7211427605302112,-0.7040390821263706,1.508938531246126,2.0304143201408116,1.847462185216959,2.653618231920644,0.41369818995709984,0.09876850821711895,0.43967997830020317,0.09194073626587762,-0.4260914493683398,-0.42165221702141464
2.094382793823047,1.6598921513974148,0.6500836074779691,-0.1484487052580268,-0.010684955964216718,-0.10158662195985209,-0.6983308925851475,1.569487444015918,-0.7638546843202927,1.4489005804257251,2.0598218902459253,1.6251617777152034,3.163532784232294,0.41369818995709984,0.0969539184406263,0.5463191344584813,-0.09557367518780173,-0.5510347139742339,-0.5611560419260371
2.094382793823047,1.6598921513974148,0.7945466310609306,0.15725950305087275,-0.010684955964216718,0.012214520848105122,-0.6983308925851475,1.3571700587478197,-0.3451454689628382,1.384070456868175,2.1024716183111587,1.5191215313338016,3.3598651934399646,0.41369818995709984,0.08685616067774221,0.6160617157065964,-0.149652701771468,-0.27654820995809126,-0.28071733461767706
2.094382793823047,1.6598921513974148,0.9390096546438922,0.3896135580830196,-0.010684955964216718,0.1620852159742427,-0.6983308925851475,1.3268388797411368,-0.3451454689628382,1.2690790478257918,2.0561018340391466,1.3948032457637598,2.99306935482345,0.41369818995709984,0.15641093114243054,0.7105870299717324,0.015471828941083909,-0.03748632669760635,-0.04077648902754916
2.094382793823047,1.6598921513974148,1.0834726782268538,0.604644844982506,-0.010684955964216718,0.304136910969496,-0.6983308925851475,1.2965079899940146,-0.2853298667689162,1.0986833256724204,1.8335908113077886,1.227717144498669,2.3218761522004647,0.41369818995709984,0.3269785093034289,0.8080911084418205,0.3003440914027651,0.17911261836162187,0.1762075018232282
2.094382793823047,1.6598921513974148,1.2279357018098151,1.0884277439780714,-0.010684955964216718,0.692573278917901,-0.6983308925851475,1.2661768109873317,-0.2853298667689162,1.0194311970600214,1.6406390968876639,1.1726656544864715,1.7375702555114099,0.41369818995709984,0.4875055182357225,0.8504112457965053,0.5740739657948565,0.7121121474602375,0.7030401323018473
2.094382793823047,1.6598921513974148,1.3723987253927767,0.46036995546877957,-0.010684955964216718,0.18306200465493644,0.7674897294198295,1.2055147422335266,-0.16569866238107206,0.9981808141016525,1.48158216891921,1.3015385321367716,1.0233165881675401,0.41369818995709984,0.6161797201392745,0.7936985528076085,0.9327643325070506,0.7419380446335506,0.7301667041915766
2.094382793823047,1.6598921513974148,1.5168617489757383,-0.7054689621240783,-0.010684955964216718,0.6504228193129662,-0.6983308925851475,1.1600179737235023,-0.10588306018714999,0.967114637906973,1.3605247223177412,1.3531981595460592,0.8784437611008518,0.41369818995709984,0.7167572193306919,0.7714823846443416,1.012137160792878,-0.584547895963914,-0.5835123196994788
2.094382793823047,1.6598921513974148,1.6613247725587,1.430780555855402,-0.010684955964216718,0.5391272737278151,-0.6983308925851475,1.099355904969697,0.013748144200694123,0.8619156097550319,1.2632118348171764,1.440286938375841,0.7249697414120851,0.41369818995709984,0.8090083575077933,0.7352948958832122,1.1012255550880379,0.697585860875683,0.6857295411531138
2.094382793823047,1.7699700034095784,-1.6613247698494156,-0.7054689621240783,-0.010684955964216718,0.675094277260784,1.6028657591228355,1.038693836215892,0.07356374639461619,0.8427482566547705,1.1799428476123217,1.4962155901418448,0.622499167308792,0.41369818995709984,0.8831058762613447,0.7080170229522063,1.157010743591571,0.6502105850957947,0.6404967314552776
2.094382793823047,1.7699700034095784,-1.516861746266454,-0.7054689621240783,-0.010684955964216718,-0.6991224441542135,-0.6983308925851475,0.9931973569654283,0.1931949507824603,0.7794807399528849,1.1129267866806427,1.5101444755229831,0.7363773477313849,0.41369818995709984,0.9503600750599319,0.7025859307700585,1.0956604289477885,-1.2740310493992413,-1.2860490588430924
2.094382793823047,1.7699700034095784,-1.3723987226834924,-0.3374445961982846,-0.010684955964216718,-0.6991224441542135,-0.6376989944685652,0.9325349989520626,0.25301055297638236,0.7000513464360548,1.0682113017348853,1.4010772112720327,0.718203995334141,0.41369818995709984,0.9903910837781535,0.7492137234530516,1.0993748472516778,-1.0980605287060128,-1.109998225067747
2.094382793823047,1.7699700034095784,-1.2279356991005308,-0.7054689621240783,-0.010684955964216718,-0.6991224441542135,-0.04136494320464209,0.8718729301982574,0.3726417573642265,0.5911571811819345,1.0059040655066074,1.1698739103234832,0.593729024859118,0.41369818995709984,1.056125081035264,0.8625534855572666,1.167860139038824,-0.9124977796893401,-0.913614116354953
2.094382793823047,1.7699700034095784,-1.0834726755175694,0.0852003255689462,-0.010684955964216718,-0.6991224441542135,-0.3178312763600473,0.8112108614444523,0.5520885639459927,0.426070710147317,0.9479238383095875,0.9063503101567044,0.49581310842039195,0.41369818995709984,1.114578519417862,0.9954378649149481,1.2213416947202833,-0.5141378794456753,-0.5328400981500514
2.094382793823047,1.7699700034095784,-0.9390096519346078,-0.7054689621240783,-0.010684955964216718,-0.6991224441542135,0.6766609214732969,0.7505487926906471,0.6717197683338367,0.3723955660097418,0.8916212004890639,0.6560753474803575,0.45401205014504825,0.41369818995709984,1.1719031478304551,1.1269427963394971,1.2440252182153064,-0.5201543617996113,-0.5045225151329442
2.094382793823047,1.7699700034095784,-0.7945466283516462,0.73504431464531,-0.010684955964216718,-0.6991224441542135,-0.030370978569249273,1.008362657209209,0.1931949507824603,0.37077810737232875,0.9333746144995432,0.5083822781871702,0.6245660360759417,0.41369818995709984,1.1500542321519573,1.212167378688665,1.1529716929295006,0.1047835988416318,0.08234824349566196
2.094382793823047,1.7699700034095784,-0.6500836047686848,-0.7054689621240783,-0.010684955964216718,0.825981759328637,0.2898453775830152,1.281342400490673,-0.16569866238107206,0.4887422154158134,1.1383729309673827,1.0040272582226628,0.8673220786150604,0.41369818995709984,1.0049131106303983,0.9707114973624438,1.0435259458554174,0.16459434223288366,0.16535060297004653
2.094382793823047,1.7699700034095784,-0.5056205811857232,1.070182543308822,-0.010684955964216718,-0.6991224441542135,-0.6983308925851475,1.5391562650092352,-0.5844078777385264,0.7814038969349206,1.355048031715464,1.3837590206108814,1.0734748395472176,0.3741797051604516,0.8549034833468028,0.8035315296060733,0.958507375116094,-0.03882155267553531,-0.07274589145319471
2.094382793823047,1.7699700034095784,-0.3611575576027617,-0.7054689621240783,-0.010684955964216718,-0.6991224441542135,-0.5800796387582885,1.7211427605302112,-1.003117093095981,0.9562064915048664,1.5845397176874312,1.8754912966133614,1.3049565950911648,0.41369818995709984,0.6828697552546914,0.570207764916223,0.8381155797030697,-1.2157969257218675,-1.2356854884676536
2.094382793823047,1.7699700034095784,-0.21669453401980013,-0.6907199202591742,-0.010684955964216718,-0.6991224441542135,-0.6983308925851475,1.8727980770445043,-0.9433014909020588,1.360670151634932,1.791586852817437,2.3073924461084148,1.4785677021275465,0.3051013282188536,0.548733927686095,0.4011961346984223,0.7752266203709782,-1.2740310493992413,-1.2860490588430924
2.094382793823047,1.7699700034095784,-0.0722315104368386,-0.6907741326814522,-0.010684955964216718,-0.6991224441542135,-0.6983308925851475,1.569487444015918,-0.46477667335068235,1.504724308989839,1.9191436349545203,2.3715241372882923,1.5313143607624742,0.41369818995709984,0.47483234602011154,0.3932881891079534,0.7709422534008562,-1.2740310493992413,-1.2860490588430924
2.094382793823047,1.7699700034095784,0.07223151314612293,-0.6907832152735294,-0.010684955964216718,-0.6991224441542135,-0.6983308925851475,1.7211427605302112,-0.7040390821263706,1.661754257349104,2.029143953763995,2.162595971217009,1.5657786637791724,0.41369818995709984,0.42841118218738483,0.519807573682469,0.7925734306132838,-1.2740310493992413,-1.2860490588430924
2.094382793823047,1.7699700034095784,0.21669453672908448,-0.6907843155566745,-0.010684955964216718,-0.6991224441542135,-0.6983308925851475,1.7211427605302112,-0.7040390821263706,1.7258659563505825,2.1215955725959406,1.976483387595308,1.7393964787060763,0.41369818995709984,0.39809208960271064,0.6410989538553853,0.7458216034037598,-1.2740310493992413,-1.2860490588430924
2.094382793823047,1.7699700034095784,0.361157560312046,-0.3527248575689372,-0.010684955964216718,-0.6991224441542135,-0.6983308925851475,1.6604806917764061,-0.5245922755446044,1.7106385665978654,2.200348407331211,1.8504772689129865,2.1555967695048373,0.41369818995709984,0.38100888510582576,0.7419382758231893,0.5889645790093745,-1.0360064976656944,-1.0430606078765734
2.094382793823047,1.7699700034095784,0.5056205838950075,0.02248442176988988,-0.010684955964216718,-0.6991224441542135,-0.6983308925851475,1.569487444015918,-0.46477667335068235,1.6205311365926054,2.236956837515582,1.7323792450703723,2.6033258227305227,0.41369818995709984,0.37109041460410314,0.8106013078310581,0.3983234681806359,-0.7806461944815287,-0.7841568673134724
2.094382793823047,1.7699700034095784,0.6500836074779691,-0.35723253680376427,-0.010684955964216718,-0.2384739685165148,-0.6983308925851475,1.569487444015918,-0.46477667335068235,1.5456658126717508,2.258487430325333,1.607685033034414,2.8692836200995817,0.41369818995709984,0.37213669934757015,0.885568666450361,0.2962781686362791,-0.7708333861064897,-0.7829110440610926
2.094382793823047,1.7699700034095784,0.7945466310609306,-0.05535922313138226,-0.010684955964216718,-0.10918214550249201,-0.6983308925851475,1.4178321275016248,-0.22551426457499413,1.4626549991612448,2.2404454047381406,1.5185827886434171,2.8115194593540562,0.41369818995709984,0.3940353232034561,0.9364055824664388,0.3258957786231075,-0.4722242944505989,-0.4838763244332769
2.094382793823047,1.7699700034095784,0.9390096546438922,0.1920117878057921,-0.010684955964216718,0.04656206306815823,-0.6983308925851475,1.2358456319806488,0.4324573595581485,1.228395079948431,2.0873549641861366,1.2857947999394492,2.325763374758074,0.41369818995709984,0.53091233958335,1.090860293634414,0.5703933543320062,-0.22775472347822126,-0.23145240157110233
2.094382793823047,1.7699700034095784,1.0834726782268538,1.0021545117307398,-0.010684955964216718,0.7208306636443484,-0.6983308925851475,1.190349152730185,0.4324573595581485,1.0221002044890033,1.8420084000723966,1.0824202867603399,1.6674417755608568,0.41369818995709984,0.7348992562663068,1.2231199199044758,0.9108249929359223,0.7281886822580613,0.7271685321802572
2.094382793823047,1.7699700034095784,1.2279357018098151,0.489089425582964,-0.010684955964216718,0.2555923509947051,0.7308146029230664,1.1448526734797215,0.3726417573642265,0.945949877242065,1.6248470313056338,1.0481623892268517,1.043952574872743,0.41369818995709984,0.9138959900220447,1.2442432004351298,1.2478189525693253,0.7697663681395799,0.7587128588925702
2.094382793823047,1.7699700034095784,1.3723987253927767,0.797479891528404,-0.010684955964216718,0.37942024500734506,-0.6983308925851475,1.099355904969697,0.3726417573642265,0.9109704946665478,1.4649551903239717,1.1482372537295997,0.8770376195501377,0.41369818995709984,1.0468455777846255,1.1869900874200277,1.3403981199122712,0.3302592990119651,0.32452624340642844
2.094382793823047,1.7699700034095784,1.5168617489757383,0.502578846483683,-0.010684955964216718,0.23836741467803324,0.6697875974114732,1.038693836215892,0.3726417573642265,0.8891856412982148,1.338375178778841,1.21072714360935,0.7020966732177317,0.41369818995709984,1.1571982141895691,1.1478591166531091,1.4369734292344303,0.7405087633036206,0.729435397746224
2.094382793823047,1.7699700034095784,1.6613247725587,-0.7054689621240783,-0.010684955964216718,1.0541776349228278,-0.6983308925851475,0.9780317674620869,0.4324573595581485,0.8686202366875342,1.240934548881496,1.2940336418738865,0.7439111472741198,0.41369818995709984,1.24495196882222,1.1060385236060872,1.4151307425549902,-0.3800156675331321,-0.3692497764681887
2.094382793823047,1.7699700034095784,1.6613247725587,-0.7054689621240783,-0.010684955964216718,1.0541776349228278,-0.6983308925851475,0.9780317674620869,0.4324573595581485,0.8686202366875342,1.240934548881496,1.2940336418738865,0.7439111472741198,0.41369818995709984,1.24495196882222,1.1060385236060872,1.4151307425549902,-0.3800156675331321,-0.3692497764681887
